621,255,618,255,617,256,617,258,617,258,617,259,617,261,617,261,617,263,618,264,621,264,624,264,626,263,626,261,626,261,626,259,626,258,626,258,626,256,624,255,621,255
444,216,441,215,440,214,438,213,435,212,431,212,431,212,426,212,423,213,422,214,423,215,426,216,429,216,431,217,432,218,435,219,438,219,440,221,441,222,444,222,447,222,448,221,448,219,448,219,448,217,447,216,444,216
444,251,441,252,440,253,441,254,444,255,447,254,448,253,447,252,444,251
435,258,432,258,431,259,432,261,435,261,438,261,440,259,438,258,435,258
435,284,431,284,431,284,426,284,423,284,422,285,422,287,422,287,422,289,420,290,417,290,414,291,413,292,412,293,409,293,406,294,404,295,403,296,400,297,397,297,395,298,395,300,395,300,395,302,397,303,400,303,404,303,404,303,409,303,412,303,413,302,414,300,417,300,420,299,422,298,423,297,426,297,429,296,431,295,431,293,431,293,431,292,431,290,431,290,431,289,432,288,435,287,438,286,440,285,438,284,435,284
382,310,378,310,378,310,373,310,369,310,369,310,364,310,361,310,360,311,360,313,360,313,360,315,358,316,355,316,352,317,351,318,351,319,351,319,351,321,350,322,347,323,344,323,342,324,344,325,347,326,350,326,351,327,351,329,351,329,351,331,351,332,351,332,351,334,352,335,355,336,360,336,360,336,364,336,367,335,369,334,370,333,373,332,376,332,378,331,379,330,382,329,385,329,386,327,386,326,386,326,386,324,386,323,386,323,386,321,386,319,386,319,386,318,386,316,386,316,386,315,386,313,386,313,386,311,385,310,382,310
373,345,369,345,369,345,364,345,361,346,360,347,361,348,364,349,369,349,369,349,373,349,376,348,378,347,376,346,373,345
364,96,361,95,360,94,360,93,360,93,360,91,358,90,355,89,352,89,351,88,351,86,351,86,351,85,351,83,351,83,351,81,350,80,347,80,344,79,342,78,341,77,338,76,335,77,333,78,333,80,333,80,333,81,333,83,333,83,333,85,333,86,333,86,333,88,332,89,329,89,326,90,324,91,324,93,324,93,324,94,324,96,324,96,324,97,324,99,324,99,324,101,323,102,320,102,317,103,316,104,316,106,316,106,316,107,314,108,311,109,308,109,307,110,305,112,302,112,299,113,298,114,296,115,293,115,289,115,289,115,285,115,282,116,280,117,280,119,280,119,280,120,279,121,276,122,271,122,271,122,267,122,264,122,262,123,261,124,258,125,254,125,254,125,249,125,246,126,245,127,243,128,240,128,236,128,236,128,231,128,227,128,227,128,223,128,218,128,218,128,214,128,209,128,209,128,205,128,202,129,200,130,199,131,196,131,192,131,192,131,187,131,183,131,183,131,178,131,174,131,174,131,169,131,166,131,165,130,164,129,161,128,158,128,156,127,155,126,152,125,147,125,147,125,143,125,138,125,138,125,134,125,130,125,130,125,125,125,122,126,121,127,122,128,125,128,128,129,130,130,130,131,130,131,130,133,131,134,134,135,138,135,138,135,143,135,147,135,147,135,152,135,155,135,156,136,158,137,161,138,164,138,165,140,166,141,169,141,172,142,174,143,175,144,178,144,183,144,183,144,187,144,190,145,192,146,193,147,196,148,200,148,200,148,205,148,208,147,209,146,211,145,214,144,217,145,218,146,220,147,223,148,227,148,227,148,231,148,236,148,236,148,240,148,245,148,245,148,249,148,254,148,254,148,258,148,262,148,262,148,267,148,271,148,271,148,276,148,280,148,280,148,285,148,288,147,289,146,290,145,293,144,298,144,298,144,302,144,307,144,307,144,311,144,314,144,316,143,316,141,316,141,316,140,317,138,320,138,323,137,324,136,326,135,329,135,332,134,333,133,335,132,338,131,342,131,342,131,347,131,350,131,351,130,351,128,351,128,351,127,352,126,355,125,358,124,360,123,360,122,360,122,360,120,360,119,360,119,360,117,358,116,355,115,352,115,351,114,350,113,347,112,344,112,342,110,342,109,342,109,342,107,342,106,342,106,342,104,344,103,347,102,351,102,351,102,355,102,358,103,360,104,361,105,364,106,367,105,369,104,369,102,369,102,369,101,369,99,369,99,369,97,367,96,364,96
347,34,342,34,342,36,344,37,347,38,350,37,351,36,350,35,347,34
338,31,335,32,333,33,335,34,338,34,342,34,342,33,341,32,338,31
329,336,324,336,324,336,320,336,316,336,316,336,311,336,308,336,307,337,305,338,302,339,299,339,298,340,296,342,293,342,290,343,289,344,288,345,285,345,280,345,280,345,276,345,271,345,271,345,267,345,264,346,262,347,261,348,258,349,255,349,254,350,255,351,258,352,262,352,262,352,267,352,271,352,271,352,276,352,280,352,280,352,285,352,289,352,289,352,293,352,298,352,298,352,302,352,307,352,307,352,311,352,314,351,316,350,317,349,320,349,323,348,324,347,326,346,329,345,332,345,333,344,333,342,333,342,333,340,333,339,333,339,333,337,332,336,329,336
258,47,254,47,254,47,249,47,246,47,245,46,243,45,240,44,237,43,236,42,236,41,231,41,228,41,227,42,226,43,223,44,220,45,218,46,217,47,214,47,211,47,209,46,208,45,205,44,202,43,200,42,199,41,196,41,193,40,192,39,190,38,187,38,184,37,183,36,181,35,178,34,175,34,174,33,172,32,169,31,166,31,165,29,164,28,161,28,158,27,156,26,155,25,152,25,147,25,147,25,143,25,138,25,138,25,134,25,131,25,130,26,128,27,125,28,122,28,121,29,119,31,116,31,113,32,112,33,110,34,107,34,104,35,103,36,103,38,103,38,103,39,103,41,103,41,103,42,102,43,99,44,96,45,94,46,94,47,94,47,94,49,96,50,99,50,102,51,103,52,104,53,107,54,110,54,112,55,112,57,112,57,112,59,112,60,112,60,112,62,112,63,112,63,112,65,110,66,107,67,104,67,103,68,102,69,99,70,96,70,94,72,96,73,99,73,102,74,103,75,104,76,107,76,110,77,112,78,113,79,116,80,119,80,121,81,121,83,121,83,121,85,121,86,121,86,121,88,122,89,125,89,128,90,130,91,131,92,134,93,138,93,138,93,143,93,146,93,147,94,149,95,152,96,156,96,156,96,161,96,164,96,165,97,166,99,169,99,172,99,174,97,174,96,174,96,174,94,174,93,174,93,174,91,175,90,178,89,181,89,183,88,183,86,183,86,183,85,183,83,183,83,183,81,183,80,183,80,183,78,184,77,187,76,190,77,192,78,193,79,196,80,200,80,200,80,205,80,209,80,209,80,214,80,218,80,218,80,223,80,226,79,227,78,228,77,231,76,234,76,236,75,237,74,240,73,243,73,245,72,246,70,249,70,252,69,254,68,254,67,254,67,254,65,254,63,254,63,254,62,255,61,258,60,261,60,262,59,262,57,262,57,262,55,261,54,258,54,255,53,254,52,255,51,258,50,261,50,262,49,261,48,258,47
249,38,245,38,245,38,240,38,237,38,236,39,236,41,240,41,245,41,245,41,249,41,252,40,254,39,252,38,249,38
249,112,245,112,245,112,240,112,237,113,236,114,236,115,240,115,245,115,245,115,249,115,252,115,254,114,252,113,249,112
231,115,227,115,227,115,223,115,218,115,218,115,214,115,211,116,209,117,211,118,214,119,218,119,218,119,223,119,227,119,227,119,231,119,234,118,236,117,236,115,231,115
152,112,149,113,147,114,149,115,152,115,155,115,156,114,155,113,152,112
134,109,130,109,130,109,125,109,121,109,121,110,122,111,125,112,130,112,130,112,134,112,137,111,138,110,137,109,134,109
116,106,112,106,112,107,113,108,116,109,121,109,121,107,119,106,116,106
107,102,104,103,103,104,104,105,107,106,112,106,112,104,110,103,107,102
107,122,104,121,103,120,102,119,99,119,94,119,94,119,90,119,87,118,85,117,84,116,81,115,78,116,76,117,76,119,76,119,76,120,78,121,81,122,84,122,85,123,87,124,90,125,93,126,94,127,96,128,99,128,102,128,103,127,104,126,107,125,110,124,112,123,110,122,107,122
