630,459,626,459,626,459,621,459,618,459,617,460,617,462,617,462,617,464,617,465,617,465,617,467,617,468,617,468,617,470,623,470,630,470,630,459
533,287,530,288,528,289,530,290,533,290,536,290,537,289,536,288,533,287
524,277,521,277,519,276,519,274,519,274,519,272,519,271,519,271,519,269,518,268,515,268,512,267,510,266,510,264,510,264,510,263,510,261,510,261,510,259,510,258,510,258,510,256,509,255,506,255,503,254,502,253,500,252,497,251,494,251,493,250,493,248,493,248,493,246,491,245,488,245,485,244,484,243,482,242,479,242,476,241,475,240,474,239,471,238,468,238,466,237,465,236,462,235,459,235,457,234,456,232,453,232,448,232,448,232,444,232,441,232,440,234,440,235,440,235,440,237,440,238,440,238,440,240,441,241,444,242,447,242,448,243,447,244,444,245,441,245,440,246,440,248,440,248,440,250,440,251,440,251,440,253,441,254,444,255,448,255,448,255,453,255,456,255,457,256,459,257,462,258,466,258,466,258,471,258,474,258,475,259,476,261,479,261,482,262,484,263,484,264,484,264,484,266,485,267,488,268,491,268,493,269,493,271,493,271,493,272,494,273,497,274,500,275,502,276,503,277,506,277,509,278,510,279,510,280,510,280,510,282,512,283,515,284,519,284,519,284,524,284,527,283,528,282,528,280,528,280,528,279,527,278,524,277
382,144,379,144,378,143,378,141,378,141,378,140,378,138,378,138,378,136,376,135,373,135,370,134,369,133,367,132,364,131,361,131,360,130,360,128,360,128,360,127,360,125,360,125,360,123,360,122,360,122,360,120,358,119,355,119,352,118,351,117,351,115,351,115,351,114,350,113,347,112,344,112,342,110,342,109,342,109,342,107,342,106,342,106,342,104,341,103,338,102,335,102,333,101,333,99,333,99,333,97,333,96,333,96,333,94,335,93,338,93,341,93,342,94,342,96,342,96,342,97,344,99,347,99,350,100,351,101,352,102,355,102,360,102,360,101,360,99,360,99,360,97,358,96,355,96,352,95,351,94,351,93,351,93,351,91,351,89,351,89,351,88,350,87,347,86,344,86,342,85,342,83,342,83,342,81,341,80,338,80,335,79,333,78,332,77,329,76,326,76,324,75,323,74,320,73,317,74,316,75,314,76,311,76,307,76,307,76,302,76,299,77,298,78,299,79,302,80,307,80,307,80,311,80,314,80,316,81,316,83,316,83,316,85,316,86,316,86,316,88,317,89,320,89,323,90,324,91,323,92,320,93,317,93,316,94,316,96,316,96,316,97,314,99,311,99,308,100,307,101,308,102,311,102,314,103,316,104,316,106,316,106,316,107,316,109,316,109,316,110,317,111,320,112,323,113,324,114,324,115,324,115,324,117,324,119,324,119,324,120,324,122,324,122,324,123,324,125,324,125,324,127,324,128,324,128,324,130,324,131,324,131,324,133,324,135,324,135,324,136,324,138,324,138,324,140,324,141,324,141,324,143,324,144,324,144,324,146,324,148,324,148,324,149,324,151,324,151,324,153,323,154,320,154,317,155,316,156,316,157,316,157,316,159,316,161,316,161,316,162,316,164,316,164,316,165,316,167,316,167,316,169,316,170,316,170,316,172,316,174,316,174,316,175,316,177,316,177,316,178,317,180,320,180,324,180,324,180,329,180,333,180,333,180,338,180,341,180,342,178,344,177,347,177,351,177,351,177,355,177,360,177,360,177,364,177,369,177,369,177,373,177,376,176,378,175,378,174,378,174,378,172,378,170,378,170,378,169,378,167,378,167,378,165,379,164,382,164,385,163,386,162,386,161,386,161,386,159,386,157,386,157,386,156,386,154,386,154,386,153,386,151,386,151,386,149,386,148,386,148,386,146,385,145,382,144
364,102,360,102,360,104,361,105,364,106,367,105,369,104,367,103,364,102
285,63,282,63,280,62,280,60,280,60,280,59,279,58,276,57,271,57,271,57,267,57,264,58,262,59,261,60,258,60,254,60,254,60,249,60,245,60,245,60,240,60,237,60,236,59,234,58,231,57,228,56,227,55,226,54,223,54,218,54,218,54,214,54,209,54,209,54,205,54,202,53,200,52,199,51,196,50,193,50,192,49,190,48,187,47,183,47,183,47,178,47,175,48,174,49,172,50,169,50,165,50,165,50,161,50,158,51,156,52,158,53,161,54,164,54,165,55,165,57,165,57,165,59,165,60,165,60,165,62,165,63,165,63,165,65,165,67,165,67,165,68,165,70,165,70,165,72,164,73,161,73,158,74,156,75,155,76,152,76,149,77,147,78,146,79,143,80,140,80,138,81,137,82,134,83,131,83,130,85,130,86,130,86,130,88,130,89,130,89,130,91,130,93,130,93,130,94,131,95,134,96,137,96,138,97,137,99,134,99,131,100,130,101,130,102,130,102,130,104,130,106,130,106,130,107,130,109,130,109,130,110,130,112,130,112,130,114,131,115,134,115,137,116,138,117,138,119,138,119,138,120,140,121,143,122,146,122,147,123,149,124,152,125,155,126,156,127,158,128,161,128,164,128,165,127,166,126,169,125,174,125,174,125,178,125,181,124,183,123,184,122,187,122,190,121,192,120,193,119,196,119,199,118,200,117,200,115,200,115,200,114,200,112,200,112,200,110,199,109,196,109,193,108,192,107,193,106,196,106,199,105,200,104,199,103,196,102,193,102,192,101,190,100,187,99,183,99,183,99,178,99,175,99,174,97,174,96,174,96,174,94,175,93,178,93,181,92,183,91,183,89,183,89,183,88,184,87,187,86,190,86,192,85,193,83,196,83,199,82,200,81,200,80,200,80,200,78,200,76,200,76,200,75,202,74,205,73,208,73,209,72,211,70,214,70,218,70,218,70,223,70,227,70,227,70,231,70,236,70,236,70,240,70,243,69,245,68,246,67,249,67,254,67,254,67,258,67,262,67,262,67,267,67,270,67,271,68,273,69,276,70,279,69,280,68,282,67,285,67,288,66,289,65,288,64,285,63
187,212,184,213,183,214,183,216,183,216,183,217,181,218,178,219,175,219,174,221,174,222,174,222,174,224,175,225,178,225,183,225,183,225,187,225,190,225,192,224,192,222,192,222,192,221,192,219,192,219,192,217,192,216,192,216,192,214,190,213,187,212
107,99,104,100,103,101,104,102,107,102,110,102,112,101,110,100,107,99
107,106,104,106,103,107,104,108,107,109,110,108,112,107,110,106,107,106
99,115,96,116,94,117,96,118,99,119,102,118,103,117,102,116,99,115
