630,436,627,437,626,438,624,439,621,439,618,440,617,441,617,442,617,442,617,444,618,445,621,446,626,446,626,446,630,446,630,436
506,264,503,264,502,263,502,261,502,261,502,259,502,258,502,258,502,256,502,255,502,255,502,253,502,251,502,251,502,250,502,248,502,248,502,246,500,245,497,245,494,244,493,243,493,242,493,242,493,240,491,239,488,238,485,238,484,237,482,236,479,235,475,235,475,235,471,235,468,235,466,234,465,232,462,232,457,232,457,232,453,232,450,231,448,230,447,229,444,229,441,229,440,230,438,231,435,232,432,232,431,234,431,235,431,235,431,237,431,238,431,238,431,240,431,242,431,242,431,243,431,245,431,245,431,246,431,248,431,248,431,250,431,251,431,251,431,253,432,254,435,255,438,255,440,256,441,257,444,258,447,258,448,259,450,261,453,261,456,262,457,263,459,264,462,264,465,265,466,266,468,267,471,268,474,268,475,269,476,270,479,271,482,271,484,272,485,273,488,274,493,274,493,274,497,274,500,275,502,276,503,277,506,277,509,277,510,276,510,274,510,274,510,272,510,271,510,271,510,269,510,268,510,268,510,266,509,265,506,264
391,151,388,150,386,149,386,148,386,148,386,146,385,145,382,144,379,144,378,143,378,141,378,141,378,140,378,138,378,138,378,136,376,135,373,135,370,134,369,133,369,131,369,131,369,130,367,129,364,128,361,128,360,127,360,125,360,125,360,123,360,122,360,122,360,120,358,119,355,119,352,118,351,117,351,115,351,115,351,114,350,113,347,112,344,112,342,110,342,109,342,109,342,107,342,106,342,106,342,104,342,102,342,102,342,101,344,100,347,99,350,100,351,101,352,102,355,102,358,103,360,104,361,105,364,106,367,105,369,104,369,102,369,102,369,101,367,100,364,99,361,99,360,97,358,96,355,96,352,95,351,94,351,93,351,93,351,91,351,89,351,89,351,88,351,86,351,86,351,85,350,83,347,83,344,82,342,81,342,80,342,80,342,78,341,77,338,76,335,76,333,75,332,74,329,73,324,73,324,73,320,73,316,73,316,73,311,73,308,74,307,75,307,76,307,76,307,78,307,80,307,80,307,81,308,82,311,83,314,83,316,85,316,86,316,86,316,88,316,89,316,89,316,91,317,92,320,93,323,93,324,94,324,96,324,96,324,97,324,99,324,99,324,101,324,102,324,102,324,104,324,106,324,106,324,107,324,109,324,109,324,110,324,112,324,112,324,114,324,115,324,115,324,117,324,119,324,119,324,120,324,122,324,122,324,123,324,125,324,125,324,127,324,128,324,128,324,130,324,131,324,131,324,133,324,135,324,135,324,136,323,137,320,138,317,139,316,140,316,141,316,141,316,143,316,144,316,144,316,146,316,148,316,148,316,149,316,151,316,151,316,153,316,154,316,154,316,156,316,157,316,157,316,159,316,161,316,161,316,162,316,164,316,164,316,165,314,167,311,167,308,168,307,169,307,170,307,170,307,172,307,174,307,174,307,175,307,177,307,177,307,178,308,180,311,180,314,180,316,178,316,177,316,177,316,175,317,174,320,174,323,173,324,172,326,171,329,170,333,170,333,169,335,168,338,167,341,168,342,169,342,170,347,170,351,170,351,170,355,170,358,171,360,172,361,173,364,174,369,174,369,174,373,174,376,173,378,172,378,170,378,170,378,169,378,167,378,167,378,165,379,164,382,164,385,163,386,162,386,161,386,161,386,159,388,158,391,157,394,157,395,156,395,154,395,154,395,153,394,151,391,151
338,170,333,170,333,172,335,173,338,174,341,173,342,172,342,170,338,170
276,57,273,56,271,55,270,54,267,54,262,54,262,54,258,54,254,54,254,54,249,54,245,54,245,54,240,54,236,54,236,54,231,54,227,54,227,54,223,54,220,53,218,52,217,51,214,50,211,50,209,49,208,48,205,47,202,47,200,46,199,45,196,44,192,44,192,44,187,44,184,45,183,46,181,47,178,47,174,47,174,47,169,47,166,48,165,49,164,50,161,50,158,51,156,52,156,54,156,54,156,55,155,56,152,57,149,58,147,59,146,60,143,60,140,61,138,62,138,63,138,63,138,65,138,67,138,67,138,68,138,70,138,70,138,72,137,73,134,73,131,73,130,72,130,70,130,70,130,68,128,67,125,67,121,67,121,67,116,67,113,67,112,68,112,70,112,70,112,72,112,73,112,73,112,75,110,76,107,76,103,76,103,76,99,76,96,77,94,78,94,80,94,80,94,81,94,83,94,83,94,85,94,86,94,86,94,88,94,89,94,89,94,91,94,93,94,93,94,94,94,96,94,96,94,97,94,99,94,99,94,101,94,102,94,102,94,104,94,106,94,106,94,107,94,109,94,109,94,110,96,111,99,112,102,111,103,110,104,109,107,109,110,109,112,110,112,112,112,112,112,114,113,115,116,115,119,116,121,117,122,118,125,119,128,119,130,120,131,121,134,122,137,122,138,123,140,124,143,125,147,125,147,125,152,125,155,126,156,127,158,128,161,128,165,128,165,128,169,128,174,128,174,128,178,128,181,128,183,127,181,126,178,125,175,124,174,123,174,122,174,122,174,120,175,119,178,119,181,118,183,117,183,115,183,115,183,114,184,113,187,112,190,111,192,110,192,109,192,109,192,107,192,106,192,106,192,104,192,102,192,102,192,101,193,100,196,99,199,99,200,97,200,96,200,96,200,94,200,93,200,93,200,91,200,89,200,89,200,88,202,87,205,86,209,86,209,86,214,86,218,86,218,86,223,86,227,86,227,86,231,86,234,86,236,85,234,83,231,83,227,83,227,83,223,83,220,82,218,81,218,80,218,80,218,78,220,77,223,76,227,76,227,76,231,76,234,76,236,75,236,73,236,73,236,72,236,70,236,70,236,68,237,67,240,67,245,67,245,67,249,67,254,67,254,67,258,67,262,67,262,67,267,67,270,66,271,65,273,64,276,63,279,63,280,62,280,60,280,60,280,59,279,58,276,57
196,196,193,197,192,198,192,200,192,200,192,201,192,203,196,203,199,202,200,201,200,200,200,200,200,198,199,197,196,196
187,203,184,203,183,204,184,205,187,206,190,205,192,204,192,203,187,203
178,196,175,197,174,198,175,199,178,200,181,199,183,198,181,197,178,196
99,119,96,119,94,120,96,121,99,122,102,121,103,120,102,119,99,119
81,99,78,100,76,101,78,102,81,102,84,102,85,101,84,100,81,99
