630,381,626,381,626,381,621,381,617,381,617,381,612,381,609,381,608,383,606,384,603,384,599,384,599,384,595,384,592,385,590,386,590,387,590,387,590,389,589,390,586,391,583,391,581,392,580,393,577,394,572,394,572,394,568,394,565,394,564,395,564,397,564,397,564,399,564,400,564,400,564,402,564,404,564,404,564,405,564,407,564,407,564,408,564,410,564,410,564,412,564,413,564,413,564,415,565,416,568,417,571,417,572,418,574,419,577,420,580,420,581,421,581,423,581,423,581,425,581,426,581,426,581,428,583,429,586,430,589,430,590,431,590,433,590,433,590,434,590,436,590,436,590,438,592,439,595,439,599,439,599,439,603,439,606,440,608,441,608,442,608,442,608,444,608,446,608,446,608,447,608,449,608,449,608,451,609,452,612,452,617,452,617,452,621,452,624,453,626,454,626,455,626,455,626,457,627,458,630,459,630,381
630,187,626,187,626,187,621,187,618,187,617,188,615,189,612,190,608,190,608,190,603,190,600,190,599,191,599,193,599,193,599,195,598,196,595,196,592,197,590,198,589,199,586,200,583,200,581,201,581,203,581,203,581,204,580,205,577,206,572,206,572,206,568,206,565,207,564,208,564,209,564,209,564,211,562,212,559,212,556,213,555,214,555,216,555,216,555,217,553,218,550,219,546,219,546,219,541,219,538,219,537,221,537,222,537,222,537,224,537,225,537,225,537,227,536,228,533,229,530,229,528,230,528,232,528,232,528,234,528,235,528,235,528,237,527,238,524,238,521,239,519,240,519,242,519,242,519,243,521,244,524,245,527,245,528,246,528,248,533,248,536,248,537,246,538,245,541,245,546,245,546,245,550,245,553,244,555,243,556,242,559,242,562,241,564,240,564,238,564,238,564,237,565,236,568,235,571,235,572,234,572,232,572,232,572,230,574,229,577,229,580,229,581,230,583,231,586,232,590,232,590,232,595,232,598,231,599,230,600,229,603,229,606,228,608,227,609,226,612,225,617,225,617,225,621,225,624,225,626,224,626,222,626,222,626,221,627,219,630,219,630,187
541,255,537,255,537,255,533,255,530,254,528,253,528,251,528,251,528,250,528,248,524,248,519,248,519,248,515,248,512,249,510,250,510,251,510,251,510,253,510,255,510,255,510,256,510,258,510,258,510,259,510,261,510,261,510,263,512,264,515,264,518,264,519,263,521,262,524,261,528,261,528,261,533,261,536,261,537,259,538,258,541,258,544,257,546,256,544,255,541,255
338,109,335,108,333,107,332,106,329,106,326,106,324,107,324,109,324,109,324,110,324,112,324,112,324,114,326,115,329,115,332,116,333,117,335,118,338,119,341,118,342,117,342,115,342,115,342,114,342,112,342,112,342,110,341,109,338,109
267,381,262,381,262,383,264,384,267,384,270,384,271,383,270,381,267,381
258,374,254,374,254,374,249,374,245,374,245,376,246,377,249,378,252,378,254,379,255,380,258,381,262,381,262,379,262,378,262,378,262,376,261,375,258,374
240,371,237,372,236,373,237,374,240,374,245,374,245,373,243,372,240,371
223,368,218,368,218,370,220,371,223,371,226,371,227,370,226,369,223,368
214,365,209,365,209,365,205,365,200,365,200,365,196,365,193,365,192,366,193,367,196,368,200,368,200,368,205,368,209,368,209,368,214,368,218,368,218,366,217,365,214,365
161,345,158,345,156,344,155,343,152,342,149,343,147,344,147,345,147,345,147,347,149,348,152,349,156,349,156,349,161,349,164,348,165,347,164,346,161,345
