630,384,626,384,626,384,621,384,617,384,617,384,612,384,609,385,608,386,606,387,603,387,600,388,599,389,599,391,599,391,599,392,599,394,599,394,599,395,599,397,599,397,599,399,599,400,599,400,599,402,598,403,595,404,592,404,590,405,590,407,590,407,590,408,590,410,590,410,590,412,590,413,590,413,590,415,590,417,590,417,590,418,590,420,590,420,590,421,590,423,590,423,590,425,590,426,590,426,590,428,592,429,595,430,598,430,599,431,599,433,599,433,599,434,600,435,603,436,606,437,608,438,608,439,608,439,608,441,609,442,612,442,615,443,617,444,617,446,617,446,617,447,617,449,617,449,617,451,617,452,617,452,617,454,617,455,617,455,617,457,618,458,621,459,626,459,626,459,630,459,630,384
630,190,627,190,626,191,624,192,621,193,617,193,617,193,612,193,608,193,608,193,603,193,600,194,599,195,599,196,599,196,599,198,599,200,599,200,599,201,598,202,595,203,590,203,590,203,586,203,583,203,581,204,580,205,577,206,574,207,572,208,572,209,572,209,572,211,571,212,568,212,565,213,564,214,564,216,564,216,564,217,562,218,559,219,556,219,555,221,553,222,550,222,547,223,546,224,544,225,541,225,538,226,537,227,537,229,537,229,537,230,537,232,537,232,537,234,538,235,541,235,546,235,546,235,550,235,555,235,555,235,559,235,562,235,564,234,565,232,568,232,571,231,572,230,574,229,577,229,580,229,581,230,583,231,586,232,589,231,590,230,592,229,595,229,599,229,599,229,603,229,606,228,608,227,609,226,612,225,615,225,617,224,618,223,621,222,624,222,626,221,627,219,630,219,630,190
524,251,521,251,519,250,518,249,515,248,512,249,510,250,510,251,510,251,510,253,512,254,515,255,519,255,519,255,524,255,527,254,528,253,527,252,524,251
267,368,264,369,262,370,262,371,267,371,270,371,271,370,270,369,267,368
267,381,262,381,262,383,264,384,267,384,270,384,271,383,270,381,267,381
258,371,255,372,254,373,254,374,254,374,254,376,254,378,254,378,254,379,255,380,258,381,262,381,262,379,262,378,262,378,262,376,262,374,262,374,262,373,262,371,258,371
249,73,246,73,245,72,245,70,245,70,245,68,243,67,240,67,236,67,236,67,231,67,228,67,227,68,227,70,227,70,227,72,227,73,227,73,227,75,228,76,231,76,234,77,236,78,236,80,236,80,236,81,236,83,236,83,236,85,237,86,240,86,243,86,245,85,246,83,249,83,252,82,254,81,254,80,254,80,254,78,254,76,254,76,254,75,252,74,249,73
240,368,236,368,236,368,231,368,227,368,227,368,223,368,220,367,218,366,217,365,214,365,209,365,209,365,205,365,200,365,200,365,196,365,192,365,192,365,187,365,184,364,183,363,181,362,178,361,174,361,174,361,169,361,165,361,165,363,166,364,169,365,172,365,174,366,175,367,178,368,183,368,183,368,187,368,192,368,192,368,196,368,200,368,200,368,205,368,208,368,209,370,211,371,214,371,217,372,218,373,220,374,223,374,227,374,227,374,231,374,234,375,236,376,237,377,240,378,243,377,245,376,245,374,245,374,245,373,245,371,245,371,245,370,243,369,240,368
161,358,156,358,156,358,152,358,147,358,147,360,149,361,152,361,156,361,156,361,161,361,165,361,165,360,164,359,161,358
143,355,140,356,138,357,140,358,143,358,147,358,147,357,146,356,143,355
