630,352,627,351,626,350,627,349,630,349,630,339,627,338,626,337,624,336,621,336,618,336,617,337,615,338,612,339,609,338,608,337,608,336,608,336,608,334,608,332,608,332,608,331,608,329,608,329,608,327,608,326,608,326,608,324,606,323,603,323,600,323,599,324,599,326,599,326,599,327,599,329,599,329,599,331,599,332,599,332,599,334,598,335,595,336,592,336,590,337,590,339,590,339,590,340,590,342,590,342,590,344,590,345,590,345,590,347,589,348,586,349,583,349,581,350,581,352,581,352,581,353,580,354,577,355,574,356,572,357,571,358,568,358,565,359,564,360,562,361,559,361,556,362,555,363,555,365,555,365,555,366,555,368,555,368,555,370,555,371,555,371,555,373,555,374,555,374,555,376,555,378,555,378,555,379,556,380,559,381,562,381,564,383,564,384,564,384,564,386,565,387,568,387,571,388,572,389,572,391,572,391,572,392,574,393,577,394,580,393,581,392,581,391,581,391,581,389,583,388,586,387,590,387,590,386,592,385,595,384,598,385,599,386,598,387,595,387,590,387,590,389,590,391,590,391,590,392,592,393,595,394,599,394,599,394,603,394,606,393,608,392,608,391,608,391,608,389,608,387,608,387,608,386,609,385,612,384,615,384,617,383,617,381,617,381,617,379,617,378,617,378,617,376,615,375,612,374,609,374,608,373,608,371,608,371,608,370,608,368,608,368,608,366,609,365,612,365,617,365,617,365,621,365,626,365,626,365,630,365,630,352
621,387,618,388,617,389,617,391,617,391,617,392,618,393,621,394,624,393,626,392,626,391,626,391,626,389,624,388,621,387
409,193,406,192,404,191,403,190,400,190,397,189,395,188,395,187,395,187,395,185,394,184,391,183,388,183,386,182,385,181,382,180,378,180,378,180,373,180,370,181,369,182,369,183,369,183,369,185,369,187,369,187,369,188,369,190,369,190,369,191,370,192,373,193,376,194,378,195,378,196,378,196,378,198,378,200,378,200,378,201,378,203,378,203,378,204,378,206,378,206,378,208,379,209,382,209,385,210,386,211,386,212,386,212,386,214,386,216,386,216,386,217,386,219,386,219,386,221,386,222,386,222,386,224,386,225,386,225,386,227,386,229,386,229,386,230,386,232,386,232,386,234,388,235,391,235,394,235,395,234,397,232,400,232,403,231,404,230,406,229,409,229,412,228,413,227,413,225,413,225,413,224,413,222,413,222,413,221,413,219,413,219,413,217,413,216,413,216,413,214,413,212,413,212,413,211,413,209,413,209,413,208,413,206,413,206,413,204,413,203,413,203,413,201,413,200,413,200,413,198,413,196,413,196,413,195,412,194,409,193
391,174,388,174,386,175,388,176,391,177,394,176,395,175,394,174,391,174
382,248,379,248,378,246,378,245,378,245,378,243,378,242,378,242,378,240,376,239,373,238,370,239,369,240,367,241,364,242,361,242,360,243,360,245,360,245,360,246,358,248,355,248,352,249,351,250,350,251,347,251,344,252,342,253,341,254,338,255,333,255,333,255,329,255,326,255,324,256,323,257,320,258,316,258,316,258,311,258,307,258,307,258,302,258,298,258,298,258,293,258,289,258,289,258,285,258,282,258,280,259,279,261,276,261,271,261,271,261,267,261,262,261,262,261,258,261,254,261,254,261,249,261,245,261,245,261,240,261,236,261,236,261,231,261,228,262,227,263,227,264,227,264,227,266,227,268,227,268,227,269,228,270,231,271,234,271,236,272,237,273,240,274,243,275,245,276,245,277,245,277,245,279,246,280,249,280,254,280,254,280,258,280,261,281,262,282,264,283,267,284,271,284,271,284,276,284,279,283,280,282,282,281,285,280,289,280,289,280,293,280,298,280,298,280,302,280,307,280,307,280,311,280,316,280,316,280,320,280,323,280,324,279,326,278,329,277,332,278,333,279,335,280,338,280,342,280,342,280,347,280,351,280,351,280,355,280,358,280,360,279,361,278,364,277,367,277,369,276,369,274,369,274,369,272,370,271,373,271,376,270,378,269,378,268,378,268,378,266,378,264,378,264,378,263,379,262,382,261,385,261,386,259,386,258,386,258,386,256,386,255,386,255,386,253,386,251,386,251,386,250,385,249,382,248
329,144,326,144,324,143,324,141,324,141,324,140,323,139,320,138,317,137,316,136,314,135,311,135,308,135,307,136,305,137,302,138,298,138,298,138,293,138,289,138,289,138,285,138,282,139,280,140,280,141,280,141,280,143,280,144,280,144,280,146,280,148,280,148,280,149,282,150,285,151,289,151,289,151,293,151,296,151,298,153,299,154,302,154,305,154,307,153,308,151,311,151,316,151,316,151,320,151,323,150,324,149,326,148,329,148,332,147,333,146,332,145,329,144
267,128,262,128,262,128,258,128,255,129,254,130,252,131,249,131,246,132,245,133,243,134,240,135,236,135,236,135,231,135,228,135,227,136,226,137,223,138,220,139,218,140,218,141,218,141,218,143,217,144,214,144,211,145,209,146,208,147,205,148,202,148,200,149,199,150,196,151,193,151,192,153,192,154,192,154,192,156,190,157,187,157,184,158,183,159,183,161,183,161,183,162,183,164,183,164,183,165,183,167,183,167,183,169,183,170,183,170,183,172,183,174,183,174,183,175,183,177,183,177,183,178,183,180,183,180,183,182,183,183,183,183,183,185,183,187,183,187,183,188,184,189,187,190,190,190,192,191,193,192,196,193,200,193,200,193,205,193,209,193,209,193,214,193,218,193,218,193,223,193,226,194,227,195,228,196,231,196,234,196,236,195,237,194,240,193,243,192,245,191,245,190,245,190,245,188,245,187,245,187,245,185,245,183,245,183,245,182,245,180,245,180,245,178,245,177,245,177,245,175,246,174,249,174,252,173,254,172,254,170,254,170,254,169,254,167,254,167,254,165,254,164,254,164,254,162,255,161,258,161,261,160,262,159,264,158,267,157,270,157,271,156,271,154,271,154,271,153,271,151,271,151,271,149,271,148,271,148,271,146,270,145,267,144,264,144,262,143,264,142,267,141,270,141,271,140,271,138,271,138,271,136,271,135,271,135,271,133,271,131,271,131,271,130,270,129,267,128
134,280,131,281,130,282,131,283,134,284,137,283,138,282,137,281,134,280
125,18,121,18,121,18,116,18,113,19,112,20,113,21,116,21,121,21,121,21,125,21,128,21,130,20,128,19,125,18
107,12,104,12,103,13,104,14,107,15,110,14,112,13,110,12,107,12
