373,164,370,163,369,162,369,161,369,161,369,159,369,157,369,157,369,156,367,155,364,154,361,154,360,153,360,151,360,151,360,149,358,148,355,148,352,148,351,149,350,150,347,151,344,150,342,149,342,148,342,148,342,146,344,145,347,144,350,144,351,143,350,142,347,141,344,141,342,140,342,138,342,138,342,136,342,135,342,135,342,133,342,131,338,131,335,131,333,130,335,129,338,128,342,128,342,127,342,125,342,125,342,123,341,122,338,122,335,121,333,120,333,119,333,119,333,117,332,116,329,115,326,115,324,114,324,112,324,112,324,110,323,109,320,109,317,108,316,107,316,106,316,106,316,104,314,103,311,102,307,102,307,102,302,102,298,102,298,102,293,102,290,102,289,101,288,100,285,99,280,99,280,99,276,99,273,100,271,101,270,102,267,102,264,103,262,104,262,106,262,106,262,107,261,108,258,109,255,108,254,107,252,106,249,106,246,105,245,104,243,103,240,102,237,103,236,104,236,106,236,106,236,107,237,108,240,109,243,109,245,110,245,112,245,112,245,114,246,115,249,115,252,116,254,117,255,118,258,119,261,119,262,120,262,122,262,122,262,123,264,124,267,125,270,126,271,127,273,128,276,128,279,129,280,130,280,131,280,131,280,133,282,134,285,135,288,135,289,136,290,137,293,138,296,138,298,140,299,141,302,141,305,142,307,143,308,144,311,144,314,145,316,146,316,148,316,148,316,149,317,150,320,151,324,151,324,151,329,151,332,151,333,153,333,154,333,154,333,156,335,157,338,157,342,157,342,157,347,157,350,158,351,159,350,160,347,161,344,161,342,162,342,164,342,164,342,165,344,167,347,167,350,167,351,165,352,164,355,164,358,164,360,165,360,167,360,167,360,169,360,170,360,170,360,172,361,173,364,174,367,173,369,172,369,170,369,170,369,169,370,168,373,167,376,167,378,165,376,164,373,164
302,106,299,106,298,107,299,108,302,109,305,108,307,107,305,106,302,106
347,128,342,128,342,130,342,131,347,131,350,131,351,130,350,129,347,128
231,63,228,63,227,62,226,61,223,60,218,60,218,62,218,63,218,63,218,65,220,66,223,67,226,67,227,68,227,70,227,70,227,72,228,73,231,73,234,73,236,72,236,70,236,70,236,68,236,67,236,67,236,65,234,64,231,63
223,174,220,173,218,172,217,171,214,170,209,170,209,170,205,170,200,170,200,170,196,170,193,170,192,169,190,168,187,167,184,168,183,169,183,170,183,170,183,172,183,174,183,174,183,175,184,176,187,177,190,177,192,178,193,180,196,180,200,180,200,180,205,180,208,180,209,178,211,177,214,177,217,177,218,178,220,180,223,180,226,180,227,178,227,177,227,177,227,175,226,174,223,174
214,57,209,57,209,59,211,60,214,60,218,60,218,59,217,58,214,57
205,54,202,54,200,55,202,56,205,57,209,57,209,55,208,54,205,54
205,148,202,147,200,146,200,144,200,144,200,143,199,142,196,141,193,141,192,140,192,138,192,138,192,136,192,135,192,135,192,133,192,131,192,131,192,130,190,129,187,128,184,129,183,130,181,131,178,131,174,131,174,131,169,131,165,131,165,131,161,131,158,132,156,133,156,135,156,135,156,136,156,138,156,138,156,140,156,141,156,141,156,143,156,144,156,144,156,146,158,147,161,148,164,148,165,149,165,151,165,151,165,153,166,154,169,154,172,155,174,156,174,157,174,157,174,159,175,160,178,161,183,161,183,161,187,161,190,161,192,162,193,163,196,164,200,164,200,164,205,164,208,163,209,162,209,161,209,161,209,159,209,157,209,157,209,156,209,154,209,154,209,153,209,151,209,151,209,149,208,148,205,148
196,115,193,116,192,117,192,119,192,119,192,120,193,121,196,122,199,121,200,120,200,119,200,119,200,117,199,116,196,115
161,225,156,225,156,225,152,225,149,226,147,227,149,228,152,229,156,229,156,229,161,229,164,228,165,227,164,226,161,225
