630,391,627,391,626,392,627,393,630,394,630,391
595,404,590,404,590,405,592,406,595,407,598,406,599,405,598,404,595,404
586,400,583,401,581,402,583,403,586,404,590,404,590,402,589,401,586,400
559,430,556,429,555,428,553,427,550,426,547,426,546,425,544,424,541,423,538,424,537,425,536,426,533,426,528,426,528,426,524,426,521,427,519,428,519,430,519,430,519,431,521,432,524,433,527,433,528,434,530,435,533,436,537,436,537,436,541,436,546,436,546,436,550,436,555,436,555,436,559,436,562,435,564,434,564,433,564,433,564,431,562,430,559,430
541,439,538,440,537,441,537,442,537,442,537,444,538,445,541,446,544,445,546,444,546,442,546,442,546,441,544,440,541,439
391,164,388,163,386,162,386,161,386,161,386,159,386,157,386,157,386,156,385,155,382,154,378,154,378,154,373,154,370,155,369,156,369,157,369,157,369,159,369,161,369,161,369,162,369,164,369,164,369,165,369,167,369,167,369,169,369,170,369,170,369,172,370,173,373,174,376,174,378,175,378,177,378,177,378,178,378,180,378,180,378,182,379,183,382,183,385,184,386,185,388,186,391,187,394,186,395,185,395,183,395,183,395,182,395,180,395,180,395,178,395,177,395,177,395,175,395,174,395,174,395,172,395,170,395,170,395,169,395,167,395,167,395,165,394,164,391,164
347,212,344,213,342,214,342,216,342,216,342,217,344,218,347,219,350,218,351,217,351,216,351,216,351,214,350,213,347,212
338,222,333,222,333,222,329,222,326,223,324,224,324,225,324,225,324,227,323,228,320,229,316,229,316,229,311,229,308,228,307,227,305,226,302,225,299,226,298,227,296,228,293,229,289,229,289,230,289,232,289,232,289,234,288,235,285,235,282,235,280,234,279,232,276,232,273,231,271,230,271,229,267,229,264,228,262,227,261,226,258,225,254,225,254,225,249,225,245,225,245,225,240,225,237,226,236,227,234,228,231,229,228,229,227,230,228,231,231,232,236,232,236,232,240,232,243,232,245,234,245,235,245,235,245,237,246,238,249,238,252,239,254,240,252,241,249,242,245,242,245,242,240,242,237,242,236,243,236,245,236,245,236,246,237,248,240,248,245,248,245,248,249,248,252,249,254,250,255,251,258,251,262,251,262,251,267,251,271,251,271,251,276,251,280,251,280,251,285,251,289,251,289,251,293,251,296,251,298,250,298,248,298,248,298,246,296,245,293,245,290,244,289,243,289,242,289,242,289,240,290,239,293,238,296,238,298,237,298,235,298,235,298,234,299,232,302,232,307,232,307,232,311,232,314,232,316,234,316,235,316,235,316,237,314,238,311,238,308,239,307,240,307,242,307,242,307,243,307,245,307,245,307,246,308,248,311,248,314,248,316,246,317,245,320,245,323,244,324,243,326,242,329,242,332,241,333,240,335,239,338,238,341,238,342,237,342,235,342,235,342,234,342,232,342,232,342,230,342,229,342,229,342,227,342,225,342,225,342,224,341,223,338,222
302,115,298,115,298,115,293,115,289,115,289,115,285,115,280,115,280,115,276,115,271,115,271,115,267,115,262,115,262,115,258,115,255,115,254,114,254,112,254,112,254,110,252,109,249,109,246,108,245,107,243,106,240,106,237,106,236,107,234,108,231,109,228,109,227,110,227,112,227,112,227,114,227,115,227,115,227,117,227,119,227,119,227,120,226,121,223,122,218,122,218,122,214,122,211,122,209,123,209,125,209,125,209,127,209,128,209,128,209,130,208,131,205,131,202,132,200,133,199,134,196,135,193,135,192,136,193,137,196,138,199,138,200,140,199,141,196,141,193,142,192,143,192,144,192,144,192,146,192,148,192,148,192,149,192,151,192,151,192,153,192,154,192,154,192,156,193,157,196,157,199,158,200,159,199,160,196,161,193,161,192,162,192,164,192,164,192,165,193,167,196,167,200,167,200,167,205,167,209,167,209,167,214,167,217,167,218,165,220,164,223,164,226,164,227,165,228,167,231,167,234,168,236,169,237,170,240,170,243,171,245,172,246,173,249,174,252,173,254,172,254,170,254,170,254,169,254,167,254,167,254,165,254,164,254,164,254,162,255,161,258,161,261,160,262,159,262,157,262,157,262,156,264,155,267,154,270,154,271,153,273,151,276,151,279,150,280,149,280,148,280,148,280,146,280,144,280,144,280,143,282,142,285,141,288,141,289,140,290,138,293,138,296,137,298,136,299,135,302,135,305,134,307,133,307,131,307,131,307,130,307,128,307,128,307,127,307,125,307,125,307,123,307,122,307,122,307,120,307,119,307,119,307,117,305,116,302,115
285,225,280,225,280,225,276,225,273,226,271,227,271,229,276,229,280,229,280,229,285,229,289,229,289,227,288,226,285,225
267,371,262,371,262,371,258,371,254,371,254,371,249,371,246,372,245,373,245,374,245,374,245,376,246,377,249,378,252,377,254,376,255,375,258,374,262,374,262,374,267,374,270,374,271,373,270,372,267,371
90,255,87,255,85,256,87,257,90,258,93,257,94,256,93,255,90,255
