630,387,627,388,626,389,626,391,626,391,626,392,626,394,626,394,626,395,627,397,630,397,630,387
603,407,599,407,599,408,600,410,603,410,606,410,608,408,606,407,603,407
595,404,590,404,590,405,592,406,595,407,599,407,599,405,598,404,595,404
586,400,583,401,581,402,583,403,586,404,590,404,590,402,589,401,586,400
559,430,556,429,555,428,555,426,555,426,555,425,553,424,550,423,546,423,546,423,541,423,537,423,537,423,533,423,530,424,528,425,527,426,524,426,519,426,519,426,515,426,510,426,510,426,506,426,503,426,502,425,500,424,497,423,493,423,493,423,488,423,484,423,484,423,479,423,475,423,475,425,475,426,475,426,475,428,476,429,479,430,482,430,484,431,485,432,488,433,491,433,493,434,494,435,497,436,502,436,502,436,506,436,509,437,510,438,512,439,515,439,519,439,519,439,524,439,527,440,528,441,530,442,533,442,536,443,537,444,538,445,541,446,544,445,546,444,547,443,550,442,553,442,555,441,556,440,559,439,562,439,564,438,564,436,564,436,564,434,564,433,564,433,564,431,562,430,559,430
524,310,521,310,519,311,519,313,519,313,519,315,521,316,524,316,527,316,528,315,528,313,528,313,528,311,527,310,524,310
471,420,468,420,466,421,468,422,471,423,475,423,475,421,474,420,471,420
391,164,388,163,386,162,386,161,386,161,386,159,386,157,386,157,386,156,385,155,382,154,378,154,378,154,373,154,370,155,369,156,369,157,369,157,369,159,370,160,373,161,376,161,378,162,376,163,373,164,370,164,369,165,369,167,369,167,369,169,369,170,369,170,369,172,370,173,373,174,376,174,378,175,378,177,378,177,378,178,378,180,378,180,378,182,379,183,382,183,385,184,386,185,388,186,391,187,394,186,395,185,395,183,395,183,395,182,395,180,395,180,395,178,395,177,395,177,395,175,395,174,395,174,395,172,395,170,395,170,395,169,395,167,395,167,395,165,394,164,391,164
355,209,351,209,351,209,347,209,344,210,342,211,342,212,342,212,342,214,341,215,338,216,335,216,333,217,332,218,329,219,326,219,324,221,323,222,320,222,317,223,316,224,314,225,311,225,307,225,307,225,302,225,298,225,298,225,293,225,289,225,289,225,285,225,280,225,280,225,276,225,271,225,271,225,267,225,262,225,262,225,258,225,254,225,254,225,249,225,245,225,245,225,240,225,237,225,236,224,234,223,231,222,228,223,227,224,226,225,223,225,220,226,218,227,218,229,218,229,218,230,220,231,223,232,226,232,227,234,228,235,231,235,234,236,236,237,237,238,240,238,243,239,245,240,243,241,240,242,237,242,236,243,237,244,240,245,243,245,245,246,246,248,249,248,254,248,254,248,258,248,262,248,262,248,267,248,270,249,271,250,273,251,276,251,279,251,280,250,282,249,285,248,288,248,289,246,289,245,289,245,289,243,290,242,293,242,298,242,298,242,302,242,305,242,307,243,308,244,311,245,314,244,316,243,317,242,320,242,324,242,324,242,329,242,332,241,333,240,335,239,338,238,341,238,342,237,342,235,342,235,342,234,342,232,342,232,342,230,342,229,342,229,342,227,344,226,347,225,351,225,351,225,355,225,358,225,360,224,360,222,360,222,360,221,360,219,360,219,360,217,360,216,360,216,360,214,360,212,360,212,360,211,358,210,355,209
311,125,308,124,307,123,307,122,307,122,307,120,307,119,307,119,307,117,307,115,307,115,307,114,305,113,302,112,299,113,298,114,296,115,293,115,289,115,289,115,285,115,282,115,280,114,279,113,276,112,271,112,271,112,267,112,264,113,262,114,261,115,258,115,255,115,254,114,254,112,254,112,254,110,254,109,254,109,254,107,252,106,249,106,245,106,245,106,240,106,237,106,236,107,234,108,231,109,228,109,227,110,227,112,227,112,227,114,227,115,227,115,227,117,227,119,227,119,227,120,226,121,223,122,220,121,218,120,217,119,214,119,211,119,209,120,209,122,209,122,209,123,209,125,209,125,209,127,208,128,205,128,202,129,200,130,200,131,200,131,200,133,199,134,196,135,193,135,192,136,193,137,196,138,199,138,200,140,200,141,200,141,200,143,199,144,196,144,193,145,192,146,192,148,192,148,192,149,192,151,192,151,192,153,193,154,196,154,199,155,200,156,200,157,200,157,200,159,199,160,196,161,192,161,192,161,187,161,184,161,183,162,184,163,187,164,190,164,192,165,193,167,196,167,199,168,200,169,202,170,205,170,208,170,209,169,211,168,214,167,217,167,218,165,220,164,223,164,227,164,227,164,231,164,234,164,236,165,236,167,236,167,236,169,237,170,240,170,245,170,245,170,249,170,252,170,254,169,254,167,254,167,254,165,254,164,254,164,254,162,255,161,258,161,261,160,262,159,262,157,262,157,262,156,264,155,267,154,270,154,271,153,273,151,276,151,279,150,280,149,280,148,280,148,280,146,280,144,280,144,280,143,282,142,285,141,288,141,289,140,290,138,293,138,296,137,298,136,299,135,302,135,305,134,307,133,307,131,307,131,307,130,308,129,311,128,314,128,316,127,314,126,311,125
285,404,282,404,280,405,282,406,285,407,288,406,289,405,288,404,285,404
276,371,273,371,271,370,270,369,267,368,262,368,262,368,258,368,255,369,254,370,252,371,249,371,245,371,245,371,240,371,237,372,236,373,236,374,236,374,236,376,237,377,240,378,245,378,245,378,249,378,252,377,254,376,255,375,258,374,262,374,262,374,267,374,271,374,271,374,276,374,279,374,280,373,279,372,276,371
267,400,264,401,262,402,262,404,262,404,262,405,264,406,267,407,270,406,271,405,271,404,271,404,271,402,270,401,267,400
178,229,175,229,174,230,175,231,178,232,181,231,183,230,181,229,178,229
90,255,87,255,85,256,87,257,90,258,93,257,94,256,93,255,90,255
