630,417,627,417,626,418,626,420,626,420,626,421,624,422,621,423,618,424,617,425,618,426,621,426,624,427,626,428,626,430,626,430,626,431,627,432,630,433,630,417
630,196,626,196,626,196,621,196,618,197,617,198,617,200,617,200,617,201,615,202,612,203,609,203,608,204,606,205,603,206,600,207,599,208,598,209,595,209,592,210,590,211,590,212,590,212,590,214,589,215,586,216,583,216,581,217,581,219,586,219,589,219,590,221,590,222,590,222,590,224,592,225,595,225,598,225,599,224,600,223,603,222,606,222,608,221,608,219,608,219,608,217,609,216,612,216,615,216,617,217,618,218,621,219,626,219,626,219,630,219,630,196
577,219,574,219,572,221,572,222,572,222,572,224,574,225,577,225,580,225,581,224,581,222,581,222,581,221,581,219,577,219
568,229,564,229,564,229,559,229,556,229,555,230,556,231,559,232,564,232,564,232,568,232,571,231,572,230,571,229,568,229
320,391,317,390,316,389,314,388,311,387,308,387,307,386,305,385,302,384,299,384,298,383,296,381,293,381,290,380,289,379,288,378,285,378,282,377,280,376,279,375,276,374,273,375,271,376,270,377,267,378,262,378,262,378,258,378,254,378,254,378,249,378,245,378,245,378,240,378,236,378,236,378,231,378,228,378,227,379,227,381,227,381,227,383,228,384,231,384,236,384,236,384,240,384,245,384,245,384,249,384,254,384,254,384,258,384,262,384,262,384,267,384,270,384,271,383,273,381,276,381,279,381,280,383,282,384,285,384,288,385,289,386,289,387,289,387,289,389,290,390,293,391,298,391,298,391,302,391,305,391,307,392,308,393,311,394,316,394,316,394,320,394,323,393,324,392,323,391,320,391
267,368,262,368,262,370,264,371,267,371,270,371,271,370,270,369,267,368
258,365,255,365,254,366,255,367,258,368,262,368,262,366,261,365,258,365
249,73,246,73,245,72,243,70,240,70,236,70,236,70,231,70,228,70,227,72,227,73,227,73,227,75,227,76,227,76,227,78,227,80,227,80,227,81,228,82,231,83,234,83,236,85,237,86,240,86,243,86,245,85,246,83,249,83,252,82,254,81,254,80,254,80,254,78,254,76,254,76,254,75,252,74,249,73
214,365,209,365,209,365,205,365,200,365,200,365,196,365,192,365,192,365,187,365,184,364,183,363,181,362,178,361,174,361,174,361,169,361,165,361,165,363,166,364,169,365,172,365,174,366,175,367,178,368,183,368,183,368,187,368,192,368,192,368,196,368,200,368,200,368,205,368,209,368,209,368,214,368,217,367,218,366,217,365,214,365
205,378,202,378,200,379,202,380,205,381,208,380,209,379,208,378,205,378
161,358,156,358,156,358,152,358,149,359,147,360,149,361,152,361,156,361,156,361,161,361,165,361,165,360,164,359,161,358
