621,449,618,448,617,447,617,446,617,446,617,444,615,443,612,442,608,442,608,442,603,442,600,443,599,444,599,446,599,446,599,447,600,448,603,449,606,449,608,451,609,452,612,452,617,452,617,452,621,452,624,452,626,451,624,449,621,449
612,326,608,326,608,327,608,329,608,329,608,331,609,332,612,332,615,332,617,331,617,329,617,329,617,327,615,326,612,326
603,316,600,317,599,318,599,319,599,319,599,321,599,323,599,323,599,324,600,325,603,326,608,326,608,324,608,323,608,323,608,321,608,319,608,319,608,318,606,317,603,316
586,355,583,356,581,357,580,358,577,358,572,358,572,358,568,358,565,358,564,357,562,356,559,355,556,356,555,357,555,358,555,358,555,360,553,361,550,361,547,362,546,363,547,364,550,365,553,365,555,366,556,367,559,368,564,368,564,368,568,368,571,367,572,366,574,365,577,365,580,364,581,363,583,362,586,361,589,361,590,360,590,358,590,358,590,357,589,356,586,355
400,190,397,189,395,188,395,187,395,187,395,185,394,184,391,183,388,183,386,182,386,180,386,180,386,178,386,177,386,177,386,175,388,174,391,174,394,173,395,172,394,171,391,170,388,170,386,169,386,167,386,167,386,165,385,164,382,164,379,163,378,162,378,161,378,161,378,159,376,158,373,157,370,157,369,156,367,155,364,154,361,155,360,156,360,157,360,157,360,159,361,160,364,161,367,161,369,162,369,164,369,164,369,165,370,167,373,167,376,168,378,169,378,170,378,170,378,172,378,174,378,174,378,175,378,177,378,177,378,178,378,180,378,180,378,182,378,183,378,183,378,185,378,187,378,187,378,188,378,190,378,190,378,191,378,193,378,193,378,195,378,196,378,196,378,198,378,200,378,200,378,201,378,203,378,203,378,204,378,206,378,206,378,208,378,209,378,209,378,211,379,212,382,212,385,213,386,214,386,216,386,216,386,217,386,219,386,219,386,221,386,222,386,222,386,224,388,225,391,225,395,225,395,225,400,225,403,225,404,224,404,222,404,222,404,221,404,219,404,219,404,217,404,216,404,216,404,214,404,212,404,212,404,211,404,209,404,209,404,208,404,206,404,206,404,204,404,203,404,203,404,201,404,200,404,200,404,198,404,196,404,196,404,195,404,193,404,193,404,191,403,190,400,190
373,242,369,242,369,242,364,242,361,242,360,243,358,244,355,245,351,245,351,246,351,248,351,248,351,250,350,251,347,251,344,252,342,253,341,254,338,255,333,255,333,255,329,255,326,254,324,253,323,252,320,251,317,252,316,253,314,254,311,255,308,254,307,253,305,252,302,251,299,251,298,250,299,249,302,248,305,248,307,246,305,245,302,245,298,245,298,245,293,245,289,245,289,245,285,245,280,245,280,245,276,245,271,245,271,245,267,245,264,245,262,246,261,248,258,248,255,249,254,250,255,251,258,251,261,252,262,253,264,254,267,255,271,255,271,255,276,255,279,255,280,256,279,257,276,258,271,258,271,258,267,258,262,258,262,258,258,258,254,258,254,258,249,258,246,258,245,259,243,261,240,261,237,262,236,263,236,264,236,264,236,266,237,267,240,268,243,268,245,269,245,271,245,271,245,272,246,273,249,274,254,274,254,274,258,274,262,274,262,274,267,274,271,274,271,274,276,274,280,274,280,274,285,274,289,274,289,274,293,274,298,274,298,274,302,274,307,274,307,274,311,274,314,273,316,272,317,271,320,271,324,271,324,271,329,271,333,271,333,271,338,271,342,271,342,271,347,271,350,270,351,269,352,268,355,268,358,267,360,266,360,264,360,264,360,263,361,262,364,261,367,261,369,259,369,258,369,258,369,256,370,255,373,255,376,254,378,253,376,252,373,251,370,251,369,250,369,248,369,248,369,246,370,245,373,245,376,244,378,243,376,242,373,242
355,141,352,142,351,143,351,144,355,144,358,144,360,143,358,142,355,141
347,144,344,145,342,146,342,148,342,148,342,149,344,150,347,151,350,150,351,149,351,148,351,148,351,146,351,144,347,144
347,238,344,239,342,240,342,242,342,242,342,243,342,245,347,245,351,245,351,243,351,242,351,242,351,240,350,239,347,238
338,245,333,245,333,245,329,245,326,245,324,246,326,248,329,248,333,248,333,248,338,248,341,248,342,246,342,245,338,245
285,125,280,125,280,125,276,125,271,125,271,125,267,125,262,125,262,125,258,125,255,126,254,127,252,128,249,128,246,128,245,127,243,126,240,125,237,126,236,127,234,128,231,128,227,128,227,128,223,128,220,129,218,130,218,131,218,131,218,133,217,134,214,135,211,135,209,136,208,137,205,138,202,139,200,140,200,141,200,141,200,143,200,144,200,144,200,146,199,147,196,148,193,148,192,149,192,151,192,151,192,153,192,154,192,154,192,156,190,157,187,157,184,158,183,159,183,161,183,161,183,162,183,164,183,164,183,165,184,167,187,167,190,168,192,169,190,170,187,170,184,171,183,172,183,174,183,174,183,175,184,176,187,177,190,177,192,178,192,180,192,180,192,182,193,183,196,183,199,184,200,185,202,186,205,187,208,187,209,188,211,189,214,190,218,190,218,190,223,190,226,189,227,188,227,187,227,187,227,185,228,184,231,183,234,183,236,182,237,181,240,180,243,180,245,178,245,177,245,177,245,175,246,174,249,174,252,173,254,172,254,170,254,170,254,169,254,167,254,167,254,165,255,164,258,164,261,163,262,162,262,161,262,161,262,159,264,158,267,157,270,157,271,156,271,154,271,154,271,153,271,151,271,151,271,149,273,148,276,148,279,147,280,146,282,145,285,144,288,144,289,143,289,141,289,141,289,140,289,138,289,138,289,136,289,135,289,135,289,133,289,131,289,131,289,130,289,128,289,128,289,127,288,126,285,125
214,174,209,174,209,172,208,171,205,170,202,171,200,172,202,173,205,174,209,174,209,175,209,177,209,177,209,178,211,180,214,180,217,180,218,178,218,177,218,177,218,175,217,174,214,174
