630,381,626,381,626,381,621,381,617,381,617,381,612,381,608,381,608,381,603,381,599,381,599,381,595,381,590,381,590,381,586,381,583,381,581,383,580,384,577,384,574,385,572,386,571,387,568,387,565,387,564,386,564,384,564,384,564,383,562,381,559,381,555,381,555,381,550,381,547,381,546,383,544,384,541,384,538,385,537,386,537,387,537,387,537,389,537,391,537,391,537,392,537,394,537,394,537,395,537,397,537,397,537,399,537,400,537,400,537,402,537,404,537,404,537,405,538,406,541,407,544,407,546,408,546,410,546,410,546,412,546,413,546,413,546,415,547,416,550,417,555,417,555,417,559,417,562,417,564,418,565,419,568,420,571,420,572,421,574,422,577,423,580,424,581,425,581,426,581,426,581,428,580,429,577,430,572,430,572,430,568,430,565,430,564,431,562,432,559,433,556,433,555,434,556,435,559,436,562,437,564,438,565,439,568,439,572,439,572,439,577,439,580,440,581,441,583,442,586,442,590,442,590,442,595,442,598,443,599,444,599,446,599,446,599,447,599,449,599,449,599,451,599,452,599,452,599,454,600,455,603,455,606,455,608,454,609,453,612,452,617,452,617,452,621,452,624,453,626,454,627,455,630,455,630,381
630,180,627,181,626,182,624,183,621,183,618,184,617,185,615,186,612,187,609,187,608,188,606,189,603,190,599,190,599,190,595,190,592,190,590,191,590,193,590,193,590,195,589,196,586,196,583,197,581,198,581,200,581,200,581,201,580,202,577,203,572,203,572,203,568,203,564,203,564,203,559,203,556,203,555,204,555,206,555,206,555,208,555,209,555,209,555,211,553,212,550,212,547,213,546,214,544,215,541,216,538,216,537,217,536,218,533,219,528,219,528,221,528,222,528,222,528,224,527,225,524,225,521,226,519,227,519,229,519,229,519,230,519,232,519,232,519,234,519,235,519,235,519,237,519,238,519,238,519,240,519,242,519,242,519,243,518,244,515,245,510,245,510,245,506,245,502,245,502,245,497,245,494,245,493,246,494,248,497,248,500,249,502,250,503,251,506,251,509,252,510,253,510,255,510,255,510,256,509,257,506,258,503,258,502,259,502,261,502,261,502,263,502,264,506,264,510,264,510,264,515,264,519,264,519,264,524,264,527,264,528,263,530,262,533,261,537,261,537,261,541,261,544,261,546,259,547,258,550,258,553,257,555,256,555,255,555,255,555,253,553,252,550,251,547,251,546,250,546,248,546,248,546,246,547,245,550,245,553,244,555,243,556,242,559,242,562,241,564,240,565,239,568,238,572,238,572,238,577,238,580,238,581,237,581,235,581,235,581,234,580,232,577,232,574,231,572,230,574,229,577,229,581,229,581,229,586,229,589,229,590,230,592,231,595,232,598,231,599,230,600,229,603,229,608,229,608,229,612,229,615,228,617,227,618,226,621,225,624,225,626,224,627,223,630,222,630,180
524,216,521,216,519,217,521,218,524,219,528,219,528,217,527,216,524,216
497,264,494,265,493,266,494,267,497,268,500,267,502,266,502,264,497,264
382,119,379,119,378,120,379,121,382,122,385,121,386,120,385,119,382,119
382,125,379,126,378,127,379,128,382,128,385,128,386,127,385,126,382,125
373,135,369,135,369,135,364,135,361,135,360,136,360,138,360,138,360,140,358,141,355,141,352,142,351,143,351,144,351,144,351,146,352,147,355,148,358,147,360,146,361,145,364,144,367,144,369,143,369,141,369,141,369,140,370,138,373,138,376,137,378,136,376,135,373,135
338,102,335,102,333,101,332,100,329,99,326,100,324,101,324,102,324,102,324,104,324,106,324,106,324,107,324,109,324,109,324,110,324,112,324,112,324,114,324,115,324,115,324,117,326,118,329,119,333,119,333,119,338,119,341,118,342,117,342,115,342,115,342,114,342,112,342,112,342,110,342,109,342,109,342,107,342,106,342,106,342,104,341,103,338,102
329,151,324,151,324,151,320,151,317,151,316,153,316,154,316,154,316,156,317,157,320,157,324,157,324,157,329,157,332,157,333,156,333,154,333,154,333,153,332,151,329,151
302,112,298,112,298,114,298,115,298,115,298,117,299,118,302,119,305,118,307,117,307,115,307,115,307,114,305,113,302,112
293,109,289,109,289,110,290,111,293,112,298,112,298,110,296,109,293,109
285,106,280,106,280,106,276,106,273,106,271,107,271,109,271,109,271,110,273,111,276,112,279,111,280,110,282,109,285,109,289,109,289,107,288,106,285,106
276,154,271,154,271,154,267,154,262,154,262,154,258,154,255,154,254,153,252,151,249,151,245,151,245,151,240,151,236,151,236,153,236,154,236,154,236,156,237,157,240,157,243,158,245,159,246,160,249,161,252,161,254,162,254,164,254,164,254,165,255,167,258,167,262,167,262,167,267,167,271,167,271,167,276,167,279,167,280,165,280,164,280,164,280,162,280,161,280,161,280,159,280,157,280,157,280,156,279,155,276,154
267,381,262,381,262,383,264,384,267,384,270,384,271,383,270,381,267,381
258,374,254,374,254,374,249,374,245,374,245,376,246,377,249,378,252,378,254,379,255,380,258,381,262,381,262,379,262,378,262,378,262,376,261,375,258,374
240,371,237,372,236,373,237,374,240,374,245,374,245,373,243,372,240,371
231,148,228,148,227,149,228,150,231,151,236,151,236,149,234,148,231,148
231,358,228,359,227,360,228,361,231,361,234,361,236,360,234,359,231,358
214,345,211,346,209,347,208,348,205,349,200,349,200,349,196,349,193,349,192,350,190,351,187,352,184,351,183,350,181,349,178,349,175,348,174,347,172,346,169,345,166,345,165,344,164,343,161,342,156,342,156,342,152,342,149,342,147,340,146,339,143,339,138,339,138,339,134,339,130,339,130,340,131,341,134,342,137,343,138,344,140,345,143,345,146,346,147,347,147,349,147,349,147,350,149,351,152,352,156,352,156,352,161,352,165,352,165,352,169,352,172,352,174,353,175,354,178,355,181,356,183,357,184,358,187,358,190,359,192,360,193,361,196,361,199,361,200,360,200,358,200,358,200,357,202,356,205,355,208,354,209,353,211,352,214,352,217,351,218,350,218,349,218,349,218,347,217,346,214,345
125,336,121,336,121,336,116,336,113,336,112,337,113,338,116,339,121,339,121,339,125,339,130,339,130,337,128,336,125,336
