488,264,485,264,484,263,484,261,484,261,484,259,484,258,484,258,484,256,484,255,484,255,484,253,482,252,479,251,476,251,475,250,475,248,475,248,475,246,474,245,471,245,468,244,466,243,466,242,466,242,466,240,466,238,466,238,466,237,465,236,462,235,459,235,457,234,457,232,457,232,457,230,457,229,457,229,457,227,456,226,453,225,448,225,448,225,444,225,440,225,440,225,435,225,431,225,431,225,426,225,423,226,422,227,422,229,422,229,422,230,422,232,422,232,422,234,422,235,422,235,422,237,423,238,426,238,429,239,431,240,431,242,431,242,431,243,429,244,426,245,423,245,422,246,423,248,426,248,429,249,431,250,431,251,431,251,431,253,432,254,435,255,440,255,440,255,444,255,447,255,448,256,450,257,453,258,456,258,457,259,457,261,457,261,457,263,457,264,457,264,457,266,459,267,462,268,466,268,466,268,471,268,474,268,475,269,475,271,475,271,475,272,476,273,479,274,482,273,484,272,484,271,484,271,484,269,485,268,488,268,491,267,493,266,491,265,488,264
426,329,423,330,422,331,420,332,417,332,414,333,413,334,412,335,409,336,406,336,404,337,403,338,400,339,397,339,395,340,394,342,391,342,388,343,386,344,385,345,382,345,379,346,378,347,376,348,373,349,370,349,369,350,367,351,364,352,361,352,360,353,360,355,360,355,360,357,358,358,355,358,352,359,351,360,351,361,351,361,351,363,352,364,355,365,360,365,360,365,364,365,367,364,369,363,370,362,373,361,376,361,378,360,379,359,382,358,385,358,386,357,388,356,391,355,394,354,395,353,397,352,400,352,403,351,404,350,404,349,404,349,404,347,406,346,409,345,412,345,413,344,414,343,417,342,420,341,422,340,422,339,422,339,422,337,423,336,426,336,429,335,431,334,431,332,431,332,431,331,429,330,426,329
364,96,361,95,360,94,360,93,360,93,360,91,358,90,355,89,352,89,351,88,351,86,351,86,351,85,350,83,347,83,344,82,342,81,342,80,342,80,342,78,341,77,338,76,335,76,333,75,332,74,329,73,324,73,324,73,320,73,317,74,316,75,316,76,316,76,316,78,317,79,320,80,323,80,324,81,324,83,324,83,324,85,324,86,324,86,324,88,324,89,324,89,324,91,324,93,324,93,324,94,324,96,324,96,324,97,324,99,324,99,324,101,324,102,324,102,324,104,324,106,324,106,324,107,324,109,324,109,324,110,324,112,324,112,324,114,324,115,324,115,324,117,324,119,324,119,324,120,323,121,320,122,317,122,316,123,316,125,316,125,316,127,316,128,316,128,316,130,316,131,316,131,316,133,316,135,316,135,316,136,316,138,316,138,316,140,314,141,311,141,308,142,307,143,307,144,307,144,307,146,305,147,302,148,299,148,298,149,298,151,298,151,298,153,298,154,298,154,298,156,298,157,298,157,298,159,296,160,293,161,290,161,289,162,288,163,285,164,282,164,280,165,279,167,276,167,271,167,271,167,267,167,262,167,262,167,258,167,255,168,254,169,252,170,249,170,246,171,245,172,245,174,249,174,252,174,254,175,255,176,258,177,261,177,262,178,264,180,267,180,270,180,271,178,271,177,271,177,271,175,273,174,276,174,280,174,280,174,285,174,289,174,289,174,293,174,296,173,298,172,298,170,298,170,298,169,299,168,302,167,305,167,307,165,308,164,311,164,314,163,316,162,317,161,320,161,323,160,324,159,326,158,329,157,332,157,333,156,335,155,338,154,341,154,342,153,344,151,347,151,350,150,351,149,352,148,355,148,358,147,360,146,360,144,360,144,360,143,361,142,364,141,367,141,369,140,369,138,369,138,369,136,369,135,369,135,369,133,369,131,369,131,369,130,367,129,364,128,361,128,360,127,360,125,360,125,360,123,360,122,360,122,360,120,360,119,360,119,360,117,358,116,355,115,352,115,351,114,350,113,347,112,344,112,342,110,342,109,342,109,342,107,342,106,342,106,342,104,344,103,347,102,351,102,351,102,355,102,358,103,360,104,360,106,360,106,360,107,361,108,364,109,367,108,369,107,369,106,369,106,369,104,369,102,369,102,369,101,369,99,369,99,369,97,367,96,364,96
240,54,237,53,236,52,236,50,236,50,236,49,234,48,231,47,227,47,227,47,223,47,220,47,218,46,217,45,214,44,211,43,209,42,208,41,205,41,200,41,200,41,196,41,193,40,192,39,190,38,187,38,183,38,183,38,178,38,175,37,174,36,172,35,169,34,166,34,165,33,164,32,161,31,156,31,156,31,152,31,149,31,147,29,146,28,143,28,140,28,138,29,137,31,134,31,131,32,130,33,128,34,125,34,122,35,121,36,121,38,121,38,121,39,119,40,116,41,113,41,112,42,110,43,107,44,104,45,103,46,103,47,103,47,103,49,103,50,103,50,103,52,102,53,99,54,96,54,94,55,94,57,94,57,94,59,94,60,94,60,94,62,94,63,94,63,94,65,94,67,94,67,94,68,96,69,99,70,102,70,103,72,103,73,103,73,103,75,103,76,103,76,103,78,103,80,103,80,103,81,103,83,103,83,103,85,103,86,103,86,103,88,103,89,103,89,103,91,102,92,99,93,94,93,94,94,94,96,94,96,94,97,94,99,94,99,94,101,96,102,99,102,103,102,103,102,107,102,112,102,112,102,116,102,121,102,121,102,125,102,130,102,130,102,134,102,138,102,138,102,143,102,147,102,147,102,152,102,156,102,156,102,161,102,164,103,165,104,166,105,169,106,174,106,174,106,178,106,181,105,183,104,184,103,187,102,192,102,192,102,196,102,199,102,200,101,202,100,205,99,208,99,209,97,209,96,209,96,209,94,209,93,209,93,209,91,209,89,209,89,209,88,211,87,214,86,217,86,218,85,218,83,218,83,218,81,218,80,218,80,218,78,218,76,218,76,218,75,220,74,223,73,226,73,227,72,228,70,231,70,234,69,236,68,236,67,236,67,236,65,236,63,236,63,236,62,237,61,240,60,243,60,245,59,245,57,245,57,245,55,243,54,240,54
240,174,237,174,236,175,237,176,240,177,243,176,245,175,245,174,240,174
214,174,209,174,209,174,205,174,200,174,200,174,196,174,192,174,192,174,187,174,183,174,183,174,178,174,175,174,174,175,175,176,178,177,183,177,183,177,187,177,192,177,192,177,196,177,200,177,200,177,205,177,209,177,209,177,214,177,217,176,218,175,217,174,214,174
107,167,103,167,103,169,104,170,107,170,110,170,112,169,110,168,107,167
99,164,94,164,94,165,96,167,99,167,103,167,103,165,102,164,99,164
90,80,87,80,85,81,85,83,85,83,85,85,85,86,85,86,85,88,85,89,85,89,85,91,87,92,90,93,94,93,94,91,94,89,94,89,94,88,94,86,94,86,94,85,94,83,94,83,94,81,93,80,90,80
90,161,85,161,85,161,81,161,78,161,76,162,78,163,81,164,85,164,85,164,90,164,94,164,94,162,93,161,90,161
