621,251,618,252,617,253,617,255,617,255,617,256,617,258,617,258,617,259,617,261,617,261,617,263,617,264,617,264,617,266,618,267,621,268,624,267,626,266,626,264,626,264,626,263,626,261,626,261,626,259,626,258,626,258,626,256,626,255,626,255,626,253,624,252,621,251
462,290,459,291,457,292,459,293,462,293,465,293,466,292,465,291,462,290
435,212,431,212,431,212,426,212,423,213,422,214,423,215,426,216,429,216,431,217,432,218,435,219,438,218,440,217,440,216,440,216,440,214,438,213,435,212
435,248,432,249,431,250,431,251,431,251,431,253,432,254,435,255,438,254,440,253,440,251,440,251,440,250,438,249,435,248
426,284,423,284,422,285,423,286,426,287,429,286,431,285,429,284,426,284
417,290,414,291,413,292,412,293,409,293,406,294,404,295,404,297,404,297,404,298,406,299,409,300,413,300,413,300,417,300,420,299,422,298,422,297,422,297,422,295,422,293,422,293,422,292,420,291,417,290
391,319,386,319,386,319,382,319,379,319,378,318,376,317,373,316,370,317,369,318,367,319,364,319,361,320,360,321,358,322,355,323,352,323,351,324,350,325,347,326,344,326,342,327,342,329,342,329,342,331,342,332,342,332,342,334,342,336,342,336,342,337,344,338,347,339,351,339,351,339,355,339,360,339,360,337,361,336,364,336,367,335,369,334,370,333,373,332,376,332,378,331,379,330,382,329,385,329,386,327,386,326,386,326,386,324,388,323,391,323,394,322,395,321,394,320,391,319
391,345,386,345,386,345,382,345,378,345,378,345,373,345,370,345,369,344,370,343,373,342,376,341,378,340,376,339,373,339,369,339,369,339,364,339,360,339,360,340,360,342,360,342,360,344,358,345,355,345,352,346,351,347,350,348,347,349,344,349,342,350,342,352,347,352,351,352,351,352,355,352,360,352,360,352,364,352,369,352,369,352,373,352,376,351,378,350,379,349,382,349,386,349,386,349,391,349,394,348,395,347,394,346,391,345
364,96,361,95,360,94,360,93,360,93,360,91,358,90,355,89,352,89,351,88,351,86,351,86,351,85,351,83,351,83,351,81,350,80,347,80,344,79,342,78,341,77,338,76,335,77,333,78,333,80,333,80,333,81,333,83,333,83,333,85,333,86,333,86,333,88,333,89,333,89,333,91,332,92,329,93,326,93,324,94,324,96,324,96,324,97,324,99,324,99,324,101,324,102,324,102,324,104,323,105,320,106,317,106,316,107,314,108,311,109,308,109,307,110,305,112,302,112,299,113,298,114,296,115,293,115,290,116,289,117,288,118,285,119,282,119,280,120,279,121,276,122,273,122,271,123,270,124,267,125,262,125,262,125,258,125,255,126,254,127,252,128,249,128,245,128,245,128,240,128,236,128,236,128,231,128,227,128,227,128,223,128,218,128,218,128,214,128,211,129,209,130,208,131,205,131,200,131,200,131,196,131,192,131,192,131,187,131,183,131,183,131,178,131,174,131,174,131,169,131,166,131,165,130,164,129,161,128,158,128,156,127,155,126,152,125,147,125,147,125,143,125,138,125,138,125,134,125,130,125,130,125,125,125,122,126,121,127,121,128,121,128,121,130,121,131,121,131,121,133,122,134,125,135,128,135,130,136,131,137,134,138,138,138,138,138,143,138,146,138,147,140,149,141,152,141,155,142,156,143,158,144,161,144,164,145,165,146,166,147,169,148,174,148,174,148,178,148,183,148,183,148,187,148,192,148,192,148,196,148,200,148,200,148,205,148,209,148,209,148,214,148,218,148,218,148,223,148,227,148,227,148,231,148,236,148,236,148,240,148,243,148,245,149,245,151,245,151,245,153,246,154,249,154,254,154,254,154,258,154,262,154,262,154,267,154,270,154,271,153,273,151,276,151,280,151,280,151,285,151,289,151,289,151,293,151,298,151,298,151,302,151,305,150,307,149,308,148,311,148,314,147,316,146,317,145,320,144,323,144,324,143,324,141,324,141,324,140,326,138,329,138,333,138,333,138,338,138,341,137,342,136,344,135,347,135,350,134,351,133,352,132,355,131,358,131,360,130,360,128,360,128,360,127,360,125,360,125,360,123,360,122,360,122,360,120,360,119,360,119,360,117,358,116,355,115,352,115,351,114,350,113,347,112,344,112,342,110,342,109,342,109,342,107,342,106,342,106,342,104,344,103,347,102,351,102,351,102,355,102,358,103,360,104,361,105,364,106,367,105,369,104,369,102,369,102,369,101,369,99,369,99,369,97,367,96,364,96
347,34,342,34,342,36,344,37,347,38,350,37,351,36,350,35,347,34
338,31,335,32,333,33,335,34,338,34,342,34,342,33,341,32,338,31
338,352,333,352,333,352,329,352,326,351,324,350,324,349,324,349,324,347,326,346,329,345,332,345,333,344,333,342,333,342,333,340,333,339,333,339,333,337,333,336,333,336,333,334,332,333,329,332,326,333,324,334,323,335,320,336,317,336,316,337,314,338,311,339,308,339,307,340,305,342,302,342,298,342,298,342,293,342,290,343,289,344,288,345,285,345,280,345,280,345,276,345,271,345,271,345,267,345,264,346,262,347,261,348,258,349,255,349,254,350,255,351,258,352,262,352,262,352,267,352,271,352,271,352,276,352,280,352,280,352,285,352,289,352,289,352,293,352,298,352,298,352,302,352,307,352,307,352,311,352,314,352,316,353,314,354,311,355,308,356,307,357,308,358,311,358,316,358,316,358,320,358,324,358,324,358,329,358,332,358,333,357,335,356,338,355,341,354,342,353,342,352,338,352
258,47,254,47,254,47,249,47,246,47,245,46,243,45,240,44,237,43,236,42,237,41,240,41,245,41,245,41,249,41,252,40,254,39,252,38,249,38,245,38,245,38,240,38,236,38,236,38,231,38,228,38,227,39,227,41,227,41,227,42,226,43,223,44,220,45,218,46,217,47,214,47,209,47,209,47,205,47,202,47,200,46,200,44,200,44,200,42,199,41,196,41,193,40,192,39,190,38,187,38,184,37,183,36,181,35,178,34,175,34,174,33,172,32,169,31,166,31,165,29,164,28,161,28,158,27,156,26,155,25,152,25,147,25,147,25,143,25,138,25,138,25,134,25,131,25,130,26,128,27,125,28,122,28,121,29,119,31,116,31,113,32,112,33,110,34,107,34,104,35,103,36,103,38,103,38,103,39,102,40,99,41,96,41,94,42,94,44,94,44,94,46,94,47,94,47,94,49,94,50,94,50,94,52,96,53,99,54,103,54,103,54,107,54,110,54,112,55,112,57,112,57,112,59,112,60,112,60,112,62,112,63,112,63,112,65,112,67,112,67,112,68,112,70,112,70,112,72,112,73,112,73,112,75,112,76,112,76,112,78,113,79,116,80,119,80,121,81,121,83,121,83,121,85,121,86,121,86,121,88,122,89,125,89,128,90,130,91,130,93,130,93,130,94,131,95,134,96,138,96,138,96,143,96,146,96,147,97,147,99,147,99,147,101,149,102,152,102,156,102,156,102,161,102,164,103,165,104,166,105,169,106,174,106,174,106,178,106,183,106,183,106,187,106,192,106,192,106,196,106,199,105,200,104,199,103,196,102,193,102,192,101,190,100,187,99,184,99,183,97,181,96,178,96,175,95,174,94,174,93,174,93,174,91,174,89,174,89,174,88,175,87,178,86,181,86,183,85,181,83,178,83,175,82,174,81,174,80,174,80,174,78,174,76,174,76,174,75,175,74,178,73,181,73,183,72,184,70,187,70,190,70,192,72,192,73,192,73,192,75,192,76,192,76,192,78,193,79,196,80,199,80,200,81,202,82,205,83,209,83,209,83,214,83,217,82,218,81,218,80,218,80,218,78,220,77,223,76,226,76,227,75,228,74,231,73,236,73,236,73,240,73,243,73,245,72,246,70,249,70,252,69,254,68,254,67,254,67,254,65,254,63,254,63,254,62,255,61,258,60,261,60,262,59,262,57,262,57,262,55,262,54,262,54,262,52,262,50,262,50,262,49,261,48,258,47
258,284,255,284,254,285,255,286,258,287,261,286,262,285,261,284,258,284
107,122,104,121,103,120,102,119,99,119,94,119,94,119,90,119,87,118,85,117,84,116,81,115,78,116,76,117,76,119,76,119,76,120,78,121,81,122,84,122,85,123,87,124,90,125,93,126,94,127,96,128,99,128,102,128,103,127,104,126,107,125,110,124,112,123,110,122,107,122
