630,361,627,362,626,363,624,364,621,365,618,365,617,366,617,368,617,368,617,370,618,371,621,371,624,371,626,370,627,368,630,368,630,361
497,423,494,422,493,421,491,420,488,420,485,419,484,418,482,417,479,417,475,417,475,417,471,417,466,417,466,417,462,417,459,416,457,415,456,414,453,413,450,413,448,412,447,411,444,410,441,410,440,408,438,407,435,407,432,406,431,405,429,404,426,404,422,404,422,404,417,404,414,403,413,402,412,401,409,400,404,400,404,400,400,400,397,401,395,402,397,403,400,404,403,404,404,405,406,406,409,407,412,407,413,408,414,410,417,410,420,411,422,412,423,413,426,413,429,414,431,415,431,417,431,417,431,418,432,419,435,420,438,420,440,421,441,422,444,423,448,423,448,423,453,423,456,424,457,425,459,426,462,426,465,426,466,425,468,424,471,423,475,423,475,423,479,423,482,424,484,425,485,426,488,426,491,427,493,428,494,429,497,430,500,429,502,428,502,426,502,426,502,425,500,424,497,423
382,174,378,174,378,174,373,174,370,174,369,175,369,177,369,177,369,178,367,180,364,180,361,181,360,182,360,183,360,183,360,185,361,186,364,187,369,187,369,187,373,187,376,186,378,185,378,183,378,183,378,182,379,181,382,180,385,180,386,178,386,177,386,177,386,175,385,174,382,174
373,391,370,391,369,392,370,393,373,394,376,393,378,392,376,391,373,391
338,203,333,203,333,203,329,203,326,203,324,204,323,205,320,206,317,207,316,208,316,209,316,209,316,211,317,212,320,212,324,212,324,212,329,212,332,212,333,211,335,210,338,209,341,209,342,208,342,206,342,206,342,204,341,203,338,203
320,119,317,118,316,117,314,116,311,115,307,115,307,115,302,115,299,116,298,117,298,119,298,119,298,120,298,122,298,122,298,123,299,124,302,125,307,125,307,125,311,125,314,124,316,123,317,122,320,122,323,121,324,120,323,119,320,119
311,384,308,385,307,386,305,387,302,387,298,387,298,387,293,387,290,388,289,389,289,391,289,391,289,392,290,393,293,394,298,394,298,394,302,394,307,394,307,394,311,394,314,393,316,392,316,391,316,391,316,389,316,387,316,387,316,386,314,385,311,384
302,209,298,209,298,209,293,209,289,209,289,209,285,209,280,209,280,209,276,209,273,209,271,208,270,207,267,206,262,206,262,206,258,206,254,206,254,206,249,206,245,206,245,206,240,206,236,206,236,206,231,206,227,206,227,206,223,206,218,206,218,206,214,206,209,206,209,206,205,206,200,206,200,206,196,206,193,207,192,208,192,209,192,209,192,211,193,212,196,212,199,213,200,214,202,215,205,216,209,216,209,216,214,216,218,216,218,216,223,216,226,216,227,217,227,219,227,219,227,221,227,222,227,222,227,224,228,225,231,225,236,225,236,225,240,225,243,226,245,227,246,228,249,229,252,228,254,227,255,226,258,225,262,225,262,225,267,225,271,225,271,225,276,225,280,225,280,225,285,225,288,226,289,227,290,228,293,229,298,229,298,229,302,229,305,228,307,227,307,225,307,225,307,224,307,222,307,222,307,221,307,219,307,219,307,217,307,216,307,216,307,214,307,212,307,212,307,211,305,210,302,209
285,125,282,124,280,123,279,122,276,122,271,122,271,122,267,122,264,121,262,120,262,119,262,119,262,117,261,116,258,115,255,115,254,114,254,112,254,112,254,110,252,109,249,109,246,109,245,110,245,112,245,112,245,114,243,115,240,115,237,116,236,117,236,119,236,119,236,120,234,121,231,122,228,122,227,123,227,125,227,125,227,127,228,128,231,128,234,129,236,130,237,131,240,131,243,132,245,133,245,135,245,135,245,136,245,138,245,138,245,140,245,141,245,141,245,143,246,144,249,144,252,145,254,146,255,147,258,148,261,147,262,146,264,145,267,144,270,144,271,143,271,141,271,141,271,140,273,138,276,138,280,138,280,138,285,138,288,137,289,136,289,135,289,135,289,133,289,131,289,131,289,130,289,128,289,128,289,127,288,126,285,125
276,397,273,397,271,395,271,394,271,394,271,392,270,391,267,391,262,391,262,391,258,391,254,391,254,391,249,391,246,391,245,392,243,393,240,394,236,394,236,394,231,394,227,394,227,394,223,394,218,394,218,394,214,394,211,393,209,392,208,391,205,391,200,391,200,391,196,391,192,391,192,391,187,391,183,391,183,392,184,393,187,394,192,394,192,394,196,394,199,394,200,395,202,397,205,397,209,397,209,397,214,397,218,397,218,397,223,397,226,398,227,399,228,400,231,400,236,400,236,400,240,400,245,400,245,400,249,400,254,400,254,400,258,400,262,400,262,400,267,400,271,400,271,400,276,400,279,400,280,399,279,398,276,397
214,358,211,359,209,360,209,361,209,361,209,363,211,364,214,365,217,364,218,363,218,361,218,361,218,360,217,359,214,358
178,387,175,388,174,389,175,390,178,391,183,391,183,389,181,388,178,387
