471,255,468,255,466,256,466,258,466,258,466,259,466,261,466,261,466,263,468,264,471,264,474,264,475,263,475,261,475,261,475,259,475,258,475,258,475,256,474,255,471,255
453,238,450,239,448,240,450,241,453,242,456,241,457,240,456,239,453,238
426,323,422,323,422,323,417,323,413,323,413,323,409,323,406,323,404,324,403,325,400,326,395,326,395,326,391,326,386,326,386,326,382,326,379,325,378,324,376,323,373,323,370,323,369,324,369,326,369,326,369,327,367,329,364,329,361,330,360,331,358,332,355,332,352,333,351,334,351,336,351,336,351,337,350,338,347,339,344,339,342,340,342,342,342,342,342,344,342,345,342,345,342,347,341,348,338,349,335,349,333,350,333,352,333,352,333,353,333,355,338,355,341,356,342,357,341,358,338,358,333,358,333,360,333,361,333,361,333,363,335,364,338,365,341,364,342,363,344,362,347,361,351,361,351,361,355,361,358,361,360,360,361,359,364,358,369,358,369,358,373,358,376,358,378,357,379,356,382,355,386,355,386,355,391,355,394,354,395,353,397,352,400,352,403,351,404,350,404,349,404,349,404,347,406,346,409,345,412,345,413,344,414,343,417,342,420,341,422,340,423,339,426,339,429,338,431,337,431,336,431,336,431,334,431,332,431,332,431,331,431,329,431,329,431,327,431,326,431,326,431,324,429,323,426,323
364,99,361,99,360,97,360,96,360,96,360,94,360,93,360,93,360,91,358,90,355,89,352,89,351,88,351,86,351,86,351,85,350,83,347,83,344,82,342,81,342,80,342,80,342,78,341,77,338,76,335,77,333,78,333,80,333,80,333,81,333,83,333,83,333,85,333,86,333,86,333,88,333,89,333,89,333,91,333,93,333,93,333,94,332,95,329,96,326,96,324,97,324,99,324,99,324,101,324,102,324,102,324,104,324,106,324,106,324,107,323,108,320,109,317,109,316,110,316,112,316,112,316,114,316,115,316,115,316,117,316,119,316,119,316,120,314,121,311,122,308,122,307,123,305,124,302,125,299,126,298,127,296,128,293,128,290,129,289,130,288,131,285,131,282,132,280,133,279,134,276,135,273,135,271,136,270,137,267,138,264,139,262,140,261,141,258,141,255,142,254,143,252,144,249,144,245,144,245,144,240,144,237,145,236,146,236,148,236,148,236,149,237,150,240,151,243,151,245,153,246,154,249,154,252,155,254,156,252,157,249,157,245,157,245,157,240,157,237,158,236,159,234,160,231,161,228,160,227,159,226,158,223,157,218,157,218,157,214,157,211,158,209,159,208,160,205,161,200,161,200,161,196,161,193,161,192,162,193,163,196,164,200,164,200,164,205,164,209,164,209,164,214,164,218,164,218,164,223,164,227,164,227,164,231,164,236,164,236,164,240,164,243,164,245,165,246,167,249,167,254,167,254,167,258,167,262,167,262,167,267,167,270,167,271,165,273,164,276,164,280,164,280,164,285,164,288,163,289,162,290,161,293,161,298,161,298,161,302,161,305,160,307,159,307,157,307,157,307,156,308,155,311,154,314,154,316,153,317,151,320,151,324,151,324,151,329,151,332,150,333,149,335,148,338,148,341,147,342,146,344,145,347,144,350,144,351,143,352,142,355,141,358,141,360,140,361,138,364,138,367,137,369,136,369,135,369,135,369,133,367,132,364,131,361,131,360,130,360,128,360,128,360,127,360,125,360,125,360,123,360,122,360,122,360,120,360,119,360,119,360,117,358,116,355,115,352,115,351,114,350,113,347,112,344,112,342,110,342,109,342,109,342,107,342,106,342,106,342,104,344,103,347,102,351,102,351,102,355,102,358,103,360,104,361,105,364,106,367,105,369,104,369,102,369,102,369,101,367,100,364,99
329,355,326,356,324,357,326,358,329,358,333,358,333,357,333,355,329,355
258,50,255,50,254,49,252,48,249,47,246,47,245,46,243,45,240,44,237,43,236,42,237,41,240,41,243,40,245,39,243,38,240,38,236,38,236,38,231,38,228,38,227,39,226,40,223,41,220,41,218,42,217,43,214,44,211,43,209,42,208,41,205,41,200,41,200,41,196,41,193,40,192,39,190,38,187,38,184,37,183,36,181,35,178,34,175,34,174,33,172,32,169,31,166,31,165,29,164,28,161,28,156,28,156,28,152,28,147,28,147,28,143,28,138,28,138,28,134,28,131,28,130,29,128,31,125,31,122,32,121,33,121,34,121,34,121,36,119,37,116,38,112,38,112,38,107,38,104,38,103,39,103,41,103,41,103,42,103,44,103,44,103,46,103,47,103,47,103,49,103,50,103,50,103,52,103,54,103,54,103,55,103,57,103,57,103,59,103,60,103,60,103,62,104,63,107,63,110,64,112,65,113,66,116,67,121,67,121,67,125,67,128,67,130,68,130,70,130,70,130,72,130,73,130,73,130,75,128,76,125,76,122,77,121,78,119,79,116,80,113,80,112,81,112,83,112,83,112,85,113,86,116,86,119,87,121,88,121,89,121,89,121,91,121,93,121,93,121,94,122,95,125,96,128,96,130,97,131,99,134,99,137,100,138,101,138,102,138,102,138,104,138,106,138,106,138,107,140,108,143,109,147,109,147,109,152,109,155,109,156,110,158,111,161,112,164,111,165,110,165,109,165,109,165,107,165,106,165,106,165,104,164,103,161,102,158,102,156,101,156,99,156,99,156,97,158,96,161,96,164,95,165,94,165,93,165,93,165,91,165,89,165,89,165,88,166,87,169,86,172,87,174,88,175,89,178,89,181,90,183,91,184,92,187,93,192,93,192,93,196,93,199,92,200,91,200,89,200,89,200,88,202,87,205,86,209,86,209,86,214,86,217,86,218,85,218,83,218,83,218,81,220,80,223,80,226,79,227,78,227,76,227,76,227,75,227,73,227,73,227,72,228,70,231,70,234,69,236,68,237,67,240,67,243,66,245,65,245,63,245,63,245,62,246,61,249,60,252,60,254,59,254,57,254,57,254,55,255,54,258,54,261,53,262,52,261,51,258,50
223,144,220,145,218,146,218,148,223,148,226,147,227,146,226,145,223,144
223,151,218,151,218,153,220,154,223,154,226,154,227,153,226,151,223,151
214,148,211,148,209,149,211,150,214,151,218,151,218,149,218,148,214,148
107,154,104,155,103,156,104,157,107,157,110,157,112,156,110,155,107,154
