621,255,618,255,617,256,617,258,617,258,617,259,618,261,621,261,624,261,626,259,626,258,626,258,626,256,624,255,621,255
453,216,448,216,448,216,444,216,441,215,440,214,438,213,435,212,432,213,431,214,429,215,426,216,423,216,422,217,423,218,426,219,429,219,431,221,432,222,435,222,438,223,440,224,441,225,444,225,447,225,448,224,450,223,453,222,456,222,457,221,457,219,457,219,457,217,456,216,453,216
453,242,450,242,448,243,448,245,448,245,448,246,450,248,453,248,456,248,457,246,457,245,457,245,457,243,456,242,453,242
444,251,441,252,440,253,440,255,440,255,440,256,440,258,444,258,447,257,448,256,448,255,448,255,448,253,447,252,444,251
435,258,432,258,431,259,432,261,435,261,438,261,440,259,440,258,435,258
435,280,432,281,431,282,429,283,426,284,423,284,422,285,422,287,422,287,422,289,420,290,417,290,414,291,413,292,412,293,409,293,406,294,404,295,403,296,400,297,397,297,395,298,394,299,391,300,388,300,386,302,385,303,382,303,379,304,378,305,378,306,378,306,378,308,376,309,373,310,369,310,369,310,364,310,361,310,360,311,360,313,360,313,360,315,358,316,355,316,352,317,351,318,350,319,347,319,344,320,342,321,342,323,342,323,342,324,344,325,347,326,350,326,351,327,351,329,351,329,351,331,352,332,355,332,360,332,360,332,364,332,369,332,369,332,373,332,376,332,378,331,378,329,378,329,378,327,379,326,382,326,385,325,386,324,386,323,386,323,386,321,386,319,386,319,386,318,386,316,386,316,386,315,386,313,386,313,386,311,386,310,386,310,386,308,388,307,391,306,394,306,395,305,397,304,400,303,404,303,404,303,409,303,412,303,413,302,414,300,417,300,420,299,422,298,423,297,426,297,429,296,431,295,431,293,431,293,431,292,431,290,431,290,431,289,432,288,435,287,438,286,440,285,440,284,440,284,440,282,438,281,435,280
364,96,361,95,360,94,360,93,360,93,360,91,358,90,355,89,352,89,351,88,351,86,351,86,351,85,351,83,351,83,351,81,350,80,347,80,344,79,342,78,341,77,338,76,333,76,333,76,329,76,326,77,324,78,324,80,324,80,324,81,324,83,324,83,324,85,324,86,324,86,324,88,324,89,324,89,324,91,324,93,324,93,324,94,324,96,324,96,324,97,323,99,320,99,317,100,316,101,316,102,316,102,316,104,316,106,316,106,316,107,314,108,311,109,308,109,307,110,305,112,302,112,298,112,298,112,293,112,289,112,289,112,285,112,280,112,280,112,276,112,273,113,271,114,270,115,267,115,264,115,262,114,261,113,258,112,254,112,254,112,249,112,245,112,245,112,240,112,236,112,236,112,231,112,228,113,227,114,226,115,223,115,218,115,218,115,214,115,209,115,209,115,205,115,202,116,200,117,202,118,205,119,208,119,209,120,209,122,214,122,217,121,218,120,220,119,223,119,226,119,227,120,228,121,231,122,234,121,236,120,237,119,240,119,243,119,245,120,245,122,245,122,245,123,243,124,240,125,236,125,236,125,231,125,227,125,227,125,223,125,220,126,218,127,217,128,214,128,211,128,209,127,209,125,209,125,209,123,209,122,205,122,200,122,200,122,196,122,193,121,192,120,190,119,187,119,184,118,183,117,181,116,178,115,174,115,174,115,169,115,166,115,165,114,164,113,161,112,156,112,156,112,152,112,149,112,147,110,146,109,143,109,138,109,138,109,134,109,131,108,130,107,128,106,125,106,122,105,121,104,119,103,116,102,112,102,112,102,107,102,104,102,103,101,102,100,99,99,96,100,94,101,94,102,94,102,94,104,96,105,99,106,102,106,103,107,103,109,103,109,103,110,104,111,107,112,112,112,112,112,116,112,119,113,121,114,122,115,125,115,130,115,130,115,134,115,138,115,138,115,143,115,146,116,147,117,149,118,152,119,156,119,156,119,161,119,164,119,165,120,166,121,169,122,174,122,174,122,178,122,181,122,183,123,184,124,187,125,190,126,192,127,190,128,187,128,184,129,183,130,181,131,178,131,175,131,174,130,172,129,169,128,165,128,165,128,161,128,158,128,156,127,155,126,152,125,147,125,147,125,143,125,138,125,138,125,134,125,130,125,130,125,125,125,122,126,121,127,122,128,125,128,130,128,130,128,134,128,137,129,138,130,140,131,143,131,147,131,147,131,152,131,155,132,156,133,158,134,161,135,164,135,165,136,166,137,169,138,172,138,174,140,175,141,178,141,183,141,183,141,187,141,190,142,192,143,193,144,196,144,200,144,200,144,205,144,209,144,209,144,214,144,217,145,218,146,220,147,223,148,227,148,227,148,231,148,236,148,236,148,240,148,245,148,245,148,249,148,254,148,254,148,258,148,262,148,262,148,267,148,271,148,271,148,276,148,279,147,280,146,282,145,285,144,289,144,289,144,293,144,298,144,298,144,302,144,305,144,307,143,308,142,311,141,314,141,316,140,316,138,316,138,316,136,317,135,320,135,324,135,324,135,329,135,332,134,333,133,335,132,338,131,341,131,342,130,344,129,347,128,350,128,351,127,352,126,355,125,358,124,360,123,360,122,360,122,360,120,360,119,360,119,360,117,358,116,355,115,352,115,351,114,350,113,347,112,344,112,342,110,342,109,342,109,342,107,342,106,342,106,342,104,344,103,347,102,351,102,351,102,355,102,358,103,360,104,361,105,364,106,367,105,369,104,369,102,369,102,369,101,369,99,369,99,369,97,367,96,364,96
258,122,255,122,254,123,255,124,258,125,261,124,262,123,261,122,258,122
347,34,342,34,342,36,344,37,347,38,350,37,351,36,350,35,347,34
338,31,335,32,333,33,335,34,338,34,342,34,342,33,341,32,338,31
329,336,324,336,324,336,320,336,316,336,316,336,311,336,308,336,307,337,305,338,302,339,299,339,298,340,296,342,293,342,290,343,289,344,288,345,285,345,280,345,280,345,276,345,271,345,271,345,267,345,264,346,262,347,262,349,262,349,262,350,264,351,267,352,271,352,271,352,276,352,280,352,280,352,285,352,288,351,289,350,290,349,293,349,298,349,298,349,302,349,307,349,307,349,311,349,316,349,316,349,320,349,323,348,324,347,326,346,329,345,332,345,333,344,333,342,333,342,333,340,333,339,333,339,333,337,332,336,329,336
258,47,254,47,254,47,249,47,246,47,245,46,243,45,240,44,237,43,236,42,236,41,231,41,228,41,227,42,227,44,227,44,227,46,226,47,223,47,218,47,218,47,214,47,211,47,209,46,208,45,205,44,202,43,200,42,199,41,196,41,193,40,192,39,190,38,187,38,184,37,183,36,181,35,178,34,175,34,174,33,172,32,169,31,166,31,165,29,165,28,165,28,165,26,164,25,161,25,156,25,156,25,152,25,147,25,147,25,143,25,138,25,138,25,134,25,131,25,130,26,128,27,125,28,122,28,121,29,119,31,116,31,113,32,112,33,112,34,112,34,112,36,110,37,107,38,104,38,103,39,103,41,103,41,103,42,103,44,103,44,103,46,102,47,99,47,96,48,94,49,96,50,99,50,102,51,103,52,104,53,107,54,110,54,112,55,112,57,112,57,112,59,112,60,112,60,112,62,112,63,112,63,112,65,110,66,107,67,103,67,103,67,99,67,96,66,94,65,93,64,90,63,87,64,85,65,85,67,85,67,85,68,87,69,90,70,93,70,94,72,96,73,99,73,102,74,103,75,104,76,107,76,110,77,112,78,113,79,116,80,119,80,121,81,121,83,121,83,121,85,121,86,121,86,121,88,122,89,125,89,128,90,130,91,131,92,134,93,138,93,138,93,143,93,146,93,147,94,149,95,152,96,156,96,156,96,161,96,165,96,165,96,169,96,172,95,174,94,174,93,174,93,174,91,175,90,178,89,183,89,183,89,187,89,192,89,192,89,196,89,200,89,200,88,199,87,196,86,193,86,192,85,190,83,187,83,184,82,183,81,183,80,183,80,183,78,184,77,187,76,190,77,192,78,193,79,196,80,200,80,200,80,205,80,209,80,209,80,214,80,217,80,218,81,220,82,223,83,226,82,227,81,228,80,231,80,234,79,236,78,236,76,236,76,236,75,237,74,240,73,243,73,245,72,246,70,249,70,252,69,254,68,254,67,254,67,254,65,255,64,258,63,261,63,262,62,262,60,262,60,262,59,262,57,262,57,262,55,261,54,258,54,255,53,254,52,255,51,258,50,261,50,262,49,261,48,258,47
249,38,245,38,245,38,240,38,237,38,236,39,236,41,240,41,245,41,245,41,249,41,252,40,254,39,252,38,249,38
205,89,200,89,200,91,202,92,205,93,208,92,209,91,208,90,205,89
107,122,104,121,103,120,102,119,99,119,94,119,94,119,90,119,85,119,85,120,85,122,85,122,85,123,87,124,90,125,94,125,94,125,99,125,103,125,103,125,107,125,110,124,112,123,110,122,107,122
81,115,78,116,76,117,78,118,81,119,85,119,85,117,84,116,81,115
