497,225,493,225,493,227,493,229,493,229,493,230,493,232,493,232,493,234,494,235,497,235,500,235,502,234,502,232,502,232,502,230,502,229,502,229,502,227,500,226,497,225
488,222,485,222,484,221,482,219,479,219,476,218,475,217,474,216,471,216,468,215,466,214,465,213,462,212,457,212,457,212,453,212,448,212,448,212,444,212,441,213,440,214,438,215,435,216,431,216,431,216,426,216,423,216,422,217,423,218,426,219,429,219,431,221,432,222,435,222,438,223,440,224,440,225,440,225,440,227,441,228,444,229,447,228,448,227,450,226,453,225,456,225,457,224,459,223,462,222,465,223,466,224,468,225,471,225,475,225,475,225,479,225,484,225,484,225,488,225,493,225,493,224,491,223,488,222
453,242,450,242,448,243,448,245,448,245,448,246,447,248,444,248,441,249,440,250,440,251,440,251,440,253,438,254,435,255,432,255,431,256,431,258,431,258,431,259,431,261,431,261,431,263,432,264,435,264,438,264,440,263,441,262,444,261,447,261,448,259,448,258,448,258,448,256,450,255,453,255,456,254,457,253,457,251,457,251,457,250,457,248,457,248,457,246,457,245,457,245,457,243,456,242,453,242
435,280,432,281,431,282,429,283,426,284,423,284,422,285,422,287,422,287,422,289,420,290,417,290,414,291,413,292,412,293,409,293,404,293,404,293,400,293,397,294,395,295,394,296,391,297,388,297,386,298,385,299,382,300,379,300,378,302,378,303,378,303,378,305,376,306,373,306,369,306,369,306,364,306,361,307,360,308,360,310,360,310,360,311,358,312,355,313,352,313,351,315,350,316,347,316,344,317,342,318,342,319,342,319,342,321,341,322,338,323,335,323,333,324,335,325,338,326,342,326,342,326,347,326,350,326,351,327,352,329,355,329,360,329,360,329,364,329,369,329,369,329,373,329,376,329,378,327,378,326,378,326,378,324,379,323,382,323,385,322,386,321,386,319,386,319,386,318,388,317,391,316,394,316,395,315,395,313,395,313,395,311,395,310,395,310,395,308,397,307,400,306,404,306,404,306,409,306,412,306,413,305,414,304,417,303,420,303,422,302,423,300,426,300,429,299,431,298,432,297,435,297,438,296,440,295,440,293,440,293,440,292,440,290,440,290,440,289,440,287,440,287,440,285,440,284,440,284,440,282,438,281,435,280
400,193,397,194,395,195,397,196,400,196,403,196,404,195,403,194,400,193
364,96,361,95,360,94,360,93,360,93,360,91,360,89,360,89,360,88,358,87,355,86,352,86,351,85,351,83,351,83,351,81,350,80,347,80,344,79,342,78,341,77,338,76,335,76,333,75,332,74,329,73,326,74,324,75,324,76,324,76,324,78,323,79,320,80,317,80,316,81,316,83,316,83,316,85,316,86,316,86,316,88,316,89,316,89,316,91,314,92,311,93,308,93,307,94,307,96,307,96,307,97,305,99,302,99,299,100,298,101,296,102,293,102,290,103,289,104,288,105,285,106,282,106,280,107,279,108,276,109,271,109,271,109,267,109,262,109,262,109,258,109,254,109,254,109,249,109,246,109,245,110,243,112,240,112,236,112,236,112,231,112,227,112,227,112,223,112,220,113,218,114,217,115,214,115,209,115,209,115,205,115,200,115,200,115,196,115,192,115,192,115,187,115,183,115,183,115,178,115,174,115,174,115,169,115,166,115,165,114,164,113,161,112,156,112,156,112,152,112,149,112,147,110,146,109,143,109,138,109,138,109,134,109,131,108,130,107,128,106,125,106,122,105,121,104,119,103,116,102,112,102,112,102,107,102,104,102,103,101,102,100,99,99,96,99,94,97,93,96,90,96,85,96,85,96,81,96,78,95,76,94,75,93,72,93,68,93,68,94,66,95,63,96,60,96,59,97,60,99,63,99,66,100,68,101,68,102,68,102,68,104,68,106,68,106,68,107,66,108,63,109,60,109,59,110,60,111,63,112,66,113,68,114,69,115,72,115,75,116,76,117,78,118,81,119,84,119,85,120,87,121,90,122,93,122,94,123,96,124,99,125,103,125,103,125,107,125,112,125,112,125,116,125,119,124,121,123,119,122,116,122,113,121,112,120,113,119,116,119,121,119,121,119,125,119,130,119,130,119,134,119,138,119,138,119,143,119,146,119,147,120,149,121,152,122,155,122,156,123,155,124,152,125,149,126,147,127,149,128,152,128,155,129,156,130,158,131,161,131,164,132,165,133,166,134,169,135,172,135,174,136,175,137,178,138,183,138,183,138,187,138,192,138,192,138,196,138,200,138,200,138,205,138,209,138,209,138,214,138,217,138,218,140,217,141,214,141,209,141,209,141,205,141,202,142,200,143,202,144,205,144,209,144,209,144,214,144,218,144,218,144,223,144,227,144,227,144,231,144,236,144,236,144,240,144,245,144,245,144,249,144,254,144,254,144,258,144,262,144,262,144,267,144,271,144,271,144,276,144,280,144,280,144,285,144,288,144,289,143,290,142,293,141,298,141,298,141,302,141,305,141,307,140,308,138,311,138,314,137,316,136,316,135,316,135,316,133,317,132,320,131,324,131,324,131,329,131,332,131,333,130,335,129,338,128,341,128,342,127,344,126,347,125,350,124,351,123,351,122,351,122,351,120,351,119,351,119,351,117,351,115,351,115,351,114,350,113,347,112,344,112,342,110,342,109,342,109,342,107,342,106,342,106,342,104,344,103,347,102,351,102,351,102,355,102,358,103,360,104,361,105,364,106,367,105,369,104,369,102,369,102,369,101,369,99,369,99,369,97,367,96,364,96
347,34,342,34,342,36,344,37,347,38,350,37,351,36,350,35,347,34
338,31,335,32,333,33,335,34,338,34,342,34,342,33,341,32,338,31
338,336,333,336,333,336,329,336,324,336,324,336,320,336,316,336,316,336,311,336,308,335,307,334,308,333,311,332,314,332,316,331,316,329,316,329,316,327,314,326,311,326,308,326,307,327,305,329,302,329,299,330,298,331,298,332,298,332,298,334,296,335,293,336,290,336,289,337,289,339,289,339,289,340,289,342,289,342,289,344,288,345,285,345,280,345,280,345,276,345,271,345,271,345,267,345,264,346,262,347,264,348,267,349,271,349,271,349,276,349,280,349,280,349,285,349,289,349,289,349,293,349,298,349,298,349,302,349,307,349,307,349,311,349,314,348,316,347,317,346,320,345,323,345,324,344,326,343,329,342,332,341,333,340,335,339,338,339,341,338,342,337,341,336,338,336
258,44,255,45,254,46,255,47,258,47,261,47,262,46,261,45,258,44
258,60,255,60,254,59,254,57,254,57,254,55,252,54,249,54,246,53,245,52,245,50,245,50,245,49,245,47,245,47,245,46,243,45,240,44,237,45,236,46,234,47,231,47,227,47,227,47,223,47,218,47,218,47,214,47,211,47,209,46,208,45,205,44,202,43,200,42,199,41,196,41,193,40,192,39,190,38,187,38,184,37,183,36,183,34,183,34,183,33,181,32,178,31,174,31,174,31,169,31,166,31,165,29,165,28,165,28,165,26,164,25,161,25,156,25,156,25,152,25,147,25,147,25,143,25,140,25,138,26,137,27,134,28,130,28,130,28,125,28,122,28,121,29,121,31,121,31,121,33,119,34,116,34,113,35,112,36,112,38,112,38,112,39,112,41,112,41,112,42,110,43,107,44,104,45,103,46,103,47,103,47,103,49,103,50,103,50,103,52,104,53,107,54,110,54,112,55,112,57,112,57,112,59,112,60,112,60,112,62,110,63,107,63,104,64,103,65,102,66,99,67,96,66,94,65,93,64,90,63,87,64,85,65,85,67,85,67,85,68,85,70,85,70,85,72,87,73,90,73,93,74,94,75,96,76,99,76,102,77,103,78,104,79,107,80,112,80,112,80,116,80,119,80,121,81,121,83,121,83,121,85,121,86,121,86,121,88,122,89,125,89,130,89,130,89,134,89,138,89,138,89,143,89,146,90,147,91,149,92,152,93,156,93,156,93,161,93,165,93,165,93,169,93,174,93,174,93,178,93,183,93,183,93,187,93,190,93,192,94,193,95,196,96,200,96,200,96,205,96,209,96,209,94,209,93,209,93,209,91,208,90,205,89,202,89,200,88,199,87,196,86,193,86,192,85,192,83,192,83,192,81,193,80,196,80,200,80,200,80,205,80,209,80,209,80,214,80,217,80,218,81,220,82,223,83,227,83,227,83,231,83,234,82,236,81,237,80,240,80,243,79,245,78,245,76,245,76,245,75,245,73,245,73,245,72,246,70,249,70,252,69,254,68,255,67,258,67,261,66,262,65,262,63,262,63,262,62,261,61,258,60
249,38,245,38,245,38,240,38,237,38,236,39,237,40,240,41,245,41,245,41,249,41,252,40,254,39,252,38,249,38
223,96,218,96,218,96,214,96,209,96,209,97,211,99,214,99,218,99,218,99,223,99,226,99,227,97,226,96,223,96
63,89,60,90,59,91,60,92,63,93,68,93,68,91,66,90,63,89
54,102,51,103,50,104,51,105,54,106,57,105,59,104,57,103,54,102
