630,381,626,381,626,381,621,381,618,381,617,383,615,384,612,384,608,384,608,384,603,384,600,385,599,386,598,387,595,387,592,388,590,389,590,391,590,391,590,392,590,394,590,394,590,395,590,397,590,397,590,399,589,400,586,400,583,401,581,402,580,403,577,404,574,404,572,405,572,407,572,407,572,408,572,410,572,410,572,412,572,413,572,413,572,415,574,416,577,417,580,417,581,418,583,419,586,420,589,420,590,421,590,423,590,423,590,425,590,426,590,426,590,428,590,430,590,430,590,431,592,432,595,433,598,433,599,434,599,436,599,436,599,438,600,439,603,439,606,440,608,441,609,442,612,442,615,443,617,444,617,446,617,446,617,447,617,449,617,449,617,451,618,452,621,452,624,453,626,454,624,455,621,455,618,456,617,457,618,458,621,459,626,459,626,459,630,459,630,381
630,187,627,187,626,188,624,189,621,190,617,190,617,190,612,190,609,190,608,191,606,192,603,193,600,194,599,195,599,196,599,196,599,198,598,199,595,200,592,200,590,201,589,202,586,203,583,203,581,204,580,205,577,206,572,206,572,206,568,206,565,207,564,208,564,209,564,209,564,211,564,212,564,212,564,214,562,215,559,216,556,216,555,217,555,219,555,219,555,221,553,222,550,222,546,222,546,222,541,222,538,223,537,224,537,225,537,225,537,227,536,228,533,229,530,229,528,230,528,232,528,232,528,234,530,235,533,235,536,236,537,237,536,238,533,238,530,239,528,240,528,242,528,242,528,243,530,244,533,245,536,244,537,243,538,242,541,242,544,241,546,240,547,239,550,238,555,238,555,238,559,238,562,238,564,237,565,236,568,235,571,235,572,234,572,232,572,232,572,230,574,229,577,229,580,229,581,230,583,231,586,232,589,231,590,230,592,229,595,229,599,229,599,229,603,229,606,228,608,227,609,226,612,225,615,225,617,224,618,223,621,222,624,222,626,221,627,219,630,219,630,187
541,255,537,255,537,255,533,255,530,254,528,253,527,252,524,251,521,251,519,250,518,249,515,248,512,249,510,250,510,251,510,251,510,253,512,254,515,255,518,255,519,256,519,258,519,258,519,259,521,261,524,261,528,261,528,261,533,261,536,261,537,259,538,258,541,258,544,257,546,256,544,255,541,255
338,112,335,113,333,114,335,115,338,115,341,115,342,114,341,113,338,112
267,381,262,381,262,383,264,384,267,384,270,384,271,383,270,381,267,381
258,374,255,375,254,376,254,378,254,378,254,379,255,380,258,381,262,381,262,379,262,378,262,378,262,376,261,375,258,374
249,76,245,76,245,78,246,79,249,80,252,79,254,78,252,77,249,76
240,70,237,70,236,72,236,73,236,73,236,75,237,76,240,76,245,76,245,75,245,73,245,73,245,72,243,70,240,70
240,368,237,369,236,370,236,371,236,371,236,373,236,374,236,374,236,376,237,377,240,378,243,377,245,376,245,374,245,374,245,373,245,371,245,371,245,370,243,369,240,368
223,368,218,368,218,370,220,371,223,371,226,371,227,370,226,369,223,368
214,365,209,365,209,365,205,365,200,365,200,365,196,365,192,365,192,365,187,365,183,365,183,366,184,367,187,368,192,368,192,368,196,368,200,368,200,368,205,368,209,368,209,368,214,368,218,368,218,366,217,365,214,365
178,361,174,361,174,361,169,361,165,361,165,363,166,364,169,365,174,365,174,365,178,365,183,365,183,363,181,362,178,361
161,358,158,359,156,360,158,361,161,361,165,361,165,360,164,359,161,358
152,342,149,343,147,344,149,345,152,345,155,345,156,344,155,343,152,342
