630,459,626,459,626,459,621,459,618,459,617,460,617,462,617,462,617,464,617,465,617,465,617,467,617,468,617,468,617,470,623,470,630,470,630,459
630,446,627,446,626,447,627,448,630,449,630,446
524,277,521,277,519,276,519,274,519,274,519,272,519,271,519,271,519,269,518,268,515,268,512,267,510,266,510,264,510,264,510,263,510,261,510,261,510,259,509,258,506,258,503,257,502,256,502,255,502,255,502,253,500,252,497,251,494,251,493,250,493,248,493,248,493,246,493,245,493,245,493,243,491,242,488,242,484,242,484,242,479,242,476,241,475,240,475,238,475,238,475,237,474,236,471,235,468,235,466,234,465,232,462,232,459,231,457,230,456,229,453,229,448,229,448,229,444,229,441,229,440,230,440,232,440,232,440,234,440,235,440,235,440,237,438,238,435,238,432,239,431,240,432,241,435,242,438,242,440,243,440,245,440,245,440,246,440,248,440,248,440,250,440,251,440,251,440,253,440,255,440,255,440,256,441,257,444,258,448,258,448,258,453,258,457,258,457,258,462,258,465,258,466,259,468,261,471,261,474,262,475,263,476,264,479,264,482,265,484,266,485,267,488,268,491,268,493,269,493,271,493,271,493,272,494,273,497,274,500,275,502,276,503,277,506,277,509,278,510,279,510,280,510,280,510,282,512,283,515,284,519,284,519,284,524,284,527,283,528,282,528,280,528,280,528,279,527,278,524,277
382,144,379,144,378,143,378,141,378,141,378,140,378,138,378,138,378,136,376,135,373,135,370,134,369,133,367,132,364,131,361,131,360,130,360,128,360,128,360,127,360,125,360,125,360,123,360,122,360,122,360,120,358,119,355,119,352,118,351,117,351,115,351,115,351,114,350,113,347,112,344,112,342,110,342,109,342,109,342,107,342,106,342,106,342,104,341,103,338,102,335,102,333,101,333,99,333,99,333,97,333,96,333,96,333,94,335,93,338,93,341,93,342,94,344,95,347,96,351,96,351,94,351,93,351,93,351,91,351,89,351,89,351,88,350,87,347,86,344,86,342,85,342,83,342,83,342,81,341,80,338,80,335,79,333,78,333,76,333,76,333,75,332,74,329,73,324,73,324,73,320,73,317,74,316,75,314,76,311,76,308,77,307,78,308,79,311,80,314,80,316,81,316,83,316,83,316,85,316,86,316,86,316,88,317,89,320,89,323,90,324,91,323,92,320,93,317,93,316,94,316,96,316,96,316,97,316,99,316,99,316,101,316,102,316,102,316,104,317,105,320,106,323,106,324,107,324,109,324,109,324,110,324,112,324,112,324,114,324,115,324,115,324,117,324,119,324,119,324,120,324,122,324,122,324,123,324,125,324,125,324,127,324,128,324,128,324,130,324,131,324,131,324,133,324,135,324,135,324,136,324,138,324,138,324,140,323,141,320,141,317,142,316,143,317,144,320,144,323,145,324,146,323,147,320,148,317,148,316,149,317,150,320,151,323,151,324,153,323,154,320,154,317,155,316,156,316,157,316,157,316,159,316,161,316,161,316,162,316,164,316,164,316,165,316,167,316,167,316,169,316,170,316,170,316,172,316,174,316,174,316,175,314,176,311,177,308,177,307,178,308,180,311,180,316,180,316,180,320,180,324,180,324,180,329,180,332,180,333,178,335,177,338,177,342,177,342,177,347,177,350,176,351,175,352,174,355,174,360,174,360,174,364,174,369,174,369,174,373,174,376,173,378,172,378,170,378,170,378,169,378,167,378,167,378,165,379,164,382,164,385,163,386,162,386,161,386,161,386,159,386,157,386,157,386,156,386,154,386,154,386,153,386,151,386,151,386,149,386,148,386,148,386,146,385,145,382,144
364,102,360,102,360,104,361,105,364,106,367,105,369,104,367,103,364,102
355,96,351,96,351,97,351,99,351,99,351,101,352,102,355,102,360,102,360,101,360,99,360,99,360,97,358,96,355,96
285,60,282,60,280,59,279,58,276,57,271,57,271,57,267,57,264,58,262,59,261,60,258,60,254,60,254,60,249,60,245,60,245,60,240,60,237,60,236,59,234,58,231,57,228,56,227,55,226,54,223,54,220,53,218,52,217,51,214,50,209,50,209,50,205,50,202,50,200,49,199,48,196,47,192,47,192,47,187,47,183,47,183,47,178,47,175,48,174,49,172,50,169,50,165,50,165,50,161,50,158,51,156,52,158,53,161,54,164,54,165,55,165,57,165,57,165,59,164,60,161,60,158,61,156,62,156,63,156,63,156,65,156,67,156,67,156,68,156,70,156,70,156,72,155,73,152,73,149,74,147,75,146,76,143,76,140,77,138,78,137,79,134,80,131,80,130,81,128,82,125,83,122,83,121,85,121,86,121,86,121,88,119,89,116,89,112,89,112,89,107,89,104,90,103,91,103,93,103,93,103,94,103,96,103,96,103,97,103,99,103,99,103,101,102,102,99,102,96,103,94,104,96,105,99,106,102,106,103,107,104,108,107,109,110,109,112,110,113,111,116,112,121,112,121,112,125,112,128,113,130,114,130,115,130,115,130,117,131,118,134,119,137,119,138,120,140,121,143,122,146,122,147,123,149,124,152,125,155,126,156,127,158,128,161,128,165,128,165,128,169,128,172,128,174,127,175,126,178,125,181,124,183,123,183,122,183,122,183,120,184,119,187,119,192,119,192,119,196,119,199,118,200,117,200,115,200,115,200,114,200,112,200,112,200,110,200,109,200,109,200,107,200,106,200,106,200,104,200,102,200,102,200,101,200,99,200,99,200,97,199,96,196,96,193,96,192,97,190,99,187,99,183,99,183,99,178,99,175,99,174,97,174,96,174,96,174,94,175,93,178,93,183,93,183,93,187,93,190,92,192,91,192,89,192,89,192,88,193,87,196,86,199,86,200,85,200,83,200,83,200,81,200,80,200,80,200,78,202,77,205,76,208,76,209,75,209,73,209,73,209,72,211,70,214,70,218,70,218,70,223,70,227,70,227,70,231,70,236,70,236,70,240,70,243,69,245,68,246,67,249,67,254,67,254,67,258,67,262,67,262,67,267,67,270,67,271,68,273,69,276,70,279,69,280,68,282,67,285,67,288,66,289,65,289,63,289,63,289,62,288,61,285,60
125,102,121,102,121,102,116,102,113,103,112,104,113,105,116,106,121,106,121,106,125,106,128,105,130,104,128,103,125,102
249,54,246,54,245,55,246,56,249,57,252,56,254,55,252,54,249,54
196,200,192,200,192,200,187,200,184,200,183,201,183,203,183,203,183,204,183,206,183,206,183,208,183,209,183,209,183,211,183,212,183,212,183,214,183,216,183,216,183,217,184,218,187,219,190,218,192,217,192,216,192,216,192,214,192,212,192,212,192,211,192,209,192,209,192,208,193,207,196,206,199,205,200,204,200,203,200,203,200,201,199,200,196,200
99,112,96,112,94,110,93,109,90,109,87,109,85,110,85,112,85,112,85,114,87,115,90,115,93,116,94,117,94,119,94,119,94,120,96,121,99,122,102,121,103,120,103,119,103,119,103,117,103,115,103,115,103,114,102,113,99,112
