497,423,493,423,493,423,488,423,485,424,484,425,485,426,488,426,491,427,493,428,494,429,497,430,500,429,502,428,502,426,502,426,502,425,500,424,497,423
471,420,468,419,466,418,465,417,462,417,459,416,457,415,456,414,453,413,448,413,448,413,444,413,441,413,440,412,438,411,435,410,432,410,431,408,429,407,426,407,423,406,422,405,420,404,417,404,413,404,413,404,409,404,406,404,404,405,406,406,409,407,412,407,413,408,414,410,417,410,420,411,422,412,423,413,426,413,429,414,431,415,432,416,435,417,438,417,440,418,441,419,444,420,447,420,448,421,450,422,453,423,457,423,457,423,462,423,466,423,466,423,471,423,474,422,475,421,474,420,471,420
382,167,379,168,378,169,378,170,378,170,378,172,376,173,373,174,370,174,369,175,369,177,369,177,369,178,370,180,373,180,376,181,378,182,379,183,382,183,385,183,386,182,386,180,386,180,386,178,386,177,386,177,386,175,386,174,386,174,386,172,386,170,386,170,386,169,385,168,382,167
311,115,307,115,307,115,302,115,299,116,298,117,298,119,298,119,298,120,296,121,293,122,290,121,289,120,288,119,285,119,280,119,280,119,276,119,273,118,271,117,270,116,267,115,262,115,262,115,258,115,255,115,254,114,254,112,254,112,254,110,252,109,249,109,246,109,245,110,243,112,240,112,237,113,236,114,236,115,236,115,236,117,234,118,231,119,228,119,227,120,227,122,227,122,227,123,227,125,227,125,227,127,228,128,231,128,234,129,236,130,236,131,236,131,236,133,237,134,240,135,243,135,245,136,243,137,240,138,237,139,236,140,237,141,240,141,243,142,245,143,246,144,249,144,252,145,254,146,255,147,258,148,262,148,262,148,267,148,270,147,271,146,271,144,271,144,271,143,273,142,276,141,280,141,280,141,285,141,288,141,289,140,289,138,289,138,289,136,289,135,289,135,289,133,290,132,293,131,296,131,298,130,298,128,298,128,298,127,299,126,302,125,307,125,307,125,311,125,314,124,316,123,316,122,316,122,316,120,316,119,316,119,316,117,314,116,311,115
302,219,299,218,298,217,298,216,298,216,298,214,296,213,293,212,290,212,289,211,288,210,285,209,280,209,280,209,276,209,271,209,271,209,267,209,264,209,262,208,261,207,258,206,254,206,254,206,249,206,245,206,245,206,240,206,236,206,236,206,231,206,227,206,227,206,223,206,218,206,218,206,214,206,209,206,209,206,205,206,202,207,200,208,200,209,200,209,200,211,202,212,205,212,208,213,209,214,211,215,214,216,218,216,218,216,223,216,227,216,227,216,231,216,234,216,236,217,236,219,240,219,245,219,245,219,249,219,252,219,254,221,254,222,258,222,262,222,262,222,267,222,271,222,271,222,276,222,279,223,280,224,280,225,280,225,280,227,282,228,285,229,289,229,289,229,293,229,298,229,298,229,302,229,305,228,307,227,307,225,307,225,307,224,307,222,307,222,307,221,305,219,302,219
258,225,255,225,254,224,254,222,249,222,245,222,245,222,240,222,237,222,236,221,236,219,231,219,228,219,227,221,227,222,227,222,227,224,228,225,231,225,236,225,236,225,240,225,243,226,245,227,246,228,249,229,254,229,254,229,258,229,261,228,262,227,261,226,258,225
258,394,255,394,254,395,254,397,258,397,261,397,262,395,261,394,258,394
249,397,246,398,245,399,246,400,249,400,252,400,254,399,254,397,249,397
223,394,218,394,218,394,214,394,211,394,209,395,211,397,214,397,218,397,218,397,223,397,226,397,227,395,226,394,223,394
196,391,193,391,192,392,193,393,196,394,199,393,200,392,199,391,196,391
