630,462,626,462,626,462,621,462,618,462,617,464,617,465,617,465,617,467,617,468,617,468,617,470,623,470,630,470,630,462
515,271,512,270,510,269,510,268,510,268,510,266,510,264,510,264,510,263,510,261,510,261,510,259,509,258,506,258,503,257,502,256,502,255,502,255,502,253,500,252,497,251,494,251,493,250,493,248,493,248,493,246,493,245,493,245,493,243,491,242,488,242,485,241,484,240,482,239,479,238,476,238,475,237,474,236,471,235,468,235,466,234,465,232,462,232,457,232,457,232,453,232,450,231,448,230,447,229,444,229,441,229,440,230,440,232,440,232,440,234,440,235,440,235,440,237,438,238,435,238,432,239,431,240,431,242,431,242,431,243,432,244,435,245,438,245,440,246,440,248,440,248,440,250,440,251,440,251,440,253,440,255,440,255,440,256,441,257,444,258,448,258,448,258,453,258,456,258,457,259,459,261,462,261,466,261,466,261,471,261,474,262,475,263,476,264,479,264,482,265,484,266,485,267,488,268,491,268,493,269,493,271,493,271,493,272,494,273,497,274,500,275,502,276,503,277,506,277,509,278,510,279,510,280,510,280,510,282,512,283,515,284,518,283,519,282,519,280,519,280,519,279,519,277,519,277,519,276,519,274,519,274,519,272,518,271,515,271
382,144,379,144,378,143,378,141,378,141,378,140,378,138,378,138,378,136,376,135,373,135,370,134,369,133,369,131,369,131,369,130,367,129,364,128,361,128,360,127,360,125,360,125,360,123,360,122,360,122,360,120,358,119,355,119,352,118,351,117,351,115,351,115,351,114,350,113,347,112,344,112,342,110,342,109,342,109,342,107,342,106,342,106,342,104,342,102,342,102,342,101,341,100,338,99,335,99,333,97,333,96,333,96,333,94,335,93,338,93,341,93,342,94,344,95,347,96,351,96,351,94,351,93,351,93,351,91,351,89,351,89,351,88,351,86,351,86,351,85,350,83,347,83,344,82,342,81,342,80,342,80,342,78,341,77,338,76,335,76,333,75,332,74,329,73,324,73,324,73,320,73,317,74,316,75,314,76,311,76,308,77,307,78,307,80,307,80,307,81,308,82,311,83,314,83,316,85,316,86,316,86,316,88,316,89,316,89,316,91,316,93,316,93,316,94,316,96,316,96,316,97,316,99,316,99,316,101,317,102,320,102,323,103,324,104,324,106,324,106,324,107,324,109,324,109,324,110,324,112,324,112,324,114,324,115,324,115,324,117,324,119,324,119,324,120,324,122,324,122,324,123,324,125,324,125,324,127,324,128,324,128,324,130,324,131,324,131,324,133,324,135,324,135,324,136,324,138,324,138,324,140,323,141,320,141,317,142,316,143,317,144,320,144,323,145,324,146,323,147,320,148,317,148,316,149,316,151,316,151,316,153,316,154,316,154,316,156,316,157,316,157,316,159,316,161,316,161,316,162,316,164,316,164,316,165,316,167,316,167,316,169,316,170,316,170,316,172,316,174,316,174,316,175,316,177,320,177,324,177,324,177,329,177,333,177,333,177,338,177,341,176,342,175,344,174,347,174,351,174,351,174,355,174,360,174,360,174,364,174,369,174,369,174,373,174,376,173,378,172,378,170,378,170,378,169,378,167,378,167,378,165,379,164,382,164,385,163,386,162,386,161,386,161,386,159,386,157,386,157,386,156,386,154,386,154,386,153,386,151,386,151,386,149,386,148,386,148,386,146,385,145,382,144
364,102,360,102,360,104,361,105,364,106,367,105,369,104,367,103,364,102
355,96,351,96,351,97,351,99,351,99,351,101,352,102,355,102,360,102,360,101,360,99,360,99,360,97,358,96,355,96
311,177,308,177,307,178,308,180,311,180,314,180,316,178,316,177,311,177
285,60,282,60,280,59,279,58,276,57,271,57,271,57,267,57,264,58,262,59,261,60,258,60,254,60,254,60,249,60,245,60,245,60,240,60,237,60,236,59,234,58,231,57,228,56,227,55,226,54,223,54,220,53,218,52,217,51,214,50,209,50,209,50,205,50,202,50,200,49,199,48,196,47,192,47,192,47,187,47,183,47,183,47,178,47,174,47,174,47,169,47,166,48,165,49,164,50,161,50,158,51,156,52,156,54,156,54,156,55,156,57,156,57,156,59,156,60,156,60,156,62,155,63,152,63,149,64,147,65,147,67,147,67,147,68,147,70,147,70,147,72,147,73,147,73,147,75,146,76,143,76,140,77,138,78,137,79,134,80,130,80,130,80,125,80,122,80,121,81,119,82,116,83,113,83,112,85,110,86,107,86,104,87,103,88,102,89,99,89,96,90,94,91,94,93,94,93,94,94,94,96,94,96,94,97,94,99,94,99,94,101,94,102,94,102,94,104,96,105,99,106,102,106,103,107,104,108,107,109,110,109,112,110,113,111,116,112,119,113,121,114,122,115,125,115,128,116,130,117,130,119,130,119,130,120,131,121,134,122,137,122,138,123,140,124,143,125,147,125,147,125,152,125,155,126,156,127,158,128,161,128,165,128,165,128,169,128,174,128,174,128,178,128,181,128,183,127,183,125,183,125,183,123,183,122,183,122,183,120,184,119,187,119,190,118,192,117,192,115,192,115,192,114,193,113,196,112,199,111,200,110,199,109,196,109,193,108,192,107,193,106,196,106,199,105,200,104,200,102,200,102,200,101,200,99,200,99,200,97,199,96,196,96,193,95,192,94,193,93,196,93,199,92,200,91,200,89,200,89,200,88,200,86,200,86,200,85,200,83,200,83,200,81,200,80,200,80,200,78,202,77,205,76,208,76,209,75,211,74,214,73,217,73,218,72,220,70,223,70,227,70,227,70,231,70,236,70,236,70,240,70,243,69,245,68,246,67,249,67,254,67,254,67,258,67,262,67,262,67,267,67,271,67,271,67,276,67,280,67,280,67,285,67,288,66,289,65,289,63,289,63,289,62,288,61,285,60
249,54,246,54,245,55,246,56,249,57,252,56,254,55,252,54,249,54
196,200,193,200,192,201,190,202,187,203,184,203,183,204,183,206,183,206,183,208,183,209,183,209,183,211,184,212,187,212,190,212,192,211,192,209,192,209,192,208,193,207,196,206,199,205,200,204,200,203,200,203,200,201,199,200,196,200
99,112,96,112,94,110,93,109,90,109,87,109,85,110,85,112,85,112,85,114,87,115,90,115,93,116,94,117,94,119,94,119,94,120,96,121,99,122,102,121,103,120,103,119,103,119,103,117,103,115,103,115,103,114,102,113,99,112
