630,455,626,455,626,455,621,455,618,456,617,457,617,459,617,459,617,460,617,462,617,462,617,464,617,465,617,465,617,467,617,468,617,468,617,470,623,470,630,470,630,455
630,446,627,446,626,447,627,448,630,449,630,446
533,287,530,286,528,285,528,284,528,284,528,282,528,280,528,280,528,279,528,277,528,277,528,276,527,275,524,274,521,273,519,272,519,271,519,271,519,269,518,268,515,268,512,267,510,266,510,264,510,264,510,263,510,261,510,261,510,259,509,258,506,258,503,257,502,256,502,255,502,255,502,253,500,252,497,251,494,251,493,250,493,248,493,248,493,246,491,245,488,245,485,244,484,243,482,242,479,242,476,241,475,240,474,239,471,238,468,238,466,237,466,235,466,235,466,234,465,232,462,232,459,231,457,230,456,229,453,229,450,229,448,230,447,231,444,232,441,232,440,234,440,235,440,235,440,237,440,238,440,238,440,240,441,241,444,242,447,242,448,243,447,244,444,245,441,245,440,246,440,248,440,248,440,250,440,251,440,251,440,253,440,255,440,255,440,256,440,258,440,258,440,259,441,261,444,261,447,261,448,259,448,258,448,258,448,256,450,255,453,255,456,255,457,256,459,257,462,258,466,258,466,258,471,258,474,258,475,259,476,261,479,261,482,262,484,263,485,264,488,264,491,265,493,266,493,268,493,268,493,269,493,271,493,271,493,272,494,273,497,274,500,275,502,276,503,277,506,277,509,278,510,279,510,280,510,280,510,282,512,283,515,284,518,284,519,285,519,287,519,287,519,289,521,290,524,290,527,291,528,292,530,293,533,293,536,293,537,292,537,290,537,290,537,289,536,288,533,287
382,144,379,144,378,143,378,141,378,141,378,140,378,138,378,138,378,136,376,135,373,135,370,134,369,133,367,132,364,131,361,131,360,130,360,128,360,128,360,127,360,125,360,125,360,123,360,122,360,122,360,120,358,119,355,119,352,118,351,117,351,115,351,115,351,114,350,113,347,112,344,112,342,110,342,109,342,109,342,107,342,106,342,106,342,104,341,103,338,102,335,102,333,101,333,99,333,99,333,97,333,96,333,96,333,94,335,93,338,93,341,93,342,94,344,95,347,96,351,96,351,94,351,93,351,93,351,91,351,89,351,89,351,88,350,87,347,86,344,86,342,85,342,83,342,83,342,81,341,80,338,80,335,79,333,78,333,76,333,76,333,75,332,74,329,73,324,73,324,73,320,73,317,74,316,75,314,76,311,76,308,77,307,78,308,79,311,80,314,80,316,81,317,82,320,83,323,83,324,85,324,86,324,86,324,88,324,89,324,89,324,91,323,92,320,93,317,93,316,94,316,96,316,96,316,97,316,99,316,99,316,101,316,102,316,102,316,104,316,106,316,106,316,107,317,108,320,109,323,109,324,110,324,112,324,112,324,114,324,115,324,115,324,117,324,119,324,119,324,120,324,122,324,122,324,123,324,125,324,125,324,127,324,128,324,128,324,130,324,131,324,131,324,133,324,135,324,135,324,136,324,138,324,138,324,140,324,141,324,141,324,143,324,144,324,144,324,146,324,148,324,148,324,149,324,151,324,151,324,153,323,154,320,154,317,155,316,156,316,157,316,157,316,159,316,161,316,161,316,162,316,164,316,164,316,165,316,167,316,167,316,169,316,170,316,170,316,172,316,174,316,174,316,175,314,176,311,177,308,177,307,178,308,180,311,180,316,180,316,180,320,180,324,180,324,180,329,180,333,180,333,180,338,180,341,180,342,178,344,177,347,177,350,176,351,175,352,174,355,174,360,174,360,174,364,174,369,174,369,174,373,174,376,173,378,172,378,170,378,170,378,169,378,167,378,167,378,165,379,164,382,164,385,163,386,162,386,161,386,161,386,159,386,157,386,157,386,156,386,154,386,154,386,153,386,151,386,151,386,149,386,148,386,148,386,146,385,145,382,144
355,96,351,96,351,97,351,99,351,99,351,101,352,102,355,102,358,102,360,101,360,99,360,99,360,97,358,96,355,96
285,60,282,60,280,59,279,58,276,57,271,57,271,57,267,57,264,58,262,59,261,60,258,60,254,60,254,60,249,60,245,60,245,60,240,60,237,60,236,59,234,58,231,57,228,56,227,55,226,54,223,54,218,54,218,54,214,54,211,53,209,52,208,51,205,50,200,50,200,50,196,50,193,50,192,49,190,48,187,47,183,47,183,47,178,47,175,48,174,49,172,50,169,50,165,50,165,50,161,50,158,51,156,52,158,53,161,54,164,54,165,55,165,57,165,57,165,59,165,60,165,60,165,62,165,63,165,63,165,65,165,67,165,67,165,68,165,70,165,70,165,72,164,73,161,73,158,74,156,75,155,76,152,76,149,77,147,78,146,79,143,80,140,80,138,81,137,82,134,83,131,83,130,85,130,86,130,86,130,88,130,89,130,89,130,91,130,93,130,93,130,94,130,96,130,96,130,97,130,99,130,99,130,101,130,102,130,102,130,104,130,106,130,106,130,107,130,109,130,109,130,110,130,112,130,112,130,114,131,115,134,115,137,116,138,117,138,119,138,119,138,120,140,121,143,122,146,122,147,123,149,124,152,125,155,126,156,127,158,128,161,128,164,128,165,127,166,126,169,125,174,125,174,125,178,125,181,124,183,123,184,122,187,122,190,121,192,120,193,119,196,119,199,118,200,117,200,115,200,115,200,114,200,112,200,112,200,110,200,109,200,109,200,107,200,106,200,106,200,104,202,103,205,102,208,102,209,101,208,100,205,99,200,99,200,99,196,99,192,99,192,99,187,99,183,99,183,99,178,99,175,99,174,97,174,96,174,96,174,94,175,93,178,93,181,92,183,91,184,90,187,89,190,89,192,88,192,86,192,86,192,85,193,83,196,83,199,82,200,81,200,80,200,80,200,78,200,76,200,76,200,75,202,74,205,73,208,73,209,72,211,70,214,70,218,70,218,70,223,70,227,70,227,70,231,70,236,70,236,70,240,70,243,69,245,68,246,67,249,67,254,67,254,67,258,67,262,67,262,67,267,67,270,67,271,68,273,69,276,70,280,70,280,70,285,70,288,69,289,68,289,67,289,67,289,65,289,63,289,63,289,62,288,61,285,60
249,54,246,54,245,55,246,56,249,57,252,56,254,55,252,54,249,54
223,93,220,93,218,94,220,95,223,96,226,95,227,94,226,93,223,93
196,200,192,200,192,200,187,200,184,200,183,201,181,202,178,203,175,203,174,204,174,206,174,206,174,208,175,209,178,209,181,210,183,211,183,212,183,212,183,214,183,216,183,216,183,217,181,218,178,219,175,219,174,221,174,222,174,222,174,224,175,225,178,225,183,225,183,225,187,225,190,225,192,224,192,222,192,222,192,221,192,219,192,219,192,217,192,216,192,216,192,214,193,213,196,212,199,212,200,211,200,209,200,209,200,208,200,206,200,206,200,204,200,203,200,203,200,201,199,200,196,200
134,203,131,203,130,204,131,205,134,206,137,205,138,204,137,203,134,203
116,109,112,109,112,110,113,111,116,112,119,111,121,110,119,109,116,109
107,99,104,100,103,101,102,102,99,102,96,103,94,104,96,105,99,106,102,106,103,107,104,108,107,109,112,109,112,107,112,106,112,106,112,104,112,102,112,102,112,101,110,100,107,99
99,112,96,112,94,110,93,109,90,109,87,109,85,110,85,112,85,112,85,114,87,115,90,115,93,116,94,117,94,119,94,119,94,120,96,121,99,122,102,121,103,120,103,119,103,119,103,117,103,115,103,115,103,114,102,113,99,112
