630,378,627,378,626,379,624,380,621,381,617,381,617,381,612,381,608,381,608,381,603,381,599,381,599,381,595,381,590,381,590,381,586,381,583,380,581,379,581,378,581,378,581,376,580,375,577,374,574,374,572,373,571,372,568,371,564,371,564,371,559,371,555,371,555,371,550,371,547,372,546,373,544,374,541,374,538,375,537,376,537,378,537,378,537,379,537,381,537,381,537,383,536,384,533,384,530,385,528,386,528,387,528,387,528,389,528,391,528,391,528,392,528,394,528,394,528,395,528,397,528,397,528,399,530,400,533,400,536,401,537,402,537,404,537,404,537,405,538,406,541,407,544,407,546,408,546,410,546,410,546,412,546,413,546,413,546,415,547,416,550,417,553,417,555,418,556,419,559,420,562,420,564,421,565,422,568,423,571,424,572,425,572,426,572,426,572,428,571,429,568,430,565,430,564,431,562,432,559,433,556,433,555,434,556,435,559,436,562,437,564,438,565,439,568,439,571,440,572,441,574,442,577,442,581,442,581,442,586,442,589,443,590,444,592,445,595,446,598,446,599,447,599,449,599,449,599,451,599,452,599,452,599,454,600,455,603,455,606,455,608,454,609,453,612,452,617,452,617,452,621,452,624,453,626,454,627,455,630,455,630,378
630,180,627,181,626,182,624,183,621,183,618,184,617,185,615,186,612,187,608,187,608,187,603,187,600,187,599,188,598,189,595,190,592,190,590,191,590,193,590,193,590,195,589,196,586,196,583,197,581,198,580,199,577,200,572,200,572,200,568,200,565,200,564,201,562,202,559,203,556,203,555,204,555,206,555,206,555,208,555,209,555,209,555,211,553,212,550,212,547,213,546,214,544,215,541,216,537,216,537,216,533,216,528,216,528,216,524,216,521,216,519,217,519,219,519,219,519,221,519,222,519,222,519,224,519,225,519,225,519,227,519,229,519,229,519,230,519,232,519,232,519,234,518,235,515,235,512,236,510,237,510,238,510,238,510,240,509,241,506,242,503,242,502,243,500,244,497,245,494,245,493,246,494,248,497,248,502,248,502,248,506,248,510,248,510,248,515,248,518,248,519,246,521,245,524,245,528,245,528,245,533,245,537,245,537,245,541,245,544,244,546,243,547,242,550,242,555,242,555,242,559,242,564,242,564,242,568,242,571,241,572,240,574,239,577,238,580,238,581,237,581,235,581,235,581,234,581,232,581,232,581,230,583,229,586,229,590,229,590,229,595,229,599,229,599,229,603,229,608,229,608,229,612,229,615,228,617,227,618,226,621,225,624,225,626,224,627,223,630,222,630,180
373,135,370,135,369,136,370,137,373,138,376,137,378,136,376,135,373,135
338,109,335,108,333,107,333,106,333,106,333,104,333,102,333,102,333,101,332,100,329,99,324,99,324,101,324,102,324,102,324,104,324,106,324,106,324,107,324,109,324,109,324,110,324,112,324,112,324,114,326,115,329,115,332,116,333,117,335,118,338,119,341,118,342,117,342,115,342,115,342,114,342,112,342,112,342,110,341,109,338,109
320,93,317,93,316,94,316,96,316,96,316,97,317,99,320,99,324,99,324,97,324,96,324,96,324,94,323,93,320,93
276,154,271,154,271,154,267,154,262,154,262,154,258,154,255,154,254,153,252,151,249,151,245,151,245,151,240,151,237,151,236,153,237,154,240,154,243,155,245,156,246,157,249,157,252,158,254,159,255,160,258,161,261,161,262,162,264,163,267,164,270,163,271,162,273,161,276,161,279,160,280,159,280,157,280,157,280,156,279,155,276,154
258,374,255,375,254,376,255,377,258,378,261,377,262,376,261,375,258,374
214,349,209,349,209,349,205,349,200,349,200,349,196,349,193,349,192,350,192,352,192,352,192,353,190,354,187,355,184,356,183,357,184,358,187,358,190,359,192,360,193,361,196,361,199,361,200,360,200,358,200,358,200,357,200,355,200,355,200,353,202,352,205,352,209,352,209,352,214,352,217,351,218,350,217,349,214,349
169,345,166,345,165,344,164,343,161,342,156,342,156,342,152,342,149,342,147,340,146,339,143,339,138,339,138,339,134,339,130,339,130,340,131,341,134,342,137,343,138,344,140,345,143,345,146,346,147,347,149,348,152,349,155,349,156,350,158,351,161,352,165,352,165,352,169,352,172,351,174,350,174,349,174,349,174,347,172,346,169,345
125,336,122,336,121,337,122,338,125,339,130,339,130,337,128,336,125,336
