479,251,476,251,475,250,475,248,475,248,475,246,474,245,471,245,468,244,466,243,466,242,466,242,466,240,466,238,466,238,466,237,465,236,462,235,459,235,457,234,457,232,457,232,457,230,457,229,457,229,457,227,456,226,453,225,448,225,448,225,444,225,441,225,440,224,438,223,435,222,432,223,431,224,429,225,426,225,423,226,422,227,422,229,422,229,422,230,422,232,422,232,422,234,422,235,422,235,422,237,423,238,426,238,429,239,431,240,429,241,426,242,423,242,422,243,422,245,422,245,422,246,423,248,426,248,429,249,431,250,431,251,431,251,431,253,432,254,435,255,438,255,440,256,441,257,444,258,448,258,448,258,453,258,456,258,457,259,457,261,457,261,457,263,457,264,457,264,457,266,459,267,462,268,466,268,466,268,471,268,474,268,475,269,475,271,475,271,475,272,476,273,479,274,482,273,484,272,484,271,484,271,484,269,484,268,484,268,484,266,484,264,484,264,484,263,484,261,484,261,484,259,484,258,484,258,484,256,484,255,484,255,484,253,482,252,479,251
426,326,423,326,422,327,422,329,422,329,422,331,420,332,417,332,414,333,413,334,412,335,409,336,404,336,404,336,400,336,397,336,395,337,395,339,395,339,395,340,394,342,391,342,388,343,386,344,385,345,382,345,378,345,378,345,373,345,370,346,369,347,367,348,364,349,361,349,360,350,360,352,360,352,360,353,358,354,355,355,352,356,351,357,351,358,351,358,351,360,351,361,351,361,351,363,352,364,355,365,358,364,360,363,361,362,364,361,369,361,369,361,373,361,378,361,378,361,382,361,385,361,386,360,388,359,391,358,394,358,395,357,397,356,400,355,403,354,404,353,404,352,404,352,404,350,404,349,404,349,404,347,406,346,409,345,413,345,413,345,417,345,420,345,422,344,422,342,422,342,422,340,423,339,426,339,429,338,431,337,431,336,431,336,431,334,431,332,431,332,431,331,431,329,431,329,431,327,429,326,426,326
364,96,361,95,360,94,360,93,360,93,360,91,358,90,355,89,352,89,351,88,351,86,351,86,351,85,350,83,347,83,344,82,342,81,342,80,342,80,342,78,341,77,338,76,335,76,333,75,332,74,329,73,324,73,324,73,320,73,317,74,316,75,316,76,316,76,316,78,317,79,320,80,323,80,324,81,324,83,324,83,324,85,324,86,324,86,324,88,324,89,324,89,324,91,324,93,324,93,324,94,324,96,324,96,324,97,324,99,324,99,324,101,324,102,324,102,324,104,324,106,324,106,324,107,324,109,324,109,324,110,324,112,324,112,324,114,323,115,320,115,317,116,316,117,316,119,316,119,316,120,316,122,316,122,316,123,316,125,316,125,316,127,316,128,316,128,316,130,316,131,316,131,316,133,314,134,311,135,308,135,307,136,307,138,307,138,307,140,307,141,307,141,307,143,305,144,302,144,299,145,298,146,296,147,293,148,290,148,289,149,288,150,285,151,282,151,280,153,279,154,276,154,271,154,271,154,267,154,264,155,262,156,262,157,262,157,262,159,262,161,262,161,262,162,262,164,262,164,262,165,261,167,258,167,254,167,254,167,249,167,246,168,245,169,245,170,245,170,245,172,246,173,249,174,254,174,254,174,258,174,261,174,262,175,264,176,267,177,270,176,271,175,273,174,276,174,280,174,280,174,285,174,289,174,289,174,293,174,296,173,298,172,298,170,298,170,298,169,299,168,302,167,305,167,307,165,308,164,311,164,314,163,316,162,317,161,320,161,323,160,324,159,326,158,329,157,332,157,333,156,335,155,338,154,341,154,342,153,344,151,347,151,350,150,351,149,352,148,355,148,358,147,360,146,360,144,360,144,360,143,361,142,364,141,367,141,369,140,369,138,369,138,369,136,369,135,369,135,369,133,369,131,369,131,369,130,367,129,364,128,361,128,360,127,360,125,360,125,360,123,360,122,360,122,360,120,360,119,360,119,360,117,358,116,355,115,352,115,351,114,350,113,347,112,344,112,342,110,342,109,342,109,342,107,342,106,342,106,342,104,344,103,347,102,351,102,351,102,355,102,358,103,360,104,361,105,364,106,367,105,369,104,369,102,369,102,369,101,369,99,369,99,369,97,367,96,364,96
285,157,282,158,280,159,279,160,276,161,273,161,271,162,271,164,271,164,271,165,273,167,276,167,279,167,280,165,282,164,285,164,288,163,289,162,289,161,289,161,289,159,288,158,285,157
240,38,237,38,236,39,237,40,240,41,243,40,245,39,243,38,240,38
240,54,237,53,236,52,236,50,236,50,236,49,234,48,231,47,227,47,227,47,223,47,220,47,218,46,217,45,214,44,211,43,209,42,208,41,205,41,200,41,200,41,196,41,193,40,192,39,190,38,187,38,183,38,183,38,178,38,175,37,174,36,172,35,169,34,166,34,165,33,164,32,161,31,158,31,156,29,155,28,152,28,147,28,147,28,143,28,140,28,138,29,137,31,134,31,131,32,130,33,128,34,125,34,122,35,121,36,121,38,121,38,121,39,119,40,116,41,113,41,112,42,112,44,112,44,112,46,110,47,107,47,104,48,103,49,103,50,103,50,103,52,102,53,99,54,96,54,94,55,94,57,94,57,94,59,94,60,94,60,94,62,93,63,90,63,87,64,85,65,85,67,85,67,85,68,87,69,90,70,94,70,94,70,99,70,102,70,103,72,104,73,107,73,110,74,112,75,110,76,107,76,104,77,103,78,103,80,103,80,103,81,103,83,103,83,103,85,103,86,103,86,103,88,103,89,103,89,103,91,102,92,99,93,94,93,94,94,94,96,94,96,94,97,96,99,99,99,102,100,103,101,104,102,107,102,110,102,112,101,113,100,116,99,121,99,121,99,125,99,130,99,130,99,134,99,137,100,138,101,140,102,143,102,147,102,147,102,152,102,156,102,156,102,161,102,165,102,165,102,169,102,174,102,174,102,178,102,183,102,183,102,187,102,192,102,192,102,196,102,199,102,200,101,202,100,205,99,208,99,209,97,209,96,209,96,209,94,209,93,209,93,209,91,209,89,209,89,209,88,211,87,214,86,217,86,218,85,218,83,218,83,218,81,218,80,218,80,218,78,218,76,218,76,218,75,220,74,223,73,226,73,227,72,228,70,231,70,234,69,236,68,236,67,236,67,236,65,236,63,236,63,236,62,237,61,240,60,243,60,245,59,245,57,245,57,245,55,243,54,240,54
205,174,202,174,200,175,202,176,205,177,208,176,209,175,208,174,205,174
187,174,183,174,183,174,178,174,175,174,174,175,175,176,178,177,183,177,183,177,187,177,190,176,192,175,190,174,187,174
99,164,96,164,94,165,96,167,99,167,102,167,103,165,102,164,99,164
90,86,87,87,85,88,85,89,85,89,85,91,87,92,90,93,94,93,94,91,94,89,94,89,94,88,93,87,90,86
