621,255,618,255,617,256,617,258,617,258,617,259,617,261,617,261,617,263,618,264,621,264,624,264,626,263,626,261,626,261,626,259,626,258,626,258,626,256,624,255,621,255
444,216,441,215,440,214,438,213,435,212,431,212,431,212,426,212,423,213,422,214,423,215,426,216,429,216,431,217,432,218,435,219,438,219,440,221,441,222,444,222,447,222,448,221,448,219,448,219,448,217,447,216,444,216
435,251,432,252,431,253,432,254,435,255,438,254,440,253,438,252,435,251
435,284,431,284,431,284,426,284,423,284,422,285,422,287,422,287,422,289,420,290,417,290,414,291,413,292,412,293,409,293,406,294,404,295,404,297,404,297,404,298,406,299,409,300,413,300,413,300,417,300,420,299,422,298,422,297,422,297,422,295,423,294,426,293,429,293,431,292,431,290,431,290,431,289,432,288,435,287,438,286,440,285,438,284,435,284
382,313,378,313,378,313,373,313,369,313,369,313,364,313,361,313,360,315,360,316,360,316,360,318,358,319,355,319,352,320,351,321,351,323,351,323,351,324,350,325,347,326,344,326,342,327,342,329,342,329,342,331,342,332,342,332,342,334,344,335,347,336,350,336,351,337,352,338,355,339,358,338,360,337,361,336,364,336,367,335,369,334,370,333,373,332,376,332,378,331,379,330,382,329,385,329,386,327,386,326,386,326,386,324,386,323,386,323,386,321,386,319,386,319,386,318,386,316,386,316,386,315,385,313,382,313
382,345,378,345,378,345,373,345,369,345,369,345,364,345,360,345,360,345,355,345,352,346,351,347,351,349,355,349,360,349,360,349,364,349,369,349,369,349,373,349,378,349,378,349,382,349,385,348,386,347,385,346,382,345
373,339,370,339,369,340,370,341,373,342,376,341,378,340,376,339,373,339
364,96,361,95,360,94,360,93,360,93,360,91,358,90,355,89,352,89,351,88,351,86,351,86,351,85,351,83,351,83,351,81,350,80,347,80,344,79,342,78,341,77,338,76,335,77,333,78,333,80,333,80,333,81,333,83,333,83,333,85,333,86,333,86,333,88,333,89,333,89,333,91,332,92,329,93,326,93,324,94,324,96,324,96,324,97,324,99,324,99,324,101,323,102,320,102,317,103,316,104,316,106,316,106,316,107,314,108,311,109,308,109,307,110,305,112,302,112,299,113,298,114,296,115,293,115,290,116,289,117,288,118,285,119,282,119,280,120,279,121,276,122,273,122,271,123,270,124,267,125,262,125,262,125,258,125,255,126,254,127,252,128,249,128,245,128,245,128,240,128,236,128,236,128,231,128,227,128,227,128,223,128,218,128,218,128,214,128,209,128,209,128,205,128,202,129,200,130,199,131,196,131,192,131,192,131,187,131,183,131,183,131,178,131,174,131,174,131,169,131,166,131,165,130,164,129,161,128,158,128,156,127,155,126,152,125,147,125,147,125,143,125,138,125,138,125,134,125,130,125,130,125,125,125,122,126,121,127,122,128,125,128,128,129,130,130,130,131,130,131,130,133,131,134,134,135,137,135,138,136,140,137,143,138,147,138,147,138,152,138,155,138,156,140,158,141,161,141,164,142,165,143,166,144,169,144,172,145,174,146,175,147,178,148,183,148,183,148,187,148,192,148,192,148,196,148,200,148,200,148,205,148,209,148,209,148,214,148,218,148,218,148,223,148,227,148,227,148,231,148,236,148,236,148,240,148,243,148,245,149,246,150,249,151,254,151,254,151,258,151,262,151,262,151,267,151,271,151,271,151,276,151,279,150,280,149,282,148,285,148,289,148,289,148,293,148,298,148,298,148,302,148,307,148,307,148,311,148,314,147,316,146,316,144,316,144,316,143,317,142,320,141,323,141,324,140,326,138,329,138,332,137,333,136,335,135,338,135,341,134,342,133,344,132,347,131,350,131,351,130,352,129,355,128,358,128,360,127,360,125,360,125,360,123,360,122,360,122,360,120,360,119,360,119,360,117,358,116,355,115,352,115,351,114,350,113,347,112,344,112,342,110,342,109,342,109,342,107,342,106,342,106,342,104,344,103,347,102,351,102,351,102,355,102,358,103,360,104,361,105,364,106,367,105,369,104,369,102,369,102,369,101,369,99,369,99,369,97,367,96,364,96
347,34,342,34,342,36,344,37,347,38,350,37,351,36,350,35,347,34
347,349,344,349,342,350,344,351,347,352,350,351,351,350,351,349,347,349
338,31,335,32,333,33,335,34,338,34,342,34,342,33,341,32,338,31
329,336,324,336,324,336,320,336,317,336,316,337,314,338,311,339,308,339,307,340,305,342,302,342,298,342,298,342,293,342,290,343,289,344,288,345,285,345,280,345,280,345,276,345,271,345,271,345,267,345,264,346,262,347,261,348,258,349,255,349,254,350,255,351,258,352,262,352,262,352,267,352,271,352,271,352,276,352,280,352,280,352,285,352,289,352,289,352,293,352,298,352,298,352,302,352,307,352,307,352,311,352,314,351,316,350,317,349,320,349,323,348,324,347,326,346,329,345,332,345,333,344,333,342,333,342,333,340,333,339,333,339,333,337,332,336,329,336
320,355,317,356,316,357,317,358,320,358,323,358,324,357,323,356,320,355
258,47,254,47,254,47,249,47,246,47,245,46,243,45,240,44,237,43,236,42,237,41,240,41,245,41,245,41,249,41,252,40,254,39,252,38,249,38,245,38,245,38,240,38,236,38,236,38,231,38,228,38,227,39,227,41,227,41,227,42,226,43,223,44,220,45,218,46,217,47,214,47,209,47,209,47,205,47,202,47,200,46,200,44,200,44,200,42,199,41,196,41,193,40,192,39,190,38,187,38,184,37,183,36,181,35,178,34,175,34,174,33,172,32,169,31,166,31,165,29,164,28,161,28,158,27,156,26,155,25,152,25,147,25,147,25,143,25,138,25,138,25,134,25,131,25,130,26,128,27,125,28,122,28,121,29,119,31,116,31,113,32,112,33,110,34,107,34,104,35,103,36,103,38,103,38,103,39,102,40,99,41,96,41,94,42,94,44,94,44,94,46,94,47,94,47,94,49,96,50,99,50,102,51,103,52,104,53,107,54,110,54,112,55,112,57,112,57,112,59,112,60,112,60,112,62,112,63,112,63,112,65,110,66,107,67,104,67,103,68,104,69,107,70,110,70,112,72,112,73,112,73,112,75,112,76,112,76,112,78,113,79,116,80,119,80,121,81,121,83,121,83,121,85,121,86,121,86,121,88,122,89,125,89,128,90,130,91,131,92,134,93,137,93,138,94,140,95,143,96,147,96,147,96,152,96,155,96,156,97,158,99,161,99,165,99,165,99,169,99,172,100,174,101,175,102,178,102,181,102,183,101,183,99,183,99,183,97,181,96,178,96,175,95,174,94,174,93,174,93,174,91,174,89,174,89,174,88,175,87,178,86,181,86,183,85,181,83,178,83,175,82,174,81,174,80,174,80,174,78,175,77,178,76,183,76,183,76,187,76,190,77,192,78,193,79,196,80,200,80,200,80,205,80,209,80,209,80,214,80,218,80,218,80,223,80,226,79,227,78,228,77,231,76,234,76,236,75,237,74,240,73,243,73,245,72,246,70,249,70,252,69,254,68,254,67,254,67,254,65,254,63,254,63,254,62,255,61,258,60,261,60,262,59,262,57,262,57,262,55,262,54,262,54,262,52,262,50,262,50,262,49,261,48,258,47
107,122,104,121,103,120,102,119,99,119,94,119,94,119,90,119,87,118,85,117,84,116,81,115,78,116,76,117,76,119,76,119,76,120,78,121,81,122,84,122,85,123,87,124,90,125,93,126,94,127,96,128,99,128,102,128,103,127,104,126,107,125,110,124,112,123,110,122,107,122
