373,161,370,160,369,159,369,157,369,157,369,156,367,155,364,154,361,154,360,153,360,151,360,151,360,149,360,148,360,148,360,146,358,145,355,144,351,144,351,146,351,148,351,148,351,149,350,150,347,151,344,150,342,149,342,148,342,148,342,146,344,145,347,144,351,144,351,143,350,142,347,141,344,141,342,140,342,138,342,138,342,136,342,135,342,135,342,133,342,131,338,131,335,131,333,130,335,129,338,128,341,129,342,130,342,131,347,131,350,131,351,130,351,128,351,128,351,127,350,126,347,125,344,124,342,123,342,122,342,122,342,120,341,119,338,119,335,118,333,117,333,115,333,115,333,114,332,113,329,112,326,112,324,110,324,109,324,109,324,107,323,106,320,106,317,105,316,104,314,103,311,102,307,102,307,102,302,102,299,102,298,101,298,99,298,99,298,97,296,96,293,96,290,96,289,97,288,99,285,99,280,99,280,99,276,99,273,100,271,101,270,102,267,102,264,103,262,104,262,106,262,106,262,107,261,108,258,109,255,108,254,107,254,106,254,106,254,104,252,103,249,102,245,102,245,102,240,102,237,103,236,104,236,106,236,106,236,107,236,109,236,109,236,110,237,111,240,112,243,113,245,114,246,115,249,115,252,116,254,117,254,119,254,119,254,120,255,121,258,122,261,122,262,123,264,124,267,125,270,126,271,127,271,128,271,128,271,130,273,131,276,131,279,132,280,133,282,134,285,135,288,135,289,136,290,137,293,138,296,138,298,140,299,141,302,141,305,142,307,143,307,144,307,144,307,146,308,147,311,148,314,148,316,149,317,150,320,151,324,151,324,151,329,151,332,151,333,153,333,154,333,154,333,156,333,157,333,157,333,159,335,160,338,161,342,161,342,159,344,158,347,157,350,158,351,159,350,160,347,161,342,161,342,162,342,164,342,164,342,165,344,167,347,167,350,167,351,165,352,164,355,164,358,164,360,165,360,167,360,167,360,169,360,170,360,170,360,172,361,173,364,174,369,174,369,172,369,170,369,170,369,169,370,168,373,167,376,167,378,165,378,164,378,164,378,162,376,161,373,161
373,174,369,174,369,175,370,176,373,177,376,176,378,175,376,174,373,174
267,76,264,77,262,78,264,79,267,80,270,79,271,78,270,77,267,76
231,63,228,63,227,62,226,61,223,60,218,60,218,62,218,63,218,63,218,65,220,66,223,67,226,67,227,68,227,70,227,70,227,72,228,73,231,73,234,73,236,72,236,70,236,70,236,68,236,67,236,67,236,65,234,64,231,63
214,57,209,57,209,59,211,60,214,60,218,60,218,59,217,58,214,57
214,154,211,154,209,153,209,151,209,151,209,149,208,148,205,148,202,147,200,146,200,144,200,144,200,143,200,141,200,141,200,140,199,139,196,138,193,137,192,136,192,135,192,135,192,133,192,131,192,131,192,130,190,129,187,128,183,128,183,128,178,128,174,128,174,128,169,128,165,128,165,128,161,128,156,128,156,128,152,128,149,129,147,130,149,131,152,131,155,132,156,133,156,135,156,135,156,136,156,138,156,138,156,140,156,141,156,141,156,143,156,144,156,144,156,146,158,147,161,148,164,148,165,149,165,151,165,151,165,153,166,154,169,154,172,155,174,156,174,157,174,157,174,159,175,160,178,161,183,161,183,161,187,161,190,161,192,162,193,163,196,164,199,163,200,162,202,161,205,161,208,160,209,159,211,158,214,157,217,157,218,156,217,155,214,154
214,170,209,170,209,170,205,170,202,171,200,172,199,173,196,174,193,173,192,172,190,171,187,170,184,171,183,172,183,174,183,174,183,175,184,176,187,177,190,177,192,178,193,180,196,180,200,180,200,180,205,180,208,180,209,178,211,177,214,177,217,176,218,175,218,174,218,174,218,172,217,171,214,170
205,54,200,54,200,55,202,56,205,57,209,57,209,55,208,54,205,54
196,50,193,51,192,52,193,53,196,54,200,54,200,52,199,51,196,50
196,115,193,116,192,117,192,119,192,119,192,120,192,122,192,122,192,123,193,124,196,125,199,124,200,123,200,122,200,122,200,120,200,119,200,119,200,117,199,116,196,115
161,225,156,225,156,225,152,225,149,226,147,227,149,228,152,229,155,229,156,230,158,231,161,232,164,231,165,230,165,229,165,229,165,227,164,226,161,225
