630,442,627,443,626,444,627,445,630,446,630,442
515,271,512,270,510,269,510,268,510,268,510,266,510,264,510,264,510,263,509,262,506,261,503,261,502,259,502,258,502,258,502,256,502,255,502,255,502,253,502,251,502,251,502,250,500,249,497,248,494,248,493,246,493,245,493,245,493,243,491,242,488,242,485,241,484,240,482,239,479,238,476,238,475,237,474,236,471,235,468,235,466,234,465,232,462,232,457,232,457,232,453,232,450,231,448,230,447,229,444,229,441,229,440,230,440,232,440,232,440,234,438,235,435,235,432,236,431,237,431,238,431,238,431,240,431,242,431,242,431,243,431,245,431,245,431,246,431,248,431,248,431,250,432,251,435,251,438,252,440,253,440,255,440,255,440,256,441,257,444,258,448,258,448,258,453,258,456,258,457,259,459,261,462,261,465,262,466,263,468,264,471,264,474,265,475,266,476,267,479,268,482,268,484,269,485,270,488,271,491,271,493,272,494,273,497,274,500,275,502,276,503,277,506,277,509,278,510,279,510,280,510,280,510,282,512,283,515,284,518,283,519,282,519,280,519,280,519,279,519,277,519,277,519,276,519,274,519,274,519,272,518,271,515,271
382,144,379,144,378,143,378,141,378,141,378,140,378,138,378,138,378,136,376,135,373,135,370,134,369,133,369,131,369,131,369,130,367,129,364,128,361,128,360,127,360,125,360,125,360,123,360,122,360,122,360,120,358,119,355,119,352,118,351,117,351,115,351,115,351,114,350,113,347,112,344,112,342,110,342,109,342,109,342,107,342,106,342,106,342,104,342,102,342,102,342,101,342,99,342,99,342,97,344,96,347,96,351,96,351,94,351,93,351,93,351,91,351,89,351,89,351,88,351,86,351,86,351,85,350,83,347,83,344,82,342,81,342,80,342,80,342,78,341,77,338,76,335,76,333,75,332,74,329,73,324,73,324,73,320,73,317,74,316,75,314,76,311,76,308,77,307,78,307,80,307,80,307,81,308,82,311,83,314,83,316,85,316,86,316,86,316,88,316,89,316,89,316,91,316,93,316,93,316,94,316,96,316,96,316,97,317,99,320,99,323,100,324,101,324,102,324,102,324,104,324,106,324,106,324,107,324,109,324,109,324,110,324,112,324,112,324,114,324,115,324,115,324,117,324,119,324,119,324,120,324,122,324,122,324,123,324,125,324,125,324,127,324,128,324,128,324,130,324,131,324,131,324,133,324,135,324,135,324,136,323,137,320,138,317,139,316,140,316,141,316,141,316,143,316,144,316,144,316,146,316,148,316,148,316,149,316,151,316,151,316,153,316,154,316,154,316,156,316,157,316,157,316,159,316,161,316,161,316,162,316,164,316,164,316,165,316,167,316,167,316,169,316,170,316,170,316,172,316,174,320,174,323,174,324,175,326,176,329,177,333,177,333,177,338,177,341,176,342,175,344,174,347,174,351,174,351,174,355,174,360,174,360,174,364,174,369,174,369,174,373,174,376,173,378,172,378,170,378,170,378,169,378,167,378,167,378,165,379,164,382,164,385,163,386,162,386,161,386,161,386,159,386,157,386,157,386,156,386,154,386,154,386,153,386,151,386,151,386,149,386,148,386,148,386,146,385,145,382,144
364,102,360,102,360,104,361,105,364,106,367,105,369,104,367,103,364,102
355,96,351,96,351,97,351,99,351,99,351,101,352,102,355,102,360,102,360,101,360,99,360,99,360,97,358,96,355,96
311,174,308,174,307,175,307,177,307,177,307,178,308,180,311,180,314,180,316,178,316,177,316,177,316,175,316,174,311,174
285,63,282,63,280,62,280,60,280,60,280,59,279,58,276,57,273,56,271,55,270,54,267,54,264,54,262,55,261,56,258,57,255,56,254,55,252,54,249,54,246,54,245,55,243,56,240,57,237,56,236,55,234,54,231,54,227,54,227,54,223,54,220,53,218,52,217,51,214,50,209,50,209,50,205,50,202,50,200,49,199,48,196,47,192,47,192,47,187,47,183,47,183,47,178,47,174,47,174,47,169,47,166,48,165,49,164,50,161,50,158,51,156,52,156,54,156,54,156,55,156,57,156,57,156,59,155,60,152,60,149,61,147,62,147,63,147,63,147,65,147,67,147,67,147,68,146,69,143,70,140,70,138,72,138,73,138,73,138,75,137,76,134,76,130,76,130,76,125,76,122,77,121,78,119,79,116,80,113,80,112,81,110,82,107,83,104,83,103,85,102,86,99,86,96,87,94,88,94,89,94,89,94,91,94,93,94,93,94,94,94,96,94,96,94,97,94,99,94,99,94,101,94,102,94,102,94,104,96,105,99,106,102,106,103,107,103,109,107,109,110,109,112,110,113,111,116,112,119,113,121,114,121,115,121,115,121,117,122,118,125,119,128,119,130,120,131,121,134,122,137,122,138,123,140,124,143,125,147,125,147,125,152,125,155,126,156,127,158,128,161,128,165,128,165,128,169,128,174,128,174,128,178,128,181,128,183,127,183,125,183,125,183,123,183,122,183,122,183,120,184,119,187,119,190,118,192,117,192,115,192,115,192,114,192,112,192,112,192,110,192,109,192,109,192,107,192,106,192,106,192,104,193,103,196,102,199,102,200,101,200,99,200,99,200,97,200,96,200,96,200,94,200,93,200,93,200,91,200,89,200,89,200,88,202,87,205,86,208,86,209,85,209,83,209,83,209,81,208,80,205,80,202,79,200,78,202,77,205,76,208,76,209,75,211,74,214,73,218,73,218,73,223,73,227,73,227,73,231,73,234,73,236,72,236,70,236,70,236,68,237,67,240,67,245,67,245,67,249,67,254,67,254,67,258,67,262,67,262,67,267,67,271,67,271,67,276,67,280,67,280,67,285,67,288,66,289,65,288,64,285,63
196,200,193,200,192,201,192,203,196,203,199,202,200,201,199,200,196,200
187,203,184,203,183,204,183,206,183,206,183,208,183,209,183,209,183,211,184,212,187,212,190,212,192,211,192,209,192,209,192,208,192,206,192,206,192,204,192,203,187,203
99,109,96,109,94,110,94,112,94,112,94,114,96,115,99,115,102,115,103,114,103,112,103,112,103,110,103,109,99,109
99,119,96,119,94,120,96,121,99,122,102,121,103,120,102,119,99,119
