506,426,503,426,502,425,500,424,497,423,493,423,493,423,488,423,484,423,484,423,479,423,475,423,475,425,476,426,479,426,482,427,484,428,485,429,488,430,491,430,493,431,494,432,497,433,500,432,502,431,503,430,506,430,509,429,510,428,509,427,506,426
471,420,466,420,466,420,462,420,457,420,457,421,459,422,462,423,466,423,466,423,471,423,475,423,475,421,474,420,471,420
453,417,448,417,448,418,450,419,453,420,457,420,457,418,456,417,453,417
444,413,441,414,440,415,441,416,444,417,448,417,448,415,447,414,444,413
417,404,414,404,413,405,414,406,417,407,420,406,422,405,420,404,417,404
391,170,388,170,386,169,386,167,386,167,386,165,385,164,382,164,379,164,378,165,376,167,373,167,370,168,369,169,369,170,369,170,369,172,370,173,373,174,376,174,378,175,378,177,378,177,378,178,378,180,378,180,378,182,379,183,382,183,386,183,386,183,391,183,394,183,395,182,395,180,395,180,395,178,394,177,391,177,388,176,386,175,388,174,391,174,394,173,395,172,394,171,391,170
347,209,344,210,342,211,344,212,347,212,350,212,351,211,350,210,347,209
329,219,326,219,324,221,324,222,324,222,324,224,324,225,324,225,324,227,324,229,324,229,324,230,324,232,329,232,332,231,333,230,333,229,333,229,333,227,333,225,333,225,333,224,333,222,333,222,333,221,332,219,329,219
320,232,316,232,316,234,317,235,320,235,323,235,324,234,324,232,320,232
311,119,308,118,307,117,307,115,307,115,307,114,305,113,302,112,299,113,298,114,298,115,298,115,298,117,296,118,293,119,289,119,289,119,285,119,282,118,280,117,279,116,276,115,273,115,271,114,270,113,267,112,264,113,262,114,261,115,258,115,255,115,254,114,254,112,254,112,254,110,252,109,249,109,246,109,245,110,243,112,240,112,237,113,236,114,234,115,231,115,228,116,227,117,227,119,227,119,227,120,226,121,223,122,220,122,218,123,218,125,218,125,218,127,218,128,218,128,218,130,218,131,218,131,218,133,217,134,214,135,209,135,209,135,205,135,202,135,200,136,202,137,205,138,208,138,209,140,211,141,214,141,217,142,218,143,217,144,214,144,211,145,209,146,211,147,214,148,217,148,218,149,218,151,218,151,218,153,220,154,223,154,227,154,227,154,231,154,234,155,236,156,236,157,236,157,236,159,237,160,240,161,243,160,245,159,246,158,249,157,252,157,254,156,254,154,254,154,254,153,255,151,258,151,262,151,262,151,267,151,270,150,271,149,271,148,271,148,271,146,273,145,276,144,279,144,280,143,282,142,285,141,288,141,289,140,290,138,293,138,296,137,298,136,298,135,298,135,298,133,299,132,302,131,305,131,307,130,307,128,307,128,307,127,307,125,307,125,307,123,308,122,311,122,314,121,316,120,314,119,311,119
311,225,308,225,307,224,305,223,302,222,299,223,298,224,296,225,293,225,289,225,289,225,285,225,280,225,280,225,276,225,271,225,271,225,267,225,262,225,262,225,258,225,254,225,254,225,249,225,246,225,245,224,243,223,240,222,236,222,236,222,231,222,228,223,227,224,228,225,231,225,234,226,236,227,234,228,231,229,228,229,227,230,228,231,231,232,236,232,236,232,240,232,243,232,245,234,246,235,249,235,254,235,254,235,258,235,262,235,262,235,267,235,270,235,271,234,271,232,271,232,271,230,273,229,276,229,279,229,280,230,282,231,285,232,289,232,289,232,293,232,298,232,298,232,302,232,307,232,307,232,311,232,316,232,316,230,316,229,316,229,316,227,314,226,311,225
276,209,271,209,271,209,267,209,262,209,262,209,258,209,255,210,254,211,255,212,258,212,262,212,262,212,267,212,271,212,271,212,276,212,279,212,280,211,279,210,276,209
240,206,237,207,236,208,237,209,240,209,243,209,245,208,243,207,240,206
205,154,202,155,200,156,202,157,205,157,208,157,209,156,208,155,205,154
