630,209,626,209,626,211,626,212,626,212,626,214,627,215,630,216,630,209
621,206,618,207,617,208,618,209,621,209,626,209,626,208,624,207,621,206
391,404,388,403,386,402,385,401,382,400,378,400,378,400,373,400,370,401,369,402,370,403,373,404,376,404,378,405,379,406,382,407,386,407,386,407,391,407,394,406,395,405,394,404,391,404
355,394,351,394,351,395,351,397,351,397,351,399,352,400,355,400,358,400,360,399,360,397,360,397,360,395,358,394,355,394
347,391,342,391,342,392,344,393,347,394,351,394,351,392,350,391,347,391
338,387,333,387,333,389,335,390,338,391,342,391,342,389,341,388,338,387
329,381,326,381,324,383,323,384,320,384,317,384,316,383,316,381,316,381,316,379,317,378,320,378,323,377,324,376,323,375,320,374,316,374,316,374,311,374,308,375,307,376,305,377,302,378,298,378,298,378,293,378,290,378,289,379,289,381,289,381,289,383,290,384,293,384,296,385,298,386,296,387,293,387,289,387,289,387,285,387,282,388,280,389,282,390,285,391,289,391,289,391,293,391,298,391,298,391,302,391,307,391,307,391,311,391,314,390,316,389,317,388,320,387,324,387,324,387,329,387,333,387,333,386,333,384,333,384,333,383,332,381,329,381
293,122,290,121,289,120,289,119,289,119,289,117,288,116,285,115,280,115,280,117,280,119,280,119,280,120,280,122,280,122,280,123,282,124,285,125,288,126,289,127,290,128,293,128,296,128,298,127,298,125,298,125,298,123,296,122,293,122
285,203,282,202,280,201,279,200,276,200,271,200,271,201,270,202,267,203,264,203,262,204,264,205,267,206,270,207,271,208,273,209,276,209,279,210,280,211,282,212,285,212,288,212,289,211,289,209,289,209,289,208,289,206,289,206,289,204,288,203,285,203
276,109,271,109,271,109,267,109,264,109,262,110,264,111,267,112,270,113,271,114,273,115,276,115,280,115,280,114,280,112,280,112,280,110,279,109,276,109
267,193,262,193,262,193,258,193,255,192,254,191,252,190,249,190,246,190,245,191,243,192,240,193,237,194,236,195,237,196,240,196,245,196,245,196,249,196,252,197,254,198,255,199,258,200,262,200,262,200,267,200,271,200,271,198,271,196,271,196,271,195,270,194,267,193
258,209,255,209,254,208,252,207,249,206,245,206,245,206,240,206,236,206,236,206,231,206,227,206,227,208,228,209,231,209,236,209,236,209,240,209,243,210,245,211,246,212,249,212,254,212,254,212,258,212,261,212,262,211,261,210,258,209
258,378,254,378,254,378,249,378,246,378,245,379,243,380,240,381,237,380,236,379,234,378,231,378,227,378,227,378,223,378,218,378,218,378,214,378,209,378,209,378,205,378,200,378,200,378,196,378,193,377,192,376,190,375,187,374,183,374,183,374,178,374,175,375,174,376,175,377,178,378,181,378,183,379,184,380,187,381,190,381,192,383,193,384,196,384,200,384,200,384,205,384,208,385,209,386,211,387,214,387,217,387,218,386,220,385,223,384,227,384,227,384,231,384,236,384,236,384,240,384,245,384,245,384,249,384,254,384,254,384,258,384,261,384,262,383,262,381,262,381,262,379,261,378,258,378
240,345,237,346,236,347,237,348,240,349,243,348,245,347,243,346,240,345
231,83,228,83,227,85,228,86,231,86,234,86,236,85,234,83,231,83
223,187,220,187,218,188,218,190,218,190,218,191,220,192,223,193,226,192,227,191,227,190,227,190,227,188,226,187,223,187
223,203,218,203,218,203,214,203,211,203,209,204,211,205,214,206,218,206,218,206,223,206,227,206,227,204,226,203,223,203
205,196,202,197,200,198,202,199,205,200,208,199,209,198,208,197,205,196
