426,323,422,323,422,323,417,323,413,323,413,323,409,323,406,323,404,324,403,325,400,326,397,325,395,324,394,323,391,323,388,322,386,321,385,320,382,319,379,320,378,321,376,322,373,323,370,323,369,324,367,325,364,326,361,326,360,327,360,329,360,329,360,331,358,332,355,332,352,333,351,334,351,336,351,336,351,337,350,338,347,339,344,339,342,340,341,342,338,342,335,343,333,344,333,345,333,345,333,347,333,349,333,349,333,350,332,351,329,352,326,352,324,353,323,354,320,355,317,356,316,357,317,358,320,358,324,358,324,358,329,358,333,358,333,357,335,356,338,355,341,356,342,357,341,358,338,358,333,358,333,360,333,361,333,361,333,363,335,364,338,365,341,364,342,363,344,362,347,361,351,361,351,361,355,361,358,361,360,360,361,359,364,358,369,358,369,358,373,358,376,358,378,357,379,356,382,355,385,354,386,353,388,352,391,352,394,351,395,350,397,349,400,349,403,348,404,347,406,346,409,345,412,345,413,344,414,343,417,342,420,341,422,340,423,339,426,339,429,338,431,337,431,336,431,336,431,334,431,332,431,332,431,331,429,330,426,329,423,329,422,327,423,326,426,326,429,325,431,324,429,323,426,323
364,99,361,99,360,97,360,96,360,96,360,94,360,93,360,93,360,91,358,90,355,89,352,89,351,88,351,86,351,86,351,85,350,83,347,83,342,83,342,85,341,86,338,86,335,87,333,88,333,89,333,89,333,91,333,93,333,93,333,94,333,96,333,96,333,97,332,99,329,99,326,100,324,101,324,102,324,102,324,104,323,105,320,106,317,106,316,107,316,109,316,109,316,110,316,112,316,112,316,114,316,115,316,115,316,117,314,118,311,119,308,119,307,120,307,122,307,122,307,123,305,124,302,125,299,126,298,127,296,128,293,128,290,129,289,130,288,131,285,131,282,132,280,133,279,134,276,135,273,135,271,136,270,137,267,138,264,139,262,140,261,141,258,141,255,142,254,143,252,144,249,144,245,144,245,144,240,144,236,144,236,144,231,144,227,144,227,144,223,144,218,144,218,144,214,144,211,145,209,146,208,147,205,148,202,148,200,149,199,150,196,151,192,151,192,151,187,151,183,151,183,153,184,154,187,154,190,155,192,156,193,157,196,157,199,158,200,159,199,160,196,161,193,161,192,162,193,163,196,164,200,164,200,164,205,164,209,164,209,164,214,164,218,164,218,164,223,164,227,164,227,164,231,164,236,164,236,164,240,164,243,164,245,165,246,167,249,167,254,167,254,167,258,167,261,167,262,165,264,164,267,164,271,164,271,164,276,164,279,163,280,162,282,161,285,161,289,161,289,161,293,161,296,160,298,159,299,158,302,157,305,157,307,156,308,155,311,154,314,154,316,153,317,151,320,151,323,150,324,149,326,148,329,148,332,147,333,146,335,145,338,144,342,144,342,144,347,144,350,144,351,143,352,142,355,141,358,141,360,140,360,138,360,138,360,136,361,135,364,135,367,134,369,133,367,132,364,131,361,131,360,130,360,128,360,128,360,127,360,125,360,125,360,123,360,122,360,122,360,120,360,119,360,119,360,117,358,116,355,115,352,115,351,114,350,113,347,112,344,112,342,110,342,109,342,109,342,107,342,106,342,106,342,104,344,103,347,102,351,102,351,102,355,102,358,103,360,104,361,105,364,106,367,105,369,104,369,102,369,102,369,101,367,100,364,99
231,154,228,155,227,156,228,157,231,157,234,157,236,156,234,155,231,154
338,76,335,77,333,78,333,80,333,80,333,81,335,82,338,83,342,83,342,81,342,80,342,80,342,78,341,77,338,76
258,47,254,47,254,47,249,47,246,47,245,46,243,45,240,44,237,43,236,42,237,41,240,41,243,40,245,39,243,38,240,38,236,38,236,38,231,38,228,38,227,39,226,40,223,41,220,41,218,42,217,43,214,44,211,43,209,42,208,41,205,41,200,41,200,41,196,41,193,40,192,39,190,38,187,38,184,37,183,36,181,35,178,34,175,34,174,33,172,32,169,31,166,31,165,29,164,28,161,28,156,28,156,28,152,28,147,28,147,28,143,28,138,28,138,28,134,28,131,28,130,29,128,31,125,31,122,32,121,33,121,34,121,34,121,36,119,37,116,38,112,38,112,38,107,38,104,38,103,39,103,41,103,41,103,42,103,44,103,44,103,46,103,47,103,47,103,49,103,50,103,50,103,52,103,54,103,54,103,55,103,57,103,57,103,59,103,60,103,60,103,62,104,63,107,63,110,64,112,65,113,66,116,67,119,66,121,65,121,63,121,63,121,62,122,61,125,60,128,61,130,62,130,63,130,63,130,65,131,66,134,67,137,67,138,68,138,70,138,70,138,72,138,73,138,73,138,75,138,76,138,76,138,78,137,79,134,80,130,80,130,80,125,80,121,80,121,80,116,80,113,80,112,81,112,83,112,83,112,85,113,86,116,86,119,87,121,88,121,89,121,89,121,91,121,93,121,93,121,94,121,96,121,96,121,97,122,99,125,99,128,100,130,101,131,102,134,102,137,103,138,104,138,106,138,106,138,107,140,108,143,109,146,109,147,110,149,111,152,112,156,112,156,112,161,112,164,113,165,114,165,115,165,115,165,117,166,118,169,119,172,118,174,117,175,116,178,115,183,115,183,114,181,113,178,112,175,112,174,110,172,109,169,109,166,108,165,107,165,106,165,106,165,104,164,103,161,102,158,102,156,101,156,99,156,99,156,97,158,96,161,96,164,95,165,94,164,93,161,93,158,92,156,91,156,89,156,89,156,88,156,86,156,86,156,85,158,83,161,83,165,83,165,83,169,83,174,83,174,83,178,83,181,83,183,85,183,86,183,86,183,88,184,89,187,89,192,89,192,89,196,89,199,89,200,88,202,87,205,86,209,86,209,86,214,86,217,86,218,85,218,83,218,83,218,81,220,80,223,80,226,79,227,78,227,76,227,76,227,75,227,73,227,73,227,72,228,70,231,70,234,69,236,68,237,67,240,67,243,66,245,65,245,63,245,63,245,62,246,61,249,60,252,60,254,59,255,58,258,57,261,56,262,55,262,54,262,54,262,52,262,50,262,50,262,49,261,48,258,47
187,115,183,115,183,117,184,118,187,119,190,118,192,117,190,116,187,115
187,144,184,145,183,146,183,148,187,148,190,147,192,146,190,145,187,144
178,148,175,148,174,149,175,150,178,151,183,151,183,149,183,148,178,148
161,144,156,144,156,144,152,144,149,145,147,146,147,148,147,148,147,149,147,151,147,151,147,153,149,154,152,154,155,154,156,153,158,151,161,151,164,150,165,149,165,148,165,148,165,146,164,145,161,144
116,141,112,141,112,141,107,141,104,142,103,143,104,144,107,144,112,144,112,144,116,144,119,144,121,143,119,142,116,141
