630,378,627,377,626,376,624,375,621,374,618,374,617,373,618,372,621,371,624,371,626,370,626,368,626,368,626,366,627,365,630,365,630,332,627,333,626,334,624,335,621,336,617,336,617,336,612,336,609,335,608,334,608,332,608,332,608,331,608,329,608,329,608,327,606,326,603,326,600,326,599,327,598,329,595,329,592,330,590,331,590,332,590,332,590,334,590,336,590,336,590,337,590,339,590,339,590,340,590,342,590,342,590,344,589,345,586,345,583,346,581,347,581,349,581,349,581,350,581,352,581,352,581,353,580,354,577,355,574,356,572,357,571,358,568,358,565,359,564,360,562,361,559,361,556,362,555,363,555,365,555,365,555,366,555,368,555,368,555,370,555,371,555,371,555,373,555,374,555,374,555,376,555,378,555,378,555,379,555,381,555,381,555,383,556,384,559,384,562,385,564,386,564,387,564,387,564,389,565,390,568,391,571,391,572,392,572,394,572,394,572,395,574,397,577,397,581,397,581,397,586,397,590,397,590,397,595,397,598,398,599,399,600,400,603,400,606,400,608,399,609,398,612,397,617,397,617,397,621,397,624,397,626,395,626,394,626,394,626,392,627,391,630,391,630,378
417,209,414,209,413,208,413,206,413,206,413,204,413,203,413,203,413,201,413,200,413,200,413,198,413,196,413,196,413,195,412,194,409,193,406,192,404,191,403,190,400,190,397,189,395,188,395,187,395,187,395,185,394,184,391,183,388,183,386,182,385,181,382,180,379,180,378,178,376,177,373,177,370,177,369,178,369,180,369,180,369,182,369,183,369,183,369,185,369,187,369,187,369,188,369,190,369,190,369,191,370,192,373,193,376,194,378,195,378,196,378,196,378,198,378,200,378,200,378,201,378,203,378,203,378,204,378,206,378,206,378,208,379,209,382,209,385,210,386,211,386,212,386,212,386,214,386,216,386,216,386,217,386,219,386,219,386,221,386,222,386,222,386,224,386,225,386,225,386,227,386,229,386,229,386,230,386,232,386,232,386,234,386,235,391,235,395,235,395,235,400,235,404,235,404,235,409,235,412,235,413,234,413,232,413,232,413,230,413,229,413,229,413,227,413,225,413,225,413,224,414,223,417,222,420,222,422,221,422,219,422,219,422,217,422,216,422,216,422,214,422,212,422,212,422,211,420,210,417,209
391,174,388,174,386,175,388,176,391,177,394,176,395,175,394,174,391,174
382,235,379,236,378,237,376,238,373,238,370,239,369,240,367,241,364,242,361,242,360,243,360,245,360,245,360,246,358,248,355,248,352,249,351,250,350,251,347,251,344,252,342,253,341,254,338,255,333,255,333,255,329,255,326,255,324,256,323,257,320,258,316,258,316,258,311,258,307,258,307,258,302,258,298,258,298,258,293,258,289,258,289,258,285,258,282,258,280,259,279,261,276,261,271,261,271,261,267,261,262,261,262,261,258,261,254,261,254,261,249,261,245,261,245,261,240,261,236,261,236,261,231,261,228,262,227,263,227,264,227,264,227,266,226,267,223,268,220,268,218,269,220,270,223,271,227,271,227,271,231,271,234,271,236,272,236,274,236,274,236,276,237,277,240,277,243,278,245,279,246,280,249,280,252,281,254,282,255,283,258,284,262,284,262,284,267,284,271,284,271,284,276,284,280,284,280,284,285,284,289,284,289,284,293,284,298,284,298,284,302,284,307,284,307,284,311,284,314,283,316,282,317,281,320,280,324,280,324,280,329,280,333,280,333,280,338,280,341,281,342,282,344,283,347,284,350,283,351,282,352,281,355,280,358,281,360,282,361,283,364,284,367,283,369,282,369,280,369,280,369,279,369,277,369,277,369,276,370,275,373,274,376,273,378,272,378,271,378,271,378,269,379,268,382,268,385,267,386,266,386,264,386,264,386,263,386,261,386,261,386,259,386,258,386,258,386,256,386,255,386,255,386,253,386,251,386,251,386,250,386,248,386,248,386,246,386,245,386,245,386,243,386,242,386,242,386,240,386,238,386,238,386,237,386,235,382,235
329,141,326,141,324,140,324,138,324,138,324,136,323,135,320,135,316,135,316,135,311,135,308,135,307,136,305,137,302,138,298,138,298,138,293,138,290,139,289,140,288,141,285,141,282,142,280,143,280,144,280,144,280,146,280,148,280,148,280,149,282,150,285,151,288,151,289,153,290,154,293,154,298,154,298,154,302,154,307,154,307,154,311,154,314,154,316,153,317,151,320,151,324,151,324,151,329,151,332,150,333,149,333,148,333,148,333,146,333,144,333,144,333,143,332,142,329,141
267,128,264,129,262,130,261,131,258,131,255,132,254,133,252,134,249,135,245,135,245,135,240,135,237,135,236,136,234,137,231,138,227,138,227,138,223,138,220,139,218,140,218,141,218,141,218,143,217,144,214,144,211,145,209,146,208,147,205,148,202,148,200,149,200,151,200,151,200,153,199,154,196,154,193,155,192,156,190,157,187,157,184,158,183,159,183,161,183,161,183,162,183,164,183,164,183,165,183,167,183,167,183,169,183,170,183,170,183,172,183,174,183,174,183,175,181,176,178,177,175,177,174,178,174,180,174,180,174,182,174,183,174,183,174,185,175,186,178,187,181,187,183,188,183,190,183,190,183,191,184,192,187,193,192,193,192,193,196,193,199,194,200,195,202,196,205,196,209,196,209,196,214,196,218,196,218,196,223,196,227,196,227,196,231,196,236,196,236,195,237,194,240,193,243,192,245,191,245,190,245,190,245,188,245,187,245,187,245,185,245,183,245,183,245,182,245,180,245,180,245,178,246,177,249,177,252,176,254,175,254,174,254,174,254,172,254,170,254,170,254,169,254,167,254,167,254,165,254,164,254,164,254,162,255,161,258,161,261,160,262,159,264,158,267,157,270,157,271,156,270,155,267,154,264,154,262,153,262,151,262,151,262,149,262,148,262,148,262,146,262,144,262,144,262,143,262,141,262,141,262,140,262,138,262,138,262,136,264,135,267,135,270,134,271,133,271,131,271,131,271,130,270,129,267,128
240,196,236,196,236,198,237,199,240,200,243,199,245,198,243,197,240,196
196,274,193,275,192,276,193,277,196,277,199,277,200,276,199,275,196,274
178,38,174,38,174,38,169,38,165,38,165,39,166,40,169,41,174,41,174,41,178,41,181,40,183,39,181,38,178,38
161,21,158,22,156,23,156,25,156,25,156,26,158,27,161,28,164,27,165,26,165,25,165,25,165,23,164,22,161,21
161,34,158,35,156,36,158,37,161,38,165,38,165,36,164,35,161,34
134,21,131,21,130,20,130,18,130,18,130,16,128,15,125,15,121,15,121,15,116,15,112,15,112,16,112,18,112,18,112,20,112,21,112,21,112,23,113,24,116,25,121,25,121,25,125,25,130,25,130,25,134,25,137,24,138,23,137,22,134,21
134,280,130,280,130,280,125,280,122,281,121,282,122,283,125,284,130,284,130,284,134,284,137,283,138,282,137,281,134,280
107,12,104,12,103,13,104,14,107,15,112,15,112,13,110,12,107,12
