621,255,618,255,617,256,618,257,621,258,624,257,626,256,624,255,621,255
497,229,494,229,493,230,494,231,497,232,500,231,502,230,500,229,497,229
453,216,448,216,448,216,444,216,440,216,440,216,435,216,431,216,431,216,426,216,423,216,422,217,423,218,426,219,429,219,431,221,432,222,435,222,438,223,440,224,440,225,440,225,440,227,441,228,444,229,447,228,448,227,450,226,453,225,456,225,457,224,457,222,457,222,457,221,457,219,457,219,457,217,456,216,453,216
453,242,450,242,448,243,448,245,448,245,448,246,447,248,444,248,441,249,440,250,440,251,440,251,440,253,438,254,435,255,432,255,431,256,431,258,431,258,431,259,432,261,435,261,440,261,440,261,444,261,447,261,448,259,448,258,448,258,448,256,448,255,448,255,448,253,450,252,453,251,456,251,457,250,457,248,457,248,457,246,457,245,457,245,457,243,456,242,453,242
435,280,432,281,431,282,429,283,426,284,423,284,422,285,422,287,422,287,422,289,420,290,417,290,414,291,413,292,412,293,409,293,406,294,404,295,403,296,400,297,395,297,395,297,391,297,388,297,386,298,386,300,386,300,386,302,385,303,382,303,379,304,378,305,376,306,373,306,370,307,369,308,367,309,364,310,361,310,360,311,358,312,355,313,352,313,351,315,351,316,351,316,351,318,350,319,347,319,344,320,342,321,342,323,342,323,342,324,344,325,347,326,350,326,351,327,352,329,355,329,358,330,360,331,361,332,364,332,367,332,369,331,370,330,373,329,376,329,378,327,379,326,382,326,385,325,386,324,386,323,386,323,386,321,386,319,386,319,386,318,388,317,391,316,394,316,395,315,395,313,395,313,395,311,395,310,395,310,395,308,397,307,400,306,403,306,404,305,406,304,409,303,412,303,413,302,414,300,417,300,422,300,422,300,426,300,429,299,431,298,431,297,431,297,431,295,432,294,435,293,438,293,440,292,438,291,435,290,432,290,431,289,432,288,435,287,438,286,440,285,440,284,440,284,440,282,438,281,435,280
364,96,361,95,360,94,360,93,360,93,360,91,358,90,355,89,352,89,351,88,351,86,351,86,351,85,351,83,351,83,351,81,350,80,347,80,344,79,342,78,341,77,338,76,335,76,333,75,332,74,329,73,326,74,324,75,324,76,324,76,324,78,324,80,324,80,324,81,323,82,320,83,317,83,316,85,316,86,316,86,316,88,316,89,316,89,316,91,316,93,316,93,316,94,314,95,311,96,308,96,307,97,307,99,307,99,307,101,307,102,307,102,307,104,305,105,302,106,299,106,298,107,296,108,293,109,289,109,289,109,285,109,280,109,280,109,276,109,271,109,271,109,267,109,264,109,262,110,261,112,258,112,254,112,254,112,249,112,245,112,245,112,240,112,236,112,236,112,231,112,227,112,227,112,223,112,220,113,218,114,217,115,214,115,209,115,209,115,205,115,200,115,200,115,196,115,193,116,192,117,190,118,187,119,184,118,183,117,181,116,178,115,174,115,174,115,169,115,166,115,165,114,164,113,161,112,156,112,156,112,152,112,149,112,147,110,146,109,143,109,138,109,138,109,134,109,131,108,130,107,128,106,125,106,122,105,121,104,119,103,116,102,112,102,112,102,107,102,104,102,103,101,102,100,99,99,96,99,94,97,93,96,90,96,85,96,85,96,81,96,76,96,76,97,76,99,76,99,76,101,78,102,81,102,84,103,85,104,85,106,85,106,85,107,87,108,90,109,94,109,94,109,99,109,102,109,103,110,103,112,103,112,103,114,104,115,107,115,112,115,112,115,116,115,121,115,121,115,125,115,130,115,130,115,134,115,137,116,138,117,140,118,143,119,146,119,147,120,149,121,152,122,156,122,156,122,161,122,164,122,165,123,165,125,169,125,172,126,174,127,172,128,169,128,166,128,165,127,165,125,161,125,156,125,156,125,152,125,149,126,147,127,147,128,147,128,147,130,149,131,152,131,155,132,156,133,158,134,161,135,164,135,165,136,166,137,169,138,172,138,174,140,175,141,178,141,183,141,183,141,187,141,192,141,192,141,196,141,199,142,200,143,202,144,205,144,209,144,209,144,214,144,218,144,218,144,223,144,227,144,227,144,231,144,236,144,236,144,240,144,245,144,245,144,249,144,252,145,254,146,255,147,258,148,262,148,262,148,267,148,270,147,271,146,273,145,276,144,280,144,280,144,285,144,289,144,289,144,293,144,296,144,298,143,299,142,302,141,305,141,307,140,308,138,311,138,314,137,316,136,317,135,320,135,323,134,324,133,326,132,329,131,332,131,333,130,335,129,338,128,341,128,342,127,344,126,347,125,351,125,351,125,355,125,358,124,360,123,358,122,355,122,352,121,351,120,352,119,355,119,358,118,360,117,358,116,355,115,352,115,351,114,350,113,347,112,344,112,342,110,342,109,342,109,342,107,342,106,342,106,342,104,344,103,347,102,351,102,351,102,355,102,358,103,360,104,361,105,364,106,367,105,369,104,369,102,369,102,369,101,369,99,369,99,369,97,367,96,364,96
347,34,342,34,342,36,344,37,347,38,350,37,351,36,350,35,347,34
338,31,335,32,333,33,335,34,338,34,342,34,342,33,341,32,338,31
338,336,333,336,333,336,329,336,324,336,324,336,320,336,316,336,316,336,311,336,308,336,307,337,305,338,302,339,299,339,298,340,296,342,293,342,290,343,289,344,288,345,285,345,280,345,280,345,276,345,271,345,271,345,267,345,264,346,262,347,262,349,262,349,262,350,264,351,267,352,271,352,271,352,276,352,280,352,280,352,285,352,288,351,289,350,290,349,293,349,298,349,298,349,302,349,307,349,307,349,311,349,316,349,316,349,320,349,323,348,324,347,324,345,324,345,324,344,326,343,329,342,332,341,333,340,335,339,338,339,341,338,342,337,341,336,338,336
311,326,308,326,307,327,307,329,311,329,314,329,316,327,314,326,311,326
302,329,299,330,298,331,299,332,302,332,305,332,307,331,307,329,302,329
258,47,255,48,254,49,254,50,258,50,261,50,262,49,261,48,258,47
258,60,255,60,254,59,254,57,254,57,254,55,254,54,254,54,254,52,254,50,249,50,246,50,245,49,245,47,245,47,245,46,243,45,240,44,236,44,236,44,231,44,228,45,227,46,226,47,223,47,218,47,218,47,214,47,211,47,209,46,208,45,205,44,202,43,200,42,199,41,196,41,193,40,192,39,190,38,187,38,184,37,183,36,183,34,183,34,183,33,181,32,178,31,174,31,174,31,169,31,166,31,165,29,165,28,165,28,165,26,164,25,161,25,156,25,156,25,152,25,147,25,147,25,143,25,138,25,138,25,134,25,131,25,130,26,128,27,125,28,122,28,121,29,119,31,116,31,113,32,112,33,112,34,112,34,112,36,110,37,107,38,104,38,103,39,103,41,103,41,103,42,103,44,103,44,103,46,103,47,103,47,103,49,103,50,103,50,103,52,104,53,107,54,110,54,112,55,112,57,112,57,112,59,112,60,112,60,112,62,110,63,107,63,104,64,103,65,102,66,99,67,96,66,94,65,93,64,90,63,87,64,85,65,85,67,85,67,85,68,87,69,90,70,93,70,94,72,96,73,99,73,102,74,103,75,104,76,107,76,110,77,112,78,113,79,116,80,119,80,121,81,121,83,121,83,121,85,121,86,121,86,121,88,122,89,125,89,128,90,130,91,131,92,134,93,138,93,138,93,143,93,147,93,147,93,152,93,156,93,156,93,161,93,164,93,165,94,166,95,169,96,172,95,174,94,175,93,178,93,183,93,183,93,187,93,192,93,192,93,196,93,200,93,200,93,205,93,208,92,209,91,208,90,205,89,202,89,200,88,199,87,196,86,193,86,192,85,192,83,192,83,192,81,193,80,196,80,200,80,200,80,205,80,209,80,209,80,214,80,217,80,218,81,220,82,223,83,226,82,227,81,228,80,231,80,234,79,236,78,237,77,240,76,243,76,245,75,245,73,245,73,245,72,246,70,249,70,252,69,254,68,254,67,254,67,254,65,255,64,258,63,261,63,262,62,261,61,258,60
249,38,245,38,245,38,240,38,237,38,236,39,237,40,240,41,245,41,245,41,249,41,252,40,254,39,252,38,249,38
134,125,131,126,130,127,131,128,134,128,137,128,138,127,137,126,134,125
116,122,112,122,112,122,107,122,104,121,103,120,102,119,99,119,94,119,94,119,90,119,85,119,85,120,85,122,85,122,85,123,87,124,90,125,94,125,94,125,99,125,103,125,103,125,107,125,112,125,112,125,116,125,119,124,121,123,119,122,116,122
81,115,78,116,76,117,78,118,81,119,85,119,85,117,84,116,81,115
72,93,68,93,68,94,69,95,72,96,76,96,76,94,75,93,72,93
63,89,60,90,59,91,60,92,63,93,68,93,68,91,66,90,63,89
