462,170,457,170,457,170,453,170,450,171,448,172,450,173,453,174,456,174,457,175,459,176,462,177,465,176,466,175,466,174,466,174,466,172,465,171,462,170
320,122,317,121,316,120,314,119,311,119,308,119,307,120,307,122,307,122,307,123,308,124,311,125,314,126,316,127,314,128,311,128,308,129,307,130,308,131,311,131,316,131,316,131,320,131,323,131,324,130,324,128,324,128,324,127,324,125,324,125,324,123,323,122,320,122
320,138,317,139,316,140,316,141,316,141,316,143,317,144,320,144,323,144,324,143,324,141,324,141,324,140,323,139,320,138
293,122,289,122,289,122,285,122,282,122,280,123,282,124,285,125,289,125,289,125,293,125,296,124,298,123,296,122,293,122
249,180,246,180,245,178,243,177,240,177,237,176,236,175,234,174,231,174,228,173,227,172,226,171,223,170,220,170,218,169,217,168,214,167,209,167,209,169,209,170,209,170,209,172,211,173,214,174,217,174,218,175,218,177,218,177,218,178,220,180,223,180,226,181,227,182,227,183,227,183,227,185,226,186,223,187,220,186,218,185,217,184,214,183,209,183,209,183,205,183,200,183,200,185,202,186,205,187,208,187,209,188,209,190,209,190,209,191,211,192,214,193,217,194,218,195,220,196,223,196,227,196,227,196,231,196,236,196,236,196,240,196,245,196,245,196,249,196,252,196,254,195,254,193,254,193,254,191,254,190,254,190,254,188,254,187,254,187,254,185,254,183,254,183,254,182,252,181,249,180
223,60,220,61,218,62,218,63,218,63,218,65,218,67,218,67,218,68,220,69,223,70,226,69,227,68,227,67,227,67,227,65,227,63,227,63,227,62,226,61,223,60
223,89,220,90,218,91,220,92,223,93,226,92,227,91,226,90,223,89
205,54,202,54,200,55,202,56,205,57,208,56,209,55,208,54,205,54
205,164,202,164,200,165,202,167,205,167,209,167,209,165,208,164,205,164
196,180,193,181,192,182,193,183,196,183,200,183,200,182,199,181,196,180
