630,203,626,203,626,203,621,203,618,203,617,204,617,206,617,206,617,208,618,209,621,209,624,210,626,211,626,212,626,212,626,214,627,215,630,216,630,203
577,349,574,349,572,350,574,351,577,352,580,351,581,350,580,349,577,349
391,404,388,403,386,402,385,401,382,400,378,400,378,400,373,400,369,400,369,400,364,400,361,400,360,399,360,397,360,397,360,395,358,394,355,394,351,394,351,395,351,397,351,397,351,399,351,400,351,400,351,402,352,403,355,404,360,404,360,404,364,404,369,404,369,404,373,404,376,404,378,405,379,406,382,407,386,407,386,407,391,407,394,406,395,405,394,404,391,404
347,391,342,391,342,392,344,393,347,394,351,394,351,392,350,391,347,391
338,187,333,187,333,187,329,187,326,187,324,188,323,189,320,190,317,190,316,191,316,193,316,193,316,195,314,196,311,196,308,197,307,198,308,199,311,200,316,200,316,200,320,200,323,199,324,198,326,197,329,196,332,196,333,195,333,193,333,193,333,191,335,190,338,190,341,189,342,188,341,187,338,187
338,387,333,387,333,389,335,390,338,391,342,391,342,389,341,388,338,387
329,381,326,380,324,379,324,378,324,378,324,376,323,375,320,374,316,374,316,374,311,374,307,374,307,374,302,374,299,375,298,376,296,377,293,378,289,378,289,378,285,378,282,378,280,379,282,380,285,381,288,381,289,383,289,384,289,384,289,386,288,387,285,387,282,388,280,389,282,390,285,391,289,391,289,391,293,391,298,391,298,391,302,391,307,391,307,391,311,391,314,390,316,389,317,388,320,387,324,387,324,387,329,387,333,387,333,386,333,384,333,384,333,383,332,381,329,381
293,122,290,121,289,120,289,119,289,119,289,117,288,116,285,115,280,115,280,117,280,119,280,119,280,120,280,122,280,122,280,123,282,124,285,125,288,126,289,127,290,128,293,128,296,128,298,127,298,125,298,125,298,123,296,122,293,122
293,203,290,202,289,201,289,200,289,200,289,198,289,196,289,196,289,195,288,194,285,193,280,193,280,193,276,193,271,193,271,193,267,193,262,193,262,193,258,193,255,192,254,191,252,190,249,190,246,189,245,188,243,187,240,187,236,187,236,187,231,187,227,187,227,187,223,187,220,187,218,188,218,190,218,190,218,191,218,193,218,193,218,195,218,196,223,196,226,197,227,198,226,199,223,200,220,199,218,198,218,196,214,196,209,196,209,196,205,196,202,196,200,195,199,194,196,193,193,194,192,195,192,196,192,196,192,198,193,199,196,200,199,200,200,201,202,202,205,203,208,203,209,204,211,205,214,206,218,206,218,206,223,206,226,207,227,208,228,209,231,209,236,209,236,209,240,209,245,209,245,209,249,209,252,209,254,208,255,207,258,206,262,206,262,206,267,206,270,207,271,208,273,209,276,209,279,210,280,211,282,212,285,212,288,212,289,211,290,210,293,209,296,209,298,208,298,206,298,206,298,204,296,203,293,203
231,190,228,190,227,191,228,192,231,193,234,192,236,191,234,190,231,190
276,109,271,109,271,109,267,109,264,109,262,110,264,111,267,112,270,113,271,114,273,115,276,115,280,115,280,114,280,112,280,112,280,110,279,109,276,109
267,378,262,378,262,378,258,378,254,378,254,378,249,378,245,378,245,378,240,378,236,378,236,378,231,378,227,378,227,378,223,378,218,378,218,378,214,378,209,378,209,378,205,378,202,377,200,376,199,375,196,374,192,374,192,374,187,374,183,374,183,374,178,374,174,374,174,374,169,374,166,375,165,376,166,377,169,378,174,378,174,378,178,378,181,378,183,379,183,381,183,381,183,383,184,384,187,384,192,384,192,384,196,384,199,385,200,386,202,387,205,387,209,387,209,387,214,387,218,387,218,387,223,387,227,387,227,387,231,387,236,387,236,387,240,387,245,387,245,387,249,387,254,387,254,387,258,387,261,387,262,386,264,385,267,384,270,384,271,383,271,381,271,381,271,379,270,378,267,378
240,80,237,79,236,78,234,77,231,76,228,77,227,78,226,79,223,80,220,80,218,81,220,82,223,83,226,83,227,85,227,86,227,86,227,88,228,89,231,89,234,89,236,88,236,86,236,86,236,85,237,83,240,83,243,82,245,81,243,80,240,80
240,345,237,346,236,347,236,349,240,349,243,348,245,347,243,346,240,345
231,349,228,349,227,350,228,351,231,352,234,351,236,350,236,349,231,349
