630,381,626,381,626,381,621,381,617,381,617,381,612,381,608,381,608,381,603,381,600,381,599,383,598,384,595,384,590,384,590,384,586,384,583,385,581,386,580,387,577,387,574,388,572,389,571,390,568,391,564,391,564,391,559,391,555,391,555,391,550,391,547,391,546,392,544,393,541,394,538,394,537,395,537,397,537,397,537,399,538,400,541,400,544,401,546,402,547,403,550,404,553,404,555,405,555,407,555,407,555,408,555,410,555,410,555,412,555,413,555,413,555,415,556,416,559,417,562,417,564,418,565,419,568,420,572,420,572,420,577,420,580,420,581,421,581,423,581,423,581,425,581,426,581,426,581,428,581,430,581,430,581,431,580,432,577,433,574,433,572,434,574,435,577,436,580,437,581,438,583,439,586,439,590,439,590,439,595,439,598,440,599,441,600,442,603,442,606,443,608,444,608,446,608,446,608,447,606,448,603,449,600,449,599,451,599,452,599,452,599,454,600,455,603,455,606,455,608,454,609,453,612,452,617,452,617,452,621,452,624,453,626,454,627,455,630,455,630,381
630,183,627,184,626,185,624,186,621,187,618,187,617,188,615,189,612,190,608,190,608,190,603,190,600,190,599,191,598,192,595,193,592,194,590,195,590,196,590,196,590,198,589,199,586,200,583,200,581,201,580,202,577,203,572,203,572,203,568,203,565,203,564,204,562,205,559,206,556,207,555,208,555,209,555,209,555,211,555,212,555,212,555,214,553,215,550,216,546,216,546,216,541,216,538,216,537,217,536,218,533,219,530,219,528,221,528,222,528,222,528,224,528,225,528,225,528,227,528,229,528,229,528,230,528,232,528,232,528,234,527,235,524,235,521,236,519,237,519,238,519,238,519,240,519,242,519,242,519,243,519,245,524,245,527,245,528,246,528,248,533,248,537,248,537,248,541,248,544,248,546,246,547,245,550,245,553,244,555,243,556,242,559,242,562,241,564,240,564,238,564,238,564,237,565,236,568,235,572,235,572,235,577,235,580,235,581,234,581,232,577,232,574,231,572,230,574,229,577,229,580,229,581,230,581,232,586,232,590,232,590,232,595,232,598,231,599,230,600,229,603,229,606,228,608,227,609,226,612,225,617,225,617,225,621,225,624,225,626,224,626,222,626,222,626,221,627,219,630,219,630,183
550,255,547,254,546,253,544,252,541,251,537,251,537,251,533,251,530,251,528,250,528,248,524,248,521,248,519,246,519,245,515,245,510,245,510,245,506,245,503,245,502,246,502,248,502,248,502,250,503,251,506,251,509,252,510,253,510,255,510,255,510,256,510,258,510,258,510,259,509,261,506,261,503,262,502,263,503,264,506,264,510,264,510,264,515,264,518,264,519,263,521,262,524,261,528,261,528,261,533,261,536,261,537,259,538,258,541,258,546,258,546,258,550,258,553,257,555,256,553,255,550,255
373,135,370,135,369,136,370,137,373,138,376,137,378,136,376,135,373,135
338,106,335,105,333,104,332,103,329,102,326,103,324,104,324,106,324,106,324,107,324,109,324,109,324,110,324,112,324,112,324,114,324,115,324,115,324,117,326,118,329,119,333,119,333,119,338,119,341,118,342,117,342,115,342,115,342,114,342,112,342,112,342,110,342,109,342,109,342,107,341,106,338,106
276,106,273,106,271,107,271,109,271,109,271,110,273,111,276,112,279,111,280,110,280,109,280,109,280,107,279,106,276,106
267,154,262,154,262,154,258,154,255,154,254,153,252,151,249,151,246,151,245,153,245,154,245,154,245,156,246,157,249,157,252,158,254,159,255,160,258,161,261,161,262,162,264,163,267,164,270,163,271,162,271,161,271,161,271,159,271,157,271,157,271,156,270,155,267,154
267,381,262,381,262,383,264,384,267,384,270,384,271,383,270,381,267,381
258,374,254,374,254,374,249,374,245,374,245,376,246,377,249,378,252,378,254,379,255,380,258,381,262,381,262,379,262,378,262,378,262,376,261,375,258,374
240,371,237,372,236,373,237,374,240,374,245,374,245,373,243,372,240,371
214,349,209,349,209,349,205,349,202,349,200,350,202,351,205,352,209,352,209,352,214,352,217,351,218,350,217,349,214,349
214,365,211,365,209,366,211,367,214,368,217,367,218,366,217,365,214,365
169,345,166,345,165,344,164,343,161,342,156,342,156,342,152,342,149,342,147,340,146,339,143,339,138,339,138,339,134,339,131,339,130,340,131,341,134,342,137,343,138,344,140,345,143,345,146,346,147,347,149,348,152,349,155,349,156,350,158,351,161,352,165,352,165,352,169,352,172,351,174,350,174,349,174,349,174,347,172,346,169,345
