621,255,618,255,617,256,617,258,617,258,617,259,617,261,617,261,617,263,618,264,621,264,624,264,626,263,626,261,626,261,626,259,626,258,626,258,626,256,624,255,621,255
417,290,414,291,413,292,414,293,417,293,420,293,422,292,420,291,417,290
391,345,388,345,386,344,386,342,386,342,386,340,385,339,382,339,378,339,378,339,373,339,370,338,369,337,370,336,373,336,376,335,378,334,379,333,382,332,385,332,386,331,386,329,386,329,386,327,386,326,386,326,386,324,386,323,386,323,386,321,386,319,386,319,386,318,385,317,382,316,379,317,378,318,376,319,373,319,370,320,369,321,367,322,364,323,361,323,360,324,358,325,355,326,352,326,351,327,351,329,351,329,351,331,350,332,347,332,344,333,342,334,342,336,342,336,342,337,342,339,342,339,342,340,344,341,347,342,351,342,351,342,355,342,358,343,360,344,358,345,355,345,352,346,351,347,350,348,347,349,344,349,342,350,342,352,347,352,351,352,351,352,355,352,360,352,360,352,364,352,369,352,369,352,373,352,378,352,378,352,382,352,385,351,386,350,388,349,391,349,394,348,395,347,394,346,391,345
364,96,361,95,360,94,360,93,360,93,360,91,358,90,355,89,352,89,351,88,351,86,351,86,351,85,351,83,351,83,351,81,350,80,347,80,344,79,342,78,341,77,338,76,335,77,333,78,333,80,333,80,333,81,333,83,333,83,333,85,333,86,333,86,333,88,333,89,333,89,333,91,333,93,333,93,333,94,332,95,329,96,326,96,324,97,324,99,324,99,324,101,324,102,324,102,324,104,323,105,320,106,317,106,316,107,316,109,316,109,316,110,314,112,311,112,308,113,307,114,305,115,302,115,299,116,298,117,296,118,293,119,289,119,289,119,285,119,282,119,280,120,279,121,276,122,273,122,271,123,270,124,267,125,264,126,262,127,261,128,258,128,254,128,254,128,249,128,245,128,245,128,240,128,236,128,236,128,231,128,227,128,227,128,223,128,218,128,218,128,214,128,211,129,209,130,208,131,205,131,200,131,200,131,196,131,192,131,192,131,187,131,183,131,183,131,178,131,174,131,174,131,169,131,166,131,165,130,164,129,161,128,158,128,156,127,155,126,152,125,147,125,147,125,143,125,138,125,138,125,134,125,130,125,130,125,125,125,122,126,121,127,122,128,125,128,128,129,130,130,130,131,130,131,130,133,131,134,134,135,137,135,138,136,140,137,143,138,147,138,147,138,152,138,155,138,156,140,158,141,161,141,164,142,165,143,165,144,165,144,165,146,166,147,169,148,174,148,174,148,178,148,183,148,183,148,187,148,192,148,192,148,196,148,200,148,200,148,205,148,209,148,209,148,214,148,218,148,218,148,223,148,227,148,227,148,231,148,234,148,236,149,237,150,240,151,243,151,245,153,246,154,249,154,254,154,254,154,258,154,262,154,262,154,267,154,271,154,271,154,276,154,279,154,280,153,282,151,285,151,289,151,289,151,293,151,298,151,298,151,302,151,305,150,307,149,308,148,311,148,314,147,316,146,317,145,320,144,323,144,324,143,326,142,329,141,332,141,333,140,335,138,338,138,341,137,342,136,344,135,347,135,350,134,351,133,352,132,355,131,358,131,360,130,360,128,360,128,360,127,360,125,360,125,360,123,360,122,360,122,360,120,360,119,360,119,360,117,358,116,355,115,352,115,351,114,350,113,347,112,344,112,342,110,342,109,342,109,342,107,342,106,342,106,342,104,344,103,347,102,351,102,351,102,355,102,358,103,360,104,361,105,364,106,367,105,369,104,369,102,369,102,369,101,369,99,369,99,369,97,367,96,364,96
347,34,344,35,342,36,344,37,347,38,350,37,351,36,350,35,347,34
338,352,333,352,333,352,329,352,324,352,324,352,320,352,317,352,316,353,314,354,311,355,308,356,307,357,308,358,311,358,316,358,316,358,320,358,324,358,324,358,329,358,332,358,333,357,335,356,338,355,341,354,342,353,342,352,338,352
329,336,324,336,324,336,320,336,317,336,316,337,314,338,311,339,308,339,307,340,305,342,302,342,299,343,298,344,296,345,293,345,289,345,289,345,285,345,280,345,280,345,276,345,273,346,271,347,271,349,276,349,279,349,280,350,282,351,285,352,288,351,289,350,290,349,293,349,298,349,298,349,302,349,305,348,307,347,308,346,311,345,316,345,316,345,320,345,324,345,324,345,329,345,332,345,333,344,333,342,333,342,333,340,333,339,333,339,333,337,332,336,329,336
267,349,264,349,262,350,264,351,267,352,270,351,271,350,271,349,267,349
258,47,254,47,254,47,249,47,246,47,245,46,243,45,240,44,237,43,236,42,237,41,240,41,243,40,245,39,243,38,240,38,236,38,236,38,231,38,228,38,227,39,227,41,227,41,227,42,226,43,223,44,220,45,218,46,217,47,214,47,211,47,209,46,208,45,205,44,202,43,200,42,199,41,196,41,193,40,192,39,190,38,187,38,184,37,183,36,181,35,178,34,175,34,174,33,172,32,169,31,166,31,165,29,164,28,161,28,158,27,156,26,155,25,152,25,147,25,147,25,143,25,138,25,138,25,134,25,131,25,130,26,128,27,125,28,122,28,121,29,119,31,116,31,113,32,112,33,110,34,107,34,104,35,103,36,103,38,103,38,103,39,102,40,99,41,96,41,94,42,94,44,94,44,94,46,94,47,94,47,94,49,94,50,94,50,94,52,96,53,99,54,102,54,103,55,104,56,107,57,110,58,112,59,112,60,112,60,112,62,112,63,112,63,112,65,112,67,112,67,112,68,112,70,112,70,112,72,112,73,112,73,112,75,112,76,112,76,112,78,112,80,112,80,112,81,113,82,116,83,119,83,121,85,121,86,121,86,121,88,121,89,121,89,121,91,122,92,125,93,128,93,130,94,131,95,134,96,137,96,138,97,140,99,143,99,146,100,147,101,149,102,152,102,156,102,156,102,161,102,165,102,165,102,169,102,172,103,174,104,175,105,178,106,183,106,183,106,187,106,190,105,192,104,190,103,187,102,184,102,183,101,183,99,183,99,183,97,181,96,178,96,175,95,174,94,174,93,174,93,174,91,174,89,174,89,174,88,174,86,174,86,174,85,174,83,174,83,174,81,174,80,174,80,174,78,175,77,178,76,183,76,183,76,187,76,190,77,192,78,193,79,196,80,199,80,200,81,200,83,200,83,200,85,202,86,205,86,209,86,209,86,214,86,217,86,218,85,218,83,218,83,218,81,220,80,223,80,226,79,227,78,227,76,227,76,227,75,228,74,231,73,234,73,236,72,237,70,240,70,245,70,245,70,249,70,252,69,254,68,254,67,254,67,254,65,254,63,254,63,254,62,254,60,254,60,254,59,255,58,258,57,261,56,262,55,262,54,262,54,262,52,262,50,262,50,262,49,261,48,258,47
107,122,103,122,103,122,99,122,94,122,94,123,96,124,99,125,103,125,103,125,107,125,110,124,112,123,110,122,107,122
90,119,87,119,85,120,87,121,90,122,94,122,94,120,93,119,90,119
