630,365,627,365,626,366,627,367,630,368,630,365
453,413,448,413,448,413,444,413,441,414,440,415,440,417,440,417,440,418,441,419,444,420,448,420,448,420,453,420,456,419,457,418,457,417,457,417,457,415,456,414,453,413
311,115,308,116,307,117,307,119,307,119,307,120,307,122,311,122,314,121,316,120,316,119,316,119,316,117,314,116,311,115
311,384,308,385,307,386,305,387,302,387,298,387,298,387,293,387,290,388,289,389,289,391,289,391,289,392,290,393,293,394,298,394,298,394,302,394,307,394,307,394,311,394,314,393,316,392,316,391,316,391,316,389,316,387,316,387,316,386,314,385,311,384
302,122,299,122,298,123,299,124,302,125,305,124,307,123,307,122,302,122
302,209,298,209,298,209,293,209,289,209,289,209,285,209,280,209,280,209,276,209,271,209,271,209,267,209,264,209,262,208,261,207,258,206,254,206,254,206,249,206,245,206,245,206,240,206,236,206,236,206,231,206,227,206,227,206,223,206,218,206,218,206,214,206,209,206,209,206,205,206,202,207,200,208,200,209,200,209,200,211,200,212,200,212,200,214,202,215,205,216,209,216,209,216,214,216,218,216,218,216,223,216,227,216,227,216,231,216,234,216,236,217,236,219,240,219,243,219,245,221,245,222,245,222,245,224,246,225,249,225,252,225,254,224,255,223,258,222,262,222,262,222,267,222,271,222,271,222,276,222,280,222,280,222,285,222,288,223,289,224,290,225,293,225,298,225,298,225,302,225,305,225,307,224,307,222,307,222,307,221,307,219,307,219,307,217,307,216,307,216,307,214,307,212,307,212,307,211,305,210,302,209
285,122,280,122,280,122,276,122,273,122,271,123,270,124,267,125,264,124,262,123,262,122,262,122,262,120,261,119,258,119,255,118,254,117,252,116,249,115,245,115,245,115,240,115,237,116,236,117,236,119,236,119,236,120,236,122,236,122,236,123,236,125,236,125,236,127,236,128,236,128,236,130,237,131,240,131,243,132,245,133,245,135,245,135,245,136,245,138,245,138,245,140,246,141,249,141,252,142,254,143,255,144,258,144,261,144,262,143,264,142,267,141,270,141,271,140,271,138,271,138,271,136,273,135,276,135,280,135,280,135,285,135,288,134,289,133,289,131,289,131,289,130,289,128,289,128,289,127,289,125,289,125,289,123,288,122,285,122
267,391,262,391,262,391,258,391,254,391,254,391,249,391,246,391,245,392,243,393,240,394,236,394,236,394,231,394,227,394,227,394,223,394,218,394,218,394,214,394,211,393,209,392,208,391,205,391,200,391,200,391,196,391,193,391,192,392,193,393,196,394,199,394,200,395,202,397,205,397,209,397,209,397,214,397,218,397,218,397,223,397,227,397,227,397,231,397,234,398,236,399,237,400,240,400,245,400,245,400,249,400,254,400,254,400,258,400,261,400,262,399,264,398,267,397,270,397,271,395,271,394,271,394,271,392,270,391,267,391
249,109,246,109,245,110,246,111,249,112,252,111,254,110,252,109,249,109
231,219,228,219,227,221,228,222,231,222,234,222,236,221,236,219,231,219
214,358,211,359,209,360,211,361,214,361,217,361,218,360,217,359,214,358
