630,387,627,388,626,389,626,391,626,391,626,392,626,394,626,394,626,395,627,397,630,397,630,387
595,404,592,404,590,405,592,406,595,407,598,406,599,405,598,404,595,404
559,433,556,432,555,431,555,430,555,430,555,428,553,427,550,426,547,426,546,425,544,424,541,423,538,424,537,425,536,426,533,426,528,426,528,426,524,426,519,426,519,426,515,426,510,426,510,426,506,426,503,426,502,425,500,424,497,423,493,423,493,423,488,423,484,423,484,423,479,423,475,423,475,425,476,426,479,426,482,427,484,428,485,429,488,430,491,430,493,431,493,433,493,433,493,434,494,435,497,436,502,436,502,436,506,436,510,436,510,436,515,436,519,436,519,436,524,436,528,436,528,436,533,436,536,435,537,434,538,433,541,433,544,433,546,434,547,435,550,436,555,436,555,436,559,436,562,435,564,434,562,433,559,433
471,420,468,420,466,421,468,422,471,423,475,423,475,421,474,420,471,420
391,164,388,163,386,162,385,161,382,161,378,161,378,162,378,164,378,164,378,165,376,167,373,167,370,168,369,169,369,170,369,170,369,172,370,173,373,174,376,174,378,175,378,177,378,177,378,178,378,180,378,180,378,182,379,183,382,183,385,184,386,185,388,186,391,187,394,186,395,185,395,183,395,183,395,182,395,180,395,180,395,178,395,177,395,177,395,175,395,174,395,174,395,172,395,170,395,170,395,169,395,167,395,167,395,165,394,164,391,164
382,154,379,155,378,156,378,157,382,157,385,157,386,156,385,155,382,154
373,157,370,158,369,159,370,160,373,161,378,161,378,159,378,157,373,157
355,212,352,212,351,211,350,210,347,209,344,210,342,211,342,212,342,212,342,214,341,215,338,216,335,216,333,217,332,218,329,219,326,219,324,221,323,222,320,222,317,223,316,224,314,225,311,225,307,225,307,225,302,225,298,225,298,225,293,225,289,225,289,225,285,225,280,225,280,225,276,225,271,225,271,225,267,225,262,225,262,225,258,225,254,225,254,225,249,225,245,225,245,225,240,225,237,225,236,224,234,223,231,222,228,223,227,224,226,225,223,225,220,226,218,227,220,228,223,229,226,229,227,230,228,231,231,232,234,232,236,234,237,235,240,235,243,236,245,237,245,238,245,238,245,240,246,241,249,242,254,242,254,242,258,242,262,242,262,242,267,242,271,242,271,242,276,242,280,242,280,242,285,242,288,241,289,240,290,239,293,238,298,238,298,238,302,238,307,238,307,238,311,238,314,239,316,240,317,241,320,242,323,241,324,240,326,239,329,238,332,238,333,237,335,236,338,235,341,235,342,234,342,232,342,232,342,230,342,229,342,229,342,227,342,225,342,225,342,224,344,223,347,222,351,222,351,222,355,222,358,222,360,221,360,219,360,219,360,217,360,216,360,216,360,214,358,213,355,212
311,119,308,118,307,117,307,115,307,115,307,114,305,113,302,112,299,113,298,114,296,115,293,115,289,115,289,115,285,115,282,115,280,114,279,113,276,112,271,112,271,112,267,112,264,113,262,114,261,115,258,115,255,115,254,114,254,112,254,112,254,110,254,109,254,109,254,107,252,106,249,106,245,106,245,106,240,106,237,106,236,107,236,109,236,109,236,110,234,112,231,112,228,113,227,114,227,115,227,115,227,117,227,119,227,119,227,120,226,121,223,122,220,122,218,123,218,125,218,125,218,127,217,128,214,128,211,129,209,130,208,131,205,131,202,132,200,133,199,134,196,135,193,135,192,136,193,137,196,138,199,138,200,140,200,141,200,141,200,143,200,144,200,144,200,146,200,148,200,148,200,149,200,151,200,151,200,153,200,154,200,154,200,156,200,157,200,157,200,159,202,160,205,161,209,161,209,161,214,161,217,161,218,162,220,163,223,164,227,164,227,164,231,164,234,164,236,165,236,167,236,167,236,169,237,170,240,170,245,170,245,170,249,170,252,170,254,169,254,167,254,167,254,165,254,164,254,164,254,162,254,161,254,161,254,159,255,158,258,157,261,157,262,156,264,155,267,154,270,154,271,153,271,151,271,151,271,149,273,148,276,148,279,147,280,146,280,144,280,144,280,143,282,142,285,141,288,141,289,140,290,138,293,138,296,137,298,136,299,135,302,135,305,134,307,133,307,131,307,131,307,130,308,129,311,128,314,128,316,127,314,126,311,125,308,124,307,123,308,122,311,122,314,121,316,120,314,119,311,119
267,400,264,401,262,402,264,403,267,404,270,403,271,402,270,401,267,400
258,371,254,371,254,371,249,371,246,372,245,373,246,374,249,374,254,374,254,374,258,374,261,374,262,373,261,372,258,371
90,255,87,255,85,256,87,257,90,258,93,257,94,256,93,255,90,255
