497,255,494,254,493,253,493,251,493,251,493,250,493,248,493,248,493,246,493,245,493,245,493,243,491,242,488,242,485,241,484,240,482,239,479,238,475,238,475,238,471,238,468,238,466,237,465,236,462,235,459,235,457,234,457,232,457,232,457,230,456,229,453,229,450,228,448,227,447,226,444,225,441,226,440,227,438,228,435,229,431,229,431,229,426,229,423,229,422,230,422,232,422,232,422,234,422,235,422,235,422,237,423,238,426,238,429,239,431,240,431,242,431,242,431,243,431,245,431,245,431,246,431,248,431,248,431,250,432,251,435,251,438,252,440,253,441,254,444,255,447,255,448,256,450,257,453,258,456,258,457,259,457,261,457,261,457,263,457,264,457,264,457,266,459,267,462,268,465,268,466,269,468,270,471,271,474,271,475,272,476,273,479,274,484,274,484,274,488,274,493,274,493,274,497,274,500,273,502,272,502,271,502,271,502,269,502,268,502,268,502,266,502,264,502,264,502,263,502,261,502,261,502,259,502,258,502,258,502,256,500,255,497,255
417,336,414,336,413,337,413,339,417,339,420,338,422,337,420,336,417,336
409,339,406,339,404,340,406,341,409,342,412,341,413,340,413,339,409,339
382,148,379,147,378,146,378,144,378,144,378,143,376,142,373,141,370,141,369,140,369,138,369,138,369,136,369,135,369,135,369,133,369,131,369,131,369,130,367,129,364,128,361,128,360,127,360,125,360,125,360,123,360,122,360,122,360,120,360,119,360,119,360,117,358,116,355,115,352,115,351,114,350,113,347,112,344,112,342,110,342,109,342,109,342,107,342,106,342,106,342,104,344,103,347,102,351,102,351,102,355,102,358,103,360,104,360,106,360,106,360,107,361,108,364,109,367,108,369,107,369,106,369,106,369,104,369,102,369,102,369,101,369,99,369,99,369,97,367,96,364,96,361,95,360,94,358,93,355,93,352,92,351,91,351,89,351,89,351,88,351,86,351,86,351,85,350,83,347,83,344,82,342,81,342,80,342,80,342,78,341,77,338,76,335,76,333,75,332,74,329,73,324,73,324,73,320,73,316,73,316,73,311,73,308,74,307,75,308,76,311,76,314,77,316,78,316,80,316,80,316,81,316,83,316,83,316,85,317,86,320,86,323,87,324,88,324,89,324,89,324,91,324,93,324,93,324,94,324,96,324,96,324,97,324,99,324,99,324,101,324,102,324,102,324,104,324,106,324,106,324,107,324,109,324,109,324,110,324,112,324,112,324,114,324,115,324,115,324,117,324,119,324,119,324,120,324,122,324,122,324,123,324,125,324,125,324,127,324,128,324,128,324,130,323,131,320,131,317,132,316,133,316,135,316,135,316,136,316,138,316,138,316,140,316,141,316,141,316,143,314,144,311,144,308,145,307,146,307,148,307,148,307,149,307,151,307,151,307,153,307,154,307,154,307,156,305,157,302,157,299,158,298,159,298,161,298,161,298,162,296,163,293,164,290,164,289,165,289,167,289,167,289,169,289,170,289,170,289,172,289,174,289,174,289,175,290,176,293,177,296,176,298,175,299,174,302,174,305,173,307,172,308,171,311,170,314,170,316,169,317,168,320,167,323,167,324,165,324,164,324,164,324,162,326,161,329,161,332,160,333,159,333,157,333,157,333,156,335,155,338,154,341,155,342,156,344,157,347,157,350,158,351,159,352,160,355,161,358,160,360,159,361,158,364,157,369,157,369,157,373,157,378,157,378,157,382,157,385,157,386,156,386,154,386,154,386,153,386,151,386,151,386,149,385,148,382,148
382,352,378,352,378,352,373,352,370,352,369,353,367,354,364,355,361,356,360,357,360,358,360,358,360,360,360,361,360,361,360,363,361,364,364,365,367,364,369,363,369,361,369,361,369,360,370,359,373,358,376,358,378,357,379,356,382,355,385,354,386,353,385,352,382,352
267,180,264,181,262,182,264,183,267,183,270,183,271,182,270,181,267,180
249,54,245,54,245,54,240,54,237,53,236,52,234,51,231,50,227,50,227,50,223,50,220,50,218,49,217,48,214,47,211,47,209,46,208,45,205,44,200,44,200,44,196,44,193,43,192,42,190,41,187,41,184,40,183,39,181,38,178,38,174,38,174,38,169,38,165,38,165,38,161,38,156,38,156,38,152,38,149,38,147,39,146,40,143,41,138,41,138,41,134,41,131,40,130,39,128,38,125,38,122,38,121,39,119,40,116,41,113,41,112,42,112,44,112,44,112,46,110,47,107,47,104,48,103,49,103,50,103,50,103,52,103,54,103,54,103,55,103,57,103,57,103,59,103,60,103,60,103,62,102,63,99,63,96,64,94,65,96,66,99,67,102,67,103,68,103,70,103,70,103,72,103,73,103,73,103,75,103,76,103,76,103,78,103,80,103,80,103,81,103,83,103,83,103,85,103,86,103,86,103,88,102,89,99,89,96,89,94,88,94,86,94,86,94,85,94,83,94,83,94,81,94,80,94,80,94,78,94,76,94,76,94,75,93,74,90,73,85,73,85,73,81,73,78,74,76,75,75,76,72,76,69,77,68,78,68,80,68,80,68,81,68,83,68,83,68,85,69,86,72,86,75,87,76,88,76,89,76,89,76,91,76,93,76,93,76,94,78,95,81,96,84,96,85,97,85,99,85,99,85,101,87,102,90,102,93,103,94,104,94,106,94,106,94,107,96,108,99,109,102,109,103,110,103,112,103,112,103,114,104,115,107,115,110,116,112,117,113,118,116,119,119,118,121,117,122,116,125,115,130,115,130,115,134,115,137,116,138,117,140,118,143,119,146,118,147,117,149,116,152,115,156,115,156,115,161,115,165,115,165,115,169,115,172,115,174,114,175,113,178,112,181,113,183,114,184,115,187,115,190,115,192,114,192,112,192,112,192,110,193,109,196,109,199,108,200,107,199,106,196,106,193,105,192,104,192,102,192,102,192,101,193,100,196,99,199,99,200,97,200,96,200,96,200,94,202,93,205,93,208,92,209,91,209,89,209,89,209,88,211,87,214,86,217,86,218,85,218,83,218,83,218,81,218,80,218,80,218,78,218,76,218,76,218,75,220,74,223,73,227,73,227,73,231,73,236,73,236,73,240,73,243,73,245,72,245,70,245,70,245,68,245,67,245,67,245,65,243,64,240,63,237,63,236,62,237,61,240,60,245,60,245,60,249,60,252,60,254,59,254,57,254,57,254,55,252,54,249,54
240,174,236,174,236,174,231,174,227,174,227,174,223,174,220,174,218,175,218,177,218,177,218,178,218,180,218,180,218,182,220,183,223,183,226,183,227,182,227,180,227,180,227,178,228,177,231,177,236,177,236,177,240,177,243,176,245,175,243,174,240,174
240,183,237,184,236,185,237,186,240,187,243,186,245,185,243,184,240,183
205,180,200,180,200,180,196,180,193,181,192,182,192,183,192,183,192,185,192,187,196,187,199,186,200,185,202,184,205,183,208,183,209,182,208,181,205,180
187,187,183,187,183,188,184,189,187,190,190,189,192,188,192,187,187,187
178,183,175,184,174,185,175,186,178,187,183,187,183,185,181,184,178,183
116,122,113,122,112,123,113,124,116,125,119,124,121,123,119,122,116,122
99,164,96,164,94,165,96,167,99,167,102,167,103,165,102,164,99,164
