360,10,361,11,364,12,367,11,369,10,360,10
289,10,290,11,293,12,298,12,298,12,302,12,305,12,307,13,308,14,311,15,314,15,316,16,317,18,320,18,323,19,324,20,326,21,329,21,332,22,333,23,333,25,333,25,333,26,333,28,333,28,333,29,333,31,333,31,333,33,335,34,338,34,341,35,342,36,344,37,347,38,350,37,351,36,351,34,351,34,351,33,351,31,351,31,351,29,351,28,351,28,351,26,350,25,347,25,344,24,342,23,342,21,342,21,342,20,342,18,342,18,342,16,341,15,338,15,333,15,333,15,329,15,326,14,324,13,324,12,324,12,324,10,289,10
59,10,57,11,54,12,50,12,50,12,45,12,41,12,41,12,37,12,34,11,32,10,21,10,10,10,10,25,13,25,14,26,14,28,14,28,14,29,13,31,10,31,10,63,13,64,14,65,13,66,10,67,10,83,13,83,14,85,14,86,14,86,14,88,16,89,19,89,22,90,23,91,25,92,28,93,32,93,32,93,37,93,40,93,41,94,41,96,41,96,41,97,42,99,45,99,48,100,50,101,50,102,50,102,50,104,51,105,54,106,57,106,59,107,60,108,63,109,66,109,68,110,69,111,72,112,76,112,76,112,81,112,85,112,85,112,90,112,94,112,94,112,99,112,102,113,103,114,104,115,107,115,112,115,112,115,116,115,121,115,121,115,125,115,130,115,130,115,134,115,138,115,138,115,143,115,146,116,147,117,149,118,152,119,156,119,156,119,161,119,165,119,165,119,169,119,174,119,174,119,178,119,183,119,183,119,187,119,192,119,192,119,196,119,200,119,200,119,205,119,209,119,209,119,214,119,217,118,218,117,220,116,223,115,227,115,227,115,231,115,234,116,236,117,237,118,240,119,245,119,245,119,249,119,252,118,254,117,255,116,258,115,262,115,262,115,267,115,271,115,271,115,276,115,280,115,280,115,285,115,289,115,289,115,293,115,296,115,298,114,298,112,298,112,298,110,299,109,302,109,307,109,307,109,311,109,314,108,316,107,317,106,320,106,324,106,324,106,329,106,332,105,333,104,335,103,338,102,341,102,342,101,342,99,342,99,342,97,344,96,347,96,350,95,351,94,351,93,351,93,351,91,351,89,351,89,351,88,351,86,351,86,351,85,350,83,347,83,344,82,342,81,342,80,342,80,342,78,341,77,338,76,335,76,333,75,333,73,333,73,333,72,333,70,333,70,333,68,335,67,338,67,341,66,342,65,342,63,342,63,342,62,342,60,342,60,342,59,341,58,338,57,333,57,333,57,329,57,326,56,324,55,323,54,320,54,316,54,316,54,311,54,308,53,307,52,308,51,311,50,316,50,316,50,320,50,324,50,324,50,329,50,333,50,333,50,338,50,341,50,342,49,342,47,342,47,342,46,341,45,338,44,333,44,333,44,329,44,326,43,324,42,324,41,324,41,324,39,323,38,320,38,317,38,316,39,316,41,316,41,316,42,314,43,311,44,308,43,307,42,305,41,302,41,298,41,298,41,293,41,290,41,289,42,289,44,289,44,289,46,289,47,289,47,289,49,289,50,289,50,289,52,288,53,285,54,280,54,280,54,276,54,271,54,271,54,267,54,264,53,262,52,261,51,258,50,254,50,254,50,249,50,246,50,245,49,243,48,240,47,237,47,236,46,236,44,236,44,236,42,237,41,240,41,245,41,245,41,249,41,252,40,254,39,254,38,254,38,254,36,252,35,249,34,246,35,245,36,243,37,240,38,236,38,236,38,231,38,227,38,227,38,223,38,218,38,218,38,214,38,211,38,209,39,208,40,205,41,202,40,200,39,200,38,200,38,200,36,199,35,196,34,192,34,192,34,187,34,184,34,183,33,183,31,183,31,183,29,183,28,178,28,175,27,174,26,175,25,178,25,181,25,183,26,183,28,187,28,192,28,192,28,196,28,199,28,200,29,202,31,205,31,208,31,209,29,209,28,209,28,209,26,208,25,205,25,202,24,200,23,199,22,196,21,193,21,192,20,193,19,196,18,200,18,200,18,205,18,209,18,209,18,214,18,217,19,218,20,220,21,223,21,226,21,227,20,228,19,231,18,234,18,236,16,237,15,240,15,243,15,245,16,246,18,249,18,252,18,254,16,255,15,258,15,262,15,262,13,262,12,262,12,262,10,59,10
214,12,211,12,209,13,211,14,214,15,217,14,218,13,217,12,214,12
187,12,184,12,183,13,184,14,187,15,190,14,192,13,190,12,187,12
10,391,13,391,14,392,14,394,14,394,14,395,16,397,19,397,22,398,23,399,23,400,23,400,23,402,25,403,28,404,31,404,32,405,32,407,32,407,32,408,34,410,37,410,40,411,41,412,42,413,45,413,50,413,50,413,54,413,57,413,59,412,57,411,54,410,51,410,50,408,50,407,50,407,50,405,48,404,45,404,42,403,41,402,41,400,41,400,41,399,40,398,37,397,34,397,32,395,31,394,28,394,25,393,23,392,23,391,23,391,23,389,22,388,19,387,16,387,14,386,13,385,10,384,10,391
10,420,13,419,14,418,14,417,14,417,14,415,13,414,10,413,10,420
10,436,14,436,14,436,19,436,23,436,23,436,28,436,31,437,32,438,34,439,37,439,40,440,41,441,42,442,45,442,48,443,50,444,51,445,54,446,57,446,59,447,60,448,63,449,68,449,68,449,72,449,76,449,76,449,81,449,85,449,85,449,90,449,93,448,94,447,93,446,90,446,87,445,85,444,84,443,81,442,76,442,76,442,72,442,68,442,68,442,63,442,60,442,59,441,59,439,59,439,59,438,59,436,59,436,59,434,57,433,54,433,50,433,50,433,45,433,41,433,41,433,37,433,32,433,32,433,28,433,25,432,23,431,22,430,19,430,16,429,14,428,13,427,10,426,10,436
10,468,14,468,14,468,19,468,23,468,23,468,28,468,31,468,32,467,32,465,32,465,32,464,32,462,32,462,32,460,31,459,28,459,25,458,23,457,23,455,23,455,23,454,22,453,19,452,16,453,14,454,13,455,10,455,10,468
76,470,76,468,76,468,76,467,75,466,72,465,69,465,68,464,66,462,63,462,60,462,59,464,57,465,54,465,51,466,50,467,48,468,45,468,42,469,41,470,76,470
360,470,360,468,360,468,360,467,361,466,364,465,369,465,369,465,373,465,376,465,378,464,378,462,378,462,378,460,378,459,378,459,378,457,376,456,373,455,370,455,369,454,369,452,369,452,369,451,367,449,364,449,361,448,360,447,360,446,360,446,360,444,360,442,360,442,360,441,360,439,360,439,360,438,358,437,355,436,352,435,351,434,351,433,351,433,351,431,351,430,351,430,351,428,350,427,347,426,344,426,342,425,341,424,338,423,333,423,333,423,329,423,324,423,324,423,320,423,316,423,316,423,311,423,307,423,307,423,302,423,298,423,298,423,293,423,289,423,289,423,285,423,282,424,280,425,279,426,276,426,271,426,271,428,271,430,271,430,271,431,270,432,267,433,264,433,262,434,264,435,267,436,270,437,271,438,271,439,271,439,271,441,273,442,276,442,279,443,280,444,280,446,280,446,280,447,282,448,285,449,288,449,289,451,290,452,293,452,296,453,298,454,298,455,298,455,298,457,299,458,302,459,305,459,307,460,307,462,307,462,307,464,307,465,307,465,307,467,308,468,311,468,314,469,316,470,360,470
630,193,626,193,626,193,621,193,618,194,617,195,615,196,612,196,609,197,608,198,606,199,603,200,600,200,599,201,598,202,595,203,592,203,590,204,590,206,590,206,590,208,590,209,590,209,590,211,589,212,586,212,583,213,581,214,581,216,581,216,581,217,581,219,581,219,581,221,580,222,577,222,574,223,572,224,572,225,572,225,572,227,572,229,572,229,572,230,572,232,572,232,572,234,572,235,572,235,572,237,572,238,572,238,572,240,572,242,572,242,572,243,572,245,572,245,572,246,572,248,572,248,572,250,572,251,572,251,572,253,571,254,568,255,565,255,564,256,564,258,564,258,564,259,564,261,564,261,564,263,564,264,564,264,564,266,564,268,564,268,564,269,564,271,564,271,564,272,564,274,564,274,564,276,564,277,564,277,564,279,564,280,564,280,564,282,564,284,564,284,564,285,564,287,564,287,564,289,562,290,559,290,556,291,555,292,555,293,555,293,555,295,555,297,555,297,555,298,553,299,550,300,547,300,546,302,546,303,546,303,546,305,546,306,546,306,546,308,546,310,546,310,546,311,546,313,546,313,546,315,546,316,546,316,546,318,546,319,546,319,546,321,546,323,546,323,546,324,546,326,546,326,546,327,546,329,546,329,546,331,546,332,546,332,546,334,546,336,546,336,546,337,546,339,546,339,546,340,544,342,541,342,538,343,537,344,537,345,537,345,537,347,537,349,537,349,537,350,537,352,537,352,537,353,537,355,537,355,537,357,537,358,537,358,537,360,537,361,537,361,537,363,537,365,537,365,537,366,537,368,537,368,537,370,536,371,533,371,530,372,528,373,528,374,528,374,528,376,528,378,528,378,528,379,528,381,528,381,528,383,528,384,528,384,528,386,528,387,528,387,528,389,528,391,528,391,528,392,528,394,528,394,528,395,528,397,528,397,528,399,528,400,528,400,528,402,528,404,528,404,528,405,528,407,528,407,528,408,530,410,533,410,536,411,537,412,537,413,537,413,537,415,537,417,537,417,537,418,537,420,537,420,537,421,537,423,537,423,537,425,537,426,537,426,537,428,538,429,541,430,544,430,546,431,546,433,546,433,546,434,546,436,546,436,546,438,546,439,546,439,546,441,547,442,550,442,553,443,555,444,555,446,555,446,555,447,555,449,555,449,555,451,556,452,559,452,562,453,564,454,564,455,564,455,564,457,564,459,564,459,564,460,565,461,568,462,571,462,572,464,572,465,572,465,572,467,574,468,577,468,580,469,581,470,606,470,630,470,630,193
515,200,512,199,510,198,509,197,506,196,503,196,502,195,500,194,497,193,494,192,493,191,493,190,493,190,493,188,493,187,493,187,493,185,493,183,493,183,493,182,491,181,488,180,484,180,484,180,479,180,476,180,475,178,474,177,471,177,466,177,466,177,462,177,457,177,457,177,453,177,450,177,448,178,448,180,448,180,448,182,447,183,444,183,440,183,440,183,435,183,431,183,431,183,426,183,423,183,422,182,422,180,422,180,422,178,420,177,417,177,413,177,413,177,409,177,406,176,404,175,404,174,400,174,397,173,395,172,397,171,400,170,403,171,404,172,404,174,409,174,412,173,413,172,413,170,413,170,413,169,413,167,413,167,413,165,413,164,413,164,413,162,413,161,413,161,413,159,412,158,409,157,406,158,404,159,403,160,400,161,395,161,395,161,391,161,386,161,386,161,382,161,378,161,378,161,373,161,370,160,369,159,367,158,364,157,360,157,360,157,355,157,352,157,351,156,350,155,347,154,342,154,342,154,338,154,333,154,333,154,329,154,324,154,324,154,320,154,317,154,316,153,314,151,311,151,307,151,307,151,302,151,298,151,298,151,293,151,289,151,289,151,285,151,280,151,280,151,276,151,271,151,271,151,267,151,262,151,262,151,258,151,255,151,254,153,252,154,249,154,245,154,245,154,240,154,236,154,236,154,231,154,227,154,227,154,223,154,218,154,218,154,214,154,209,154,209,154,205,154,200,154,200,154,196,154,192,154,192,154,187,154,184,155,183,156,181,157,178,157,174,157,174,157,169,157,165,157,165,157,161,157,158,158,156,159,155,160,152,161,149,161,147,162,146,163,143,164,140,163,138,162,137,161,134,161,131,161,130,162,128,163,125,164,122,164,121,165,121,167,121,167,121,169,119,170,116,170,112,170,112,170,107,170,104,171,103,172,102,173,99,174,96,174,94,175,94,177,94,177,94,178,94,180,94,180,94,182,93,183,90,183,87,184,85,185,85,187,85,187,85,188,84,189,81,190,78,190,76,191,75,192,72,193,69,194,68,195,68,196,68,196,68,198,68,200,68,200,68,201,68,203,68,203,68,204,68,206,68,206,68,208,69,209,72,209,75,210,76,211,76,212,76,212,76,214,76,216,76,216,76,217,76,219,76,219,76,221,76,222,76,222,76,224,75,225,72,225,69,226,68,227,68,229,68,229,68,230,68,232,68,232,68,234,69,235,72,235,75,236,76,237,76,238,76,238,76,240,76,242,76,242,76,243,78,244,81,245,84,245,85,246,85,248,85,248,85,250,85,251,85,251,85,253,85,255,85,255,85,256,87,257,90,258,93,258,94,259,94,261,94,261,94,263,96,264,99,264,102,265,103,266,104,267,107,268,110,268,112,269,113,270,116,271,121,271,121,271,125,271,128,271,130,272,131,273,134,274,137,275,138,276,140,277,143,277,146,278,147,279,147,280,147,280,147,282,146,283,143,284,138,284,138,284,134,284,130,284,130,284,125,284,122,283,121,282,119,281,116,280,113,280,112,279,110,278,107,277,104,277,103,276,102,275,99,274,96,273,94,272,93,271,90,271,87,270,85,269,84,268,81,268,76,268,76,268,72,268,69,267,68,266,66,265,63,264,60,264,59,263,57,262,54,261,51,261,50,259,48,258,45,258,41,258,41,259,41,261,41,261,41,263,41,264,41,264,41,266,42,267,45,268,48,268,50,269,51,270,54,271,57,271,59,272,59,274,59,274,59,276,57,277,54,277,51,277,50,276,48,275,45,274,41,274,41,274,37,274,34,275,32,276,32,277,32,277,32,279,34,280,37,280,40,281,41,282,41,284,41,284,41,285,42,286,45,287,48,288,50,289,51,290,54,290,57,291,59,292,60,293,63,293,68,293,68,293,72,293,75,294,76,295,75,296,72,297,69,297,68,298,68,300,68,300,68,302,69,303,72,303,76,303,76,303,81,303,84,304,85,305,85,306,85,306,85,308,85,310,85,310,85,311,87,312,90,313,93,313,94,315,93,316,90,316,87,317,85,318,85,319,85,319,85,321,87,322,90,323,93,323,94,324,96,325,99,326,102,326,103,327,104,329,107,329,110,330,112,331,113,332,116,332,121,332,121,332,125,332,130,332,130,332,134,332,137,333,138,334,140,335,143,336,147,336,147,336,152,336,156,336,156,336,161,336,164,336,165,337,166,338,169,339,174,339,174,339,178,339,183,339,183,339,187,339,192,339,192,339,196,339,200,339,200,339,205,339,208,339,209,340,211,341,214,342,217,341,218,340,220,339,223,339,227,339,227,339,231,339,236,339,236,339,240,339,245,339,245,339,249,339,254,339,254,339,258,339,261,339,262,340,264,341,267,342,271,342,271,342,276,342,279,343,280,344,282,345,285,345,288,345,289,344,290,343,293,342,298,342,298,342,302,342,307,342,307,342,311,342,316,342,316,342,320,342,324,342,324,342,329,342,333,342,333,342,338,342,342,342,342,342,347,342,350,343,351,344,352,345,355,345,360,345,360,345,364,345,369,345,369,345,373,345,378,345,378,345,382,345,385,346,386,347,386,349,386,349,386,350,388,351,391,352,394,352,395,353,397,354,400,355,403,356,404,357,406,358,409,358,413,358,413,358,417,358,420,358,422,357,422,355,422,355,422,353,423,352,426,352,429,351,431,350,431,349,431,349,431,347,432,346,435,345,440,345,440,345,444,345,447,345,448,344,448,342,448,342,448,340,448,339,448,339,448,337,448,336,448,336,448,334,450,333,453,332,456,332,457,331,457,329,457,329,457,327,459,326,462,326,466,326,466,326,471,326,475,326,475,326,479,326,482,325,484,324,485,323,488,323,491,322,493,321,493,319,493,319,493,318,493,316,493,316,493,315,493,313,493,313,493,311,493,310,493,310,493,308,493,306,493,306,493,305,493,303,493,303,493,302,493,300,493,300,493,298,494,297,497,297,500,296,502,295,502,293,502,293,502,292,502,290,502,290,502,289,503,288,506,287,509,286,510,285,510,284,510,284,510,282,510,280,510,280,510,279,510,277,510,277,510,276,510,274,510,274,510,272,510,271,510,271,510,269,510,268,510,268,510,266,510,264,510,264,510,263,510,261,510,261,510,259,512,258,515,258,518,257,519,256,519,255,519,255,519,253,519,251,519,251,519,250,519,248,519,248,519,246,519,245,519,245,519,243,519,242,519,242,519,240,519,238,519,238,519,237,519,235,519,235,519,234,519,232,519,232,519,230,519,229,519,229,519,227,519,225,519,225,519,224,519,222,519,222,519,221,519,219,519,219,519,217,519,216,519,216,519,214,519,212,519,212,519,211,519,209,519,209,519,208,519,206,519,206,519,204,519,203,519,203,519,201,518,200,515,200
435,235,432,235,431,234,431,232,431,232,431,230,429,229,426,229,423,228,422,227,420,226,417,225,414,225,413,224,413,222,413,222,413,221,412,219,409,219,404,219,404,219,400,219,397,218,395,217,394,216,391,216,388,215,386,214,385,213,382,212,379,212,378,211,376,210,373,209,369,209,369,209,364,209,360,209,360,209,355,209,352,209,351,208,350,207,347,206,344,205,342,204,341,203,338,203,335,202,333,201,332,200,329,200,324,200,324,200,320,200,316,200,316,200,311,200,307,200,307,200,302,200,299,200,298,201,296,202,293,203,290,203,289,204,290,205,293,206,296,207,298,208,298,209,298,209,298,211,299,212,302,212,307,212,307,212,311,212,314,213,316,214,316,216,316,216,316,217,317,218,320,219,323,219,324,221,324,222,324,222,324,224,326,225,329,225,332,226,333,227,333,229,333,229,333,230,335,231,338,232,341,232,342,234,342,235,342,235,342,237,344,238,347,238,350,239,351,240,351,242,351,242,351,243,351,245,347,245,342,245,342,245,338,245,333,245,333,245,329,245,326,244,324,243,323,242,320,242,317,241,316,240,314,239,311,238,307,238,307,238,302,238,299,238,298,237,296,236,293,235,290,235,289,234,288,232,285,232,280,232,280,232,276,232,273,232,271,234,271,235,271,235,271,237,271,238,271,238,271,240,271,242,271,242,271,243,271,245,271,245,271,246,271,248,271,248,271,250,273,251,276,251,279,252,280,253,282,254,285,255,288,255,289,256,290,257,293,258,296,258,298,259,299,261,302,261,305,262,307,263,308,264,311,264,316,264,316,264,320,264,323,265,324,266,326,267,329,268,332,268,333,269,333,271,333,271,333,272,332,273,329,274,326,275,324,276,324,277,324,277,324,279,326,280,329,280,332,280,333,279,335,278,338,277,342,277,342,277,347,277,351,277,351,277,355,277,358,277,360,276,361,275,364,274,367,273,369,272,369,271,369,271,369,269,370,268,373,268,376,267,378,266,379,265,382,264,385,264,386,263,388,262,391,261,395,261,395,261,400,261,403,261,404,259,406,258,409,258,413,258,413,258,417,258,422,258,422,258,426,258,429,257,431,256,432,255,435,255,438,254,440,253,440,251,440,251,440,250,440,248,440,248,440,246,440,245,440,245,440,243,440,242,440,242,440,240,440,238,440,238,440,237,438,236,435,235
382,167,379,168,378,169,379,170,382,170,385,170,386,169,385,168,382,167
355,245,351,245,351,246,352,248,355,248,358,248,360,246,358,245,355,245
223,293,220,293,218,292,217,291,214,290,211,290,209,289,208,288,205,287,202,286,200,285,199,284,196,284,193,283,192,282,190,281,187,280,183,280,183,280,178,280,175,281,174,282,174,284,174,284,174,285,175,286,178,287,181,288,183,289,184,290,187,290,192,290,192,290,196,290,199,291,200,292,202,293,205,293,208,294,209,295,211,296,214,297,218,297,218,297,223,297,226,296,227,295,226,294,223,293
161,310,158,310,156,311,158,312,161,313,164,312,165,311,164,310,161,310
107,316,104,317,103,318,104,319,107,319,110,319,112,318,110,317,107,316
99,297,94,297,94,295,93,294,90,293,87,294,85,295,87,296,90,297,94,297,94,298,94,300,94,300,94,302,96,303,99,303,102,303,103,302,103,300,103,300,103,298,102,297,99,297
355,245,351,245,351,246,352,248,355,248,358,248,360,246,358,245,355,245
355,245,351,245,351,246,352,248,355,248,358,248,360,246,358,245,355,245
471,420,468,419,466,418,466,417,466,417,466,415,466,413,466,413,466,412,466,410,466,410,466,408,465,407,462,407,459,406,457,405,457,404,457,404,457,402,457,400,457,400,457,399,456,398,453,397,450,397,448,395,448,394,448,394,448,392,448,391,448,391,448,389,448,387,448,387,448,386,447,385,444,384,441,384,440,383,440,381,440,381,440,379,438,378,435,378,432,377,431,376,431,374,431,374,431,373,429,372,426,371,423,371,422,370,422,368,422,368,422,366,420,365,417,365,413,365,413,365,409,365,406,364,404,363,403,362,400,361,395,361,395,361,391,361,386,361,386,361,382,361,378,361,378,361,373,361,369,361,369,361,364,361,361,362,360,363,360,365,360,365,360,366,360,368,360,368,360,370,361,371,364,371,367,372,369,373,370,374,373,374,376,375,378,376,379,377,382,378,385,378,386,379,388,380,391,381,394,381,395,383,397,384,400,384,403,385,404,386,404,387,404,387,404,389,406,390,409,391,412,391,413,392,413,394,413,394,413,395,414,397,417,397,420,398,422,399,422,400,422,400,422,402,423,403,426,404,429,404,431,405,431,407,431,407,431,408,431,410,431,410,431,412,432,413,435,413,438,414,440,415,441,416,444,417,447,417,448,418,448,420,448,420,448,421,450,422,453,423,456,424,457,425,457,426,457,426,457,428,459,429,462,430,466,430,466,430,471,430,474,429,475,428,475,426,475,426,475,425,475,423,475,423,475,421,474,420,471,420
444,144,441,144,440,143,438,142,435,141,432,141,431,140,429,139,426,138,423,139,422,140,422,141,422,141,422,143,422,144,422,144,422,146,423,147,426,148,429,148,431,149,432,150,435,151,438,150,440,149,441,148,444,148,447,147,448,146,447,145,444,144
435,86,432,87,431,88,432,89,435,89,438,89,440,88,438,87,435,86
364,99,361,100,360,101,360,102,360,102,360,104,360,106,360,106,360,107,361,108,364,109,367,108,369,107,369,106,369,106,369,104,369,102,369,102,369,101,367,100,364,99
347,397,342,397,342,397,338,397,333,397,333,397,329,397,324,397,324,397,320,397,317,398,316,399,317,400,320,400,324,400,324,400,329,400,333,400,333,400,338,400,342,400,342,400,347,400,350,400,351,399,350,398,347,397
293,410,290,410,289,408,288,407,285,407,282,407,280,408,279,410,276,410,271,410,271,410,267,410,264,410,262,408,262,407,262,407,262,405,262,404,262,404,262,402,262,400,262,400,262,399,261,398,258,397,254,397,254,397,249,397,246,398,245,399,243,400,240,400,237,401,236,402,236,404,236,404,236,405,236,407,236,407,236,408,234,410,231,410,228,411,227,412,226,413,223,413,220,414,218,415,218,417,218,417,218,418,218,420,218,420,218,421,218,423,218,423,218,425,220,426,223,426,227,426,227,426,231,426,234,427,236,428,237,429,240,430,245,430,245,430,249,430,254,430,254,430,258,430,261,429,262,428,264,427,267,426,271,426,271,425,271,423,271,423,271,421,273,420,276,420,279,419,280,418,282,417,285,417,288,416,289,415,290,414,293,413,296,413,298,412,296,411,293,410
276,18,271,18,271,20,273,21,276,21,279,21,280,20,279,19,276,18
267,15,262,15,262,16,264,18,267,18,271,18,271,16,270,15,267,15
223,378,220,378,218,379,217,380,214,381,209,381,209,381,205,381,200,381,200,381,196,381,192,381,192,381,187,381,184,381,183,383,181,384,178,384,175,385,174,386,172,387,169,387,165,387,165,387,161,387,158,388,156,389,156,391,156,391,156,392,155,393,152,394,149,394,147,395,146,397,143,397,140,398,138,399,137,400,134,400,131,401,130,402,130,404,130,404,130,405,130,407,130,407,130,408,131,410,134,410,137,411,138,412,138,413,138,413,138,415,140,416,143,417,147,417,147,417,152,417,156,417,156,417,161,417,165,417,165,417,169,417,172,416,174,415,175,414,178,413,181,413,183,412,184,411,187,410,190,410,192,408,193,407,196,407,199,406,200,405,202,404,205,404,208,403,209,402,209,400,209,400,209,399,209,397,209,397,209,395,211,394,214,394,217,393,218,392,220,391,223,391,226,390,227,389,227,387,227,387,227,386,227,384,227,384,227,383,227,381,227,381,227,379,226,378,223,378
107,459,104,459,103,460,103,462,103,462,103,464,103,465,103,465,103,467,104,468,107,468,110,468,112,467,112,465,112,465,112,464,112,462,112,462,112,460,110,459,107,459
37,255,34,255,32,256,34,257,37,258,41,258,41,256,40,255,37,255
