590,10,590,12,590,12,590,13,592,14,595,15,598,15,599,16,599,18,599,18,599,20,600,21,603,21,606,22,608,23,608,25,608,25,608,26,608,28,608,28,608,29,609,31,612,31,617,31,617,31,621,31,624,32,626,33,626,34,626,34,626,36,627,37,630,38,630,24,630,10,590,10
68,10,66,11,63,12,59,12,59,12,54,12,51,12,50,13,48,14,45,15,42,15,41,16,40,18,37,18,32,18,32,18,28,18,23,18,23,18,19,18,14,18,14,18,10,18,10,138,13,138,14,140,14,141,14,141,14,143,16,144,19,144,23,144,23,144,28,144,31,145,32,146,32,148,32,148,32,149,34,150,37,151,41,151,41,151,45,151,48,151,50,153,50,154,50,154,50,156,51,157,54,157,57,158,59,159,60,160,63,161,68,161,68,161,72,161,75,161,76,162,78,163,81,164,84,164,85,165,87,167,90,167,94,167,94,167,99,167,103,167,103,167,107,167,112,167,112,167,116,167,121,167,121,167,125,167,130,167,130,167,134,167,137,168,138,169,140,170,143,170,147,170,147,170,152,170,156,170,156,170,161,170,164,170,165,169,166,168,169,167,174,167,174,167,178,167,183,167,183,167,187,167,192,167,192,167,196,167,200,167,200,167,205,167,209,167,209,167,214,167,217,167,218,165,220,164,223,164,227,164,227,164,231,164,236,164,236,164,240,164,245,164,245,164,249,164,254,164,254,164,258,164,261,163,262,162,264,161,267,161,270,161,271,162,273,163,276,164,279,163,280,162,282,161,285,161,289,161,289,161,293,161,298,161,298,161,302,161,307,161,307,161,311,161,314,160,316,159,317,158,320,157,324,157,324,157,329,157,333,157,333,157,338,157,341,157,342,156,344,155,347,154,350,154,351,153,352,151,355,151,360,151,360,151,364,151,367,150,369,149,369,148,369,148,369,146,370,145,373,144,376,144,378,143,378,141,378,141,378,140,379,138,382,138,385,137,386,136,386,135,386,135,386,133,386,131,386,131,386,130,386,128,386,128,386,127,386,125,386,125,386,123,388,122,391,122,394,122,395,123,395,125,395,125,395,127,395,128,395,128,395,130,395,131,395,131,395,133,395,135,395,135,395,136,397,137,400,138,403,137,404,136,406,135,409,135,413,135,413,135,417,135,420,135,422,136,422,138,422,138,422,140,422,141,422,141,422,143,422,144,422,144,422,146,423,147,426,148,429,148,431,149,432,150,435,151,438,151,440,153,441,154,444,154,448,154,448,154,453,154,456,155,457,156,459,157,462,157,465,158,466,159,468,160,471,161,474,160,475,159,475,157,475,157,475,156,474,155,471,154,468,154,466,153,466,151,466,151,466,149,465,148,462,148,459,147,457,146,457,144,457,144,457,143,457,141,457,141,457,140,457,138,457,138,457,136,457,135,457,135,457,133,457,131,457,131,457,130,457,128,457,128,457,127,457,125,457,125,457,123,456,122,453,122,450,122,448,123,448,125,448,125,448,127,447,128,444,128,441,128,440,127,440,125,440,125,440,123,440,122,440,122,440,120,440,119,440,119,440,117,438,116,435,115,431,115,431,115,426,115,423,115,422,114,422,112,422,112,422,110,422,109,422,109,422,107,422,106,422,106,422,104,422,102,422,102,422,101,422,99,422,99,422,97,422,96,422,96,422,94,422,93,422,93,422,91,423,90,426,89,429,90,431,91,431,93,431,93,431,94,432,95,435,96,438,96,440,97,440,99,440,99,440,101,440,102,440,102,440,104,440,106,440,106,440,107,441,108,444,109,447,109,448,110,448,112,448,112,448,114,448,115,448,115,448,117,450,118,453,119,456,118,457,117,457,115,457,115,457,114,457,112,457,112,457,110,457,109,457,109,457,107,457,106,457,106,457,104,457,102,457,102,457,101,456,100,453,99,450,99,448,97,448,96,448,96,448,94,448,93,448,93,448,91,448,89,448,89,448,88,448,86,448,86,448,85,448,83,448,83,448,81,448,80,448,80,448,78,448,76,448,76,448,75,448,73,448,73,448,72,447,70,444,70,440,70,440,70,435,70,432,70,431,72,429,73,426,73,423,73,422,72,422,70,422,70,422,68,422,67,422,67,422,65,422,63,422,63,422,62,422,60,422,60,422,59,423,58,426,57,429,56,431,55,429,54,426,54,423,53,422,52,422,50,422,50,422,49,422,47,422,47,422,46,422,44,422,44,422,42,422,41,422,41,422,39,420,38,417,38,414,37,413,36,412,35,409,34,406,34,404,33,403,32,400,31,397,31,395,29,397,28,400,28,403,27,404,26,403,25,400,25,395,25,395,25,391,25,386,25,386,26,385,27,382,28,379,27,378,26,379,25,382,25,386,25,386,23,385,22,382,21,379,21,378,20,379,19,382,18,386,18,386,18,391,18,395,18,395,18,400,18,404,18,404,18,409,18,412,18,413,16,412,15,409,15,406,14,404,13,404,12,404,12,404,10,68,10
409,57,404,57,404,57,400,57,397,58,395,59,397,60,400,60,403,61,404,62,406,63,409,63,412,63,413,62,413,60,413,60,413,59,412,58,409,57
409,102,406,103,404,104,404,106,404,106,404,107,406,108,409,109,412,108,413,107,413,106,413,106,413,104,412,103,409,102
382,106,379,106,378,107,378,109,378,109,378,110,378,112,378,112,378,114,378,115,373,115,370,116,369,117,369,119,369,119,369,120,369,122,369,122,369,123,369,125,369,125,369,127,370,128,373,128,376,128,378,127,378,125,378,125,378,123,378,122,378,122,378,120,378,119,378,119,378,117,378,115,382,115,385,115,386,114,386,112,386,112,386,110,386,109,386,109,386,107,385,106,382,106
355,54,352,54,351,55,352,56,355,57,358,56,360,55,358,54,355,54
329,41,326,41,324,42,324,44,324,44,324,46,324,47,320,47,317,48,316,49,314,50,311,50,308,50,307,49,305,48,302,47,299,48,298,49,296,50,293,50,290,51,289,52,289,54,289,54,289,55,289,57,289,57,289,59,289,60,289,60,289,62,290,63,293,63,296,64,298,65,298,67,298,67,298,68,299,69,302,70,305,70,307,72,308,73,311,73,314,73,316,72,317,70,320,70,323,69,324,68,324,67,324,67,324,65,324,63,324,63,324,62,323,61,320,60,317,60,316,59,317,58,320,57,323,56,324,55,324,54,324,54,324,52,324,50,324,50,324,49,324,47,329,47,332,47,333,46,333,44,333,44,333,42,332,41,329,41
293,96,289,96,289,96,285,96,282,96,280,97,279,99,276,99,273,100,271,101,273,102,276,102,280,102,280,102,285,102,288,102,289,101,290,100,293,99,296,99,298,97,296,96,293,96
10,439,13,439,14,438,14,436,14,436,14,434,13,433,10,433,10,439
85,470,84,469,81,468,78,468,76,467,76,465,76,465,76,464,75,462,72,462,69,461,68,460,66,459,63,459,60,458,59,457,57,456,54,455,51,456,50,457,48,458,45,459,42,459,41,460,40,461,37,462,34,461,32,460,31,459,28,459,25,459,23,460,23,462,23,462,23,464,23,465,23,465,23,467,23,468,23,468,23,470,85,470
218,470,218,468,218,468,218,467,218,465,218,465,218,464,218,462,218,462,218,460,217,459,214,459,211,458,209,457,209,455,209,455,209,454,209,452,209,452,209,451,209,449,209,449,209,447,209,446,209,446,209,444,208,443,205,442,202,442,200,441,199,440,196,439,193,439,192,438,190,437,187,436,184,437,183,438,181,439,178,439,174,439,174,439,169,439,166,440,165,441,164,442,161,442,158,443,156,444,155,445,152,446,149,446,147,447,147,449,147,449,147,451,146,452,143,452,140,453,138,454,140,455,143,455,147,455,147,455,152,455,156,455,156,455,161,455,165,455,165,455,169,455,174,455,174,455,178,455,181,456,183,457,183,459,183,459,183,460,184,461,187,462,190,462,192,464,192,465,192,465,192,467,192,468,192,468,192,470,218,470
386,470,386,468,386,468,386,467,388,466,391,465,394,465,395,464,395,462,395,462,395,460,397,459,400,459,403,458,404,457,404,455,404,455,404,454,403,453,400,452,397,452,395,451,395,449,395,449,395,447,397,446,400,446,403,445,404,444,406,443,409,442,412,442,413,441,413,439,413,439,413,438,412,437,409,436,406,435,404,434,404,433,404,433,404,431,404,430,404,430,404,428,403,427,400,426,395,426,395,426,391,426,386,426,386,426,382,426,379,426,378,425,378,423,378,423,378,421,378,420,378,420,378,418,378,417,378,417,378,415,378,413,378,413,378,412,379,411,382,410,385,410,386,408,388,407,391,407,394,406,395,405,395,404,395,404,395,402,397,401,400,400,404,400,404,400,409,400,412,400,413,399,414,398,417,397,420,397,422,395,423,394,426,394,429,393,431,392,432,391,435,391,438,390,440,389,441,388,444,387,447,387,448,386,450,385,453,384,456,384,457,383,459,381,462,381,465,381,466,383,468,384,471,384,474,385,475,386,475,387,475,387,475,389,475,391,475,391,475,392,475,394,475,394,475,395,474,397,471,397,468,398,466,399,466,400,466,400,466,402,466,404,466,404,466,405,466,407,466,407,466,408,468,410,471,410,474,411,475,412,476,413,479,413,482,413,484,412,484,410,484,410,484,408,484,407,484,407,484,405,485,404,488,404,491,403,493,402,493,400,493,400,493,399,493,397,493,397,493,395,494,394,497,394,500,393,502,392,502,391,502,391,502,389,502,387,502,387,502,386,503,385,506,384,509,384,510,383,510,381,510,381,510,379,510,378,510,378,510,376,510,374,510,374,510,373,510,371,510,371,510,370,510,368,510,368,510,366,512,365,515,365,518,364,519,363,519,361,519,361,519,360,519,358,519,358,519,357,519,355,519,355,519,353,519,352,519,352,519,350,518,349,515,349,512,348,510,347,510,345,510,345,510,344,510,342,510,342,510,340,510,339,510,339,510,337,510,336,510,336,510,334,510,332,510,332,510,331,510,329,510,329,510,327,510,326,510,326,510,324,510,323,510,323,510,321,510,319,510,319,510,318,510,316,510,316,510,315,510,313,510,313,510,311,512,310,515,310,518,309,519,308,519,306,519,306,519,305,519,303,519,303,519,302,519,300,519,300,519,298,518,297,515,297,512,296,510,295,510,293,510,293,510,292,510,290,510,290,510,289,510,287,510,287,510,285,510,284,510,284,510,282,512,281,515,280,518,281,519,282,521,283,524,284,527,284,528,285,528,287,528,287,528,289,530,290,533,290,537,290,537,290,541,290,544,290,546,289,546,287,546,287,546,285,546,284,546,284,546,282,546,280,546,280,546,279,546,277,546,277,546,276,546,274,546,274,546,272,546,271,546,271,546,269,546,268,546,268,546,266,546,264,546,264,546,263,546,261,546,261,546,259,546,258,546,258,546,256,546,255,546,255,546,253,546,251,546,251,546,250,546,248,546,248,546,246,546,245,546,245,546,243,546,242,546,242,546,240,546,238,546,238,546,237,546,235,546,235,546,234,546,232,546,232,546,230,546,229,546,229,546,227,546,225,546,225,546,224,546,222,546,222,546,221,546,219,546,219,546,217,546,216,546,216,546,214,546,212,546,212,546,211,544,210,541,209,538,209,537,208,537,206,537,206,537,204,537,203,537,203,537,201,537,200,537,200,537,198,536,197,533,196,530,196,528,195,527,194,524,193,521,192,519,191,519,190,519,190,519,188,518,187,515,187,512,186,510,185,510,183,510,183,510,182,509,181,506,180,503,180,502,178,500,177,497,177,494,176,493,175,491,174,488,174,485,173,484,172,482,171,479,170,475,170,475,170,471,170,468,170,466,169,465,168,462,167,459,168,457,169,456,170,453,170,450,171,448,172,447,173,444,174,441,174,440,175,440,177,440,177,440,178,441,180,444,180,447,181,448,182,447,183,444,183,440,183,440,183,435,183,431,183,431,183,426,183,423,183,422,182,422,180,422,180,422,178,420,177,417,177,413,177,413,177,409,177,406,176,404,175,404,174,400,174,395,174,395,174,391,174,388,173,386,172,385,171,382,170,378,170,378,170,373,170,370,171,369,172,369,174,369,174,369,175,369,177,369,177,369,178,369,180,369,180,369,182,367,183,364,183,360,183,360,183,355,183,351,183,351,183,347,183,342,183,342,183,338,183,333,183,333,183,329,183,324,183,324,183,320,183,316,183,316,183,311,183,308,184,307,185,305,186,302,187,299,187,298,188,296,189,293,190,289,190,289,190,285,190,280,190,280,190,276,190,271,190,271,190,267,190,264,190,262,191,261,192,258,193,255,194,254,195,252,196,249,196,245,196,245,196,240,196,237,197,236,198,234,199,231,200,227,200,227,200,223,200,218,200,218,200,214,200,209,200,209,200,205,200,202,200,200,201,199,202,196,203,192,203,192,203,187,203,184,203,183,204,181,205,178,206,175,207,174,208,172,209,169,209,166,210,165,211,164,212,161,212,158,213,156,214,156,216,156,216,156,217,155,218,152,219,149,219,147,221,146,222,143,222,140,223,138,224,137,225,134,225,131,226,130,227,130,229,130,229,130,230,128,231,125,232,122,232,121,234,121,235,121,235,121,237,119,238,116,238,113,239,112,240,112,242,112,242,112,243,110,244,107,245,104,245,103,246,102,248,99,248,96,249,94,250,94,251,94,251,94,253,94,255,94,255,94,256,94,258,94,258,94,259,94,261,94,261,94,263,94,264,94,264,94,266,94,268,94,268,94,269,96,270,99,271,102,271,103,272,103,274,103,274,103,276,103,277,103,277,103,279,103,280,103,280,103,282,104,283,107,284,110,284,112,285,113,286,116,287,119,288,121,289,121,290,121,290,121,292,121,293,121,293,121,295,121,297,121,297,121,298,121,300,121,300,121,302,122,303,125,303,128,304,130,305,130,306,130,306,130,308,131,309,134,310,137,310,138,311,138,313,138,313,138,315,140,316,143,316,146,317,147,318,146,319,143,319,138,319,138,319,134,319,131,319,130,318,128,317,125,316,122,316,121,315,119,313,116,313,112,313,112,313,107,313,104,312,103,311,102,310,99,310,96,310,94,311,94,313,94,313,94,315,93,316,90,316,87,317,85,318,87,319,90,319,94,319,94,319,99,319,102,320,103,321,102,322,99,323,96,323,94,324,94,326,94,326,94,327,94,329,94,329,94,331,96,332,99,332,102,333,103,334,102,335,99,336,96,336,94,337,94,339,94,339,94,340,94,342,94,342,94,344,96,345,99,345,102,346,103,347,104,348,107,349,110,349,112,350,113,351,116,352,119,352,121,353,122,354,125,355,130,355,130,355,134,355,138,355,138,355,143,355,146,356,147,357,149,358,152,358,155,359,156,360,158,361,161,361,165,361,165,361,169,361,174,361,174,361,178,361,181,362,183,363,184,364,187,365,192,365,192,365,196,365,200,365,200,365,205,365,208,365,209,366,211,367,214,368,218,368,218,368,223,368,227,368,227,368,231,368,236,368,236,368,240,368,243,368,245,370,246,371,249,371,252,372,254,373,252,374,249,374,246,375,245,376,245,378,245,378,245,379,243,380,240,381,237,381,236,383,234,384,231,384,228,385,227,386,228,387,231,387,236,387,236,387,240,387,245,387,245,387,249,387,254,387,254,387,258,387,262,387,262,387,267,387,271,387,271,387,276,387,279,388,280,389,282,390,285,391,289,391,289,391,293,391,296,391,298,392,299,393,302,394,307,394,307,394,311,394,314,394,316,395,317,397,320,397,324,397,324,397,329,397,332,398,333,399,333,400,333,400,333,402,333,404,333,404,333,405,332,406,329,407,326,406,324,405,323,404,320,404,317,404,316,405,314,406,311,407,308,407,307,408,305,410,302,410,298,410,298,410,293,410,290,411,289,412,289,413,289,413,289,415,289,417,289,417,289,418,290,419,293,420,296,420,298,421,298,423,298,423,298,425,296,426,293,426,289,426,289,426,285,426,280,426,280,426,276,426,273,427,271,428,270,429,267,430,264,430,262,431,262,433,262,433,262,434,262,436,262,436,262,438,262,439,262,439,262,441,262,442,262,442,262,444,264,445,267,446,270,446,271,447,273,448,276,449,279,449,280,451,282,452,285,452,289,452,289,452,293,452,296,453,298,454,299,455,302,455,305,456,307,457,307,459,307,459,307,460,308,461,311,462,314,462,316,464,316,465,316,465,316,467,317,468,320,468,323,469,324,470,386,470
417,238,414,238,413,237,413,235,413,235,413,234,413,232,413,232,413,230,412,229,409,229,404,229,404,229,400,229,397,228,395,227,394,226,391,225,388,225,386,224,385,223,382,222,379,223,378,224,376,225,373,225,370,226,369,227,369,229,369,229,369,230,367,231,364,232,361,232,360,234,360,235,360,235,360,237,361,238,364,238,367,239,369,240,369,242,369,242,369,243,369,245,369,245,369,246,369,248,369,248,369,250,369,251,369,251,369,253,367,254,364,255,361,255,360,256,360,258,360,258,360,259,358,261,355,261,351,261,351,261,347,261,344,262,342,263,341,264,338,264,335,265,333,266,332,267,329,268,324,268,324,268,320,268,317,268,316,269,314,270,311,271,307,271,307,271,302,271,299,271,298,272,298,274,298,274,298,276,296,277,293,277,290,278,289,279,289,280,289,280,289,282,288,283,285,284,282,284,280,285,282,286,285,287,288,288,289,289,289,290,289,290,289,292,289,293,289,293,289,295,289,297,289,297,289,298,290,299,293,300,296,300,298,302,299,303,302,303,305,304,307,305,308,306,311,306,316,306,316,306,320,306,323,307,324,308,323,309,320,310,317,310,316,311,314,312,311,313,308,313,307,315,307,316,307,316,307,318,307,319,302,319,299,320,298,321,299,322,302,323,305,322,307,321,307,319,311,319,316,319,316,319,320,319,323,319,324,318,326,317,329,316,332,316,333,315,335,313,338,313,341,312,342,311,344,310,347,310,350,309,351,308,351,306,351,306,351,305,352,304,355,303,358,303,360,302,360,300,360,300,360,298,361,297,364,297,367,296,369,295,369,293,369,293,369,292,370,291,373,290,376,290,378,289,379,288,382,287,385,286,386,285,386,284,386,284,386,282,388,281,391,280,394,280,395,279,395,277,395,277,395,276,397,275,400,274,403,273,404,272,404,271,404,271,404,269,406,268,409,268,412,267,413,266,413,264,413,264,413,263,413,261,413,261,413,259,414,258,417,258,420,257,422,256,422,255,422,255,422,253,422,251,422,251,422,250,422,248,422,248,422,246,422,245,422,245,422,243,422,242,422,242,422,240,420,239,417,238
364,407,360,407,360,407,355,407,352,407,351,408,351,410,351,410,351,412,352,413,355,413,358,414,360,415,361,416,364,417,367,416,369,415,369,413,369,413,369,412,369,410,369,410,369,408,367,407,364,407
630,297,627,296,626,295,626,293,626,293,626,292,626,290,626,290,626,289,626,287,626,287,626,285,626,284,626,284,626,282,627,281,630,280,630,248,627,248,626,246,627,245,630,245,630,187,627,187,626,188,626,190,626,190,626,191,624,192,621,193,618,194,617,195,617,196,617,196,617,198,617,200,617,200,617,201,615,202,612,203,609,203,608,204,608,206,608,206,608,208,608,209,608,209,608,211,606,212,603,212,600,213,599,214,599,216,599,216,599,217,599,219,599,219,599,221,599,222,599,222,599,224,599,225,599,225,599,227,598,228,595,229,592,229,590,230,590,232,590,232,590,234,590,235,590,235,590,237,590,238,590,238,590,240,589,241,586,242,583,242,581,243,581,245,581,245,581,246,581,248,581,248,581,250,581,251,581,251,581,253,581,255,581,255,581,256,583,257,586,258,589,258,590,259,590,261,590,261,590,263,590,264,590,264,590,266,590,268,590,268,590,269,590,271,590,271,590,272,590,274,590,274,590,276,590,277,590,277,590,279,590,280,590,280,590,282,590,284,590,284,590,285,590,287,590,287,590,289,590,290,590,290,590,292,590,293,590,293,590,295,590,297,590,297,590,298,590,300,590,300,590,302,590,303,590,303,590,305,590,306,590,306,590,308,590,310,590,310,590,311,590,313,590,313,590,315,590,316,590,316,590,318,590,319,590,319,590,321,590,323,590,323,590,324,590,326,590,326,590,327,590,329,590,329,590,331,590,332,590,332,590,334,590,336,590,336,590,337,590,339,590,339,590,340,590,342,590,342,590,344,590,345,590,345,590,347,590,349,590,349,590,350,590,352,590,352,590,353,589,354,586,355,583,356,581,357,581,358,581,358,581,360,581,361,581,361,581,363,581,365,581,365,581,366,581,368,581,368,581,370,581,371,581,371,581,373,581,374,581,374,581,376,581,378,581,378,581,379,581,381,581,381,581,383,581,384,581,384,581,386,581,387,581,387,581,389,581,391,581,391,581,392,580,393,577,394,574,393,572,392,572,391,572,391,572,389,571,388,568,387,565,388,564,389,564,391,564,391,564,392,564,394,564,394,564,395,564,397,564,397,564,399,564,400,564,400,564,402,564,404,564,404,564,405,564,407,564,407,564,408,564,410,564,410,564,412,564,413,564,413,564,415,564,417,564,417,564,418,564,420,564,420,564,421,564,423,564,423,564,425,564,426,564,426,564,428,564,430,564,430,564,431,564,433,564,433,564,434,564,436,564,436,564,438,564,439,564,439,564,441,564,442,564,442,564,444,564,446,564,446,564,447,564,449,564,449,564,451,564,452,564,452,564,454,564,455,564,455,564,457,564,459,564,459,564,460,565,461,568,462,571,462,572,464,572,465,572,465,572,467,572,468,572,468,572,470,601,470,630,470,630,297
506,462,503,461,502,460,502,459,502,459,502,457,500,456,497,455,494,455,493,454,491,453,488,452,484,452,484,452,479,452,475,452,475,452,471,452,468,453,466,454,466,455,466,455,466,457,468,458,471,459,474,459,475,460,475,462,475,462,475,464,476,465,479,465,484,465,484,465,488,465,493,465,493,465,497,465,500,466,502,467,503,468,506,468,509,468,510,467,510,465,510,465,510,464,509,462,506,462
409,167,406,168,404,169,404,170,404,170,404,172,404,174,409,174,412,173,413,172,413,170,413,170,413,169,412,168,409,167
267,462,264,462,262,464,262,465,262,465,262,467,264,468,267,468,270,468,271,467,271,465,271,465,271,464,270,462,267,462
178,413,175,413,174,412,172,411,169,410,166,411,165,412,165,413,165,413,165,415,165,417,165,417,165,418,166,419,169,420,172,419,174,418,175,417,178,417,181,416,183,415,181,414,178,413
134,394,130,394,130,394,125,394,122,394,121,395,119,397,116,397,112,397,112,397,107,397,104,398,103,399,103,400,103,400,103,402,102,403,99,404,96,404,94,405,94,407,94,407,94,408,94,410,94,410,94,412,94,413,94,413,94,415,96,416,99,417,102,417,103,418,104,419,107,420,112,420,112,420,116,420,119,419,121,418,122,417,125,417,130,417,130,417,134,417,137,416,138,415,138,413,138,413,138,412,138,410,138,410,138,408,138,407,138,407,138,405,138,404,138,404,138,402,138,400,138,400,138,399,138,397,138,397,138,395,137,394,134,394
107,465,104,466,103,467,104,468,107,468,110,468,112,467,110,466,107,465
90,426,87,427,85,428,87,429,90,430,93,429,94,428,93,427,90,426
81,417,76,417,76,418,78,419,81,420,84,419,85,418,84,417,81,417
72,310,69,310,68,311,69,312,72,313,75,312,76,311,75,310,72,310
72,413,69,413,68,412,68,410,68,410,68,408,66,407,63,407,60,406,59,405,57,404,54,404,51,403,50,402,48,401,45,400,42,401,41,402,40,403,37,404,34,404,32,405,32,407,32,407,32,408,32,410,32,410,32,412,34,413,37,413,40,414,41,415,42,416,45,417,50,417,50,417,54,417,59,417,59,417,63,417,68,417,68,417,72,417,76,417,76,415,75,414,72,413
72,426,68,426,68,426,63,426,60,427,59,428,60,429,63,430,68,430,68,430,72,430,75,429,76,428,75,427,72,426
63,420,60,420,59,421,60,422,63,423,66,422,68,421,66,420,63,420
63,433,60,433,59,434,60,435,63,436,66,435,68,434,66,433,63,433
338,303,335,304,333,305,335,306,338,306,341,306,342,305,341,304,338,303
