590,10,590,12,590,12,590,13,592,14,595,15,598,15,599,16,599,18,599,18,599,20,600,21,603,21,606,22,608,23,608,25,608,25,608,26,608,28,608,28,608,29,609,31,612,31,617,31,617,31,621,31,624,32,626,33,626,34,626,34,626,36,627,37,630,38,630,24,630,10,590,10
174,10,172,11,169,12,166,11,165,10,156,10,156,12,156,12,156,13,155,14,152,15,149,14,147,13,147,12,147,12,147,10,76,10,75,11,72,12,68,12,68,12,63,12,60,12,59,13,57,14,54,15,50,15,50,15,45,15,42,15,41,16,40,18,37,18,32,18,32,18,28,18,23,18,23,18,19,18,14,18,14,18,10,18,10,25,13,25,14,26,13,27,10,28,10,141,13,142,14,143,16,144,19,144,22,145,23,146,25,147,28,148,31,148,32,149,34,150,37,151,40,151,41,153,42,154,45,154,48,155,50,156,51,157,54,157,57,158,59,159,60,160,63,161,68,161,68,161,72,161,75,161,76,162,76,164,76,164,76,165,78,167,81,167,85,167,85,167,90,167,94,167,94,167,99,167,103,167,103,167,107,167,112,167,112,167,116,167,121,167,121,167,125,167,128,168,130,169,131,170,134,170,138,170,138,170,143,170,147,170,147,170,152,170,156,170,156,170,161,170,165,170,165,170,169,170,174,170,174,170,178,170,183,170,183,170,187,170,192,170,192,170,196,170,200,170,200,170,205,170,208,170,209,169,211,168,214,167,218,167,218,167,223,167,227,167,227,167,231,167,236,167,236,167,240,167,243,167,245,165,246,164,249,164,254,164,254,164,258,164,262,164,262,164,267,164,271,164,271,164,276,164,280,164,280,164,285,164,288,163,289,162,290,161,293,161,298,161,298,161,302,161,307,161,307,161,311,161,316,161,316,161,320,161,323,160,324,159,326,158,329,157,333,157,333,157,338,157,342,157,342,157,347,157,350,157,351,156,352,155,355,154,358,154,360,153,361,151,364,151,367,150,369,149,370,148,373,148,376,147,378,146,378,144,378,144,378,143,378,141,378,141,378,140,379,138,382,138,385,137,386,136,386,135,386,135,386,133,386,131,386,131,386,130,386,128,386,128,386,127,388,126,391,125,394,126,395,127,395,128,395,128,395,130,395,131,395,131,395,133,395,135,395,135,395,136,397,137,400,138,403,137,404,136,406,135,409,135,413,135,413,135,417,135,420,135,422,136,422,138,422,138,422,140,422,141,422,141,422,143,422,144,422,144,422,146,422,148,422,148,422,149,423,150,426,151,431,151,431,151,435,151,438,151,440,153,441,154,444,154,448,154,448,154,453,154,456,155,457,156,459,157,462,157,465,158,466,159,468,160,471,161,474,160,475,159,475,157,475,157,475,156,475,154,475,154,475,153,474,151,471,151,468,150,466,149,465,148,462,148,459,147,457,146,457,144,457,144,457,143,457,141,457,141,457,140,457,138,457,138,457,136,457,135,457,135,457,133,457,131,457,131,457,130,457,128,457,128,457,127,457,125,457,125,457,123,457,122,457,122,457,120,457,119,457,119,457,117,457,115,457,115,457,114,457,112,457,112,457,110,457,109,457,109,457,107,457,106,457,106,457,104,457,102,457,102,457,101,456,100,453,99,450,99,448,97,448,96,448,96,448,94,448,93,448,93,448,91,447,90,444,89,441,89,440,88,441,87,444,86,447,86,448,85,448,83,448,83,448,81,448,80,448,80,448,78,448,76,448,76,448,75,447,74,444,73,441,73,440,72,438,70,435,70,432,70,431,72,429,73,426,73,423,73,422,72,422,70,422,70,422,68,422,67,422,67,422,65,422,63,422,63,422,62,422,60,422,60,422,59,423,58,426,57,429,56,431,55,429,54,426,54,423,53,422,52,422,50,422,50,422,49,422,47,422,47,422,46,422,44,422,44,422,42,422,41,422,41,422,39,420,38,417,38,413,38,413,38,409,38,406,37,404,36,403,35,400,34,397,34,395,33,395,31,395,31,395,29,395,28,395,28,395,26,394,25,391,25,388,25,386,26,386,28,386,28,386,29,385,31,382,31,379,31,378,29,378,28,378,28,378,26,378,25,378,25,378,23,378,21,378,21,378,20,379,19,382,18,386,18,386,18,391,18,394,18,395,16,397,15,400,15,403,14,404,13,403,12,400,12,397,11,395,10,174,10
444,109,441,108,440,107,440,106,440,106,440,104,440,102,440,102,440,101,440,99,440,99,440,97,438,96,435,96,432,95,431,94,431,93,431,93,431,91,429,90,426,89,423,90,422,91,422,93,422,93,422,94,422,96,422,96,422,97,422,99,422,99,422,101,422,102,422,102,422,104,422,106,422,106,422,107,422,109,422,109,422,110,422,112,422,112,422,114,423,115,426,115,431,115,431,115,435,115,438,116,440,117,440,119,440,119,440,120,440,122,440,122,440,123,440,125,440,125,440,127,441,128,444,128,447,128,448,127,448,125,448,125,448,123,448,122,448,122,448,120,448,119,448,119,448,117,448,115,448,115,448,114,448,112,448,112,448,110,447,109,444,109
435,80,432,80,431,81,432,82,435,83,438,82,440,81,438,80,435,80
409,57,404,57,404,57,400,57,397,58,395,59,395,60,395,60,395,62,397,63,400,63,404,63,404,63,409,63,412,63,413,62,413,60,413,60,413,59,412,58,409,57
409,102,406,103,404,104,404,106,404,106,404,107,404,109,404,109,404,110,406,112,409,112,412,112,413,110,413,109,413,109,413,107,413,106,413,106,413,104,412,103,409,102
391,109,386,109,386,109,382,109,379,109,378,110,378,112,378,112,378,114,378,115,373,115,370,116,369,117,369,119,369,119,369,120,369,122,369,122,369,123,369,125,369,125,369,127,370,128,373,128,376,128,378,127,378,125,378,125,378,123,378,122,378,122,378,120,378,119,378,119,378,117,378,115,382,115,385,115,386,114,388,113,391,112,394,112,395,110,394,109,391,109
355,54,352,54,351,55,352,56,355,57,358,56,360,55,358,54,355,54
329,41,326,41,324,42,324,44,324,44,324,46,324,47,320,47,317,48,316,49,314,50,311,50,308,50,307,49,305,48,302,47,299,48,298,49,296,50,293,50,290,51,289,52,289,54,289,54,289,55,289,57,289,57,289,59,289,60,289,60,289,62,290,63,293,63,296,64,298,65,298,67,298,67,298,68,299,69,302,70,305,70,307,72,308,73,311,73,314,73,316,72,317,70,320,70,324,70,324,70,329,70,332,69,333,68,332,67,329,67,326,66,324,65,324,63,324,63,324,62,323,61,320,60,317,60,316,59,317,58,320,57,323,56,324,55,324,54,324,54,324,52,324,50,324,50,324,49,324,47,329,47,332,47,333,46,333,44,333,44,333,42,332,41,329,41
293,93,290,93,289,94,288,95,285,96,280,96,280,96,276,96,273,95,271,94,270,93,267,93,264,92,262,91,261,90,258,89,255,90,254,91,254,93,254,93,254,94,255,95,258,96,261,96,262,97,262,99,262,99,262,101,264,102,267,102,270,103,271,104,273,105,276,106,280,106,280,106,285,106,288,105,289,104,290,103,293,102,296,102,298,101,298,99,298,99,298,97,298,96,298,96,298,94,296,93,293,93
10,436,13,435,14,434,13,433,10,433,10,436
85,470,84,469,81,468,78,468,76,467,75,466,72,465,69,465,68,464,66,462,63,462,60,461,59,460,57,459,54,459,51,459,50,460,48,461,45,462,41,462,41,462,37,462,32,462,32,462,28,462,25,461,23,460,22,459,19,459,16,459,14,460,14,462,14,462,14,464,14,465,14,465,14,467,16,468,19,468,22,469,23,470,85,470
218,470,218,468,218,468,218,467,218,465,218,465,218,464,218,462,218,462,218,460,218,459,218,459,218,457,217,456,214,455,211,455,209,454,209,452,209,452,209,451,209,449,209,449,209,447,209,446,209,446,209,444,208,443,205,442,202,442,200,441,199,440,196,439,193,439,192,438,192,436,192,436,192,434,190,433,187,433,184,433,183,434,181,435,178,436,174,436,174,436,169,436,166,437,165,438,164,439,161,439,158,440,156,441,155,442,152,442,149,443,147,444,147,446,147,446,147,447,146,448,143,449,140,449,138,451,138,452,138,452,138,454,140,455,143,455,147,455,147,455,152,455,156,455,156,455,161,455,165,455,165,455,169,455,172,456,174,457,175,458,178,459,181,459,183,460,184,461,187,462,190,462,192,464,192,465,192,465,192,467,192,468,192,468,192,470,218,470
386,470,386,468,386,468,386,467,386,465,386,465,386,464,388,462,391,462,394,461,395,460,397,459,400,459,403,458,404,457,404,455,404,455,404,454,404,452,404,452,404,451,404,449,404,449,404,447,406,446,409,446,412,445,413,444,413,442,413,442,413,441,413,439,413,439,413,438,413,436,413,436,413,434,412,433,409,433,406,432,404,431,404,430,404,430,404,428,404,426,404,426,404,425,403,424,400,423,397,422,395,421,394,420,391,420,388,419,386,418,385,417,382,417,379,416,378,415,379,414,382,413,386,413,386,413,391,413,394,413,395,412,395,410,395,410,395,408,397,407,400,407,403,406,404,405,406,404,409,404,413,404,413,404,417,404,420,403,422,402,422,400,422,400,422,399,423,398,426,397,429,397,431,395,431,394,431,394,431,392,432,391,435,391,440,391,440,391,444,391,447,390,448,389,450,388,453,387,456,387,457,386,457,384,457,384,457,383,459,381,462,381,465,381,466,383,468,384,471,384,474,385,475,386,475,387,475,387,475,389,475,391,475,391,475,392,475,394,475,394,475,395,475,397,475,397,475,399,475,400,475,400,475,402,474,403,471,404,468,404,466,405,466,407,466,407,466,408,468,410,471,410,474,411,475,412,476,413,479,413,482,413,484,412,484,410,484,410,484,408,485,407,488,407,491,406,493,405,493,404,493,404,493,402,493,400,493,400,493,399,494,398,497,397,500,397,502,395,502,394,502,394,502,392,502,391,502,391,502,389,503,388,506,387,509,387,510,386,510,384,510,384,510,383,510,381,510,381,510,379,510,378,510,378,510,376,510,374,510,374,510,373,512,372,515,371,518,371,519,370,519,368,519,368,519,366,519,365,519,365,519,363,519,361,519,361,519,360,519,358,519,358,519,357,519,355,519,355,519,353,519,352,519,352,519,350,519,349,519,349,519,347,519,345,519,345,519,344,519,342,519,342,519,340,519,339,519,339,519,337,519,336,519,336,519,334,519,332,519,332,519,331,519,329,519,329,519,327,519,326,519,326,519,324,519,323,519,323,519,321,519,319,519,319,519,318,519,316,519,316,519,315,519,313,519,313,519,311,519,310,519,310,519,308,519,306,519,306,519,305,519,303,519,303,519,302,519,300,519,300,519,298,519,297,519,297,519,295,518,294,515,293,512,293,510,292,510,290,510,290,510,289,510,287,510,287,510,285,510,284,510,284,510,282,512,281,515,280,518,281,519,282,521,283,524,284,527,284,528,285,528,287,528,287,528,289,530,290,533,290,536,291,537,292,538,293,541,293,544,293,546,292,546,290,546,290,546,289,546,287,546,287,546,285,546,284,546,284,546,282,546,280,546,280,546,279,546,277,546,277,546,276,546,274,546,274,546,272,546,271,546,271,546,269,546,268,546,268,546,266,546,264,546,264,546,263,546,261,546,261,546,259,546,258,546,258,546,256,546,255,546,255,546,253,546,251,546,251,546,250,546,248,546,248,546,246,546,245,546,245,546,243,546,242,546,242,546,240,546,238,546,238,546,237,546,235,546,235,546,234,546,232,546,232,546,230,546,229,546,229,546,227,546,225,546,225,546,224,546,222,546,222,546,221,546,219,546,219,546,217,546,216,546,216,546,214,546,212,546,212,546,211,546,209,546,209,546,208,544,207,541,206,538,205,537,204,537,203,537,203,537,201,537,200,537,200,537,198,537,196,537,196,537,195,536,194,533,193,530,192,528,191,527,190,524,190,521,189,519,188,518,187,515,187,512,186,510,185,510,183,510,183,510,182,509,181,506,180,503,180,502,178,500,177,497,177,494,176,493,175,491,174,488,174,485,173,484,172,482,171,479,170,475,170,475,170,471,170,468,170,466,169,465,168,462,167,459,168,457,169,456,170,453,170,450,171,448,172,447,173,444,174,441,174,440,175,441,176,444,177,447,177,448,178,448,180,448,180,448,182,447,183,444,183,440,183,440,183,435,183,431,183,431,183,426,183,423,183,422,182,422,180,422,180,422,178,420,177,417,177,413,177,413,177,409,177,406,176,404,175,404,174,400,174,397,173,395,172,395,170,391,170,386,170,386,170,382,170,378,170,378,170,373,170,370,171,369,172,369,174,369,174,369,175,369,177,369,177,369,178,367,180,364,180,361,181,360,182,358,183,355,183,351,183,351,183,347,183,342,183,342,183,338,183,333,183,333,183,329,183,324,183,324,183,320,183,316,183,316,183,311,183,308,184,307,185,305,186,302,187,299,187,298,188,296,189,293,190,289,190,289,190,285,190,280,190,280,190,276,190,273,190,271,191,270,192,267,193,262,193,262,193,258,193,255,194,254,195,252,196,249,196,246,197,245,198,243,199,240,200,236,200,236,200,231,200,228,200,227,201,226,202,223,203,218,203,218,203,214,203,209,203,209,203,205,203,202,203,200,204,199,205,196,206,192,206,192,206,187,206,183,206,183,206,178,206,175,207,174,208,172,209,169,209,166,210,165,211,165,212,165,212,165,214,164,215,161,216,158,216,156,217,155,218,152,219,149,219,147,221,147,222,147,222,147,224,146,225,143,225,140,226,138,227,137,228,134,229,131,229,130,230,130,232,130,232,130,234,128,235,125,235,122,236,121,237,121,238,121,238,121,240,119,241,116,242,113,242,112,243,110,244,107,245,104,245,103,246,103,248,103,248,103,250,103,251,103,251,103,253,103,255,103,255,103,256,102,257,99,258,96,258,94,259,96,261,99,261,102,262,103,263,103,264,103,264,103,266,103,268,103,268,103,269,103,271,103,271,103,272,103,274,103,274,103,276,103,277,103,277,103,279,104,280,107,280,110,281,112,282,112,284,112,284,112,285,113,286,116,287,119,288,121,289,121,290,121,290,121,292,122,293,125,293,128,294,130,295,130,297,130,297,130,298,130,300,130,300,130,302,130,303,130,303,130,305,131,306,134,306,137,307,138,308,138,310,138,310,138,311,140,312,143,313,146,313,147,315,147,316,147,316,147,318,149,319,152,319,155,320,156,321,155,322,152,323,147,323,147,323,143,323,140,323,138,324,138,326,143,326,146,326,147,327,149,329,152,329,155,330,156,331,156,332,156,332,156,334,155,335,152,336,149,335,147,334,146,333,143,332,140,333,138,334,137,335,134,336,131,335,130,334,130,332,130,332,130,331,130,329,125,329,122,329,121,327,119,326,116,326,112,326,112,326,107,326,103,326,103,326,99,326,96,326,94,327,94,329,94,329,94,331,96,332,99,332,102,333,103,334,102,335,99,336,96,336,94,337,94,339,94,339,94,340,94,342,94,342,94,344,94,345,94,345,94,347,96,348,99,349,103,349,103,349,107,349,110,349,112,350,113,351,116,352,119,352,121,353,122,354,125,355,130,355,130,355,134,355,137,356,138,357,140,358,143,358,147,358,147,358,152,358,155,359,156,360,158,361,161,361,165,361,165,361,169,361,172,362,174,363,175,364,178,365,183,365,183,365,187,365,192,365,192,365,196,365,199,365,200,366,202,367,205,368,209,368,209,368,214,368,218,368,218,368,223,368,227,368,227,368,231,368,234,368,236,370,237,371,240,371,243,372,245,373,245,374,245,374,245,376,243,377,240,378,237,378,236,379,234,380,231,381,228,381,227,383,227,384,227,384,227,386,228,387,231,387,236,387,236,387,240,387,245,387,245,387,249,387,254,387,254,387,258,387,262,387,262,387,267,387,271,387,271,387,276,387,279,388,280,389,282,390,285,391,289,391,289,391,293,391,296,391,298,392,299,393,302,394,305,394,307,395,308,397,311,397,314,398,316,399,316,400,316,400,316,402,316,404,316,404,316,405,314,406,311,407,308,407,307,408,305,410,302,410,299,411,298,412,298,413,298,413,298,415,298,417,298,417,298,418,298,420,298,420,298,421,296,422,293,423,290,424,289,425,288,426,285,426,280,426,280,426,276,426,271,426,271,426,267,426,264,427,262,428,261,429,258,430,255,430,254,431,254,433,254,433,254,434,255,435,258,436,261,437,262,438,262,439,262,439,262,441,262,442,262,442,262,444,264,445,267,446,270,446,271,447,271,449,271,449,271,451,273,452,276,452,280,452,280,452,285,452,289,452,289,452,293,452,296,453,298,454,299,455,302,455,305,456,307,457,307,459,307,459,307,460,308,461,311,462,314,462,316,464,316,465,316,465,316,467,317,468,320,468,323,469,324,470,386,470
417,238,414,238,413,237,413,235,413,235,413,234,413,232,413,232,413,230,412,229,409,229,404,229,404,229,400,229,397,228,395,227,394,226,391,225,388,225,386,224,385,223,382,222,379,223,378,224,376,225,373,225,370,226,369,227,369,229,369,229,369,230,367,231,364,232,361,232,360,234,360,235,360,235,360,237,360,238,360,238,360,240,360,242,360,242,360,243,360,245,360,245,360,246,360,248,360,248,360,250,361,251,364,251,367,252,369,253,367,254,364,255,361,255,360,256,360,258,360,258,360,259,358,261,355,261,352,262,351,263,350,264,347,264,344,265,342,266,341,267,338,268,335,268,333,269,332,270,329,271,324,271,324,271,320,271,317,271,316,272,314,273,311,274,307,274,307,274,302,274,299,275,298,276,298,277,298,277,298,279,296,280,293,280,290,281,289,282,288,283,285,284,282,284,280,285,282,286,285,287,288,288,289,289,289,290,289,290,289,292,289,293,289,293,289,295,289,297,289,297,289,298,289,300,289,300,289,302,290,303,293,303,296,304,298,305,299,306,302,306,305,307,307,308,307,310,307,310,307,311,307,313,307,313,307,315,307,316,307,316,307,318,308,319,311,319,316,319,316,319,320,319,323,319,324,318,326,317,329,316,332,316,333,315,335,313,338,313,341,312,342,311,344,310,347,310,350,309,351,308,351,306,351,306,351,305,352,304,355,303,358,303,360,302,360,300,360,300,360,298,361,297,364,297,367,296,369,295,369,293,369,293,369,292,370,291,373,290,376,290,378,289,379,288,382,287,385,286,386,285,388,284,391,284,394,283,395,282,395,280,395,280,395,279,395,277,395,277,395,276,397,275,400,274,403,273,404,272,404,271,404,271,404,269,406,268,409,268,412,267,413,266,413,264,413,264,413,263,413,261,413,261,413,259,414,258,417,258,420,257,422,256,422,255,422,255,422,253,422,251,422,251,422,250,422,248,422,248,422,246,422,245,422,245,422,243,422,242,422,242,422,240,420,239,417,238
630,248,627,248,626,246,627,245,630,245,630,187,627,187,626,188,626,190,626,190,626,191,624,192,621,193,618,194,617,195,617,196,617,196,617,198,617,200,617,200,617,201,617,203,617,203,617,204,615,205,612,206,609,207,608,208,608,209,608,209,608,211,608,212,608,212,608,214,606,215,603,216,600,216,599,217,599,219,599,219,599,221,599,222,599,222,599,224,599,225,599,225,599,227,598,228,595,229,592,229,590,230,590,232,590,232,590,234,590,235,590,235,590,237,589,238,586,238,583,239,581,240,581,242,581,242,581,243,581,245,581,245,581,246,583,248,586,248,589,249,590,250,590,251,590,251,590,253,590,255,590,255,590,256,590,258,590,258,590,259,590,261,590,261,590,263,590,264,590,264,590,266,590,268,590,268,590,269,590,271,590,271,590,272,590,274,590,274,590,276,590,277,590,277,590,279,590,280,590,280,590,282,590,284,590,284,590,285,590,287,590,287,590,289,590,290,590,290,590,292,590,293,590,293,590,295,590,297,590,297,590,298,590,300,590,300,590,302,590,303,590,303,590,305,590,306,590,306,590,308,590,310,590,310,590,311,590,313,590,313,590,315,590,316,590,316,590,318,590,319,590,319,590,321,590,323,590,323,590,324,590,326,590,326,590,327,590,329,590,329,590,331,590,332,590,332,590,334,590,336,590,336,590,337,590,339,590,339,590,340,590,342,590,342,590,344,590,345,590,345,590,347,590,349,590,349,590,350,590,352,590,352,590,353,590,355,590,355,590,357,590,358,590,358,590,360,589,361,586,361,583,362,581,363,581,365,581,365,581,366,581,368,581,368,581,370,581,371,581,371,581,373,581,374,581,374,581,376,581,378,581,378,581,379,581,381,581,381,581,383,581,384,581,384,581,386,581,387,581,387,581,389,581,391,581,391,581,392,581,394,581,394,581,395,581,397,581,397,581,399,580,400,577,400,574,400,572,399,571,398,568,397,565,398,564,399,564,400,564,400,564,402,564,404,564,404,564,405,564,407,564,407,564,408,564,410,564,410,564,412,564,413,564,413,564,415,564,417,564,417,564,418,564,420,564,420,564,421,564,423,564,423,564,425,564,426,564,426,564,428,564,430,564,430,564,431,564,433,564,433,564,434,564,436,564,436,564,438,564,439,564,439,564,441,564,442,564,442,564,444,564,446,564,446,564,447,564,449,564,449,564,451,564,452,564,452,564,454,564,455,564,455,564,457,564,459,564,459,564,460,564,462,564,462,564,464,565,465,568,465,571,466,572,467,572,468,572,468,572,470,601,470,630,470,630,248
506,465,502,465,502,467,503,468,506,468,509,468,510,467,509,466,506,465
497,459,494,458,493,457,493,455,493,455,493,454,491,453,488,452,484,452,484,452,479,452,475,452,475,452,471,452,468,453,466,454,466,455,466,455,466,457,468,458,471,459,474,459,475,460,475,462,475,462,475,464,476,465,479,465,484,465,484,465,488,465,493,465,493,465,497,465,502,465,502,464,502,462,502,462,502,460,500,459,497,459
426,452,423,453,422,454,422,455,422,455,422,457,423,458,426,459,429,458,431,457,431,455,431,455,431,454,429,453,426,452
409,164,404,164,404,164,400,164,397,164,395,165,395,167,395,167,395,169,395,170,400,170,403,171,404,172,404,174,409,174,412,173,413,172,413,170,413,170,413,169,413,167,413,167,413,165,412,164,409,164
267,462,264,462,262,464,262,465,262,465,262,467,264,468,267,468,270,468,271,467,271,465,271,465,271,464,270,462,267,462
143,413,140,413,138,412,138,410,138,410,138,408,138,407,138,407,138,405,138,404,138,404,138,402,138,400,138,400,138,399,137,398,134,397,131,397,130,395,128,394,125,394,122,394,121,395,119,397,116,397,112,397,112,397,107,397,104,398,103,399,102,400,99,400,96,401,94,402,94,404,94,404,94,405,93,406,90,407,87,407,85,408,85,410,85,410,85,412,87,413,90,413,93,414,94,415,94,417,94,417,94,418,96,419,99,420,102,420,103,421,104,422,107,423,110,422,112,421,113,420,116,420,119,419,121,418,122,417,125,417,130,417,130,417,134,417,138,417,138,417,143,417,146,416,147,415,146,414,143,413
134,326,131,326,130,327,130,329,134,329,137,329,138,327,138,326,134,326
72,413,69,413,68,412,68,410,68,410,68,408,68,407,68,407,68,405,66,404,63,404,60,403,59,402,57,401,54,400,50,400,50,400,45,400,41,400,41,400,37,400,34,401,32,402,31,403,28,404,25,404,23,405,23,407,23,407,23,408,23,410,23,410,23,412,25,413,28,413,31,414,32,415,34,416,37,417,40,417,41,418,42,419,45,420,48,420,50,421,51,422,54,423,59,423,59,423,63,423,66,422,68,421,66,420,63,420,60,419,59,418,60,417,63,417,68,417,68,417,72,417,75,416,76,415,75,414,72,413
72,426,68,426,68,426,63,426,60,427,59,428,60,429,63,430,66,430,68,431,66,432,63,433,60,433,59,434,60,435,63,436,68,436,68,436,72,436,75,435,76,434,76,433,76,433,76,431,76,430,76,430,76,428,75,427,72,426
