10,25,13,25,14,26,14,28,19,28,22,27,23,26,25,25,28,25,32,25,32,23,34,22,37,21,41,21,41,20,42,19,45,18,50,18,50,16,48,15,45,15,42,14,41,13,40,12,37,12,34,12,32,13,31,14,28,15,25,14,23,13,22,12,19,12,16,11,14,10,12,10,10,10,10,25
10,34,14,34,14,33,14,31,14,31,14,29,14,28,10,28,10,34
10,67,14,67,14,67,19,67,22,67,23,68,23,70,23,70,23,72,23,73,23,73,23,75,23,76,23,76,23,78,25,79,28,80,31,80,32,81,32,83,32,83,32,85,31,86,28,86,25,87,23,88,25,89,28,89,31,90,32,91,32,93,32,93,32,94,31,95,28,96,25,96,23,97,22,99,19,99,16,100,14,101,16,102,19,102,23,102,23,102,28,102,31,103,32,104,32,106,32,106,32,107,31,108,28,109,25,109,23,110,23,112,23,112,23,114,23,115,23,115,23,117,25,118,28,119,31,119,32,120,34,121,37,122,40,122,41,123,40,124,37,125,34,126,32,127,32,128,32,128,32,130,34,131,37,131,40,132,41,133,42,134,45,135,48,135,50,136,50,138,50,138,50,140,51,141,54,141,57,141,59,140,60,138,63,138,66,137,68,136,68,135,68,135,68,133,68,131,68,131,68,130,68,128,68,128,68,127,68,125,68,125,68,123,66,122,63,122,60,122,59,123,57,124,54,125,51,124,50,123,50,122,50,122,50,120,51,119,54,119,57,118,59,117,59,115,59,115,59,114,59,112,59,112,59,110,59,109,59,109,59,107,59,106,59,106,59,104,59,102,59,102,59,101,59,99,59,99,59,97,59,96,59,96,59,94,59,93,59,93,59,91,59,89,59,89,59,88,59,86,59,86,59,85,59,83,59,83,59,81,60,80,63,80,66,79,68,78,68,76,68,76,68,75,66,74,63,73,60,73,59,72,57,70,54,70,51,69,50,68,50,67,50,67,50,65,50,63,50,63,50,62,50,60,50,60,50,59,50,57,50,57,50,55,50,54,50,54,50,52,50,50,50,50,50,49,50,47,50,47,50,46,50,44,50,44,50,42,50,41,50,41,50,39,50,38,50,38,50,36,50,34,50,34,50,33,51,32,54,31,57,31,59,29,59,28,59,28,59,26,60,25,63,25,66,24,68,23,66,22,63,21,60,21,59,20,57,19,54,18,50,18,50,20,48,21,45,21,41,21,41,23,40,24,37,25,32,25,32,26,32,28,32,28,32,29,31,31,28,31,25,32,23,33,22,34,19,34,14,34,14,36,13,37,10,38,10,67
37,54,34,53,32,52,32,50,32,50,32,49,31,48,28,47,25,48,23,49,23,50,23,50,23,52,23,54,23,54,23,55,23,57,23,57,23,59,25,60,28,60,32,60,32,60,37,60,40,60,41,59,41,57,41,57,41,55,40,54,37,54
10,452,13,453,14,454,13,455,10,455,10,463,10,470,94,470,94,468,90,468,87,468,85,467,87,466,90,465,93,466,94,467,94,468,99,468,103,468,103,468,107,468,112,468,112,468,116,468,121,468,121,468,125,468,130,468,130,468,134,468,137,469,138,470,147,470,149,469,152,468,155,468,156,467,156,465,156,465,156,464,156,462,156,462,156,460,158,459,161,459,164,458,165,457,165,455,165,455,165,454,165,452,165,452,165,451,165,449,165,449,165,447,164,446,161,446,158,445,156,444,156,442,156,442,156,441,155,440,152,439,149,439,147,438,146,437,143,436,138,436,138,436,134,436,131,435,130,434,131,433,134,433,137,432,138,431,140,430,143,430,146,429,147,428,147,426,147,426,147,425,146,424,143,423,138,423,138,423,134,423,130,423,130,423,125,423,121,423,121,423,116,423,112,423,112,423,107,423,103,423,103,423,99,423,96,422,94,421,96,420,99,420,102,419,103,418,104,417,107,417,110,416,112,415,112,413,112,413,112,412,112,410,112,410,112,408,112,407,112,407,112,405,112,404,112,404,112,402,110,401,107,400,103,400,103,400,99,400,96,400,94,399,94,397,94,397,94,395,93,394,90,394,85,394,85,394,81,394,78,393,76,392,75,391,72,391,69,390,68,389,68,387,68,387,68,386,68,384,68,384,68,383,68,381,68,381,68,379,68,378,68,378,68,376,68,374,68,374,68,373,66,372,63,371,60,371,59,370,59,368,59,368,59,366,59,365,59,365,59,363,57,362,54,361,51,361,50,360,48,359,45,358,42,358,41,357,41,355,41,355,41,353,42,352,45,352,48,351,50,350,48,349,45,349,42,348,41,347,40,346,37,345,34,345,32,344,31,343,28,342,25,342,23,340,22,339,19,339,16,338,14,337,14,336,14,336,14,334,13,333,10,332,10,452
81,417,76,417,76,415,75,414,72,413,68,413,68,413,63,413,60,414,59,415,60,416,63,417,68,417,68,417,72,417,76,417,76,418,78,419,81,420,84,419,85,418,84,417,81,417
81,423,76,423,76,423,72,423,69,422,68,421,66,420,63,420,59,420,59,420,54,420,51,419,50,418,48,417,45,417,42,416,41,415,40,414,37,413,32,413,32,413,28,413,25,414,23,415,25,416,28,417,31,417,32,418,32,420,32,420,32,421,34,422,37,423,41,423,41,423,45,423,48,424,50,425,51,426,54,426,59,426,59,426,63,426,68,426,68,426,72,426,76,426,76,426,81,426,84,426,85,425,84,424,81,423
63,430,60,430,59,431,60,432,63,433,66,432,68,431,66,430,63,430
45,446,42,445,41,444,40,443,37,442,34,443,32,444,32,446,32,446,32,447,32,449,32,449,32,451,34,452,37,452,40,452,41,451,42,449,45,449,48,448,50,447,48,446,45,446
254,470,255,469,258,468,261,469,262,470,316,470,314,469,311,468,308,468,307,467,305,466,302,465,298,465,298,465,293,465,289,465,289,465,285,465,282,465,280,464,279,462,276,462,271,462,271,462,267,462,262,462,262,462,258,462,255,462,254,464,252,465,249,465,245,465,245,465,240,465,236,465,236,465,231,465,227,465,227,465,223,465,220,466,218,467,217,468,214,468,209,468,209,468,205,468,202,469,200,470,254,470
630,368,627,367,626,366,626,365,626,365,626,363,626,361,626,361,626,360,626,358,626,358,626,357,626,355,626,355,626,353,624,352,621,352,617,352,617,352,612,352,609,351,608,350,608,349,608,349,608,347,606,346,603,345,600,345,599,344,599,342,599,342,599,340,599,339,599,339,599,337,599,336,599,336,599,334,599,332,599,332,599,331,599,329,599,329,599,327,599,326,599,326,599,324,599,323,599,323,599,321,599,319,599,319,599,318,599,316,599,316,599,315,598,313,595,313,592,313,590,315,589,316,586,316,583,317,581,318,581,319,581,319,581,321,580,322,577,323,572,323,572,323,568,323,564,323,564,323,559,323,556,322,555,321,555,319,555,319,555,318,555,316,555,316,555,315,553,313,550,313,547,312,546,311,546,310,546,310,546,308,546,306,546,306,546,305,546,303,546,303,546,302,547,300,550,300,553,299,555,298,555,297,555,297,555,295,555,293,555,293,555,292,555,290,555,290,555,289,555,287,555,287,555,285,555,284,555,284,555,282,555,280,555,280,555,279,553,278,550,277,547,277,546,276,544,275,541,274,537,274,537,274,533,274,530,273,528,272,527,271,524,271,521,270,519,269,519,268,519,268,519,266,518,265,515,264,512,264,510,263,510,261,510,261,510,259,509,258,506,258,503,257,502,256,500,255,497,255,493,255,493,255,488,255,485,254,484,253,482,252,479,251,476,251,475,250,474,249,471,248,468,248,466,246,465,245,462,245,459,244,457,243,456,242,453,242,450,241,448,240,447,239,444,238,441,238,440,237,440,235,440,235,440,234,440,232,440,232,440,230,441,229,444,229,447,228,448,227,450,226,453,225,457,225,457,225,462,225,466,225,466,225,471,225,475,225,475,225,479,225,484,225,484,225,488,225,493,225,493,225,497,225,502,225,502,225,506,225,510,225,510,225,515,225,519,225,519,225,524,225,528,225,528,225,533,225,536,226,537,227,538,228,541,229,546,229,546,229,550,229,553,229,555,230,556,231,559,232,562,232,564,234,564,235,564,235,564,237,565,238,568,238,571,239,572,240,574,241,577,242,580,242,581,243,581,245,581,245,581,246,581,248,581,248,581,250,583,251,586,251,589,252,590,253,592,254,595,255,598,255,599,256,599,258,599,258,599,259,600,261,603,261,606,262,608,263,609,264,612,264,617,264,617,264,621,264,624,265,626,266,627,267,630,268,630,245,627,244,626,243,624,242,621,242,618,241,617,240,617,238,617,238,617,237,617,235,617,235,617,234,618,232,621,232,624,231,626,230,626,229,626,229,626,227,627,226,630,225,630,138,626,138,626,138,621,138,617,138,617,138,612,138,608,138,608,138,603,138,599,138,599,138,595,138,590,138,590,138,586,138,581,138,581,138,577,138,574,139,572,140,571,141,568,141,564,141,564,141,559,141,556,142,555,143,553,144,550,144,547,145,546,146,544,147,541,148,537,148,537,148,533,148,530,148,528,149,530,150,533,151,536,151,537,153,536,154,533,154,530,155,528,156,527,157,524,157,519,157,519,159,518,160,515,161,512,160,510,159,510,157,506,157,503,157,502,156,500,155,497,154,494,155,493,156,491,157,488,157,484,157,484,157,479,157,476,157,475,156,474,155,471,154,468,154,466,153,465,151,462,151,459,150,457,149,456,148,453,148,450,147,448,146,448,144,448,144,448,143,448,141,448,141,448,140,448,138,448,138,448,136,448,135,448,135,448,133,447,132,444,131,440,131,440,131,435,131,431,131,431,131,426,131,422,131,422,131,417,131,414,132,413,133,413,135,413,135,413,136,413,138,413,138,413,140,412,141,409,141,404,141,404,141,400,141,395,141,395,141,391,141,388,142,386,143,385,144,382,144,378,144,378,144,373,144,370,144,369,143,369,141,369,141,369,140,369,138,364,138,361,137,360,136,358,135,355,135,351,135,351,135,347,135,342,135,342,135,338,135,333,135,333,135,329,135,326,134,324,133,323,132,320,131,317,131,316,130,314,129,311,128,308,128,307,127,305,126,302,125,298,125,298,125,293,125,289,125,289,125,285,125,282,124,280,123,279,122,276,122,271,122,271,122,267,122,264,122,262,123,261,124,258,125,254,125,254,125,249,125,246,124,245,123,243,122,240,122,237,121,236,120,236,119,236,119,236,117,234,116,231,115,227,115,227,115,223,115,220,116,218,117,218,119,218,119,218,120,217,121,214,122,211,122,209,123,208,124,205,125,202,126,200,127,200,128,200,128,200,130,200,131,200,131,200,133,200,135,200,135,200,136,199,137,196,138,193,139,192,140,192,141,192,141,192,143,192,144,192,144,192,146,190,147,187,148,183,148,183,148,178,148,175,148,174,149,175,150,178,151,181,151,183,153,183,154,183,154,183,156,181,157,178,157,175,158,174,159,175,160,178,161,181,161,183,162,183,164,183,164,183,165,181,167,178,167,175,167,174,165,172,164,169,164,166,163,165,162,165,161,165,161,165,159,164,158,161,157,158,158,156,159,156,161,156,161,156,162,156,164,156,164,156,165,158,167,161,167,164,168,165,169,165,170,165,170,165,172,165,174,165,174,165,175,166,176,169,177,172,177,174,178,174,180,174,180,174,182,172,183,169,183,166,184,165,185,166,186,169,187,174,187,174,187,178,187,181,187,183,188,184,189,187,190,190,190,192,191,190,192,187,193,184,194,183,195,183,196,183,196,183,198,184,199,187,200,190,200,192,201,192,203,192,203,192,204,192,206,192,206,192,208,192,209,192,209,192,211,192,212,192,212,192,214,192,216,192,216,192,217,193,218,196,219,200,219,200,219,205,219,209,219,209,219,214,219,217,219,218,221,220,222,223,222,226,223,227,224,228,225,231,225,234,226,236,227,236,229,236,229,236,230,236,232,236,232,236,234,236,235,236,235,236,237,234,238,231,238,227,238,227,238,223,238,220,239,218,240,220,241,223,242,226,242,227,243,227,245,227,245,227,246,228,248,231,248,234,249,236,250,237,251,240,251,245,251,245,251,249,251,252,251,254,250,255,249,258,248,261,248,262,246,262,245,262,245,262,243,262,242,262,242,262,240,261,239,258,238,255,238,254,237,255,236,258,235,261,235,262,234,264,232,267,232,270,231,271,230,273,229,276,229,279,229,280,230,282,231,285,232,288,232,289,234,289,235,289,235,289,237,289,238,289,238,289,240,288,241,285,242,282,242,280,243,280,245,280,245,280,246,280,248,280,248,280,250,280,251,280,251,280,253,280,255,280,255,280,256,280,258,280,258,280,259,282,261,285,261,288,262,289,263,289,264,289,264,289,266,290,267,293,268,296,268,298,269,298,271,298,271,298,272,299,273,302,274,305,275,307,276,308,277,311,277,314,278,316,279,317,280,320,280,323,281,324,282,326,283,329,284,333,284,333,284,338,284,341,284,342,285,344,286,347,287,350,288,351,289,352,290,355,290,358,291,360,292,361,293,364,293,367,294,369,295,370,296,373,297,378,297,378,297,382,297,385,297,386,298,388,299,391,300,394,300,395,302,397,303,400,303,403,304,404,305,404,306,404,306,404,308,406,309,409,310,413,310,413,310,417,310,420,310,422,311,422,313,422,313,422,315,422,316,422,316,422,318,422,319,422,319,422,321,420,322,417,323,414,322,413,321,412,320,409,319,406,319,404,318,403,317,400,316,395,316,395,316,391,316,388,316,386,315,385,313,382,313,379,312,378,311,376,310,373,310,370,309,369,308,369,306,369,306,369,305,367,304,364,303,360,303,360,303,355,303,352,303,351,302,350,300,347,300,344,299,342,298,341,297,338,297,333,297,333,297,329,297,324,297,324,297,320,297,316,297,316,297,311,297,307,297,307,298,308,299,311,300,316,300,316,300,320,300,323,300,324,302,324,303,324,303,324,305,326,306,329,306,332,307,333,308,335,309,338,310,341,310,342,311,344,312,347,313,350,313,351,315,352,316,355,316,358,317,360,318,361,319,364,319,367,320,369,321,370,322,373,323,376,323,378,324,379,325,382,326,385,326,386,327,388,329,391,329,394,330,395,331,395,332,395,332,395,334,397,335,400,336,403,336,404,337,404,339,404,339,404,340,404,342,404,342,404,344,406,345,409,345,412,346,413,347,413,349,413,349,413,350,413,352,413,352,413,353,414,354,417,355,420,356,422,357,422,358,422,358,422,360,422,361,422,361,422,363,422,365,422,365,422,366,422,368,422,368,422,370,422,371,422,371,422,373,423,374,426,374,431,374,431,374,435,374,440,374,440,374,444,374,447,375,448,376,450,377,453,378,457,378,457,378,462,378,465,377,466,376,468,375,471,374,475,374,475,374,479,374,482,375,484,376,485,377,488,378,491,378,493,379,494,380,497,381,500,381,502,383,500,384,497,384,493,384,493,384,488,384,485,385,484,386,482,387,479,387,475,387,475,387,471,387,468,388,466,389,466,391,466,391,466,392,465,393,462,394,459,394,457,395,456,397,453,397,450,398,448,399,450,400,453,400,457,400,457,400,462,400,465,401,466,402,468,403,471,404,474,404,475,405,476,406,479,407,484,407,484,407,488,407,493,407,493,407,497,407,502,407,502,407,506,407,510,407,510,407,515,407,518,407,519,408,519,410,519,410,519,412,518,413,515,413,510,413,510,413,506,413,503,414,502,415,500,416,497,417,494,417,493,418,491,419,488,420,484,420,484,420,479,420,475,420,475,420,471,420,468,420,466,421,465,422,462,423,459,424,457,425,457,426,457,426,457,428,459,429,462,430,465,430,466,431,468,432,471,433,475,433,475,433,479,433,484,433,484,433,488,433,491,433,493,434,493,436,493,436,493,438,493,439,493,439,493,441,493,442,493,442,493,444,494,445,497,446,502,446,502,446,506,446,509,446,510,447,512,448,515,449,519,449,519,449,524,449,528,449,528,449,533,449,537,449,537,449,541,449,546,449,546,449,550,449,555,449,555,449,559,449,564,449,564,449,568,449,571,449,572,451,574,452,577,452,581,452,581,452,586,452,590,452,590,452,595,452,599,452,599,452,603,452,606,453,608,454,609,455,612,455,617,455,617,455,621,455,626,455,626,455,630,455,630,368
515,297,512,297,510,298,512,299,515,300,518,299,519,298,518,297,515,297
471,161,468,160,466,159,465,158,462,157,459,157,457,156,456,155,453,154,448,154,448,154,444,154,441,154,440,153,438,151,435,151,431,151,431,151,426,151,423,150,422,149,420,148,417,148,413,148,413,148,409,148,406,148,404,149,404,151,404,151,404,153,404,154,404,154,404,156,404,157,404,157,404,159,404,161,404,161,404,162,404,164,404,164,404,165,403,167,400,167,397,167,395,165,395,164,395,164,395,162,395,161,395,161,395,159,394,158,391,157,386,157,386,157,382,157,378,157,378,157,373,157,369,157,369,157,364,157,361,158,360,159,358,160,355,161,352,161,351,162,350,163,347,164,344,164,342,165,341,167,338,167,335,168,333,169,332,170,329,170,326,171,324,172,324,174,324,174,324,175,324,177,324,177,324,178,324,180,324,180,324,182,326,183,329,183,332,184,333,185,335,186,338,187,342,187,342,187,347,187,351,187,351,187,355,187,358,186,360,185,360,183,360,183,360,182,361,181,364,180,369,180,369,180,373,180,376,180,378,178,379,177,382,177,386,177,386,177,391,177,395,177,395,177,400,177,404,177,404,177,409,177,412,176,413,175,414,174,417,174,420,174,422,175,423,176,426,177,429,176,431,175,432,174,435,174,438,173,440,172,441,171,444,170,447,170,448,169,448,167,448,167,448,165,448,164,448,164,448,162,450,161,453,161,456,161,457,162,459,163,462,164,465,164,466,165,466,167,466,167,466,169,468,170,471,170,474,170,475,169,475,167,475,167,475,165,475,164,475,164,475,162,474,161,471,161
400,180,397,181,395,182,397,183,400,183,403,183,404,182,403,181,400,180
329,203,324,203,324,203,320,203,316,203,316,203,311,203,308,203,307,204,307,206,307,206,307,208,308,209,311,209,314,210,316,211,317,212,320,212,323,212,324,211,326,210,329,209,332,209,333,208,333,206,333,206,333,204,332,203,329,203
630,287,627,288,626,289,626,290,626,290,626,292,624,293,621,293,618,294,617,295,617,297,617,297,617,298,617,300,617,300,617,302,617,303,617,303,617,305,617,306,617,306,617,308,617,310,617,310,617,311,617,313,617,313,617,315,617,316,617,316,617,318,617,319,617,319,617,321,618,322,621,323,626,323,626,323,630,323,630,287
524,63,521,64,519,65,521,66,524,67,527,66,528,65,527,64,524,63
515,151,512,151,510,153,510,154,510,154,510,156,510,157,515,157,519,157,519,156,519,154,519,154,519,153,518,151,515,151
417,397,413,397,413,397,409,397,404,397,404,397,400,397,395,397,395,397,391,397,388,397,386,395,386,394,386,394,386,392,388,391,391,391,394,390,395,389,397,388,400,387,403,387,404,386,406,385,409,384,412,384,413,383,413,381,413,381,413,379,413,378,413,378,413,376,412,375,409,374,406,375,404,376,404,378,404,378,404,379,403,380,400,381,397,380,395,379,395,378,395,378,395,376,395,374,395,374,395,373,395,371,395,371,395,370,395,368,395,368,395,366,395,365,395,365,395,363,395,361,395,361,395,360,394,359,391,358,388,359,386,360,385,361,382,361,379,361,378,360,376,359,373,358,370,358,369,357,369,355,369,355,369,353,369,352,369,352,369,350,369,349,369,349,369,347,367,346,364,345,361,345,360,344,358,343,355,342,352,343,351,344,350,345,347,345,344,345,342,344,342,342,342,342,342,340,342,339,342,339,342,337,342,336,342,336,342,334,341,333,338,332,335,333,333,334,332,335,329,336,326,335,324,334,323,333,320,332,317,332,316,331,316,329,316,329,316,327,316,326,316,326,316,324,314,323,311,323,308,322,307,321,307,319,307,319,307,318,305,317,302,316,299,316,298,315,296,313,293,313,290,312,289,311,289,310,289,310,289,308,288,307,285,306,282,306,280,305,280,303,280,303,280,302,279,300,276,300,271,300,271,300,267,300,264,299,262,298,261,297,258,297,255,296,254,295,254,293,254,293,254,292,254,290,254,290,254,289,252,288,249,287,246,286,245,285,245,284,240,284,237,283,236,282,236,280,231,280,228,280,227,279,226,278,223,277,220,277,218,276,217,275,214,274,209,274,209,274,205,274,200,274,200,274,196,274,193,273,192,272,190,271,187,271,183,271,183,271,178,271,175,270,174,269,172,268,169,268,166,267,165,266,165,264,165,264,165,263,165,261,165,261,165,259,164,258,161,258,158,257,156,256,156,255,156,255,156,253,155,252,152,251,149,251,147,250,146,249,143,248,140,248,138,246,137,245,134,245,131,244,130,243,128,242,125,242,122,241,121,240,119,239,116,238,113,238,112,237,112,235,112,235,112,234,110,232,107,232,104,231,103,230,102,229,99,229,94,229,94,229,90,229,87,228,85,227,84,226,81,225,76,225,76,225,72,225,69,226,68,227,68,229,68,229,68,230,66,231,63,232,60,232,59,234,59,235,59,235,59,237,60,238,63,238,66,239,68,240,69,241,72,242,75,242,76,243,78,244,81,245,85,245,85,245,90,245,93,245,94,246,93,248,90,248,85,248,85,248,81,248,76,248,76,248,72,248,68,248,68,248,63,248,60,248,59,246,57,245,54,245,50,245,50,245,45,245,42,244,41,243,40,242,37,242,32,242,32,243,32,245,32,245,32,246,34,248,37,248,40,249,41,250,42,251,45,251,48,252,50,253,51,254,54,255,57,255,59,256,57,257,54,258,50,258,50,258,45,258,42,258,41,259,41,261,41,261,41,263,42,264,45,264,48,265,50,266,51,267,54,268,57,268,59,269,59,271,59,271,59,272,60,273,63,274,66,275,68,276,68,277,68,277,68,279,69,280,72,280,75,281,76,282,78,283,81,284,84,284,85,285,85,287,85,287,85,289,85,290,85,290,85,292,84,293,81,293,76,293,76,293,72,293,69,294,68,295,69,296,72,297,75,297,76,298,76,300,76,300,76,302,76,303,76,303,76,305,78,306,81,306,84,307,85,308,87,309,90,310,93,310,94,311,96,312,99,313,102,313,103,315,104,316,107,316,110,317,112,318,113,319,116,319,119,320,121,321,122,322,125,323,128,323,130,324,131,325,134,326,137,326,138,327,140,329,143,329,146,330,147,331,149,332,152,332,155,333,156,334,158,335,161,336,164,336,165,337,166,338,169,339,172,339,174,340,175,341,178,342,181,343,183,344,184,345,187,345,190,346,192,347,193,348,196,349,200,349,200,349,205,349,208,349,209,350,211,351,214,352,217,352,218,353,218,355,218,355,218,357,218,358,218,358,218,360,220,361,223,361,227,361,227,361,231,361,234,362,236,363,236,365,236,365,236,366,237,367,240,368,245,368,245,368,249,368,252,368,254,370,254,371,254,371,254,373,255,374,258,374,261,375,262,376,264,377,267,378,271,378,271,378,276,378,280,378,280,378,285,378,288,378,289,379,290,380,293,381,296,381,298,383,299,384,302,384,307,384,307,384,311,384,314,385,316,386,317,387,320,387,323,388,324,389,326,390,329,391,332,391,333,392,333,394,333,394,333,395,335,397,338,397,341,397,342,395,344,394,347,394,350,394,351,395,351,397,351,397,351,399,351,400,351,400,351,402,352,403,355,404,360,404,360,404,364,404,369,404,369,404,373,404,376,404,378,405,379,406,382,407,386,407,386,407,391,407,395,407,395,407,400,407,404,407,404,407,409,407,412,406,413,405,414,404,417,404,420,403,422,402,422,400,422,400,422,399,420,398,417,397
143,258,140,258,138,259,140,261,143,261,146,261,147,259,146,258,143,258
373,135,370,135,369,136,369,138,373,138,376,137,378,136,376,135,373,135
302,287,299,286,298,285,296,284,293,284,290,283,289,282,288,281,285,280,280,280,280,280,276,280,273,280,271,279,270,278,267,277,262,277,262,277,258,277,254,277,254,277,249,277,245,277,245,277,240,277,237,278,236,279,236,280,240,280,243,281,245,282,245,284,249,284,254,284,254,284,258,284,261,284,262,285,264,286,267,287,270,288,271,289,273,290,276,290,280,290,280,290,285,290,288,291,289,292,290,293,293,293,296,294,298,295,299,296,302,297,307,297,307,295,307,293,307,293,307,292,307,290,307,290,307,289,305,288,302,287
231,41,227,41,227,41,223,41,220,41,218,42,218,44,218,44,218,46,220,47,223,47,227,47,227,47,231,47,234,47,236,46,236,44,236,44,236,42,234,41,231,41
214,106,211,106,209,107,211,108,214,109,217,108,218,107,217,106,214,106
125,131,122,132,121,133,122,134,125,135,128,134,130,133,128,132,125,131
63,219,60,219,59,221,60,222,63,222,66,222,68,221,66,219,63,219
28,235,25,236,23,237,23,238,23,238,23,240,25,241,28,242,32,242,32,240,32,238,32,238,32,237,31,236,28,235
