360,10,360,12,360,12,360,13,361,14,364,15,367,14,369,13,370,12,373,12,376,11,378,10,360,10
316,10,316,12,316,12,316,13,316,15,316,15,316,16,317,18,320,18,323,19,324,20,326,21,329,21,332,22,333,23,333,25,333,25,333,26,333,28,333,28,333,29,333,31,333,31,333,33,333,34,333,34,333,36,335,37,338,38,341,38,342,39,344,40,347,41,350,40,351,39,351,38,351,38,351,36,351,34,351,34,351,33,351,31,351,31,351,29,351,28,351,28,351,26,351,25,351,25,351,23,351,21,351,21,351,20,350,19,347,18,344,18,342,16,341,15,338,15,333,15,333,15,329,15,326,14,324,13,324,12,324,12,324,10,316,10
289,10,289,12,293,12,296,11,298,10,289,10
156,10,155,11,152,12,149,11,147,10,59,10,57,11,54,12,50,12,50,12,45,12,41,12,41,12,37,12,32,12,32,12,28,12,23,12,23,12,19,12,16,11,14,10,12,10,10,10,10,109,14,109,14,109,19,109,22,109,23,110,25,111,28,112,31,113,32,114,32,115,32,115,32,117,34,118,37,119,40,119,41,120,42,121,45,122,48,122,50,123,50,125,50,125,50,127,51,128,54,128,59,128,59,128,63,128,68,128,68,128,72,128,76,128,76,128,81,128,84,129,85,130,87,131,90,131,94,131,94,131,99,131,103,131,103,131,107,131,112,131,112,131,116,131,119,132,121,133,122,134,125,135,130,135,130,135,134,135,138,135,138,135,143,135,147,135,147,135,152,135,156,135,156,135,161,135,165,135,165,135,169,135,174,135,174,135,178,135,183,135,183,135,187,135,192,135,192,135,196,135,200,135,200,135,205,135,209,135,209,135,214,135,218,135,218,135,223,135,227,135,227,135,231,135,236,135,236,135,240,135,245,135,245,135,249,135,254,135,254,135,258,135,262,135,262,135,267,135,271,135,271,135,276,135,280,135,280,135,285,135,288,135,289,136,290,137,293,138,296,137,298,136,299,135,302,135,307,135,307,135,311,135,314,134,316,133,317,132,320,131,323,131,324,130,326,129,329,128,332,128,333,127,335,126,338,125,341,124,342,123,342,122,342,122,342,120,344,119,347,119,350,118,351,117,350,116,347,115,344,115,342,114,342,112,342,112,342,110,342,109,342,109,342,107,342,106,342,106,342,104,344,103,347,102,351,102,351,102,355,102,358,103,360,104,361,105,364,106,367,105,369,104,369,102,369,102,369,101,369,99,369,99,369,97,367,96,364,96,361,95,360,94,360,93,360,93,360,91,360,89,360,89,360,88,360,86,360,86,360,85,360,83,360,83,360,81,360,80,360,80,360,78,361,77,364,76,369,76,369,76,373,76,376,76,378,75,378,73,378,73,378,72,379,70,382,70,385,69,386,68,385,67,382,67,378,67,378,67,373,67,370,66,369,65,367,64,364,63,361,63,360,62,358,61,355,60,352,60,351,59,350,58,347,57,344,56,342,55,344,54,347,54,351,54,351,54,355,54,358,53,360,52,360,50,355,50,351,50,351,50,347,50,344,50,342,49,342,47,342,47,342,46,341,45,338,44,335,45,333,46,332,47,329,47,326,47,324,46,324,44,324,44,324,42,323,41,320,41,317,41,316,42,314,43,311,44,308,45,307,46,305,47,302,47,299,47,298,46,298,44,298,44,298,42,299,41,302,41,305,40,307,39,307,38,307,38,307,36,308,35,311,34,314,34,316,33,316,31,316,31,316,29,316,28,316,28,316,26,314,25,311,25,307,25,307,25,302,25,298,25,298,25,293,25,289,25,289,26,289,28,289,28,289,29,289,31,289,31,289,33,289,34,293,34,296,35,298,36,296,37,293,38,289,38,289,39,289,41,289,41,289,42,289,44,289,44,289,46,288,47,285,47,280,47,280,49,279,50,276,50,271,50,271,50,267,50,264,50,262,49,262,47,262,47,262,46,264,45,267,44,271,44,271,42,273,41,276,41,279,40,280,39,282,38,285,38,289,38,289,36,289,34,285,34,282,34,280,33,280,31,280,31,280,29,280,28,280,28,280,26,282,25,285,25,289,25,289,23,289,21,289,21,289,20,288,19,285,18,282,18,280,16,280,15,276,15,273,14,271,13,270,12,267,12,262,12,262,12,258,12,255,11,254,10,156,10
329,54,326,54,324,55,326,56,329,57,332,56,333,55,332,54,329,54
293,54,289,54,289,54,285,54,282,54,280,55,282,56,285,57,289,57,289,57,293,57,296,56,298,55,296,54,293,54
267,54,264,54,262,55,264,56,267,57,270,56,271,55,270,54,267,54
240,25,237,24,236,23,234,22,231,21,228,22,227,23,226,24,223,25,220,25,218,26,218,28,218,28,218,29,217,31,214,31,211,32,209,33,209,34,209,34,209,36,211,37,214,38,217,37,218,36,220,35,223,34,226,34,227,33,228,32,231,31,234,31,236,29,237,28,240,28,243,27,245,26,243,25,240,25
10,407,13,407,14,408,16,410,19,410,22,411,23,412,25,413,28,413,31,413,32,412,32,410,32,410,32,408,31,407,28,407,25,406,23,405,23,404,23,404,23,402,22,401,19,400,16,400,14,399,14,397,14,397,14,395,13,394,10,394,10,407
76,470,76,468,76,468,76,467,75,466,72,465,69,466,68,467,66,468,63,468,60,468,59,467,57,466,54,465,51,466,50,467,48,468,45,468,42,469,41,470,76,470
218,470,217,469,214,468,211,468,209,467,209,465,209,465,209,464,208,462,205,462,200,462,200,462,196,462,192,462,192,462,187,462,183,462,183,462,178,462,175,462,174,464,175,465,178,465,181,466,183,467,184,468,187,468,190,469,192,470,218,470
386,470,386,468,386,468,386,467,388,466,391,465,394,466,395,467,397,468,400,468,404,468,404,467,404,465,404,465,404,464,403,462,400,462,397,461,395,460,395,459,395,459,395,457,394,456,391,455,388,455,386,454,385,453,382,452,379,452,378,451,378,449,378,449,378,447,378,446,378,446,378,444,376,443,373,442,370,442,369,441,367,440,364,439,361,439,360,438,358,437,355,436,352,435,351,434,350,433,347,433,344,432,342,431,341,430,338,430,335,429,333,428,332,427,329,426,326,426,324,425,323,424,320,423,316,423,316,423,311,423,308,422,307,421,305,420,302,420,298,420,298,420,293,420,290,419,289,418,288,417,285,417,280,417,280,417,276,417,273,417,271,418,270,419,267,420,262,420,262,420,258,420,255,420,254,421,252,422,249,423,246,424,245,425,245,426,245,426,245,428,245,430,245,430,245,431,245,433,245,433,245,434,245,436,245,436,245,438,246,439,249,439,252,440,254,441,255,442,258,442,262,442,262,442,267,442,270,443,271,444,273,445,276,446,279,446,280,447,282,448,285,449,288,449,289,451,290,452,293,452,296,453,298,454,298,455,298,455,298,457,298,459,298,459,298,460,298,462,298,462,298,464,299,465,302,465,305,466,307,467,308,468,311,468,314,469,316,470,386,470
413,470,412,469,409,468,404,468,404,470,413,470
630,261,627,261,626,259,626,258,626,258,626,256,626,255,626,255,626,253,626,251,626,251,626,250,626,248,626,248,626,246,626,245,626,245,626,243,627,242,630,242,630,157,627,158,626,159,624,160,621,161,618,160,617,159,615,158,612,157,609,157,608,156,606,155,603,154,599,154,599,154,595,154,592,154,590,153,589,151,586,151,583,151,581,153,581,154,581,154,581,156,581,157,581,157,581,159,583,160,586,161,589,161,590,162,590,164,590,164,590,165,592,167,595,167,598,168,599,169,599,170,599,170,599,172,599,174,599,174,599,175,600,176,603,177,606,177,608,178,608,180,608,180,608,182,608,183,608,183,608,185,608,187,608,187,608,188,608,190,608,190,608,191,609,192,612,193,615,194,617,195,615,196,612,196,609,197,608,198,608,200,608,200,608,201,608,203,608,203,608,204,606,205,603,206,600,207,599,208,599,209,599,209,599,211,598,212,595,212,592,213,590,214,590,216,590,216,590,217,589,218,586,219,583,219,581,221,581,222,581,222,581,224,581,225,581,225,581,227,581,229,581,229,581,230,580,231,577,232,574,232,572,234,572,235,572,235,572,237,572,238,572,238,572,240,572,242,572,242,572,243,572,245,572,245,572,246,572,248,572,248,572,250,572,251,572,251,572,253,572,255,572,255,572,256,572,258,572,258,572,259,571,261,568,261,565,262,564,263,564,264,564,264,564,266,564,268,564,268,564,269,564,271,564,271,564,272,564,274,564,274,564,276,564,277,564,277,564,279,564,280,564,280,564,282,564,284,564,284,564,285,564,287,564,287,564,289,564,290,564,290,564,292,564,293,564,293,564,295,564,297,564,297,564,298,564,300,564,300,564,302,564,303,564,303,564,305,564,306,564,306,564,308,562,309,559,310,556,310,555,311,555,313,555,313,555,315,555,316,555,316,555,318,555,319,555,319,555,321,555,323,555,323,555,324,555,326,555,326,555,327,555,329,555,329,555,331,555,332,555,332,555,334,555,336,555,336,555,337,555,339,555,339,555,340,555,342,555,342,555,344,555,345,555,345,555,347,555,349,555,349,555,350,555,352,555,352,555,353,555,355,555,355,555,357,555,358,555,358,555,360,553,361,550,361,547,362,546,363,546,365,546,365,546,366,546,368,546,368,546,370,546,371,546,371,546,373,546,374,546,374,546,376,546,378,546,378,546,379,546,381,546,381,546,383,546,384,546,384,546,386,546,387,546,387,546,389,546,391,546,391,546,392,546,394,546,394,546,395,546,397,546,397,546,399,546,400,546,400,546,402,546,404,546,404,546,405,546,407,546,407,546,408,546,410,546,410,546,412,546,413,546,413,546,415,546,417,546,417,546,418,547,419,550,420,553,420,555,421,555,423,555,423,555,425,555,426,555,426,555,428,555,430,555,430,555,431,555,433,555,433,555,434,553,435,550,436,547,437,546,438,547,439,550,439,553,440,555,441,555,442,555,442,555,444,555,446,555,446,555,447,555,449,555,449,555,451,555,452,555,452,555,454,555,455,555,455,555,457,555,459,555,459,555,460,556,461,559,462,562,462,564,464,564,465,564,465,564,467,564,468,564,468,564,470,597,470,630,470,630,261
533,219,530,218,528,217,528,216,528,216,528,214,528,212,528,212,528,211,528,209,528,209,528,208,527,207,524,206,521,205,519,204,519,203,519,203,519,201,519,200,519,200,519,198,518,197,515,196,512,196,510,195,509,194,506,193,503,192,502,191,502,190,502,190,502,188,500,187,497,187,494,186,493,185,491,184,488,183,485,183,484,182,482,181,479,180,476,180,475,178,474,177,471,177,466,177,466,177,462,177,457,177,457,177,453,177,450,177,448,178,448,180,448,180,448,182,447,183,444,183,440,183,440,183,435,183,432,184,431,185,429,186,426,187,423,186,422,185,422,183,422,183,422,182,420,181,417,180,414,180,413,178,412,177,409,177,406,176,404,175,403,174,400,174,397,173,395,172,397,171,400,170,404,170,404,170,409,170,412,170,413,169,413,167,413,167,413,165,412,164,409,164,406,163,404,162,404,161,404,161,404,159,403,158,400,157,397,157,395,156,394,155,391,154,388,155,386,156,385,157,382,157,379,158,378,159,376,160,373,161,370,161,369,162,367,163,364,164,361,164,360,165,358,167,355,167,352,167,351,165,350,164,347,164,342,164,342,164,338,164,333,164,333,164,329,164,324,164,324,164,320,164,316,164,316,164,311,164,307,164,307,164,302,164,298,164,298,164,293,164,289,164,289,164,285,164,280,164,280,164,276,164,271,164,271,164,267,164,262,164,262,164,258,164,255,164,254,165,252,167,249,167,245,167,245,167,240,167,236,167,236,167,231,167,228,168,227,169,226,170,223,170,218,170,218,170,214,170,211,171,209,172,208,173,205,174,200,174,200,174,196,174,192,174,192,174,187,174,183,174,183,174,178,174,175,174,174,175,174,177,174,177,174,178,172,180,169,180,165,180,165,180,161,180,156,180,156,180,152,180,147,180,147,180,143,180,140,181,138,182,137,183,134,183,131,184,130,185,130,187,130,187,130,188,130,190,130,190,130,191,130,193,130,193,130,195,128,196,125,196,122,197,121,198,119,199,116,200,113,200,112,201,112,203,112,203,112,204,110,205,107,206,103,206,103,206,99,206,96,207,94,208,94,209,94,209,94,211,93,212,90,212,85,212,85,212,81,212,78,213,76,214,76,216,76,216,76,217,76,219,76,219,76,221,76,222,76,222,76,224,76,225,76,225,76,227,76,229,76,229,76,230,75,231,72,232,69,232,68,234,68,235,68,235,68,237,68,238,72,238,75,239,76,240,76,242,76,242,76,243,76,245,81,245,84,245,85,246,84,248,81,248,78,248,76,246,76,245,72,245,68,245,68,246,68,248,68,248,68,250,68,251,68,251,68,253,69,254,72,255,75,255,76,256,76,258,76,258,76,259,75,261,72,261,69,262,68,263,68,264,68,264,68,266,69,267,72,268,75,268,76,269,76,271,76,271,76,272,76,274,81,274,84,275,85,276,85,277,85,277,85,279,84,280,81,280,78,280,76,279,76,277,76,277,76,276,76,274,72,274,69,273,68,272,66,271,63,271,60,270,59,269,57,268,54,268,50,268,50,268,45,268,42,268,41,269,41,271,41,271,41,272,41,274,41,274,41,276,40,277,37,277,34,278,32,279,32,280,32,280,32,282,34,283,37,284,40,284,41,285,41,287,41,287,41,289,42,290,45,290,48,291,50,292,50,293,50,293,50,295,51,296,54,297,57,297,59,298,59,300,59,300,59,302,60,303,63,303,68,303,68,303,72,303,75,304,76,305,76,306,76,306,76,308,76,310,76,310,76,311,76,313,76,313,76,315,76,316,76,316,76,318,78,319,81,319,84,320,85,321,87,322,90,323,93,323,94,324,94,326,94,326,94,327,94,329,94,329,94,331,96,332,99,332,102,333,103,334,104,335,107,336,110,336,112,337,113,338,116,339,121,339,121,339,125,339,130,339,130,339,134,339,137,339,138,340,140,341,143,342,147,342,147,342,152,342,156,342,156,342,161,342,164,343,165,344,166,345,169,345,174,345,174,345,178,345,183,345,183,345,187,345,192,345,192,345,196,345,200,345,200,345,205,345,209,345,209,345,214,345,218,345,218,345,223,345,226,346,227,347,228,348,231,349,236,349,236,349,240,349,245,349,245,349,249,349,252,349,254,350,255,351,258,352,262,352,262,352,267,352,271,352,271,352,276,352,280,352,280,352,285,352,289,352,289,352,293,352,298,352,298,352,302,352,307,352,307,352,311,352,316,352,316,352,320,352,324,352,324,352,329,352,332,351,333,350,335,349,338,349,342,349,342,349,347,349,351,349,351,349,355,349,360,349,360,349,364,349,369,349,369,349,373,349,378,349,378,349,382,349,385,349,386,350,386,352,386,352,386,353,386,355,386,355,386,357,386,358,386,358,386,360,388,361,391,361,394,362,395,363,394,364,391,365,386,365,386,365,382,365,378,365,378,365,373,365,370,365,369,366,367,367,364,368,361,369,360,370,358,371,355,371,352,372,351,373,350,374,347,374,342,374,342,374,338,374,335,375,333,376,333,378,333,378,333,379,335,380,338,381,341,381,342,383,344,384,347,384,351,384,351,384,355,384,360,384,360,384,364,384,367,385,369,386,370,387,373,387,376,388,378,389,379,390,382,391,385,390,386,389,388,388,391,387,395,387,395,387,400,387,403,387,404,386,404,384,404,384,404,383,403,381,400,381,395,381,395,381,391,381,386,381,386,381,382,381,379,380,378,379,379,378,382,378,386,378,386,378,391,378,395,378,395,378,400,378,403,377,404,376,406,375,409,374,412,375,413,376,413,378,413,378,413,379,414,380,417,381,420,381,422,383,422,384,422,384,422,386,422,387,422,387,422,389,423,390,426,391,429,391,431,392,431,394,431,394,431,395,432,397,435,397,438,398,440,399,440,400,440,400,440,402,440,404,440,404,440,405,440,407,440,407,440,408,441,410,444,410,447,411,448,412,448,413,448,413,448,415,448,417,448,417,448,418,450,419,453,420,456,420,457,421,457,423,457,423,457,425,457,426,457,426,457,428,457,430,457,430,457,431,457,433,457,433,457,434,459,435,462,436,465,437,466,438,466,439,466,439,466,441,466,442,466,442,466,444,468,445,471,446,474,446,475,447,475,449,475,449,475,451,475,452,475,452,475,454,476,455,479,455,482,456,484,457,484,459,484,459,484,460,485,461,488,462,491,462,493,464,494,465,497,465,500,466,502,467,503,468,506,468,509,468,510,467,512,466,515,465,518,465,519,464,518,462,515,462,512,461,510,460,509,459,506,459,503,458,502,457,502,455,502,455,502,454,500,453,497,452,494,452,493,451,493,449,493,449,493,447,493,446,493,446,493,444,491,443,488,442,485,442,484,441,484,439,484,439,484,438,484,436,484,436,484,434,482,433,479,433,476,432,475,431,475,430,475,430,475,428,475,426,475,426,475,425,475,423,475,423,475,421,475,420,475,420,475,418,475,417,475,417,475,415,475,413,475,413,475,412,474,411,471,410,468,410,466,408,466,407,466,407,466,405,466,404,466,404,466,402,466,400,466,400,466,399,466,397,466,397,466,395,466,394,466,394,466,392,466,391,466,391,466,389,466,387,466,387,466,386,466,384,466,384,466,383,466,381,466,381,466,379,466,378,466,378,466,376,466,374,466,374,466,373,466,371,466,371,466,370,466,368,466,368,466,366,465,365,462,365,459,364,457,363,457,361,457,361,457,360,457,358,457,358,457,357,459,356,462,355,465,354,466,353,466,352,466,352,466,350,468,349,471,349,474,348,475,347,475,345,475,345,475,344,475,342,475,342,475,340,474,339,471,339,468,338,466,337,466,336,466,336,466,334,468,333,471,332,474,332,475,331,476,330,479,329,482,329,484,327,485,326,488,326,491,325,493,324,493,323,493,323,493,321,493,319,493,319,493,318,493,316,493,316,493,315,494,313,497,313,502,313,502,311,502,310,502,310,502,308,502,306,502,306,502,305,502,303,502,303,502,302,502,300,502,300,502,298,502,297,502,297,502,295,502,293,502,293,502,292,502,290,502,290,502,289,502,287,502,287,502,285,502,284,502,284,502,282,503,281,506,280,509,281,510,282,510,284,510,284,510,285,512,286,515,287,518,286,519,285,519,284,519,284,519,282,521,281,524,280,527,280,528,279,528,277,528,277,528,276,528,274,528,274,528,272,528,271,528,271,528,269,528,268,528,268,528,266,528,264,528,264,528,263,530,262,533,261,536,261,537,259,537,258,537,258,537,256,537,255,537,255,537,253,537,251,537,251,537,250,537,248,537,248,537,246,537,245,537,245,537,243,537,242,537,242,537,240,537,238,537,238,537,237,537,235,537,235,537,234,537,232,537,232,537,230,537,229,537,229,537,227,537,225,537,225,537,224,537,222,537,222,537,221,536,219,533,219
444,229,441,228,440,227,438,226,435,225,432,225,431,224,429,223,426,222,422,222,422,222,417,222,414,222,413,221,412,219,409,219,406,218,404,217,403,216,400,216,395,216,395,216,391,216,386,216,386,216,382,216,379,215,378,214,376,213,373,212,369,212,369,212,364,212,360,212,360,212,355,212,351,212,351,212,347,212,344,213,342,214,342,216,342,216,342,217,344,218,347,219,350,219,351,221,351,222,351,222,351,224,350,225,347,225,344,226,342,227,342,229,342,229,342,230,344,231,347,232,350,232,351,234,352,235,355,235,358,236,360,237,361,238,364,238,367,239,369,240,370,241,373,242,378,242,378,242,382,242,385,242,386,243,388,244,391,245,394,244,395,243,397,242,400,242,404,242,404,242,409,242,412,242,413,243,413,245,413,245,413,246,413,248,409,248,406,249,404,250,403,251,400,251,395,251,395,251,391,251,388,252,386,253,385,254,382,255,379,254,378,253,376,252,373,251,369,251,369,251,364,251,361,251,360,250,358,249,355,248,351,248,351,248,347,248,342,248,342,248,338,248,333,248,333,248,329,248,324,248,324,248,320,248,316,248,316,248,311,248,307,248,307,248,302,248,299,248,298,246,296,245,293,245,289,245,289,245,285,245,280,245,280,245,276,245,273,245,271,246,271,248,271,248,271,250,271,251,271,251,271,253,271,255,271,255,271,256,271,258,271,258,271,259,271,261,271,261,271,263,273,264,276,264,279,265,280,266,280,268,280,268,280,269,280,271,280,271,280,272,282,273,285,274,288,275,289,276,290,277,293,277,296,278,298,279,299,280,302,280,307,280,307,280,311,280,316,280,316,280,320,280,324,280,324,280,329,280,333,280,333,280,338,280,341,281,342,282,342,284,342,284,342,285,341,286,338,287,335,288,333,289,332,290,329,290,324,290,324,290,320,290,317,291,316,292,314,293,311,293,308,294,307,295,307,297,307,297,307,298,308,299,311,300,314,299,316,298,317,297,320,297,324,297,324,297,329,297,332,296,333,295,335,294,338,293,341,293,342,292,344,291,347,290,350,290,351,289,352,288,355,287,358,286,360,285,361,284,364,284,367,283,369,282,370,281,373,280,376,280,378,279,378,277,378,277,378,276,379,275,382,274,385,273,386,272,386,271,386,271,386,269,388,268,391,268,394,267,395,266,397,265,400,264,403,264,404,263,404,261,404,261,404,259,406,258,409,258,412,257,413,256,413,255,413,255,413,253,413,251,413,251,413,250,413,248,417,248,420,248,422,246,423,245,426,245,431,245,431,245,435,245,438,244,440,243,441,242,444,242,447,241,448,240,448,238,448,238,448,237,448,235,448,235,448,234,448,232,448,232,448,230,447,229,444,229
409,183,406,184,404,185,406,186,409,187,412,186,413,185,412,184,409,183
267,303,264,303,262,302,261,300,258,300,254,300,254,300,249,300,246,300,245,302,243,303,240,303,236,303,236,303,231,303,227,303,227,303,223,303,220,304,218,305,220,306,223,306,227,306,227,306,231,306,236,306,236,306,240,306,245,306,245,306,249,306,254,306,254,306,258,306,262,306,262,306,267,306,270,306,271,305,270,304,267,303
143,290,138,290,138,289,137,288,134,287,130,287,130,285,128,284,125,284,121,284,121,282,119,281,116,280,112,280,112,279,110,278,107,277,104,278,103,279,104,280,107,280,112,280,112,282,113,283,116,284,121,284,121,285,122,286,125,287,130,287,130,289,131,290,134,290,138,290,138,292,140,293,143,293,146,293,147,292,146,291,143,290
134,323,131,323,130,324,131,325,134,326,137,325,138,324,137,323,134,323
90,251,87,252,85,253,87,254,90,255,93,254,94,253,93,252,90,251
506,313,502,313,502,315,502,316,502,316,502,318,502,319,502,319,502,321,503,322,506,323,509,322,510,321,510,319,510,319,510,318,510,316,510,316,510,315,509,313,506,313
426,128,423,129,422,130,423,131,426,131,429,131,431,130,429,129,426,128
382,47,378,47,378,47,373,47,370,47,369,46,367,45,364,44,361,45,360,46,360,47,360,47,360,49,360,50,364,50,367,51,369,52,369,54,369,54,369,55,370,56,373,57,376,58,378,59,379,60,382,60,385,60,386,59,386,57,386,57,386,55,386,54,386,54,386,52,386,50,386,50,386,49,385,48,382,47
285,12,282,12,280,13,280,15,285,15,288,14,289,13,289,12,285,12
276,44,271,44,271,46,273,47,276,47,280,47,280,46,279,45,276,44
267,400,262,400,262,400,258,400,255,400,254,399,254,397,254,397,254,395,252,394,249,394,245,394,245,394,240,394,237,394,236,395,236,397,236,397,236,399,234,400,231,400,228,401,227,402,226,403,223,404,218,404,218,404,214,404,211,403,209,402,209,400,209,400,209,399,208,398,205,397,202,397,200,395,200,394,200,394,200,392,200,391,200,391,200,389,200,387,200,387,200,386,200,384,200,384,200,383,199,381,196,381,193,381,192,383,190,384,187,384,183,384,183,384,178,384,175,385,174,386,172,387,169,387,165,387,165,387,161,387,158,388,156,389,155,390,152,391,147,391,147,391,143,391,140,391,138,392,137,393,134,394,131,394,130,395,130,397,130,397,130,399,128,400,125,400,122,401,121,402,122,403,125,404,128,404,130,405,128,406,125,407,121,407,121,407,116,407,112,407,112,407,107,407,104,407,103,408,103,410,103,410,103,412,104,413,107,413,110,414,112,415,112,417,112,417,112,418,113,419,116,420,119,420,121,421,122,422,125,423,130,423,130,423,134,423,137,422,138,421,140,420,143,420,147,420,147,420,152,420,156,420,156,420,161,420,164,419,165,418,165,417,165,417,165,415,166,414,169,413,172,413,174,412,175,411,178,410,183,410,183,410,187,410,190,410,192,408,193,407,196,407,200,407,200,407,205,407,208,407,209,408,209,410,209,410,209,412,209,413,209,413,209,415,209,417,209,417,209,418,209,420,209,420,209,421,209,423,209,423,209,425,211,426,214,426,218,426,218,426,223,426,226,426,227,425,228,424,231,423,234,422,236,421,237,420,240,420,243,419,245,418,246,417,249,417,252,416,254,415,255,414,258,413,261,413,262,412,262,410,262,410,262,408,264,407,267,407,270,406,271,405,271,404,271,404,271,402,270,401,267,400
107,449,104,448,103,447,102,446,99,446,94,446,94,446,90,446,87,446,85,447,84,448,81,449,76,449,76,449,72,449,69,449,68,451,69,452,72,452,76,452,76,452,81,452,85,452,85,452,90,452,94,452,94,452,99,452,103,452,103,452,107,452,110,452,112,451,110,449,107,449
81,459,78,459,76,460,78,461,81,462,84,461,85,460,84,459,81,459
72,426,68,426,68,426,63,426,60,427,59,428,60,429,63,430,66,430,68,431,69,432,72,433,75,432,76,431,76,430,76,430,76,428,75,427,72,426
63,238,60,239,59,240,59,242,59,242,59,243,60,244,63,245,68,245,68,243,68,242,68,242,68,240,68,238,63,238
63,420,60,420,59,421,60,422,63,423,66,422,68,421,66,420,63,420
28,462,23,462,23,464,23,465,23,465,23,467,25,468,28,468,31,468,32,467,32,465,32,465,32,464,31,462,28,462
19,452,16,453,14,454,14,455,14,455,14,457,14,459,14,459,14,460,16,461,19,462,23,462,23,460,23,459,23,459,23,457,23,455,23,455,23,454,22,453,19,452
