590,10,590,12,590,12,590,13,592,14,595,15,598,15,599,16,599,18,599,18,599,20,600,21,603,21,606,22,608,23,608,25,608,25,608,26,608,28,608,28,608,29,609,31,612,31,617,31,617,31,621,31,624,32,626,33,626,34,626,34,626,36,627,37,630,38,630,24,630,10,590,10
68,10,66,11,63,12,59,12,59,12,54,12,50,12,50,12,45,12,42,12,41,13,40,14,37,15,32,15,32,15,28,15,23,15,23,15,19,15,14,15,14,15,10,15,10,135,13,135,14,136,16,137,19,138,22,138,23,140,23,141,23,141,23,143,25,144,28,144,31,145,32,146,32,148,32,148,32,149,34,150,37,151,41,151,41,151,45,151,48,151,50,153,50,154,50,154,50,156,51,157,54,157,57,158,59,159,60,160,63,161,68,161,68,161,72,161,76,161,76,161,81,161,84,161,85,162,87,163,90,164,94,164,94,164,99,164,102,164,103,165,104,167,107,167,110,167,112,165,113,164,116,164,119,164,121,165,122,167,125,167,130,167,130,167,134,167,138,167,138,167,143,167,146,167,147,165,149,164,152,164,156,164,156,164,161,164,165,164,165,164,169,164,174,164,174,164,178,164,183,164,183,164,187,164,192,164,192,164,196,164,200,164,200,164,205,164,209,164,209,164,214,164,218,164,218,164,223,164,226,163,227,162,228,161,231,161,236,161,236,161,240,161,245,161,245,161,249,161,254,161,254,161,258,161,262,161,262,161,267,161,271,161,271,161,276,161,280,161,280,161,285,161,288,160,289,159,290,158,293,157,298,157,298,157,302,157,307,157,307,157,311,157,314,157,316,156,317,155,320,154,324,154,324,154,329,154,332,154,333,153,335,151,338,151,342,151,342,151,347,151,350,150,351,149,352,148,355,148,360,148,360,148,364,148,367,147,369,146,370,145,373,144,376,144,378,143,378,141,378,141,378,140,378,138,378,138,378,136,378,135,378,135,378,133,379,132,382,131,385,131,386,130,386,128,386,128,386,127,386,125,386,125,386,123,388,122,391,122,394,122,395,123,395,125,395,125,395,127,395,128,395,128,395,130,395,131,395,131,395,133,395,135,395,135,395,136,397,137,400,138,403,137,404,136,406,135,409,135,412,135,413,136,414,137,417,138,420,138,422,140,422,141,422,141,422,143,422,144,422,144,422,146,423,147,426,148,429,148,431,149,432,150,435,151,438,151,440,153,441,154,444,154,448,154,448,154,453,154,456,155,457,156,459,157,462,157,465,158,466,159,466,161,466,161,466,162,468,163,471,164,474,163,475,162,475,161,475,161,475,159,475,157,475,157,475,156,474,155,471,154,468,154,466,153,466,151,466,151,466,149,465,148,462,148,459,147,457,146,457,144,457,144,457,143,457,141,457,141,457,140,457,138,457,138,457,136,457,135,457,135,457,133,456,132,453,131,450,131,448,130,447,129,444,128,441,128,440,127,440,125,440,125,440,123,440,122,440,122,440,120,438,119,435,119,432,118,431,117,431,115,431,115,431,114,429,113,426,112,423,112,422,110,423,109,426,109,429,108,431,107,429,106,426,106,423,105,422,104,423,103,426,102,429,102,431,101,431,99,431,99,431,97,431,96,426,96,423,95,422,94,423,93,426,93,429,93,431,94,431,96,435,96,438,96,440,97,440,99,440,99,440,101,440,102,440,102,440,104,440,106,440,106,440,107,441,108,444,109,447,109,448,110,448,112,448,112,448,114,450,115,453,115,456,115,457,114,457,112,457,112,457,110,457,109,457,109,457,107,457,106,457,106,457,104,457,102,457,102,457,101,456,100,453,99,450,99,448,97,448,96,448,96,448,94,450,93,453,93,456,92,457,91,456,90,453,89,450,89,448,88,448,86,448,86,448,85,450,83,453,83,456,82,457,81,457,80,457,80,457,78,456,77,453,76,450,76,448,75,448,73,448,73,448,72,447,70,444,70,440,70,440,70,435,70,432,70,431,72,429,73,426,73,423,73,422,72,422,70,422,70,422,68,422,67,422,67,422,65,422,63,422,63,422,62,423,61,426,60,429,60,431,59,431,57,431,57,431,55,431,54,431,54,431,52,431,50,431,50,431,49,431,47,431,47,431,46,431,44,431,44,431,42,431,41,431,41,431,39,431,38,431,38,431,36,429,35,426,34,423,34,422,33,420,32,417,31,413,31,413,33,412,34,409,34,406,34,404,33,404,31,400,31,397,31,395,29,397,28,400,28,403,28,404,29,404,31,409,31,413,31,413,29,414,28,417,28,420,27,422,26,422,25,422,25,422,23,423,22,426,21,429,21,431,20,431,18,431,18,431,16,431,15,431,15,431,13,431,12,431,12,431,10,68,10
409,57,406,58,404,59,404,60,404,60,404,62,406,63,409,63,412,63,413,62,413,60,413,60,413,59,412,58,409,57
409,80,406,80,404,81,406,82,409,83,412,82,413,81,412,80,409,80
409,106,406,106,404,107,406,108,409,109,412,108,413,107,412,106,409,106
391,21,388,22,386,23,388,24,391,25,394,24,395,23,394,22,391,21
382,102,379,103,378,104,378,106,378,106,378,107,378,109,378,109,378,110,378,112,378,112,378,114,378,115,373,115,370,116,369,117,369,119,369,119,369,120,369,122,369,122,369,123,369,125,369,125,369,127,370,128,373,128,376,128,378,127,378,125,378,125,378,123,378,122,378,122,378,120,378,119,378,119,378,117,378,115,382,115,385,115,386,114,386,112,386,112,386,110,386,109,386,109,386,107,386,106,386,106,386,104,385,103,382,102
355,54,352,54,351,55,352,56,355,57,358,56,360,55,358,54,355,54
329,41,326,41,324,42,324,44,324,44,324,46,324,47,320,47,317,48,316,49,314,50,311,50,308,50,307,49,305,48,302,47,299,48,298,49,298,50,298,50,298,52,296,53,293,54,290,54,289,55,290,56,293,57,296,58,298,59,298,60,298,60,298,62,298,63,298,63,298,65,298,67,298,67,298,68,299,69,302,70,305,70,307,72,308,73,311,73,314,73,316,72,317,70,320,70,323,69,324,68,324,67,324,67,324,65,324,63,324,63,324,62,323,61,320,60,317,60,316,59,316,57,316,57,316,55,317,54,320,54,323,53,324,52,324,50,324,50,324,49,324,47,329,47,332,47,333,46,333,44,333,44,333,42,332,41,329,41
10,439,13,440,14,441,14,442,14,442,14,444,16,445,19,446,22,446,23,447,25,448,28,449,31,449,32,451,32,452,32,452,32,454,32,455,32,455,32,457,31,458,28,459,25,459,23,460,23,462,23,462,23,464,23,465,23,465,23,467,23,468,23,468,23,470,85,470,85,468,85,468,85,467,84,466,81,465,78,465,76,464,76,462,76,462,76,460,75,459,72,459,69,458,68,457,66,456,63,455,60,455,59,454,59,452,59,452,59,451,57,449,54,449,51,448,50,447,48,446,45,446,42,445,41,444,40,443,37,442,34,442,32,441,31,440,28,439,25,439,23,438,22,437,19,436,16,435,14,434,13,433,10,433,10,439
218,470,218,468,218,468,218,467,218,465,218,465,218,464,218,462,218,462,218,460,217,459,214,459,211,458,209,457,209,455,209,455,209,454,209,452,209,452,209,451,211,449,214,449,217,448,218,447,218,446,218,446,218,444,217,443,214,442,211,442,209,441,208,440,205,439,202,440,200,441,199,442,196,442,193,442,192,441,190,440,187,439,184,440,183,441,181,442,178,442,174,442,174,442,169,442,166,443,165,444,164,445,161,446,158,446,156,447,156,449,156,449,156,451,155,452,152,452,149,453,147,454,147,455,147,455,147,457,149,458,152,459,155,458,156,457,158,456,161,455,165,455,165,455,169,455,172,455,174,454,175,453,178,452,181,453,183,454,183,455,183,455,183,457,184,458,187,459,190,459,192,460,192,462,192,462,192,464,192,465,192,465,192,467,192,468,192,468,192,470,218,470
280,470,280,468,280,468,280,467,279,466,276,465,271,465,271,465,267,465,264,466,262,467,262,468,262,468,262,470,280,470
395,470,395,468,395,468,395,467,395,465,395,465,395,464,397,462,400,462,403,461,404,460,404,459,404,459,404,457,403,456,400,455,397,455,395,454,395,452,395,452,395,451,395,449,395,449,395,447,397,446,400,446,403,445,404,444,403,443,400,442,397,442,395,441,395,439,395,439,395,438,394,437,391,436,388,435,386,434,385,433,382,433,378,433,378,433,373,433,370,432,369,431,369,430,369,430,369,428,367,427,364,426,361,426,360,425,360,423,360,423,360,421,360,420,360,420,360,418,358,417,355,417,352,416,351,415,351,413,351,413,351,412,351,410,351,410,351,408,351,407,351,407,351,405,350,404,347,404,344,404,342,405,341,406,338,407,333,407,333,407,329,407,324,407,324,407,320,407,317,407,316,408,314,410,311,410,307,410,307,410,302,410,298,410,298,410,293,410,289,410,289,410,285,410,282,411,280,412,280,413,280,413,280,415,282,416,285,417,288,417,289,418,290,419,293,420,296,420,298,421,298,423,298,423,298,425,296,426,293,426,289,426,289,426,285,426,282,427,280,428,279,429,276,430,273,430,271,431,271,433,271,433,271,434,270,435,267,436,264,437,262,438,262,439,262,439,262,441,262,442,262,442,262,444,264,445,267,446,270,446,271,447,273,448,276,449,279,449,280,451,282,452,285,452,289,452,289,452,293,452,296,453,298,454,299,455,302,455,305,456,307,457,307,459,307,459,307,460,308,461,311,462,314,462,316,464,316,465,316,465,316,467,317,468,320,468,323,469,324,470,395,470
630,300,627,299,626,298,626,297,626,297,626,295,626,293,626,293,626,292,626,290,626,290,626,289,626,287,626,287,626,285,626,284,626,284,626,282,626,280,626,280,626,279,626,277,626,277,626,276,626,274,626,274,626,272,626,271,626,271,626,269,626,268,626,268,626,266,627,265,630,264,630,248,627,248,626,246,627,245,630,245,630,209,627,209,626,208,626,206,626,206,626,204,626,203,626,203,626,201,626,200,626,200,626,198,624,197,621,196,618,196,617,195,615,194,612,193,609,194,608,195,608,196,608,196,608,198,608,200,608,200,608,201,608,203,608,203,608,204,608,206,608,206,608,208,608,209,608,209,608,211,606,212,603,212,600,213,599,214,599,216,599,216,599,217,599,219,599,219,599,221,599,222,599,222,599,224,599,225,599,225,599,227,599,229,599,229,599,230,598,231,595,232,592,232,590,234,590,235,590,235,590,237,590,238,590,238,590,240,589,241,586,242,583,242,581,243,581,245,581,245,581,246,581,248,581,248,581,250,581,251,581,251,581,253,581,255,581,255,581,256,581,258,581,258,581,259,581,261,581,261,581,263,581,264,581,264,581,266,581,268,581,268,581,269,581,271,581,271,581,272,581,274,581,274,581,276,581,277,581,277,581,279,583,280,586,280,589,281,590,282,590,284,590,284,590,285,590,287,590,287,590,289,590,290,590,290,590,292,590,293,590,293,590,295,590,297,590,297,590,298,590,300,590,300,590,302,590,303,590,303,590,305,590,306,590,306,590,308,590,310,590,310,590,311,590,313,590,313,590,315,590,316,590,316,590,318,590,319,590,319,590,321,590,323,590,323,590,324,590,326,590,326,590,327,590,329,590,329,590,331,590,332,590,332,590,334,590,336,590,336,590,337,589,338,586,339,583,339,581,340,581,342,581,342,581,344,581,345,581,345,581,347,581,349,581,349,581,350,581,352,581,352,581,353,581,355,581,355,581,357,581,358,581,358,581,360,581,361,581,361,581,363,581,365,581,365,581,366,581,368,581,368,581,370,581,371,581,371,581,373,580,374,577,374,574,375,572,376,572,378,577,378,580,378,581,379,581,381,581,381,581,383,581,384,581,384,581,386,580,387,577,387,574,387,572,386,572,384,572,384,572,383,572,381,572,381,572,379,572,378,568,378,565,378,564,379,564,381,564,381,564,383,564,384,564,384,564,386,564,387,564,387,564,389,564,391,564,391,564,392,564,394,564,394,564,395,564,397,564,397,564,399,562,400,559,400,556,401,555,402,555,404,555,404,555,405,555,407,555,407,555,408,555,410,555,410,555,412,555,413,555,413,555,415,555,417,555,417,555,418,555,420,555,420,555,421,555,423,555,423,555,425,555,426,555,426,555,428,555,430,555,430,555,431,555,433,555,433,555,434,555,436,555,436,555,438,556,439,559,439,562,440,564,441,564,442,564,442,564,444,564,446,564,446,564,447,564,449,564,449,564,451,564,452,564,452,564,454,565,455,568,455,571,456,572,457,572,459,572,459,572,460,572,462,572,462,572,464,572,465,572,465,572,467,572,468,572,468,572,470,601,470,630,470,630,300
630,161,627,161,626,162,626,164,626,164,626,165,626,167,626,167,626,169,626,170,626,170,626,172,626,174,626,174,626,175,626,177,626,177,626,178,626,180,626,180,626,182,626,183,626,183,626,185,626,187,626,187,626,188,627,189,630,190,630,161
541,216,538,215,537,214,537,212,537,212,537,211,537,209,537,209,537,208,537,206,537,206,537,204,536,203,533,203,530,202,528,201,528,200,528,200,528,198,528,196,528,196,528,195,527,194,524,193,521,192,519,191,518,190,515,190,512,189,510,188,509,187,506,187,503,186,502,185,502,183,502,183,502,182,502,180,502,180,502,178,500,177,497,177,494,176,493,175,493,174,493,174,493,172,491,171,488,170,484,170,484,170,479,170,475,170,475,170,471,170,468,170,466,169,465,168,462,167,459,168,457,169,456,170,453,170,450,171,448,172,447,173,444,174,441,174,440,175,440,177,440,177,440,178,440,180,440,180,440,182,438,183,435,183,431,183,431,183,426,183,423,183,422,182,422,180,422,180,422,178,422,177,422,177,422,175,420,174,417,174,414,174,413,175,412,176,409,177,404,177,404,177,400,177,397,176,395,175,394,174,391,174,386,174,386,174,382,174,378,174,378,174,373,174,370,174,369,175,369,177,369,177,369,178,369,180,369,180,369,182,367,183,364,183,360,183,360,183,355,183,352,183,351,182,350,181,347,180,342,180,342,180,338,180,335,181,333,182,332,183,329,183,324,183,324,183,320,183,316,183,316,183,311,183,308,184,307,185,305,186,302,187,298,187,298,187,293,187,289,187,289,187,285,187,282,187,280,188,279,189,276,190,271,190,271,190,267,190,262,190,262,190,258,190,255,190,254,191,252,192,249,193,245,193,245,193,240,193,237,194,236,195,234,196,231,196,227,196,227,196,223,196,218,196,218,196,214,196,209,196,209,196,205,196,200,196,200,196,196,196,193,197,192,198,190,199,187,200,184,200,183,201,181,202,178,203,175,203,174,204,172,205,169,206,166,207,165,208,164,209,161,209,158,210,156,211,156,212,156,212,156,214,156,216,156,216,156,217,155,218,152,219,147,219,147,219,143,219,138,219,138,219,134,219,131,219,130,221,128,222,125,222,122,223,121,224,121,225,121,225,121,227,121,229,121,229,121,230,121,232,121,232,121,234,119,235,116,235,113,236,112,237,112,238,112,238,112,240,110,241,107,242,104,242,103,243,102,244,99,245,96,245,94,246,93,248,90,248,87,249,85,250,85,251,85,251,85,253,85,255,85,255,85,256,85,258,85,258,85,259,87,261,90,261,93,262,94,263,94,264,94,264,94,266,94,268,94,268,94,269,94,271,94,271,94,272,94,274,94,274,94,276,96,277,99,277,102,278,103,279,103,280,103,280,103,282,104,283,107,284,110,284,112,285,112,287,112,287,112,289,113,290,116,290,119,291,121,292,119,293,116,293,113,294,112,295,112,297,112,297,112,298,113,299,116,300,119,300,121,302,121,303,121,303,121,305,121,306,121,306,121,308,121,310,125,310,128,310,130,311,128,312,125,313,122,312,121,311,121,310,116,310,112,310,112,310,107,310,104,309,103,308,102,307,99,306,96,306,94,305,93,304,90,303,87,303,85,302,84,300,81,300,78,299,76,298,75,297,72,297,69,296,68,295,68,293,68,293,68,292,66,291,63,290,60,290,59,289,57,288,54,287,50,287,50,287,45,287,42,286,41,285,40,284,37,284,34,284,32,285,32,287,32,287,32,289,32,290,32,290,32,292,34,293,37,293,40,294,41,295,42,296,45,297,48,297,50,298,50,300,50,300,50,302,51,303,54,303,57,304,59,305,59,306,59,306,59,308,60,309,63,310,66,310,68,311,69,312,72,313,75,313,76,315,76,316,76,316,76,318,78,319,81,319,84,320,85,321,87,322,90,323,93,323,94,324,93,325,90,326,87,326,85,327,87,329,90,329,93,330,94,331,96,332,99,332,102,333,103,334,102,335,99,336,96,336,94,337,94,339,94,339,94,340,94,342,94,342,94,344,96,345,99,345,103,345,103,345,107,345,110,346,112,347,112,349,112,349,112,350,113,351,116,352,121,352,121,352,125,352,128,352,130,353,131,354,134,355,137,354,138,353,140,352,143,352,146,352,147,353,149,354,152,355,155,356,156,357,158,358,161,358,165,358,165,358,169,358,174,358,174,358,178,358,181,359,183,360,184,361,187,361,192,361,192,361,196,361,199,362,200,363,202,364,205,365,209,365,209,365,214,365,218,365,218,365,223,365,227,365,227,365,231,365,236,365,236,365,240,365,245,365,245,365,249,365,252,365,254,366,255,367,258,368,262,368,262,368,267,368,270,368,271,370,270,371,267,371,264,372,262,373,262,374,262,374,262,376,261,377,258,378,255,378,254,379,252,380,249,381,245,381,245,381,240,381,237,381,236,383,234,384,231,384,228,385,227,386,228,387,231,387,236,387,236,387,240,387,245,387,245,387,249,387,254,387,254,387,258,387,262,387,262,387,267,387,271,387,271,387,276,387,280,387,280,387,285,387,288,388,289,389,290,390,293,391,298,391,298,391,302,391,305,391,307,392,308,393,311,394,316,394,316,394,320,394,324,394,324,394,329,394,332,394,333,395,333,397,333,397,333,399,335,400,338,400,341,400,342,399,344,398,347,397,351,397,351,397,355,397,358,398,360,399,361,400,364,400,369,400,369,400,373,400,376,401,378,402,378,404,378,404,378,405,379,406,382,407,385,406,386,405,388,404,391,404,394,403,395,402,395,400,395,400,395,399,397,398,400,397,403,397,404,395,406,394,409,394,413,394,413,394,417,394,420,393,422,392,423,391,426,391,429,390,431,389,432,388,435,387,438,387,440,386,440,384,440,384,440,383,441,381,444,381,448,381,448,381,453,381,457,381,457,381,462,381,465,381,466,383,466,384,466,384,466,386,466,387,466,387,466,389,466,391,466,391,466,392,466,394,466,394,466,395,466,397,466,397,466,399,466,400,466,400,466,402,466,404,466,404,466,405,466,407,466,407,466,408,466,410,466,410,466,412,468,413,471,413,474,413,475,412,476,411,479,410,482,410,484,408,484,407,484,407,484,405,484,404,484,404,484,402,485,401,488,400,491,400,493,399,493,397,493,397,493,395,493,394,493,394,493,392,494,391,497,391,500,390,502,389,502,387,502,387,502,386,502,384,502,384,502,383,503,381,506,381,509,380,510,379,510,378,510,378,510,376,510,374,510,374,510,373,510,371,510,371,510,370,510,368,510,368,510,366,510,365,510,365,510,363,510,361,510,361,510,360,510,358,510,358,510,357,510,355,510,355,510,353,510,352,510,352,510,350,510,349,510,349,510,347,510,345,510,345,510,344,509,343,506,342,503,342,502,340,502,339,502,339,502,337,502,336,502,336,502,334,502,332,502,332,502,331,502,329,502,329,502,327,502,326,502,326,502,324,502,323,502,323,502,321,502,319,502,319,502,318,502,316,502,316,502,315,502,313,502,313,502,311,502,310,502,310,502,308,503,307,506,306,509,306,510,305,510,303,510,303,510,302,510,300,510,300,510,298,510,297,510,297,510,295,510,293,510,293,510,292,510,290,510,290,510,289,510,287,510,287,510,285,510,284,510,284,510,282,510,280,510,280,510,279,512,278,515,277,518,278,519,279,521,280,524,280,527,281,528,282,528,284,528,284,528,285,528,287,528,287,528,289,530,290,533,290,536,290,537,289,538,288,541,287,544,286,546,285,546,284,546,284,546,282,546,280,546,280,546,279,546,277,546,277,546,276,546,274,546,274,546,272,546,271,546,271,546,269,546,268,546,268,546,266,546,264,546,264,546,263,546,261,546,261,546,259,546,258,546,258,546,256,546,255,546,255,546,253,546,251,546,251,546,250,546,248,546,248,546,246,546,245,546,245,546,243,546,242,546,242,546,240,546,238,546,238,546,237,546,235,546,235,546,234,546,232,546,232,546,230,546,229,546,229,546,227,546,225,546,225,546,224,546,222,546,222,546,221,546,219,546,219,546,217,544,216,541,216
417,235,414,235,413,234,413,232,413,232,413,230,413,229,413,229,413,227,412,226,409,225,406,226,404,227,403,228,400,229,395,229,395,227,394,226,391,225,388,225,386,224,385,223,382,222,378,222,378,222,373,222,370,223,369,224,370,225,373,225,376,226,378,227,378,229,378,229,378,230,376,231,373,232,370,231,369,230,367,229,364,229,360,229,360,229,355,229,351,229,351,229,347,229,344,229,342,230,344,231,347,232,350,232,351,234,352,235,355,235,360,235,360,235,364,235,367,236,369,237,370,238,373,238,376,239,378,240,379,241,382,242,385,242,386,243,385,244,382,245,379,245,378,246,378,248,378,248,378,250,378,251,378,251,378,253,376,254,373,255,369,255,369,255,364,255,361,255,360,256,360,258,360,258,360,259,358,261,355,261,351,261,351,261,347,261,342,261,342,261,338,261,335,262,333,263,332,264,329,264,324,264,324,264,320,264,316,264,316,264,311,264,308,265,307,266,305,267,302,268,299,268,298,269,296,270,293,271,290,271,289,272,289,274,289,274,289,276,289,277,289,277,289,279,288,280,285,280,282,281,280,282,280,284,280,284,280,285,280,287,280,287,280,289,282,290,285,290,288,291,289,292,290,293,293,293,298,293,298,293,302,293,305,294,307,295,308,296,311,297,314,297,316,298,317,299,320,300,324,300,324,300,329,300,332,300,333,302,335,303,338,303,341,304,342,305,344,306,347,306,350,306,351,305,352,304,355,303,358,303,360,302,360,300,360,300,360,298,361,297,364,297,367,296,369,295,369,293,369,293,369,292,370,291,373,290,376,290,378,289,379,288,382,287,385,286,386,285,386,284,386,284,386,282,388,281,391,280,394,280,395,279,395,277,395,277,395,276,397,275,400,274,403,273,404,272,406,271,409,271,412,270,413,269,413,268,413,268,413,266,413,264,413,264,413,263,414,262,417,261,420,261,422,259,422,258,422,258,422,256,422,255,422,255,422,253,422,251,422,251,422,250,422,248,422,248,422,246,422,245,422,245,422,243,422,242,422,242,422,240,422,238,422,238,422,237,420,236,417,235
391,229,388,229,386,230,388,231,391,232,394,231,395,230,395,229,391,229
329,313,324,313,324,313,320,313,316,313,316,313,311,313,308,313,307,315,305,316,302,316,299,317,298,318,298,319,298,319,298,321,298,323,293,323,290,323,289,324,290,325,293,326,296,325,298,324,298,323,302,323,307,323,307,323,311,323,314,322,316,321,317,320,320,319,323,319,324,318,326,317,329,316,332,316,333,315,332,313,329,313
391,229,388,229,386,230,388,231,391,232,394,231,395,230,395,229,391,229
391,229,388,229,386,230,388,231,391,232,394,231,395,230,395,229,391,229
506,462,503,461,502,460,502,459,502,459,502,457,500,456,497,455,494,455,493,454,491,453,488,452,484,452,484,452,479,452,475,452,475,452,471,452,468,453,466,454,466,455,466,455,466,457,466,459,466,459,466,460,468,461,471,462,474,462,475,464,476,465,479,465,484,465,484,465,488,465,493,465,493,465,497,465,500,466,502,467,503,468,506,468,509,468,510,467,510,465,510,465,510,464,509,462,506,462
196,407,193,406,192,405,190,404,187,404,183,404,183,404,178,404,175,404,174,405,172,406,169,407,165,407,165,407,161,407,158,407,156,408,156,410,156,410,156,412,156,413,156,413,156,415,156,417,156,417,156,418,156,420,156,420,156,421,158,422,161,423,165,423,165,423,169,423,172,422,174,421,175,420,178,420,181,419,183,418,184,417,187,417,190,416,192,415,192,413,192,413,192,412,193,411,196,410,199,410,200,408,199,407,196,407
143,391,138,391,138,391,134,391,131,391,130,392,128,393,125,394,122,394,121,395,119,397,116,397,113,398,112,399,110,400,107,400,104,401,103,402,103,404,103,404,103,405,102,406,99,407,96,407,94,408,96,410,99,410,102,411,103,412,103,413,103,413,103,415,103,417,103,417,103,418,104,419,107,420,110,420,112,421,113,422,116,423,119,422,121,421,122,420,125,420,128,419,130,418,131,417,134,417,137,416,138,415,138,413,138,413,138,412,140,411,143,410,146,410,147,408,147,407,147,407,147,405,147,404,147,404,147,402,147,400,147,400,147,399,147,397,147,397,147,395,147,394,147,394,147,392,146,391,143,391
107,465,104,466,103,467,104,468,107,468,110,468,112,467,110,466,107,465
99,426,96,426,94,425,93,424,90,423,85,423,85,425,85,426,85,426,85,428,85,430,85,430,85,431,87,432,90,433,94,433,94,433,99,433,102,432,103,431,103,430,103,430,103,428,102,427,99,426
81,417,76,417,76,418,76,420,76,420,76,421,78,422,81,423,85,423,85,421,85,420,85,420,85,418,84,417,81,417
72,413,69,413,68,412,68,410,68,410,68,408,66,407,63,407,60,406,59,405,57,404,54,404,50,404,50,404,45,404,42,404,41,405,40,406,37,407,34,407,32,408,34,410,37,410,40,411,41,412,41,413,41,413,41,415,42,416,45,417,50,417,50,417,54,417,59,417,59,417,63,417,68,417,68,417,72,417,76,417,76,415,75,414,72,413
72,426,68,426,68,426,63,426,60,427,59,428,60,429,63,430,68,430,68,430,72,430,75,429,76,428,75,427,72,426
63,420,60,420,59,421,60,422,63,423,66,422,68,421,66,420,63,420
