590,10,592,11,595,12,598,12,599,13,600,14,603,15,606,15,608,16,609,18,612,18,615,18,617,16,618,15,621,15,626,15,626,15,630,15,630,12,630,10,590,10
271,10,270,11,267,12,262,12,262,12,258,12,255,11,254,10,209,10,208,11,205,12,202,11,200,10,156,10,156,12,156,12,156,13,155,14,152,15,149,14,147,13,147,12,147,12,147,10,59,10,57,11,54,12,50,12,50,12,45,12,41,12,41,12,37,12,32,12,32,12,28,12,23,12,23,12,19,12,16,11,14,10,12,10,10,10,10,115,14,115,14,115,19,115,22,116,23,117,23,119,23,119,23,120,25,121,28,122,31,122,32,123,34,124,37,125,40,126,41,127,41,128,41,128,41,130,42,131,45,131,50,131,50,131,54,131,57,132,59,133,60,134,63,135,68,135,68,135,72,135,75,135,76,136,78,137,81,138,85,138,85,138,90,138,94,138,94,138,99,138,102,138,103,140,104,141,107,141,112,141,112,141,116,141,121,141,121,141,125,141,130,141,130,141,134,141,138,141,138,141,143,141,147,141,147,141,152,141,156,141,156,141,161,141,164,142,165,143,166,144,169,144,174,144,174,144,178,144,183,144,183,144,187,144,192,144,192,144,196,144,200,144,200,144,205,144,209,144,209,144,214,144,218,144,218,144,223,144,227,144,227,144,231,144,236,144,236,144,240,144,245,144,245,144,249,144,254,144,254,144,258,144,262,144,262,144,267,144,271,144,271,144,276,144,280,144,280,144,285,144,288,145,289,146,290,147,293,148,298,148,298,148,302,148,307,148,307,148,311,148,314,147,316,146,317,145,320,144,323,144,324,143,326,142,329,141,332,141,333,140,335,138,338,138,341,137,342,136,344,135,347,135,350,134,351,133,351,131,351,131,351,130,351,128,351,128,351,127,352,126,355,125,358,124,360,123,360,122,360,122,360,120,360,119,360,119,360,117,358,116,355,115,352,115,351,114,350,113,347,112,344,112,342,110,344,109,347,109,350,108,351,107,352,106,355,106,358,106,360,107,361,108,364,109,369,109,369,107,369,106,369,106,369,104,369,102,369,102,369,101,369,99,369,99,369,97,367,96,364,96,361,95,360,94,361,93,364,93,367,92,369,91,369,89,369,89,369,88,369,86,369,86,369,85,370,83,373,83,378,83,378,83,382,83,385,82,386,81,388,80,391,80,394,79,395,78,397,77,400,76,403,76,404,75,406,74,409,73,412,73,413,72,413,70,413,70,413,68,412,67,409,67,406,66,404,65,403,64,400,63,397,63,395,62,395,60,395,60,395,59,395,57,395,57,395,55,395,54,395,54,395,52,397,51,400,50,403,50,404,49,403,48,400,47,395,47,395,47,391,47,386,47,386,47,382,47,379,47,378,46,376,45,373,44,370,43,369,42,369,41,369,41,369,39,367,38,364,38,361,37,360,36,361,35,364,34,367,34,369,33,369,31,369,31,369,29,367,28,364,28,360,28,360,28,355,28,352,27,351,26,351,25,351,25,351,23,351,21,351,21,351,20,352,19,355,18,358,18,360,16,360,15,355,15,351,15,351,15,347,15,344,14,342,13,344,12,347,12,351,12,351,12,355,12,358,12,360,13,360,15,364,15,367,14,369,13,370,12,373,12,376,11,378,10,271,10
364,57,361,56,360,55,358,54,355,54,352,54,351,55,351,57,351,57,351,59,352,60,355,60,360,60,360,60,364,60,367,60,369,59,367,58,364,57
338,38,335,37,333,36,332,35,329,34,326,35,324,36,324,38,324,38,324,39,324,41,324,41,324,42,324,44,324,44,324,46,326,47,329,47,332,47,333,46,333,44,333,44,333,42,335,41,338,41,341,40,342,39,341,38,338,38
329,21,326,21,324,20,323,19,320,18,317,19,316,20,316,21,316,21,316,23,317,24,320,25,323,25,324,26,326,27,329,28,332,27,333,26,333,25,333,25,333,23,332,22,329,21
320,50,317,51,316,52,316,54,311,54,307,54,307,54,302,54,298,54,298,54,293,54,290,54,289,55,289,57,289,57,289,59,290,60,293,60,296,61,298,62,298,63,298,63,298,65,299,66,302,67,305,66,307,65,307,63,307,63,307,62,307,60,307,60,307,59,308,58,311,57,314,56,316,55,316,54,320,54,323,53,324,52,323,51,320,50
285,15,282,15,280,16,282,18,285,18,288,18,289,16,288,15,285,15
231,21,228,22,227,23,227,25,227,25,227,26,228,27,231,28,234,27,236,26,236,25,236,25,236,23,234,22,231,21
85,470,84,469,81,468,78,468,76,467,76,465,76,465,76,464,75,462,72,462,68,462,68,462,63,462,60,461,59,460,57,459,54,459,51,459,50,460,50,462,50,462,50,464,50,465,50,465,50,467,48,468,45,468,42,468,41,467,40,466,37,465,34,465,32,464,32,462,32,462,32,460,31,459,28,459,25,458,23,457,22,456,19,455,16,456,14,457,14,459,14,459,14,460,16,461,19,462,22,462,23,464,23,465,23,465,23,467,25,468,28,468,31,469,32,470,85,470
218,470,218,468,218,468,218,467,218,465,218,465,218,464,217,462,214,462,211,461,209,460,209,459,209,459,209,457,209,455,209,455,209,454,208,453,205,452,202,452,200,451,199,449,196,449,193,449,192,451,190,452,187,452,184,453,183,454,183,455,183,455,183,457,184,458,187,459,190,459,192,460,190,461,187,462,184,462,183,464,183,465,183,465,183,467,184,468,187,468,190,469,192,470,218,470
378,470,379,469,382,468,385,468,386,467,388,466,391,465,394,466,395,467,397,468,400,468,404,468,404,467,404,465,404,465,404,464,404,462,404,462,404,460,403,459,400,459,397,458,395,457,395,455,395,455,395,454,394,453,391,452,388,452,386,451,386,449,386,449,386,447,385,446,382,446,379,445,378,444,378,442,378,442,378,441,378,439,378,439,378,438,376,437,373,436,370,435,369,434,367,433,364,433,361,432,360,431,358,430,355,430,352,429,351,428,350,427,347,426,344,426,342,425,342,423,342,423,342,421,341,420,338,420,335,419,333,418,333,417,333,417,333,415,332,414,329,413,326,414,324,415,323,416,320,417,317,416,316,415,314,414,311,413,308,414,307,415,305,416,302,417,299,416,298,415,296,414,293,413,289,413,289,413,285,413,282,414,280,415,279,416,276,417,271,417,271,417,267,417,264,417,262,418,261,419,258,420,254,420,254,421,254,423,254,423,254,425,252,426,249,426,246,427,245,428,245,430,245,430,245,431,245,433,245,433,245,434,246,435,249,436,254,436,254,436,258,436,261,437,262,438,262,439,262,439,262,441,264,442,267,442,270,443,271,444,271,446,271,446,271,447,273,448,276,449,279,449,280,451,282,452,285,452,288,453,289,454,290,455,293,455,296,456,298,457,298,459,298,459,298,460,299,461,302,462,305,462,307,464,308,465,311,465,314,466,316,467,317,468,320,468,323,469,324,470,378,470
413,470,412,469,409,468,404,468,404,470,413,470
630,274,627,273,626,272,626,271,626,271,626,269,626,268,626,268,626,266,626,264,626,264,626,263,626,261,626,261,626,259,626,258,626,258,626,256,626,255,626,255,626,253,626,251,626,251,626,250,626,248,626,248,626,246,626,245,626,245,626,243,626,242,626,242,626,240,627,239,630,238,630,200,627,199,626,198,624,197,621,196,618,197,617,198,617,200,617,200,617,201,617,203,617,203,617,204,615,205,612,206,609,207,608,208,606,209,603,209,600,210,599,211,599,212,599,212,599,214,598,215,595,216,592,216,590,217,590,219,590,219,590,221,590,222,590,222,590,224,589,225,586,225,583,226,581,227,581,229,581,229,581,230,581,232,581,232,581,234,581,235,581,235,581,237,581,238,581,238,581,240,581,242,581,242,581,243,580,244,577,245,574,245,572,246,572,248,572,248,572,250,572,251,572,251,572,253,572,255,572,255,572,256,572,258,572,258,572,259,572,261,572,261,572,263,572,264,572,264,572,266,572,268,572,268,572,269,572,271,572,271,572,272,572,274,572,274,572,276,572,277,572,277,572,279,572,280,572,280,572,282,572,284,572,284,572,285,572,287,572,287,572,289,572,290,572,290,572,292,572,293,572,293,572,295,572,297,572,297,572,298,572,300,572,300,572,302,572,303,572,303,572,305,572,306,572,306,572,308,571,309,568,310,565,310,564,311,564,313,564,313,564,315,564,316,564,316,564,318,564,319,564,319,564,321,564,323,564,323,564,324,564,326,564,326,564,327,564,329,564,329,564,331,564,332,564,332,564,334,564,336,564,336,564,337,564,339,564,339,564,340,564,342,564,342,564,344,564,345,564,345,564,347,564,349,564,349,564,350,564,352,564,352,564,353,564,355,564,355,564,357,562,358,559,358,556,359,555,360,555,361,555,361,555,363,555,365,555,365,555,366,553,367,550,368,547,369,546,370,546,371,546,371,546,373,546,374,546,374,546,376,546,378,546,378,546,379,546,381,546,381,546,383,546,384,546,384,546,386,546,387,546,387,546,389,546,391,546,391,546,392,546,394,546,394,546,395,546,397,546,397,546,399,546,400,546,400,546,402,546,404,546,404,546,405,546,407,546,407,546,408,547,410,550,410,553,411,555,412,555,413,555,413,555,415,555,417,555,417,555,418,555,420,555,420,555,421,555,423,555,423,555,425,555,426,555,426,555,428,555,430,555,430,555,431,555,433,555,433,555,434,556,435,559,436,562,437,564,438,564,439,564,439,564,441,564,442,564,442,564,444,564,446,564,446,564,447,564,449,564,449,564,451,564,452,564,452,564,454,564,455,564,455,564,457,564,459,564,459,564,460,565,461,568,462,571,462,572,464,572,465,572,465,572,467,572,468,572,468,572,470,601,470,630,470,630,274
630,164,627,164,626,165,626,167,626,167,626,169,626,170,626,170,626,172,626,174,626,174,626,175,624,176,621,177,618,176,617,175,617,174,617,174,617,172,615,171,612,170,609,171,608,172,608,174,608,174,608,175,608,177,608,177,608,178,608,180,608,180,608,182,608,183,608,183,608,185,608,187,608,187,608,188,608,190,608,190,608,191,609,192,612,193,615,192,617,191,618,190,621,190,626,190,626,190,630,190,630,164
533,209,530,209,528,208,528,206,528,206,528,204,528,203,528,203,528,201,528,200,528,200,528,198,527,197,524,196,521,196,519,195,518,194,515,193,512,192,510,191,509,190,506,190,503,189,502,188,502,187,502,187,502,185,500,184,497,183,494,183,493,182,491,181,488,180,485,180,484,178,482,177,479,177,475,177,475,177,471,177,468,176,466,175,465,174,462,174,457,174,457,174,453,174,450,174,448,175,448,177,448,177,448,178,448,180,448,180,448,182,447,183,444,183,440,183,440,183,435,183,431,183,431,183,426,183,423,183,422,182,422,180,422,180,422,178,420,177,417,177,413,177,413,177,409,177,406,176,404,175,403,174,400,174,397,173,395,172,397,171,400,170,404,170,404,170,409,170,412,170,413,169,412,168,409,167,406,167,404,165,404,164,404,164,404,162,403,161,400,161,397,160,395,159,394,158,391,157,386,157,386,157,382,157,379,158,378,159,376,160,373,161,370,161,369,162,367,163,364,164,361,164,360,165,358,167,355,167,351,167,351,167,347,167,342,167,342,167,338,167,333,167,333,167,329,167,326,168,324,169,323,170,320,170,317,170,316,169,314,168,311,167,307,167,307,167,302,167,298,167,298,167,293,167,290,168,289,169,288,170,285,170,280,170,280,170,276,170,271,170,271,170,267,170,262,170,262,170,258,170,254,170,254,170,249,170,246,171,245,172,243,173,240,174,236,174,236,174,231,174,228,174,227,175,226,176,223,177,220,177,218,178,217,180,214,180,209,180,209,180,205,180,202,181,200,182,199,183,196,183,193,184,192,185,190,186,187,187,184,187,183,188,181,189,178,190,174,190,174,190,169,190,165,190,165,190,161,190,158,190,156,191,155,192,152,193,149,194,147,195,147,196,147,196,147,198,146,199,143,200,140,200,138,201,137,202,134,203,131,203,130,204,130,206,130,206,130,208,128,209,125,209,122,210,121,211,121,212,121,212,121,214,119,215,116,216,113,216,112,217,112,219,112,219,112,221,110,222,107,222,104,223,103,224,103,225,103,225,103,227,103,229,103,229,103,230,102,231,99,232,94,232,94,232,90,232,87,232,85,234,85,235,85,235,85,237,85,238,85,238,85,240,85,242,85,242,85,243,85,245,85,245,85,246,85,248,85,248,85,250,85,251,90,251,93,252,94,253,93,254,90,255,85,255,85,256,85,258,85,258,85,259,85,261,85,261,85,263,84,264,81,264,78,265,76,266,76,268,76,268,76,269,76,271,76,271,76,272,78,273,81,274,84,275,85,276,85,277,85,277,85,279,87,280,90,280,94,280,94,280,99,280,102,281,103,282,103,284,103,284,103,285,103,287,103,287,103,289,103,290,103,290,103,292,102,293,99,293,94,293,94,293,90,293,87,293,85,292,84,291,81,290,78,290,76,289,75,288,72,287,69,286,68,285,68,284,68,284,68,282,66,281,63,280,60,280,59,279,57,278,54,277,50,277,50,277,45,277,41,277,41,277,37,277,34,278,32,279,32,280,32,280,32,282,32,284,32,284,32,285,34,286,37,287,40,288,41,289,41,290,41,290,41,292,42,293,45,293,48,294,50,295,51,296,54,297,57,297,59,298,59,300,59,300,59,302,60,303,63,303,66,304,68,305,68,306,68,306,68,308,69,309,72,310,75,310,76,311,76,313,76,313,76,315,78,316,81,316,84,317,85,318,85,319,85,319,85,321,87,322,90,323,93,323,94,324,94,326,94,326,94,327,96,329,99,329,102,330,103,331,102,332,99,332,96,333,94,334,96,335,99,336,102,336,103,337,104,338,107,339,110,339,112,340,113,341,116,342,121,342,121,342,125,342,130,342,130,342,134,342,137,343,138,344,140,345,143,345,147,345,147,345,152,345,155,346,156,347,158,348,161,349,165,349,165,349,169,349,174,349,174,349,178,349,183,349,183,349,187,349,190,349,192,350,193,351,196,352,200,352,200,352,205,352,209,352,209,352,214,352,218,352,218,352,223,352,227,352,227,352,231,352,234,352,236,353,237,354,240,355,245,355,245,355,249,355,252,356,254,357,255,358,258,358,262,358,262,358,267,358,271,358,271,358,276,358,280,358,280,358,285,358,289,358,289,358,293,358,298,358,298,358,302,358,305,358,307,357,308,356,311,355,316,355,316,355,320,355,324,355,324,355,329,355,332,354,333,353,335,352,338,352,342,352,342,352,347,352,351,352,351,352,355,352,358,351,360,350,361,349,364,349,369,349,369,349,373,349,376,348,378,347,379,346,382,345,385,346,386,347,388,348,391,349,394,349,395,350,394,351,391,352,386,352,386,352,382,352,379,352,378,353,378,355,378,355,378,357,378,358,378,358,378,360,376,361,373,361,370,362,369,363,367,364,364,365,360,365,360,365,355,365,352,365,351,366,350,367,347,368,342,368,342,368,338,368,333,368,333,368,329,368,326,369,324,370,323,371,320,371,317,372,316,373,316,374,316,374,316,376,314,377,311,378,308,378,307,379,308,380,311,381,314,381,316,383,317,384,320,384,324,384,324,384,329,384,333,384,333,384,338,384,342,384,342,384,347,384,350,385,351,386,352,387,355,387,360,387,360,387,364,387,367,388,369,389,367,390,364,391,361,391,360,392,358,393,355,394,352,394,351,395,352,397,355,397,360,397,360,397,364,397,367,397,369,395,370,394,373,394,376,393,378,392,379,391,382,391,386,391,386,391,391,391,394,390,395,389,397,388,400,387,403,387,404,386,406,385,409,384,412,384,413,383,414,381,417,381,420,381,422,383,422,384,422,384,422,386,423,387,426,387,429,388,431,389,432,390,435,391,438,391,440,392,440,394,440,394,440,395,440,397,440,397,440,399,441,400,444,400,447,401,448,402,448,404,448,404,448,405,448,407,448,407,448,408,448,410,448,410,448,412,448,413,448,413,448,415,448,417,448,417,448,418,450,419,453,420,456,420,457,421,457,423,457,423,457,425,457,426,457,426,457,428,457,430,457,430,457,431,457,433,457,433,457,434,459,435,462,436,465,437,466,438,466,439,466,439,466,441,468,442,471,442,475,442,475,441,475,439,475,439,475,438,475,436,475,436,475,434,475,433,475,433,475,431,475,430,475,430,475,428,475,426,475,426,475,425,475,423,475,423,475,421,475,420,475,420,475,418,475,417,475,417,475,415,475,413,475,413,475,412,475,410,475,410,475,408,475,407,475,407,475,405,475,404,475,404,475,402,475,400,475,400,475,399,475,397,475,397,475,395,475,394,475,394,475,392,475,391,475,391,475,389,475,387,475,387,475,386,475,384,475,384,475,383,475,381,475,381,475,379,475,378,475,378,475,376,475,374,475,374,475,373,475,371,475,371,475,370,475,368,475,368,475,366,475,365,475,365,475,363,475,361,475,361,475,360,475,358,475,358,475,357,475,355,475,355,475,353,475,352,475,352,475,350,475,349,475,349,475,347,475,345,475,345,475,344,475,342,475,342,475,340,476,339,479,339,482,338,484,337,484,336,484,336,484,334,484,332,484,332,484,331,485,330,488,329,491,329,493,327,493,326,493,326,493,324,493,323,493,323,493,321,494,320,497,319,500,319,502,318,503,317,506,316,509,316,510,315,509,313,506,313,503,312,502,311,502,310,502,310,502,308,502,306,502,306,502,305,502,303,502,303,502,302,502,300,502,300,502,298,502,297,502,297,502,295,502,293,502,293,502,292,502,290,502,290,502,289,502,287,502,287,502,285,502,284,502,284,502,282,503,281,506,280,509,281,510,282,512,283,515,284,518,284,519,285,521,286,524,287,527,286,528,285,528,284,528,284,528,282,528,280,528,280,528,279,528,277,528,277,528,276,528,274,528,274,528,272,530,271,533,271,536,270,537,269,537,268,537,268,537,266,537,264,537,264,537,263,537,261,537,261,537,259,537,258,537,258,537,256,537,255,537,255,537,253,537,251,537,251,537,250,537,248,537,248,537,246,537,245,537,245,537,243,537,242,537,242,537,240,537,238,537,238,537,237,537,235,537,235,537,234,537,232,537,232,537,230,537,229,537,229,537,227,537,225,537,225,537,224,537,222,537,222,537,221,537,219,537,219,537,217,537,216,537,216,537,214,537,212,537,212,537,211,536,210,533,209
426,225,423,225,422,224,420,223,417,222,414,222,413,221,412,219,409,219,406,218,404,217,403,216,400,216,395,216,395,216,391,216,386,216,386,216,382,216,378,216,378,216,373,216,370,215,369,214,367,213,364,212,361,213,360,214,358,215,355,216,351,216,351,216,347,216,344,216,342,217,342,219,342,219,342,221,342,222,342,222,342,224,342,225,342,225,342,227,342,229,342,229,342,230,344,231,347,232,350,232,351,234,352,235,355,235,358,236,360,237,361,238,364,238,367,239,369,240,370,241,373,242,378,242,378,242,382,242,386,242,386,242,391,242,394,242,395,243,395,245,395,245,395,246,395,248,395,248,395,250,394,251,391,251,386,251,386,251,382,251,378,251,378,251,373,251,369,251,369,251,364,251,360,251,360,251,355,251,351,251,351,251,347,251,342,251,342,251,338,251,333,251,333,251,329,251,324,251,324,251,320,251,317,252,316,253,314,254,311,255,307,255,307,255,302,255,298,255,298,255,293,255,290,255,289,256,288,257,285,258,280,258,280,258,276,258,273,258,271,259,271,261,271,261,271,263,273,264,276,264,279,265,280,266,280,268,280,268,280,269,279,270,276,271,273,271,271,272,273,273,276,274,279,275,280,276,280,277,280,277,280,279,282,280,285,280,288,281,289,282,289,284,289,284,289,285,290,286,293,287,296,288,298,289,298,290,298,290,298,292,299,293,302,293,307,293,307,293,311,293,314,294,316,295,317,296,320,297,323,296,324,295,326,294,329,293,333,293,333,293,338,293,341,293,342,292,344,291,347,290,351,290,351,290,355,290,358,290,360,289,361,288,364,287,367,286,369,285,370,284,373,284,376,283,378,282,379,281,382,280,385,280,386,279,386,277,386,277,386,276,388,275,391,274,394,273,395,272,395,271,395,271,395,269,397,268,400,268,403,267,404,266,404,264,404,264,404,263,406,262,409,261,412,261,413,259,413,258,413,258,413,256,413,255,413,255,413,253,413,251,413,251,413,250,414,249,417,248,420,248,422,246,422,245,422,245,422,243,422,242,422,242,422,240,422,238,422,238,422,237,422,235,422,235,422,234,423,232,426,232,429,231,431,230,431,229,431,229,431,227,429,226,426,225
409,183,406,184,404,185,406,186,409,187,412,186,413,185,412,184,409,183
497,459,494,458,493,457,493,455,493,455,493,454,491,453,488,452,485,452,484,451,484,449,484,449,484,447,484,446,484,446,484,444,482,443,479,442,475,442,475,444,475,446,475,446,475,447,475,449,475,449,475,451,475,452,475,452,475,454,476,455,479,455,482,456,484,457,484,459,484,459,484,460,485,461,488,462,491,462,493,464,494,465,497,465,500,465,502,464,502,462,502,462,502,460,500,459,497,459
453,102,450,103,448,104,450,105,453,106,456,105,457,104,456,103,453,102
444,135,441,135,440,136,441,137,444,138,447,137,448,136,447,135,444,135
435,122,432,121,431,120,429,119,426,119,423,118,422,117,422,115,422,115,422,114,420,113,417,112,414,113,413,114,413,115,413,115,413,117,413,119,413,119,413,120,413,122,413,122,413,123,413,125,413,125,413,127,413,128,413,128,413,130,413,131,413,131,413,133,413,135,413,135,413,136,414,137,417,138,420,137,422,136,423,135,426,135,429,134,431,133,431,131,431,131,431,130,431,128,431,128,431,127,432,126,435,125,438,124,440,123,438,122,435,122
373,109,369,109,369,110,370,111,373,112,376,111,378,110,376,109,373,109
311,387,308,388,307,389,308,390,311,391,314,390,316,389,314,388,311,387
258,394,255,393,254,392,252,391,249,391,245,391,245,391,240,391,236,391,236,391,231,391,228,391,227,392,227,394,227,394,227,395,226,397,223,397,218,397,218,397,214,397,209,397,209,397,205,397,200,397,200,397,196,397,193,397,192,395,192,394,192,394,192,392,192,391,192,391,192,389,190,388,187,387,183,387,183,387,178,387,174,387,174,387,169,387,166,388,165,389,164,390,161,391,156,391,156,391,152,391,149,391,147,392,146,393,143,394,140,394,138,395,137,397,134,397,131,398,130,399,128,400,125,400,122,401,121,402,121,404,121,404,121,405,121,407,121,407,121,408,121,410,121,410,121,412,121,413,121,413,121,415,122,416,125,417,128,417,130,418,128,419,125,420,122,420,121,421,122,422,125,423,130,423,130,423,134,423,137,422,138,421,140,420,143,420,146,419,147,418,149,417,152,417,155,416,156,415,158,414,161,413,164,413,165,412,166,411,169,410,174,410,174,410,178,410,183,410,183,410,187,410,190,411,192,412,193,413,196,413,199,414,200,415,200,417,200,417,200,418,200,420,200,420,200,421,200,423,200,423,200,425,202,426,205,426,209,426,209,426,214,426,218,426,218,426,223,426,227,426,227,426,231,426,234,426,236,425,237,424,240,423,243,422,245,421,246,420,249,420,254,420,254,418,254,417,254,417,254,415,255,414,258,413,261,413,262,412,262,410,262,410,262,408,262,407,262,407,262,405,262,404,262,404,262,402,262,400,262,400,262,399,262,397,262,397,262,395,261,394,258,394
81,251,78,252,76,253,78,254,81,255,85,255,85,253,85,251,81,251
