360,10,361,11,364,12,369,12,369,12,373,12,376,11,378,10,360,10
307,10,308,11,311,12,314,12,316,13,316,15,316,15,316,16,317,18,320,18,323,19,324,20,326,21,329,21,332,22,333,23,333,25,333,25,333,26,333,28,333,28,333,29,333,31,333,31,333,33,333,34,333,34,333,36,335,37,338,38,342,38,342,38,347,38,350,37,351,36,351,34,351,34,351,33,351,31,351,31,351,29,351,28,351,28,351,26,351,25,351,25,351,23,350,22,347,21,344,21,342,20,342,18,342,18,342,16,341,15,338,15,333,15,333,15,329,15,326,14,324,13,324,12,324,12,324,10,307,10
289,10,289,12,293,12,296,11,298,10,289,10
59,10,57,11,54,12,50,12,50,12,45,12,41,12,41,12,37,12,32,12,32,12,28,12,25,11,23,10,17,10,10,10,10,102,13,103,14,104,16,105,19,106,23,106,23,106,28,106,31,106,32,107,34,108,37,109,40,109,41,110,41,112,41,112,41,114,42,115,45,115,48,116,50,117,51,118,54,119,57,119,59,120,60,121,63,122,68,122,68,122,72,122,76,122,76,122,81,122,84,122,85,123,87,124,90,125,94,125,94,125,99,125,103,125,103,125,107,125,112,125,112,125,116,125,121,125,121,125,125,125,128,126,130,127,131,128,134,128,138,128,138,128,143,128,147,128,147,128,152,128,156,128,156,128,161,128,165,128,165,128,169,128,174,128,174,128,178,128,183,128,183,128,187,128,192,128,192,128,196,128,200,128,200,128,205,128,209,128,209,128,214,128,218,128,218,128,223,128,227,128,227,128,231,128,236,128,236,128,240,128,245,128,245,128,249,128,254,128,254,128,258,128,262,128,262,128,267,128,271,128,271,128,276,128,280,128,280,128,285,128,288,129,289,130,290,131,293,131,298,131,298,131,302,131,307,131,307,131,311,131,314,131,316,130,317,129,320,128,323,128,324,127,324,125,324,125,324,123,326,122,329,122,332,121,333,120,335,119,338,119,341,118,342,117,342,115,342,115,342,114,342,112,342,112,342,110,342,109,342,109,342,107,342,106,342,106,342,104,344,103,347,102,350,102,351,101,352,100,355,99,358,100,360,101,360,102,360,102,360,104,361,105,364,106,367,105,369,104,369,102,369,102,369,101,369,99,369,99,369,97,367,96,364,96,360,96,360,96,355,96,352,95,351,94,352,93,355,93,358,92,360,91,360,89,360,89,360,88,358,87,355,86,352,86,351,85,351,83,351,83,351,81,351,80,351,80,351,78,350,77,347,76,344,76,342,75,342,73,342,73,342,72,344,70,347,70,350,70,351,72,352,73,355,73,360,73,360,73,364,73,369,73,369,73,373,73,376,73,378,72,376,70,373,70,370,69,369,68,369,67,369,67,369,65,367,64,364,63,360,63,360,63,355,63,351,63,351,63,347,63,344,63,342,62,344,61,347,60,350,60,351,59,350,58,347,57,342,57,342,57,338,57,333,57,333,57,329,57,326,56,324,55,324,54,320,54,317,53,316,52,317,51,320,50,323,51,324,52,324,54,329,54,333,54,333,54,338,54,342,54,342,54,347,54,350,53,351,52,350,51,347,50,344,50,342,49,342,47,342,47,342,46,341,45,338,44,335,45,333,46,332,47,329,47,326,47,324,46,324,44,324,44,324,42,323,41,320,41,317,41,316,42,314,43,311,44,308,45,307,46,305,47,302,47,299,47,298,46,298,44,298,44,298,42,298,41,298,41,298,39,298,38,293,38,290,38,289,39,289,41,289,41,289,42,289,44,289,44,289,46,289,47,289,47,289,49,288,50,285,50,280,50,280,50,276,50,273,51,271,52,270,53,267,54,264,53,262,52,262,50,262,50,262,49,262,47,262,47,262,46,264,45,267,44,270,43,271,42,273,41,276,41,279,40,280,39,280,38,280,38,280,36,280,34,280,34,280,33,280,31,280,31,280,29,280,28,280,28,280,26,280,25,280,25,280,23,280,21,280,21,280,20,280,18,280,18,280,16,280,15,276,15,273,14,271,13,270,12,267,12,262,12,262,12,258,12,255,11,254,10,59,10
285,54,282,54,280,55,282,56,285,57,288,56,289,55,288,54,285,54
267,21,264,22,262,23,264,24,267,25,270,24,271,23,270,22,267,21
240,21,236,21,236,21,231,21,227,21,227,21,223,21,218,21,218,20,217,19,214,18,211,19,209,20,211,21,214,21,218,21,218,23,218,25,218,25,218,26,217,27,214,28,211,28,209,29,208,31,205,31,202,32,200,33,200,34,200,34,200,36,202,37,205,38,209,38,209,38,214,38,217,37,218,36,220,35,223,34,227,34,227,34,231,34,236,34,236,34,240,34,243,34,245,33,245,31,245,31,245,29,245,28,245,28,245,26,245,25,245,25,245,23,243,22,240,21
76,470,76,468,76,468,76,467,75,466,72,465,69,466,68,467,66,468,63,468,60,468,59,467,57,466,54,465,51,466,50,467,48,468,45,468,42,469,41,470,76,470
209,470,209,468,209,468,209,467,208,466,205,465,200,465,200,465,196,465,192,465,192,465,187,465,184,466,183,467,184,468,187,468,190,469,192,470,209,470
369,470,370,469,373,468,376,468,378,467,379,466,382,465,386,465,386,465,391,465,394,465,395,464,395,462,395,462,395,460,394,459,391,459,388,458,386,457,385,456,382,455,379,455,378,454,378,452,378,452,378,451,378,449,378,449,378,447,376,446,373,446,370,445,369,444,369,442,369,442,369,441,367,440,364,439,361,439,360,438,358,437,355,436,352,435,351,434,351,433,351,433,351,431,350,430,347,430,342,430,342,430,338,430,335,429,333,428,332,427,329,426,326,426,324,425,323,424,320,423,316,423,316,423,311,423,307,423,307,423,302,423,299,422,298,421,296,420,293,420,290,419,289,418,288,417,285,417,280,417,280,417,276,417,273,417,271,418,270,419,267,420,262,420,262,420,258,420,254,420,254,421,252,422,249,423,245,423,245,425,245,426,245,426,245,428,245,430,245,430,245,431,245,433,245,433,245,434,246,435,249,436,252,437,254,438,255,439,258,439,261,440,262,441,264,442,267,442,271,442,271,442,276,442,279,443,280,444,280,446,280,446,280,447,282,448,285,449,288,449,289,451,290,452,293,452,296,453,298,454,298,455,298,455,298,457,298,459,298,459,298,460,299,461,302,462,305,462,307,464,307,465,307,465,307,467,308,468,311,468,314,469,316,470,369,470
630,248,627,248,626,246,627,245,630,245,630,190,627,190,626,191,624,192,621,193,618,194,617,195,615,196,612,196,609,197,608,198,606,199,603,200,600,200,599,201,599,203,599,203,599,204,599,206,599,206,599,208,598,209,595,209,592,210,590,211,590,212,590,212,590,214,589,215,586,216,583,216,581,217,581,219,581,219,581,221,581,222,581,222,581,224,581,225,581,225,581,227,580,228,577,229,574,229,572,230,572,232,572,232,572,234,572,235,572,235,572,237,572,238,572,238,572,240,572,242,572,242,572,243,572,245,572,245,572,246,572,248,572,248,572,250,572,251,572,251,572,253,572,255,572,255,572,256,572,258,572,258,572,259,571,261,568,261,565,262,564,263,564,264,564,264,564,266,564,268,564,268,564,269,564,271,564,271,564,272,564,274,564,274,564,276,564,277,564,277,564,279,564,280,564,280,564,282,564,284,564,284,564,285,564,287,564,287,564,289,564,290,564,290,564,292,564,293,564,293,564,295,564,297,564,297,564,298,562,299,559,300,556,300,555,302,555,303,555,303,555,305,555,306,555,306,555,308,555,310,555,310,555,311,555,313,555,313,555,315,555,316,555,316,555,318,555,319,555,319,555,321,555,323,555,323,555,324,555,326,555,326,555,327,555,329,555,329,555,331,555,332,555,332,555,334,555,336,555,336,555,337,555,339,555,339,555,340,555,342,555,342,555,344,555,345,555,345,555,347,555,349,555,349,555,350,555,352,555,352,555,353,555,355,555,355,555,357,555,358,555,358,555,360,553,361,550,361,547,362,546,363,546,365,546,365,546,366,546,368,546,368,546,370,546,371,546,371,546,373,546,374,546,374,546,376,546,378,546,378,546,379,546,381,546,381,546,383,546,384,546,384,546,386,544,387,541,387,538,388,537,389,537,391,537,391,537,392,537,394,537,394,537,395,538,397,541,397,544,398,546,399,544,400,541,400,538,401,537,402,537,404,537,404,537,405,537,407,537,407,537,408,537,410,537,410,537,412,537,413,537,413,537,415,538,416,541,417,544,417,546,418,546,420,546,420,546,421,546,423,546,423,546,425,546,426,546,426,546,428,546,430,546,430,546,431,546,433,546,433,546,434,546,436,546,436,546,438,547,439,550,439,553,440,555,441,555,442,555,442,555,444,555,446,555,446,555,447,555,449,555,449,555,451,555,452,555,452,555,454,556,455,559,455,562,456,564,457,564,459,564,459,564,460,564,462,564,462,564,464,564,465,564,465,564,467,565,468,568,468,571,469,572,470,601,470,630,470,630,248
630,164,627,164,626,165,626,167,626,167,626,169,624,170,621,170,618,170,617,169,615,168,612,167,609,168,608,169,608,170,608,170,608,172,608,174,608,174,608,175,608,177,608,177,608,178,609,180,612,180,615,180,617,178,618,177,621,177,624,176,626,175,627,174,630,174,630,164
603,161,599,161,599,162,600,163,603,164,606,163,608,162,606,161,603,161
595,154,592,155,590,156,590,157,590,157,590,159,592,160,595,161,599,161,599,159,599,157,599,157,599,156,598,155,595,154
524,209,521,209,519,208,519,206,519,206,519,204,519,203,519,203,519,201,519,200,519,200,519,198,518,197,515,196,512,196,510,195,509,194,506,193,503,192,502,191,500,190,497,190,494,189,493,188,493,187,493,187,493,185,491,184,488,183,485,183,484,182,482,181,479,180,476,180,475,178,474,177,471,177,466,177,466,177,462,177,457,177,457,177,453,177,450,177,448,178,448,180,448,180,448,182,447,183,444,183,440,183,440,183,435,183,432,184,431,185,429,186,426,187,423,186,422,185,422,183,422,183,422,182,420,181,417,180,414,180,413,178,412,177,409,177,406,176,404,175,404,174,400,174,397,173,395,172,397,171,400,170,403,171,404,172,404,174,409,174,412,173,413,172,413,170,413,170,413,169,413,167,413,167,413,165,413,164,413,164,413,162,412,161,409,161,404,161,404,161,400,161,395,161,395,161,391,161,386,161,386,161,382,161,378,161,378,161,373,161,370,161,369,162,367,163,364,164,360,164,360,164,355,164,351,164,351,164,347,164,344,163,342,162,341,161,338,161,333,161,333,161,329,161,324,161,324,161,320,161,316,161,316,161,311,161,307,161,307,161,302,161,298,161,298,161,293,161,289,161,289,161,285,161,280,161,280,161,276,161,271,161,271,161,267,161,262,161,262,161,258,161,254,161,254,161,249,161,246,161,245,162,243,163,240,164,236,164,236,164,231,164,228,164,227,165,226,167,223,167,218,167,218,167,214,167,209,167,209,167,205,167,200,167,200,167,196,167,192,167,192,167,187,167,184,168,183,169,181,170,178,170,174,170,174,170,169,170,166,171,165,172,164,173,161,174,156,174,156,174,152,174,149,174,147,175,146,176,143,177,140,177,138,178,137,180,134,180,131,181,130,182,130,183,130,183,130,185,128,186,125,187,122,187,121,188,119,189,116,190,113,190,112,191,112,193,112,193,112,195,110,196,107,196,104,197,103,198,102,199,99,200,96,200,94,201,94,203,94,203,94,204,93,205,90,206,87,207,85,208,84,209,81,209,78,210,76,211,76,212,76,212,76,214,76,216,76,216,76,217,76,219,76,219,76,221,76,222,76,222,76,224,76,225,76,225,76,227,76,229,76,229,76,230,75,231,72,232,69,232,68,234,69,235,72,235,75,236,76,237,76,238,76,238,76,240,76,242,76,242,76,243,78,244,81,245,84,245,85,246,84,248,81,248,76,248,76,248,72,248,69,249,68,250,69,251,72,251,75,252,76,253,76,255,76,255,76,256,78,257,81,258,84,258,85,259,85,261,85,261,85,263,84,264,81,264,76,264,76,264,72,264,69,265,68,266,68,268,68,268,68,269,66,270,63,271,60,270,59,269,57,268,54,268,50,268,50,268,45,268,42,268,41,269,41,271,41,271,41,272,40,273,37,274,34,275,32,276,32,277,32,277,32,279,32,280,32,280,32,282,34,283,37,284,40,284,41,285,41,287,41,287,41,289,42,290,45,290,48,291,50,292,51,293,54,293,57,294,59,295,59,297,59,297,59,298,60,299,63,300,66,300,68,302,69,303,72,303,75,304,76,305,78,306,81,306,84,307,85,308,85,310,85,310,85,311,84,312,81,313,78,313,76,315,78,316,81,316,84,317,85,318,85,319,85,319,85,321,87,322,90,323,93,323,94,324,94,326,94,326,94,327,96,329,99,329,102,330,103,331,104,332,107,332,110,333,112,334,113,335,116,336,121,336,121,336,125,336,130,336,130,336,134,336,137,336,138,337,140,338,143,339,147,339,147,339,152,339,155,339,156,340,158,341,161,342,165,342,165,342,169,342,174,342,174,342,178,342,183,342,183,342,187,342,192,342,192,342,196,342,200,342,200,342,205,342,208,343,209,344,211,345,214,345,217,345,218,344,220,343,223,342,226,343,227,344,228,345,231,345,236,345,236,345,240,345,243,346,245,347,246,348,249,349,252,348,254,347,255,346,258,345,261,346,262,347,264,348,267,349,271,349,271,349,276,349,280,349,280,349,285,349,289,349,289,349,293,349,298,349,298,349,302,349,307,349,307,349,311,349,316,349,316,349,320,349,324,349,324,349,329,349,333,349,333,349,338,349,342,349,342,349,347,349,351,349,351,349,355,349,360,349,360,349,364,349,369,349,369,349,373,349,378,349,378,349,382,349,385,349,386,350,386,352,386,352,386,353,388,354,391,355,394,356,395,357,395,358,395,358,395,360,395,361,395,361,395,363,394,364,391,365,386,365,386,365,382,365,378,365,378,365,373,365,370,365,369,366,367,367,364,368,361,369,360,370,360,371,360,371,360,373,361,374,364,374,367,375,369,376,367,377,364,378,360,378,360,378,355,378,352,378,351,379,352,380,355,381,358,381,360,383,361,384,364,384,369,384,369,384,373,384,378,384,378,383,378,381,378,381,378,379,379,378,382,378,385,378,386,379,388,380,391,381,394,381,395,383,395,384,395,384,395,386,397,387,400,387,404,387,404,387,409,387,413,387,413,387,417,387,420,388,422,389,422,391,422,391,422,392,423,393,426,394,429,394,431,395,431,397,431,397,431,399,432,400,435,400,438,401,440,402,440,404,440,404,440,405,440,407,440,407,440,408,441,410,444,410,447,411,448,412,448,413,448,413,448,415,448,417,448,417,448,418,448,420,448,420,448,421,450,422,453,423,456,424,457,425,457,426,457,426,457,428,457,430,457,430,457,431,459,432,462,433,465,433,466,434,466,436,466,436,466,438,468,439,471,439,474,440,475,441,475,442,475,442,475,444,476,445,479,446,484,446,484,444,484,442,484,442,484,441,484,439,484,439,484,438,484,436,484,436,484,434,482,433,479,433,476,432,475,431,475,430,475,430,475,428,475,426,475,426,475,425,475,423,475,423,475,421,475,420,475,420,475,418,474,417,471,417,468,416,466,415,466,413,466,413,466,412,466,410,466,410,466,408,466,407,466,407,466,405,466,404,466,404,466,402,465,401,462,400,459,400,457,399,457,397,457,397,457,395,457,394,457,394,457,392,457,391,457,391,457,389,457,387,457,387,457,386,457,384,457,384,457,383,457,381,457,381,457,379,457,378,457,378,457,376,457,374,457,374,457,373,456,372,453,371,450,371,448,370,448,368,448,368,448,366,448,365,448,365,448,363,447,362,444,361,441,361,440,360,440,358,440,358,440,357,441,356,444,355,447,354,448,353,450,352,453,352,456,351,457,350,457,349,457,349,457,347,457,345,457,345,457,344,457,342,457,342,457,340,459,339,462,339,465,338,466,337,466,336,466,336,466,334,466,332,466,332,466,331,468,330,471,329,475,329,475,329,479,329,482,329,484,327,485,326,488,326,491,325,493,324,493,323,493,323,493,321,493,319,493,319,493,318,493,316,493,316,493,315,493,313,493,313,493,311,493,310,493,310,493,308,493,306,493,306,493,305,494,304,497,303,500,303,502,302,502,300,502,300,502,298,502,297,502,297,502,295,502,293,502,293,502,292,502,290,502,290,502,289,502,287,502,287,502,285,502,284,502,284,502,282,503,281,506,280,510,280,510,280,515,280,518,280,519,279,519,277,519,277,519,276,519,274,519,274,519,272,519,271,519,271,519,269,519,268,519,268,519,266,521,265,524,264,527,264,528,263,528,261,528,261,528,259,528,258,528,258,528,256,528,255,528,255,528,253,528,251,528,251,528,250,528,248,528,248,528,246,528,245,528,245,528,243,528,242,528,242,528,240,528,238,528,238,528,237,528,235,528,235,528,234,528,232,528,232,528,230,528,229,528,229,528,227,528,225,528,225,528,224,528,222,528,222,528,221,528,219,528,219,528,217,528,216,528,216,528,214,528,212,528,212,528,211,527,210,524,209
435,232,432,231,431,230,431,229,431,229,431,227,429,226,426,225,423,225,422,224,420,223,417,222,414,222,413,221,412,219,409,219,406,218,404,217,403,216,400,216,395,216,395,216,391,216,388,215,386,214,385,213,382,212,378,212,378,212,373,212,369,212,369,212,364,212,360,212,360,212,355,212,352,212,351,211,350,210,347,209,344,210,342,211,342,212,342,212,342,214,342,216,342,216,342,217,342,219,342,219,342,221,342,222,342,222,342,224,342,225,342,225,342,227,342,229,342,229,342,230,344,231,347,232,350,232,351,234,351,235,351,235,351,237,352,238,355,238,358,239,360,240,361,241,364,242,367,242,369,243,370,244,373,245,378,245,378,245,382,245,385,245,386,246,388,248,391,248,394,249,395,250,394,251,391,251,386,251,386,251,382,251,378,251,378,251,373,251,369,251,369,251,364,251,361,251,360,250,358,249,355,248,351,248,351,248,347,248,342,248,342,248,338,248,333,248,333,248,329,248,326,248,324,246,323,245,320,245,316,245,316,245,311,245,307,245,307,245,302,245,298,245,298,245,293,245,289,245,289,245,285,245,280,245,280,245,276,245,273,245,271,246,271,248,271,248,271,250,271,251,271,251,271,253,271,255,271,255,271,256,273,257,276,258,279,258,280,259,280,261,280,261,280,263,282,264,285,264,288,265,289,266,289,268,289,268,289,269,290,270,293,271,298,271,298,271,302,271,307,271,307,271,311,271,314,271,316,272,316,274,316,274,316,276,316,277,316,277,316,279,317,280,320,280,324,280,324,280,329,280,332,280,333,279,335,278,338,277,341,278,342,279,344,280,347,280,350,280,351,279,352,278,355,277,360,277,360,277,364,277,367,277,369,276,369,274,369,274,369,272,370,271,373,271,376,270,378,269,379,268,382,268,385,267,386,266,388,265,391,264,394,264,395,263,397,262,400,261,403,261,404,259,406,258,409,258,412,257,413,256,413,255,413,255,413,253,414,252,417,251,420,251,422,250,423,249,426,248,429,248,431,246,432,245,435,245,438,244,440,243,440,242,440,242,440,240,440,238,440,238,440,237,440,235,440,235,440,234,438,232,435,232
409,183,406,184,404,185,406,186,409,187,412,186,413,185,412,184,409,183
125,280,122,281,121,282,122,283,125,284,128,283,130,282,128,281,125,280
90,251,87,252,85,253,87,254,90,255,93,254,94,253,93,252,90,251
506,459,502,459,502,460,503,461,506,462,509,461,510,460,509,459,506,459
497,455,494,456,493,457,494,458,497,459,502,459,502,457,500,456,497,455
488,446,484,446,484,447,484,449,484,449,484,451,485,452,488,452,491,452,493,451,493,449,493,449,493,447,491,446,488,446
426,141,423,142,422,143,423,144,426,144,429,144,431,143,429,142,426,141
382,384,378,384,378,386,379,387,382,387,385,387,386,386,385,385,382,384
373,50,370,51,369,52,370,53,373,54,376,53,378,52,376,51,373,50
311,28,307,28,307,28,302,28,299,28,298,29,298,31,298,31,298,33,298,34,298,34,298,36,298,38,302,38,305,37,307,36,307,34,307,34,307,33,308,32,311,31,314,31,316,29,314,28,311,28
285,12,282,12,280,13,280,15,285,15,288,14,289,13,289,12,285,12
258,397,254,397,254,397,249,397,245,397,245,397,240,397,237,398,236,399,234,400,231,400,228,401,227,402,226,403,223,404,218,404,218,404,214,404,209,404,209,405,209,407,209,407,209,408,211,410,214,410,217,411,218,412,218,413,218,413,218,415,217,416,214,417,211,417,209,418,209,420,209,420,209,421,209,423,209,423,209,425,211,426,214,426,218,426,218,426,223,426,227,426,227,426,231,426,234,426,236,425,237,424,240,423,245,423,245,421,246,420,249,420,254,420,254,418,254,417,254,417,254,415,255,414,258,413,261,413,262,412,262,410,262,410,262,408,262,407,262,407,262,405,262,404,262,404,262,402,262,400,262,400,262,399,261,398,258,397
205,381,200,381,200,381,196,381,193,381,192,383,190,384,187,384,183,384,183,384,178,384,175,385,174,386,172,387,169,387,165,387,165,387,161,387,158,388,156,389,155,390,152,391,149,391,147,392,146,393,143,394,140,394,138,395,137,397,134,397,131,398,130,399,130,400,130,400,130,402,130,404,130,404,130,405,128,406,125,407,121,407,121,407,116,407,113,407,112,408,112,410,112,410,112,412,112,413,112,413,112,415,112,417,112,417,112,418,113,419,116,420,119,420,121,421,122,422,125,423,130,423,130,423,134,423,137,422,138,421,140,420,143,420,147,420,147,420,152,420,156,420,156,420,161,420,164,419,165,418,165,417,165,417,165,415,166,414,169,413,172,413,174,412,175,411,178,410,183,410,183,410,187,410,190,410,192,408,193,407,196,407,199,406,200,405,202,404,205,404,209,404,209,402,209,400,209,400,209,399,209,397,209,397,209,395,209,394,209,394,209,392,209,391,209,391,209,389,209,387,209,387,209,386,209,384,209,384,209,383,208,381,205,381
90,446,85,446,85,446,81,446,78,446,76,447,76,449,76,449,76,451,78,452,81,452,85,452,85,452,90,452,93,452,94,451,94,449,94,449,94,447,93,446,90,446
63,446,60,446,59,447,60,448,63,449,66,448,68,447,66,446,63,446
28,459,25,458,23,457,23,455,23,455,23,454,22,453,19,452,16,453,14,454,14,455,14,455,14,457,14,459,14,459,14,460,14,462,14,462,14,464,16,465,19,465,22,466,23,467,25,468,28,468,31,468,32,467,32,465,32,465,32,464,32,462,32,462,32,460,31,459,28,459
