599,10,600,11,603,12,608,12,608,12,612,12,615,11,617,10,599,10
360,10,360,12,360,12,360,13,361,14,364,15,367,14,369,13,370,12,373,12,376,11,378,10,360,10
307,10,308,11,311,12,314,12,316,13,316,15,316,15,316,16,317,18,320,18,323,19,324,20,326,21,329,21,332,22,333,23,333,25,333,25,333,26,333,28,333,28,333,29,333,31,333,31,333,33,333,34,333,34,333,36,335,37,338,38,341,38,342,39,342,41,347,41,351,41,351,39,352,38,355,38,358,37,360,36,358,35,355,34,352,34,351,33,351,31,351,31,351,29,351,28,351,28,351,26,351,25,351,25,351,23,351,21,351,21,351,20,351,18,351,18,351,16,350,15,347,15,342,15,342,15,338,15,333,15,333,15,329,15,326,14,324,13,326,12,329,12,332,11,333,10,307,10
289,10,288,11,285,12,280,12,280,13,280,15,285,15,288,15,289,16,288,18,285,18,282,18,280,16,280,15,276,15,273,14,271,13,271,12,267,12,262,12,262,12,258,12,255,11,254,10,156,10,155,11,152,12,149,11,147,10,59,10,57,11,54,12,50,12,50,12,45,12,41,12,41,12,37,12,32,12,32,12,28,12,23,12,23,12,19,12,16,11,14,10,12,10,10,10,10,109,13,109,14,110,16,111,19,112,22,113,23,114,25,115,28,115,31,116,32,117,34,118,37,119,40,119,41,120,41,122,41,122,41,123,42,124,45,125,48,126,50,127,51,128,54,128,57,129,59,130,60,131,63,131,68,131,68,131,72,131,76,131,76,131,81,131,85,131,85,131,90,131,93,132,94,133,96,134,99,135,103,135,103,135,107,135,112,135,112,135,116,135,121,135,121,135,125,135,130,135,130,135,134,135,137,135,138,136,140,137,143,138,147,138,147,138,152,138,156,138,156,138,161,138,165,138,165,138,169,138,174,138,174,138,178,138,181,137,183,136,184,135,187,135,190,135,192,136,193,137,196,138,200,138,200,138,205,138,209,138,209,138,214,138,218,138,218,138,223,138,227,138,227,138,231,138,236,138,236,138,240,138,245,138,245,138,249,138,254,138,254,138,258,138,262,138,262,138,267,138,271,138,271,138,276,138,279,138,280,140,282,141,285,141,288,141,289,140,290,138,293,138,298,138,298,138,302,138,307,138,307,138,311,138,314,137,316,136,317,135,320,135,324,135,324,135,329,135,332,134,333,133,335,132,338,131,341,131,342,130,342,128,342,128,342,127,344,126,347,125,350,124,351,123,351,122,351,122,351,120,351,119,351,119,351,117,351,115,351,115,351,114,350,113,347,112,344,112,342,110,342,109,342,109,342,107,344,106,347,106,350,105,351,104,352,103,355,102,358,103,360,104,360,106,360,106,360,107,361,108,364,109,367,108,369,107,369,106,369,106,369,104,369,102,369,102,369,101,369,99,369,99,369,97,367,96,364,96,361,95,360,94,360,93,360,93,360,91,360,89,360,89,360,88,360,86,360,86,360,85,360,83,360,83,360,81,360,80,360,80,360,78,361,77,364,76,369,76,369,76,373,76,376,77,378,78,379,79,382,80,385,79,386,78,388,77,391,76,394,76,395,75,395,73,391,73,388,73,386,72,388,70,391,70,395,70,395,68,394,67,391,67,388,66,386,65,386,63,386,63,386,62,386,60,386,60,386,59,386,57,386,57,386,55,386,54,386,54,386,52,388,51,391,50,394,50,395,49,394,48,391,47,386,47,386,47,382,47,379,47,378,46,376,45,373,44,369,44,369,44,364,44,360,44,360,46,358,47,355,47,352,47,351,46,351,44,347,44,344,43,342,42,342,41,338,41,335,41,333,42,333,44,333,44,333,46,332,47,329,47,326,47,324,46,324,44,324,44,324,42,324,41,324,41,324,39,323,38,320,38,317,37,316,36,316,34,316,34,316,33,316,31,316,31,316,29,316,28,316,28,316,26,314,25,311,25,308,24,307,23,305,22,302,21,299,21,298,20,298,18,298,18,298,16,298,15,298,15,298,13,298,12,298,12,298,10,289,10
364,54,360,54,360,54,355,54,352,54,351,55,351,57,351,57,351,59,352,60,355,60,358,61,360,62,361,63,364,63,367,63,369,62,369,60,369,60,369,59,369,57,369,57,369,55,367,54,364,54
302,41,299,41,298,42,298,44,298,44,298,46,299,47,302,47,305,47,307,46,307,44,307,44,307,42,305,41,302,41
302,57,298,57,298,55,296,54,293,54,289,54,289,54,285,54,282,54,280,55,282,56,285,57,289,57,289,57,293,57,298,57,298,59,299,60,302,60,305,60,307,59,305,58,302,57
293,34,290,35,289,36,290,37,293,38,296,37,298,36,296,35,293,34
285,41,282,41,280,42,280,44,280,44,280,46,280,47,276,47,271,47,271,47,267,47,264,48,262,49,264,50,267,50,271,50,271,50,276,50,279,50,280,49,280,47,285,47,288,47,289,46,289,44,289,44,289,42,288,41,285,41
240,25,237,24,236,23,234,22,231,21,228,22,227,23,227,25,227,25,227,26,227,28,227,28,227,29,227,31,223,31,220,32,218,33,218,34,214,34,211,35,209,36,211,37,214,38,217,37,218,36,218,34,223,34,226,34,227,33,227,31,231,31,234,31,236,29,237,28,240,28,243,27,245,26,243,25,240,25
271,10,271,12,276,12,280,12,280,10,271,10
10,407,13,407,14,408,16,410,19,410,23,410,23,408,23,407,23,407,23,405,22,404,19,404,16,403,14,402,14,400,14,400,14,399,13,398,10,397,10,407
85,470,84,469,81,468,78,468,76,467,75,466,72,465,69,466,68,467,66,468,63,468,60,468,59,467,59,465,59,465,59,464,57,462,54,462,51,462,50,464,50,465,50,465,50,467,48,468,45,468,42,468,41,467,40,466,37,465,34,465,32,464,32,462,32,462,32,460,31,459,28,459,25,458,23,457,23,455,23,455,23,454,22,453,19,452,16,453,14,454,14,455,14,455,14,457,14,459,14,459,14,460,16,461,19,462,22,462,23,464,23,465,23,465,23,467,25,468,28,468,31,469,32,470,85,470
218,470,217,469,214,468,211,468,209,467,209,465,209,465,209,464,208,462,205,462,202,461,200,460,199,459,196,459,193,459,192,460,190,461,187,462,184,462,183,464,183,465,183,465,183,467,184,468,187,468,190,469,192,470,218,470
378,470,379,469,382,468,385,468,386,467,388,466,391,465,394,466,395,467,397,468,400,468,404,468,404,467,404,465,404,465,404,464,403,462,400,462,397,461,395,460,395,459,395,459,395,457,394,456,391,455,388,455,386,454,385,453,382,452,379,452,378,451,378,449,378,449,378,447,378,446,378,446,378,444,376,443,373,442,370,442,369,441,367,440,364,439,361,439,360,438,360,436,360,436,360,434,358,433,355,433,352,432,351,431,350,430,347,430,344,429,342,428,341,427,338,426,335,426,333,425,333,423,333,423,333,421,332,420,329,420,324,420,324,420,320,420,316,420,316,420,311,420,307,420,307,420,302,420,299,419,298,418,296,417,293,417,289,417,289,417,285,417,280,417,280,417,276,417,273,417,271,418,270,419,267,420,262,420,262,420,258,420,255,420,254,421,252,422,249,423,246,424,245,425,245,426,245,426,245,428,245,430,245,430,245,431,245,433,245,433,245,434,245,436,245,436,245,438,246,439,249,439,254,439,254,439,258,439,261,440,262,441,264,442,267,442,270,443,271,444,273,445,276,446,279,446,280,447,282,448,285,449,288,449,289,451,289,452,289,452,289,454,290,455,293,455,296,456,298,457,298,459,298,459,298,460,298,462,298,462,298,464,299,465,302,465,305,466,307,467,308,468,311,468,314,469,316,470,378,470
413,470,412,469,409,468,404,468,404,470,413,470
630,264,627,264,626,263,626,261,626,261,626,259,626,258,626,258,626,256,626,255,626,255,626,253,626,251,626,251,626,250,626,248,626,248,626,246,626,245,626,245,626,243,626,242,626,242,626,240,627,239,630,238,630,157,627,158,626,159,626,161,626,161,626,162,624,163,621,164,618,163,617,162,615,161,612,161,609,160,608,159,606,158,603,157,600,157,599,156,598,155,595,154,592,155,590,156,590,157,590,157,590,159,590,161,590,161,590,162,592,163,595,164,598,164,599,165,599,167,599,167,599,169,599,170,599,170,599,172,600,173,603,174,606,174,608,175,608,177,608,177,608,178,608,180,608,180,608,182,608,183,608,183,608,185,608,187,608,187,608,188,608,190,608,190,608,191,609,192,612,193,615,194,617,195,615,196,612,196,609,197,608,198,608,200,608,200,608,201,608,203,608,203,608,204,608,206,608,206,608,208,606,209,603,209,600,210,599,211,599,212,599,212,599,214,598,215,595,216,592,216,590,217,589,218,586,219,583,219,581,221,581,222,581,222,581,224,581,225,581,225,581,227,581,229,581,229,581,230,581,232,581,232,581,234,581,235,581,235,581,237,580,238,577,238,574,239,572,240,572,242,572,242,572,243,572,245,572,245,572,246,572,248,572,248,572,250,572,251,572,251,572,253,572,255,572,255,572,256,572,258,572,258,572,259,572,261,572,261,572,263,572,264,572,264,572,266,572,268,572,268,572,269,572,271,572,271,572,272,571,273,568,274,565,275,564,276,564,277,564,277,564,279,564,280,564,280,564,282,564,284,564,284,564,285,564,287,564,287,564,289,564,290,564,290,564,292,564,293,564,293,564,295,564,297,564,297,564,298,564,300,564,300,564,302,564,303,564,303,564,305,564,306,564,306,564,308,564,310,564,310,564,311,564,313,564,313,564,315,564,316,564,316,564,318,564,319,564,319,564,321,564,323,564,323,564,324,564,326,564,326,564,327,564,329,564,329,564,331,564,332,564,332,564,334,564,336,564,336,564,337,562,338,559,339,556,339,555,340,555,342,555,342,555,344,555,345,555,345,555,347,555,349,555,349,555,350,555,352,555,352,555,353,555,355,555,355,555,357,555,358,555,358,555,360,555,361,555,361,555,363,553,364,550,365,547,365,546,366,546,368,546,368,546,370,546,371,546,371,546,373,546,374,546,374,546,376,546,378,546,378,546,379,546,381,546,381,546,383,546,384,546,384,546,386,546,387,546,387,546,389,546,391,546,391,546,392,546,394,546,394,546,395,546,397,546,397,546,399,546,400,546,400,546,402,546,404,546,404,546,405,546,407,546,407,546,408,546,410,546,410,546,412,547,413,550,413,553,414,555,415,555,417,555,417,555,418,555,420,555,420,555,421,555,423,555,423,555,425,555,426,555,426,555,428,555,430,555,430,555,431,555,433,555,433,555,434,555,436,555,436,555,438,555,439,555,439,555,441,555,442,555,442,555,444,556,445,559,446,562,446,564,447,562,448,559,449,556,449,555,451,555,452,555,452,555,454,556,455,559,455,562,456,564,457,564,459,564,459,564,460,564,462,564,462,564,464,564,465,564,465,564,467,565,468,568,468,571,469,572,470,601,470,630,470,630,264
533,216,530,215,528,214,528,212,528,212,528,211,528,209,528,209,528,208,528,206,528,206,528,204,528,203,528,203,528,201,527,200,524,200,521,199,519,198,519,196,519,196,519,195,518,194,515,193,510,193,510,193,506,193,503,192,502,191,502,190,502,190,502,188,500,187,497,187,494,186,493,185,491,184,488,183,485,183,484,182,482,181,479,180,476,180,475,178,474,177,471,177,468,176,466,175,465,174,462,174,459,174,457,175,456,176,453,177,450,177,448,178,448,180,448,180,448,182,447,183,444,183,440,183,440,183,435,183,432,184,431,185,429,186,426,187,423,186,422,185,422,183,422,183,422,182,420,181,417,180,414,180,413,178,412,177,409,177,406,176,404,175,403,174,400,174,397,173,395,172,397,171,400,170,404,170,404,170,409,170,412,170,413,169,413,167,413,167,413,165,412,164,409,164,406,163,404,162,403,161,400,161,397,160,395,159,395,157,395,157,395,156,394,155,391,154,388,155,386,156,385,157,382,157,379,158,378,159,376,160,373,161,370,161,369,162,367,163,364,164,361,164,360,165,358,167,355,167,351,167,351,167,347,167,344,167,342,165,341,164,338,164,333,164,333,164,329,164,324,164,324,164,320,164,316,164,316,164,311,164,307,164,307,164,302,164,299,164,298,165,296,167,293,167,289,167,289,167,285,167,282,167,280,165,279,164,276,164,273,164,271,165,270,167,267,167,262,167,262,167,258,167,254,167,254,167,249,167,246,168,245,169,243,170,240,170,236,170,236,170,231,170,227,170,227,170,223,170,220,171,218,172,217,173,214,174,211,174,209,175,208,176,205,177,200,177,200,177,196,177,192,177,192,177,187,177,184,177,183,178,181,180,178,180,175,181,174,182,172,183,169,183,165,183,165,183,161,183,158,184,156,185,155,186,152,187,147,187,147,187,143,187,140,187,138,188,138,190,138,190,138,191,137,192,134,193,131,194,130,195,130,196,130,196,130,198,128,199,125,200,122,200,121,201,119,202,116,203,113,203,112,204,112,206,112,206,112,208,112,209,112,209,112,211,110,212,107,212,104,213,103,214,102,215,99,216,96,216,94,217,93,218,90,219,85,219,85,219,81,219,78,219,76,221,76,222,76,222,76,224,76,225,76,225,76,227,78,228,81,229,84,229,85,230,85,232,85,232,85,234,84,235,81,235,78,236,76,237,76,238,76,238,76,240,78,241,81,242,84,242,85,243,85,245,85,245,85,246,84,248,81,248,78,248,76,246,75,245,72,245,69,245,68,246,68,248,68,248,68,250,69,251,72,251,75,252,76,253,76,255,76,255,76,256,76,258,76,258,76,259,76,261,81,261,84,262,85,263,84,264,81,264,78,264,76,263,76,261,72,261,69,262,68,263,68,264,68,264,68,266,69,267,72,268,75,268,76,269,76,271,76,271,76,272,78,273,81,274,84,275,85,276,85,277,85,277,85,279,84,280,81,280,78,280,76,279,75,278,72,277,69,277,68,276,66,275,63,274,60,273,59,272,57,271,54,271,51,270,50,269,48,268,45,268,42,268,41,269,41,271,41,271,41,272,41,274,41,274,41,276,40,277,37,277,34,278,32,279,32,280,32,280,32,282,34,283,37,284,40,284,41,285,41,287,41,287,41,289,41,290,41,290,41,292,42,293,45,293,48,294,50,295,51,296,54,297,57,297,59,298,59,300,59,300,59,302,60,303,63,303,68,303,68,303,72,303,75,304,76,305,76,306,76,306,76,308,76,310,76,310,76,311,76,313,76,313,76,315,78,316,81,316,84,317,85,318,85,319,85,319,85,321,87,322,90,323,93,323,94,324,94,326,94,326,94,327,96,329,99,329,102,330,103,331,103,332,103,332,103,334,104,335,107,336,110,336,112,337,113,338,116,339,121,339,121,339,125,339,130,339,130,339,134,339,137,339,138,340,140,341,143,342,146,343,147,344,149,345,152,345,156,345,156,345,161,345,165,345,165,345,169,345,174,345,174,345,178,345,183,345,183,345,187,345,192,345,192,345,196,345,200,345,200,345,205,345,208,346,209,347,211,348,214,349,218,349,218,349,223,349,227,349,227,349,231,349,236,349,236,349,240,349,243,349,245,350,246,351,249,352,254,352,254,352,258,352,262,352,262,352,267,352,271,352,271,352,276,352,279,352,280,353,282,354,285,355,289,355,289,355,293,355,298,355,298,355,302,355,305,354,307,353,308,352,311,352,316,352,316,352,320,352,324,352,324,352,329,352,333,352,333,352,338,352,341,351,342,350,344,349,347,349,351,349,351,349,355,349,360,349,360,349,364,349,369,349,369,349,373,349,378,349,378,349,382,349,385,349,386,350,386,352,386,352,386,353,386,355,386,355,386,357,386,358,386,358,386,360,386,361,386,361,386,363,385,364,382,365,378,365,378,365,373,365,370,365,369,366,367,367,364,368,361,369,360,370,358,371,355,371,351,371,351,371,347,371,344,372,342,373,341,374,338,374,333,374,333,374,329,374,326,375,324,376,324,378,324,378,324,379,326,380,329,381,332,381,333,383,335,384,338,384,342,384,342,384,347,384,351,384,351,384,355,384,360,384,360,384,364,384,367,385,369,386,370,387,373,387,376,388,378,389,379,390,382,391,385,390,386,389,388,388,391,387,395,387,395,387,400,387,403,387,404,386,404,384,404,384,404,383,406,381,409,381,413,381,413,381,417,381,420,381,422,383,422,384,422,384,422,386,423,387,426,387,429,388,431,389,431,391,431,391,431,392,432,393,435,394,438,394,440,395,440,397,440,397,440,399,440,400,440,400,440,402,440,404,440,404,440,405,441,406,444,407,447,407,448,408,448,410,448,410,448,412,448,413,448,413,448,415,448,417,448,417,448,418,450,419,453,420,456,420,457,421,457,423,457,423,457,425,457,426,457,426,457,428,457,430,457,430,457,431,457,433,457,433,457,434,459,435,462,436,465,437,466,438,466,439,466,439,466,441,466,442,466,442,466,444,468,445,471,446,474,446,475,447,475,449,475,449,475,451,475,452,475,452,475,454,476,455,479,455,482,456,484,457,484,459,484,459,484,460,485,461,488,462,491,462,493,464,494,465,497,465,502,465,502,465,506,465,509,465,510,464,510,462,510,462,510,460,509,459,506,459,503,458,502,457,500,456,497,455,494,455,493,454,493,452,493,452,493,451,493,449,493,449,493,447,491,446,488,446,485,445,484,444,484,442,484,442,484,441,484,439,484,439,484,438,484,436,484,436,484,434,482,433,479,433,476,432,475,431,475,430,475,430,475,428,475,426,475,426,475,425,475,423,475,423,475,421,475,420,475,420,475,418,475,417,475,417,475,415,475,413,475,413,475,412,474,411,471,410,468,410,466,408,466,407,466,407,466,405,466,404,466,404,466,402,466,400,466,400,466,399,466,397,466,397,466,395,466,394,466,394,466,392,466,391,466,391,466,389,466,387,466,387,466,386,468,385,471,384,474,384,475,383,475,381,475,381,475,379,475,378,475,378,475,376,474,375,471,374,468,374,466,373,466,371,466,371,466,370,466,368,466,368,466,366,466,365,466,365,466,363,465,362,462,361,459,361,457,360,459,359,462,358,465,358,466,357,466,355,466,355,466,353,468,352,471,352,474,351,475,350,475,349,475,349,475,347,475,345,475,345,475,344,475,342,475,342,475,340,475,339,475,339,475,337,475,336,475,336,475,334,476,333,479,332,482,332,484,331,484,329,484,329,484,327,485,326,488,326,491,325,493,324,493,323,493,323,493,321,494,320,497,319,502,319,502,319,506,319,509,319,510,318,510,316,510,316,510,315,509,313,506,313,503,312,502,311,502,310,502,310,502,308,502,306,502,306,502,305,502,303,502,303,502,302,502,300,502,300,502,298,502,297,502,297,502,295,502,293,502,293,502,292,502,290,502,290,502,289,502,287,502,287,502,285,502,284,502,284,502,282,503,281,506,280,509,281,510,282,512,283,515,284,519,284,519,284,524,284,527,283,528,282,528,280,528,280,528,279,528,277,528,277,528,276,528,274,528,274,528,272,528,271,528,271,528,269,528,268,528,268,528,266,530,265,533,264,536,264,537,263,537,261,537,261,537,259,537,258,537,258,537,256,537,255,537,255,537,253,537,251,537,251,537,250,537,248,537,248,537,246,537,245,537,245,537,243,537,242,537,242,537,240,537,238,537,238,537,237,537,235,537,235,537,234,537,232,537,232,537,230,537,229,537,229,537,227,537,225,537,225,537,224,537,222,537,222,537,221,537,219,537,219,537,217,536,216,533,216
444,232,441,231,440,230,440,229,440,229,440,227,438,226,435,225,432,225,431,224,429,223,426,222,422,222,422,222,417,222,414,222,413,221,412,219,409,219,406,218,404,217,403,216,400,216,395,216,395,216,391,216,386,216,386,216,382,216,378,216,378,216,373,216,370,215,369,214,367,213,364,212,360,212,360,212,355,212,351,212,351,212,347,212,344,213,342,214,342,216,342,216,342,217,344,218,347,219,350,219,351,221,351,222,351,222,351,224,350,225,347,225,344,226,342,227,342,229,342,229,342,230,344,231,347,232,350,232,351,234,352,235,355,235,358,236,360,237,361,238,364,238,367,239,369,240,370,241,373,242,378,242,378,242,382,242,386,242,386,242,391,242,395,242,395,242,400,242,403,242,404,243,404,245,404,245,404,246,404,248,404,248,404,250,403,251,400,251,395,251,395,251,391,251,388,252,386,253,385,254,382,255,379,254,378,253,376,252,373,251,369,251,369,251,364,251,361,251,360,250,358,249,355,248,351,248,351,248,347,248,342,248,342,248,338,248,333,248,333,248,329,248,324,248,324,248,320,248,316,248,316,248,311,248,307,248,307,248,302,248,298,248,298,248,293,248,289,248,289,248,285,248,282,249,280,250,280,251,280,251,280,253,279,254,276,255,273,255,271,256,271,258,271,258,271,259,271,261,271,261,271,263,273,264,276,264,279,265,280,266,280,268,280,268,280,269,280,271,280,271,280,272,280,274,280,274,280,276,282,277,285,277,288,278,289,279,290,280,293,280,296,281,298,282,298,284,298,284,298,285,299,286,302,287,305,286,307,285,308,284,311,284,314,283,316,282,317,281,320,280,323,281,324,282,326,283,329,284,332,283,333,282,335,281,338,280,341,281,342,282,342,284,342,284,342,285,341,286,338,287,335,288,333,289,332,290,329,290,324,290,324,290,320,290,317,291,316,292,314,293,311,293,308,294,307,295,308,296,311,297,316,297,316,297,320,297,323,296,324,295,326,294,329,293,333,293,333,293,338,293,341,293,342,292,344,291,347,290,350,290,351,289,352,288,355,287,360,287,360,287,364,287,367,286,369,285,369,284,369,284,369,282,370,281,373,280,376,280,378,279,379,278,382,277,385,277,386,276,386,274,386,274,386,272,386,271,386,271,386,269,388,268,391,268,394,267,395,266,397,265,400,264,403,264,404,263,406,262,409,261,412,261,413,259,413,258,413,258,413,256,413,255,413,255,413,253,413,251,413,251,413,250,414,249,417,248,420,248,422,246,423,245,426,245,431,245,431,245,435,245,438,244,440,243,438,242,435,242,432,241,431,240,431,238,431,238,431,237,432,236,435,235,438,236,440,237,441,238,444,238,447,238,448,237,448,235,448,235,448,234,447,232,444,232
409,183,406,184,404,185,406,186,409,187,412,186,413,185,412,184,409,183
391,378,388,378,386,379,388,380,391,381,394,380,395,379,394,378,391,378
267,303,262,303,262,303,258,303,255,304,254,305,255,306,258,306,262,306,262,306,267,306,270,306,271,305,270,304,267,303
116,280,113,281,112,282,113,283,116,284,119,283,121,282,119,281,116,280
99,280,96,281,94,282,96,283,99,284,102,283,103,282,102,281,99,280
90,251,87,252,85,253,87,254,90,255,93,254,94,253,93,252,90,251
426,125,423,126,422,127,422,128,422,128,422,130,423,131,426,131,429,131,431,130,431,128,431,128,431,127,429,126,426,125
400,70,395,70,395,72,395,73,400,73,403,73,404,72,403,70,400,70
355,41,351,41,351,42,351,44,355,44,360,44,360,42,358,41,355,41
267,400,264,400,262,399,261,398,258,397,255,397,254,395,252,394,249,394,246,393,245,392,243,391,240,391,237,391,236,392,234,393,231,394,228,394,227,395,227,397,227,397,227,399,226,400,223,400,218,400,218,400,214,400,211,400,209,399,208,398,205,397,202,397,200,395,200,394,200,394,200,392,200,391,200,391,200,389,200,387,200,387,200,386,199,385,196,384,192,384,192,384,187,384,183,384,183,384,178,384,175,385,174,386,172,387,169,387,165,387,165,387,161,387,158,388,156,389,155,390,152,391,147,391,147,391,143,391,140,391,138,392,137,393,134,394,131,394,130,395,130,397,130,397,130,399,128,400,125,400,122,401,121,402,122,403,125,404,128,404,130,405,128,406,125,407,121,407,121,407,116,407,113,407,112,408,110,410,107,410,104,411,103,412,104,413,107,413,110,414,112,415,112,417,112,417,112,418,113,419,116,420,119,420,121,421,122,422,125,423,130,423,130,423,134,423,137,422,138,421,140,420,143,420,147,420,147,420,152,420,155,419,156,418,158,417,161,417,164,416,165,415,166,414,169,413,172,413,174,412,175,411,178,410,183,410,183,410,187,410,192,410,192,410,196,410,199,411,200,412,200,413,200,413,200,415,200,417,200,417,200,418,200,420,200,420,200,421,202,422,205,423,208,424,209,425,211,426,214,426,218,426,218,426,223,426,227,426,227,426,231,426,234,426,236,425,236,423,236,423,236,421,237,420,240,420,243,419,245,418,246,417,249,417,252,416,254,415,255,414,258,413,261,413,262,412,262,410,262,410,262,408,264,407,267,407,270,406,271,405,271,404,271,404,271,402,270,401,267,400
63,426,60,427,59,428,60,429,63,430,66,429,68,428,66,427,63,426
28,410,23,410,23,412,25,413,28,413,31,413,32,412,31,411,28,410
