10,25,13,25,14,26,14,28,19,28,22,27,23,26,25,25,28,25,31,24,32,23,34,22,37,21,41,21,41,20,41,18,41,18,41,16,41,15,41,15,41,13,40,12,37,12,34,12,32,13,31,14,28,15,25,14,23,13,22,12,19,12,16,11,14,10,12,10,10,10,10,25
10,31,13,31,14,29,14,28,10,28,10,31
10,67,14,67,14,67,19,67,22,67,23,68,23,70,23,70,23,72,23,73,23,73,23,75,25,76,28,76,31,77,32,78,32,80,32,80,32,81,32,83,32,83,32,85,32,86,32,86,32,88,32,89,32,89,32,91,32,93,32,93,32,94,32,96,32,96,32,97,34,99,37,99,40,100,41,101,41,102,41,102,41,104,40,105,37,106,34,106,32,107,31,108,28,109,25,109,23,110,23,112,23,112,23,114,23,115,23,115,23,117,25,118,28,119,31,119,32,120,32,122,32,122,32,123,32,125,32,125,32,127,32,128,32,128,32,130,34,131,37,131,40,132,41,133,42,134,45,135,48,135,50,136,51,137,54,138,59,138,59,138,63,138,66,138,68,140,69,141,72,141,75,141,76,140,76,138,76,138,76,136,76,135,76,135,76,133,75,132,72,131,69,131,68,130,68,128,68,128,68,127,68,125,68,125,68,123,68,122,68,122,68,120,66,119,63,119,59,119,59,120,59,122,59,122,59,123,59,125,59,125,59,127,57,128,54,128,50,128,50,128,45,128,42,128,41,127,41,125,41,125,41,123,42,122,45,122,48,121,50,120,51,119,54,119,59,119,59,117,59,115,59,115,59,114,59,112,59,112,59,110,59,109,59,109,59,107,59,106,59,106,59,104,59,102,59,102,59,101,60,100,63,99,66,99,68,97,68,96,68,96,68,94,68,93,68,93,68,91,68,89,68,89,68,88,66,87,63,86,60,86,59,85,60,83,63,83,66,82,68,81,68,80,68,80,68,78,66,77,63,76,60,76,59,75,59,73,59,73,59,72,57,70,54,70,51,69,50,68,50,67,50,67,50,65,50,63,50,63,50,62,48,61,45,60,42,61,41,62,40,63,37,63,34,63,32,62,31,61,28,60,25,60,23,59,23,57,23,57,23,55,23,54,23,54,23,52,23,50,23,50,23,49,25,48,28,47,32,47,32,47,37,47,40,48,41,49,41,50,41,50,41,52,42,53,45,54,48,53,50,52,50,50,50,50,50,49,50,47,50,47,50,46,50,44,50,44,50,42,50,41,50,41,50,39,50,38,50,38,50,36,50,34,50,34,50,33,51,32,54,31,57,31,59,29,59,28,59,28,59,26,60,25,63,25,66,24,68,23,66,22,63,21,60,21,59,20,57,19,54,18,51,19,50,20,48,21,45,21,41,21,41,23,41,25,41,25,41,26,40,27,37,28,34,28,32,29,32,31,32,31,32,33,31,34,28,34,23,34,23,34,19,34,16,35,14,36,13,37,10,38,10,67
10,102,14,102,14,102,19,102,22,102,23,101,22,100,19,99,14,99,14,99,10,99,10,102
10,452,13,453,14,454,13,455,10,455,10,463,10,470,94,470,94,468,90,468,87,468,85,467,87,466,90,465,93,466,94,467,94,468,99,468,103,468,103,468,107,468,112,468,112,468,116,468,121,468,121,468,125,468,130,468,130,468,134,468,138,468,138,468,143,468,147,468,147,468,152,468,155,468,156,467,156,465,156,465,156,464,156,462,156,462,156,460,158,459,161,459,164,458,165,457,165,455,165,455,165,454,165,452,165,452,165,451,165,449,165,449,165,447,164,446,161,446,158,445,156,444,156,442,156,442,156,441,156,439,156,439,156,438,155,437,152,436,147,436,147,436,143,436,138,436,138,436,134,436,131,435,130,434,131,433,134,433,137,432,138,431,140,430,143,430,146,429,147,428,147,426,147,426,147,425,146,424,143,423,138,423,138,423,134,423,130,423,130,423,125,423,121,423,121,423,116,423,112,423,112,423,107,423,103,423,103,423,99,423,96,422,94,421,96,420,99,420,102,419,103,418,104,417,107,417,110,416,112,415,112,413,112,413,112,412,112,410,112,410,112,408,112,407,112,407,112,405,113,404,116,404,119,403,121,402,121,400,121,400,121,399,119,398,116,397,113,398,112,399,110,400,107,400,103,400,103,400,99,400,96,400,94,399,94,397,94,397,94,395,93,394,90,394,85,394,85,394,81,394,78,393,76,392,75,391,72,391,69,390,68,389,68,387,68,387,68,386,68,384,68,384,68,383,68,381,68,381,68,379,68,378,68,378,68,376,68,374,68,374,68,373,66,372,63,371,60,371,59,370,59,368,59,368,59,366,59,365,59,365,59,363,57,362,54,361,51,361,50,360,50,358,50,358,50,357,50,355,50,355,50,353,51,352,54,352,57,351,59,350,57,349,54,349,51,348,50,347,48,346,45,345,42,345,41,344,40,343,37,342,34,342,32,340,31,339,28,339,23,339,23,339,19,339,16,338,14,337,14,336,14,336,14,334,14,332,14,332,14,331,13,330,10,329,10,452
81,423,76,423,76,423,72,423,69,422,68,421,66,420,63,420,59,420,59,420,54,420,51,419,50,418,48,417,45,417,41,417,41,417,37,417,32,417,32,415,31,414,28,413,25,414,23,415,25,416,28,417,32,417,32,418,34,419,37,420,40,420,41,421,42,422,45,423,48,424,50,425,51,426,54,426,59,426,59,426,63,426,68,426,68,426,72,426,76,426,76,426,81,426,84,426,85,425,84,424,81,423
72,413,68,413,68,413,63,413,60,414,59,415,60,416,63,417,68,417,68,417,72,417,75,416,76,415,75,414,72,413
63,430,60,430,59,431,60,432,63,433,66,432,68,431,66,430,63,430
45,446,42,445,41,444,40,443,37,442,34,442,32,441,31,440,28,439,23,439,23,439,19,439,16,440,14,441,14,442,14,442,14,444,16,445,19,446,23,446,23,446,28,446,31,446,32,447,32,449,32,449,32,451,32,452,32,452,32,454,34,455,37,455,40,455,41,454,42,453,45,452,48,452,50,451,50,449,50,449,50,447,48,446,45,446
254,470,255,469,258,468,261,469,262,470,316,470,314,469,311,468,308,468,307,467,305,466,302,465,298,465,298,465,293,465,290,465,289,464,288,462,285,462,280,462,280,462,276,462,271,462,271,462,267,462,262,462,262,462,258,462,254,462,254,462,249,462,246,462,245,464,243,465,240,465,236,465,236,465,231,465,227,465,227,465,223,465,220,466,218,467,217,468,214,468,209,468,209,468,205,468,202,469,200,470,254,470
630,368,627,367,626,366,626,365,626,365,626,363,626,361,626,361,626,360,624,359,621,358,618,358,617,357,615,356,612,355,609,354,608,353,608,352,608,352,608,350,606,349,603,349,600,348,599,347,599,345,599,345,599,344,599,342,599,342,599,340,599,339,599,339,599,337,599,336,599,336,599,334,599,332,599,332,599,331,598,330,595,329,592,329,590,327,589,326,586,326,581,326,581,326,577,326,574,326,572,327,571,329,568,329,565,329,564,327,562,326,559,326,556,325,555,324,553,323,550,323,547,322,546,321,546,319,546,319,546,318,546,316,546,316,546,315,546,313,546,313,546,311,544,310,541,310,538,309,537,308,537,306,537,306,537,305,537,303,537,303,537,302,538,300,541,300,544,299,546,298,547,297,550,297,553,296,555,295,555,293,555,293,555,292,555,290,555,290,555,289,553,288,550,287,547,286,546,285,546,284,546,284,546,282,546,280,546,280,546,279,546,277,546,277,546,276,544,275,541,274,537,274,537,274,533,274,528,274,528,274,524,274,521,273,519,272,519,271,519,271,519,269,519,268,519,268,519,266,518,265,515,264,512,264,510,263,509,262,506,261,503,261,502,259,500,258,497,258,494,257,493,256,491,255,488,255,485,254,484,253,482,252,479,251,476,251,475,250,474,249,471,248,468,248,466,246,465,245,462,245,459,244,457,243,456,242,453,242,450,241,448,240,447,239,444,238,441,238,440,237,440,235,440,235,440,234,440,232,440,232,440,230,440,229,440,229,440,227,441,226,444,225,448,225,448,225,453,225,457,225,457,225,462,225,466,225,466,225,471,225,475,225,475,225,479,225,484,225,484,225,488,225,493,225,493,225,497,225,500,225,502,224,503,223,506,222,509,223,510,224,512,225,515,225,519,225,519,225,524,225,528,225,528,225,533,225,536,226,537,227,538,228,541,229,546,229,546,229,550,229,553,229,555,230,556,231,559,232,562,232,564,234,564,235,564,235,564,237,565,238,568,238,571,239,572,240,572,242,572,242,572,243,574,244,577,245,580,245,581,246,581,248,581,248,581,250,583,251,586,251,589,252,590,253,592,254,595,255,598,255,599,256,599,258,599,258,599,259,600,261,603,261,606,262,608,263,609,264,612,264,615,265,617,266,618,267,621,268,626,268,626,268,630,268,630,245,627,244,626,243,624,242,621,242,618,241,617,240,617,238,617,238,617,237,617,235,617,235,617,234,618,232,621,232,624,231,626,230,626,229,626,229,626,227,627,226,630,225,630,138,626,138,626,138,621,138,617,138,617,138,612,138,608,138,608,138,603,138,599,138,599,138,595,138,590,138,590,138,586,138,581,138,581,138,577,138,572,138,572,138,568,138,565,139,564,140,562,141,559,141,555,141,555,141,550,141,547,142,546,143,546,144,546,144,546,146,544,147,541,148,537,148,537,148,533,148,530,148,528,149,530,150,533,151,536,151,537,153,536,154,533,154,530,155,528,156,528,157,528,157,528,159,527,160,524,161,519,161,519,161,515,161,512,160,510,159,509,158,506,157,503,157,502,156,500,155,497,154,494,155,493,156,491,157,488,157,484,157,484,157,479,157,476,157,475,156,474,155,471,154,468,154,466,153,465,151,462,151,459,150,457,149,456,148,453,148,450,147,448,146,448,144,448,144,448,143,448,141,448,141,448,140,448,138,448,138,448,136,448,135,448,135,448,133,447,132,444,131,440,131,440,131,435,131,432,131,431,130,429,129,426,128,422,128,422,128,417,128,414,129,413,130,413,131,413,131,413,133,414,134,417,135,420,135,422,136,420,137,417,138,414,139,413,140,412,141,409,141,404,141,404,141,400,141,395,141,395,141,391,141,388,142,386,143,385,144,382,144,379,144,378,143,376,142,373,141,370,141,369,140,370,138,373,138,376,137,378,136,376,135,373,135,369,135,369,135,364,135,360,135,360,135,355,135,352,134,351,133,350,132,347,131,342,131,342,131,338,131,333,131,333,131,329,131,324,131,324,131,320,131,317,131,316,130,314,129,311,128,308,128,307,127,305,126,302,125,299,124,298,123,296,122,293,122,290,122,289,123,288,124,285,125,282,124,280,123,280,122,280,122,280,120,279,119,276,119,273,119,271,120,270,121,267,122,262,122,262,122,258,122,254,122,254,122,249,122,246,121,245,120,243,119,240,119,237,118,236,117,234,116,231,115,228,115,227,114,227,112,227,112,227,110,226,109,223,109,220,108,218,107,218,106,218,106,218,104,218,102,218,102,218,101,218,99,218,99,218,97,217,96,214,96,211,96,209,97,209,99,209,99,209,101,209,102,209,102,209,104,209,106,209,106,209,107,209,109,209,109,209,110,211,111,214,112,217,113,218,114,218,115,218,115,218,117,218,119,218,119,218,120,217,121,214,122,211,122,209,123,208,124,205,125,202,126,200,127,200,128,200,128,200,130,200,131,200,131,200,133,200,135,200,135,200,136,199,137,196,138,193,139,192,140,192,141,192,141,192,143,192,144,192,144,192,146,190,147,187,148,183,148,183,148,178,148,175,148,174,149,175,150,178,151,181,151,183,153,181,154,178,154,175,155,174,156,174,157,174,157,174,159,175,160,178,161,181,161,183,162,183,164,183,164,183,165,181,167,178,167,175,167,174,165,172,164,169,164,166,163,165,162,165,161,165,161,165,159,164,158,161,157,158,158,156,159,156,161,156,161,156,162,156,164,156,164,156,165,156,167,156,167,156,169,158,170,161,170,164,171,165,172,165,174,165,174,165,175,166,176,169,177,172,177,174,178,174,180,174,180,174,182,174,183,174,183,174,185,175,186,178,187,183,187,183,187,187,187,190,187,192,188,192,190,192,190,192,191,192,193,192,193,192,195,192,196,192,196,192,198,192,200,192,200,192,201,192,203,192,203,192,204,192,206,192,206,192,208,190,209,187,209,184,210,183,211,184,212,187,212,190,213,192,214,193,215,196,216,199,216,200,217,202,218,205,219,209,219,209,219,214,219,218,219,218,219,223,219,226,219,227,221,228,222,231,222,234,223,236,224,236,225,236,225,236,227,237,228,240,229,243,229,245,230,245,232,245,232,245,234,243,235,240,235,237,236,236,237,234,238,231,238,227,238,227,238,223,238,220,239,218,240,218,242,218,242,218,243,218,245,218,245,218,246,220,248,223,248,226,249,227,250,228,251,231,251,234,251,236,250,237,249,240,248,245,248,245,248,249,248,252,248,254,246,255,245,258,245,261,244,262,243,262,242,262,242,262,240,261,239,258,238,255,238,254,237,255,236,258,235,261,235,262,234,262,232,262,232,262,230,264,229,267,229,270,229,271,230,273,231,276,232,279,232,280,234,282,235,285,235,288,236,289,237,288,238,285,238,282,239,280,240,280,242,280,242,280,243,280,245,280,245,280,246,280,248,280,248,280,250,280,251,280,251,280,253,280,255,280,255,280,256,280,258,280,258,280,259,282,261,285,261,288,262,289,263,290,264,293,264,296,265,298,266,298,268,298,268,298,269,299,270,302,271,305,271,307,272,307,274,307,274,307,276,308,277,311,277,314,278,316,279,317,280,320,280,323,281,324,282,326,283,329,284,333,284,333,284,338,284,341,284,342,285,342,287,342,287,342,289,344,290,347,290,351,290,351,290,355,290,358,291,360,292,361,293,364,293,367,294,369,295,370,296,373,297,378,297,378,297,382,297,385,297,386,298,388,299,391,300,394,300,395,302,397,303,400,303,403,304,404,305,406,306,409,306,412,307,413,308,414,309,417,310,420,310,422,311,422,313,422,313,422,315,420,316,417,316,414,316,413,315,412,313,409,313,404,313,404,313,400,313,395,313,395,313,391,313,388,312,386,311,385,310,382,310,379,309,378,308,376,307,373,306,370,306,369,305,367,304,364,303,361,303,360,302,358,300,355,300,352,299,351,298,350,297,347,297,342,297,342,297,338,297,333,297,333,297,329,297,324,297,324,297,320,297,317,296,316,295,314,294,311,293,308,293,307,292,307,290,307,290,307,289,305,288,302,287,299,286,298,285,296,284,293,284,290,283,289,282,288,281,285,280,280,280,280,280,276,280,273,280,271,279,270,278,267,277,262,277,262,277,258,277,254,277,254,277,249,277,245,277,245,277,240,277,237,278,236,279,236,280,240,280,243,281,245,282,245,284,249,284,254,284,254,284,258,284,261,284,262,285,264,286,267,287,270,288,271,289,273,290,276,290,279,291,280,292,282,293,285,293,289,293,289,293,293,293,296,294,298,295,299,296,302,297,305,297,307,298,308,299,311,300,314,300,316,302,317,303,320,303,323,304,324,305,326,306,329,306,332,307,333,308,335,309,338,310,341,310,342,311,344,312,347,313,350,313,351,315,352,316,355,316,358,317,360,318,361,319,364,319,367,320,369,321,370,322,373,323,376,323,378,324,379,325,382,326,385,326,386,327,388,329,391,329,394,330,395,331,395,332,395,332,395,334,395,336,395,336,395,337,397,338,400,339,403,339,404,340,404,342,404,342,404,344,404,345,404,345,404,347,406,348,409,349,412,349,413,350,413,352,413,352,413,353,413,355,413,355,413,357,413,358,413,358,413,360,414,361,417,361,420,362,422,363,422,365,422,365,422,366,422,368,422,368,422,370,423,371,426,371,431,371,431,371,435,371,440,371,440,371,444,371,447,372,448,373,450,374,453,374,457,374,457,374,462,374,466,374,466,374,471,374,475,374,475,374,479,374,482,375,484,376,485,377,488,378,493,378,493,378,497,378,500,378,502,379,503,380,506,381,509,381,510,383,509,384,506,384,503,385,502,386,500,387,497,387,493,387,493,387,488,387,484,387,484,387,479,387,476,388,475,389,474,390,471,391,468,391,466,392,465,393,462,394,459,394,457,395,457,397,457,397,457,399,459,400,462,400,465,401,466,402,468,403,471,404,475,404,475,404,479,404,482,404,484,405,485,406,488,407,493,407,493,407,497,407,502,407,502,407,506,407,510,407,510,407,515,407,518,407,519,408,521,410,524,410,527,411,528,412,527,413,524,413,519,413,519,413,515,413,510,413,510,413,506,413,503,414,502,415,500,416,497,417,494,417,493,418,491,419,488,420,484,420,484,420,479,420,475,420,475,420,471,420,468,420,466,421,465,422,462,423,459,424,457,425,457,426,457,426,457,428,459,429,462,430,465,430,466,431,468,432,471,433,475,433,475,433,479,433,482,432,484,431,485,430,488,430,493,430,493,430,497,430,500,430,502,431,500,432,497,433,494,433,493,434,493,436,493,436,493,438,493,439,493,439,493,441,493,442,493,442,493,444,494,445,497,446,502,446,502,446,506,446,510,446,510,446,515,446,519,446,519,446,524,446,527,446,528,447,530,448,533,449,536,448,537,447,538,446,541,446,546,446,546,446,550,446,553,446,555,447,556,448,559,449,564,449,564,449,568,449,571,449,572,451,574,452,577,452,581,452,581,452,586,452,590,452,590,452,595,452,599,452,599,452,603,452,606,453,608,454,609,455,612,455,617,455,617,455,621,455,626,455,626,455,630,455,630,368
524,284,521,284,519,285,519,287,519,287,519,289,518,290,515,290,512,291,510,292,510,293,510,293,510,295,509,296,506,297,503,297,502,298,502,300,502,300,502,302,503,303,506,303,510,303,510,303,515,303,518,303,519,302,521,300,524,300,527,299,528,298,528,297,528,297,528,295,528,293,528,293,528,292,528,290,528,290,528,289,528,287,528,287,528,285,527,284,524,284
471,161,468,160,466,159,465,158,462,157,457,157,457,157,453,157,450,157,448,156,447,155,444,154,441,154,440,153,438,151,435,151,431,151,431,151,426,151,423,150,422,149,420,148,417,148,413,148,413,148,409,148,406,148,404,149,404,151,404,151,404,153,404,154,404,154,404,156,404,157,404,157,404,159,404,161,404,161,404,162,404,164,404,164,404,165,403,167,400,167,397,167,395,165,395,164,395,164,395,162,395,161,395,161,395,159,394,158,391,157,386,157,386,157,382,157,378,157,378,157,373,157,369,157,369,157,364,157,361,158,360,159,358,160,355,161,352,161,351,162,350,163,347,164,344,164,342,165,341,167,338,167,335,168,333,169,332,170,329,170,326,171,324,172,323,173,320,174,317,174,316,175,317,176,320,177,323,177,324,178,324,180,324,180,324,182,326,183,329,183,332,184,333,185,333,187,333,187,333,188,335,189,338,190,341,189,342,188,344,187,347,187,351,187,351,187,355,187,358,186,360,185,360,183,360,183,360,182,361,181,364,180,369,180,369,180,373,180,376,180,378,178,379,177,382,177,386,177,386,177,391,177,395,177,395,177,400,177,404,177,404,177,409,177,413,177,413,177,417,177,422,177,422,177,426,177,429,176,431,175,432,174,435,174,438,173,440,172,441,171,444,170,447,170,448,169,448,167,448,167,448,165,448,164,448,164,448,162,450,161,453,161,456,161,457,162,459,163,462,164,465,164,466,165,466,167,466,167,466,169,468,170,471,170,474,170,475,169,475,167,475,167,475,165,475,164,475,164,475,162,474,161,471,161
409,183,406,183,404,182,403,181,400,180,397,181,395,182,395,183,395,183,395,185,397,186,400,187,404,187,404,187,409,187,412,186,413,185,412,184,409,183
329,203,324,203,324,203,320,203,316,203,316,203,311,203,308,203,307,204,307,206,307,206,307,208,308,209,311,209,314,210,316,211,317,212,320,212,323,212,324,211,326,210,329,209,332,209,333,208,333,206,333,206,333,204,332,203,329,203
630,280,627,281,626,282,626,284,626,284,626,285,626,287,626,287,626,289,626,290,626,290,626,292,624,293,621,293,618,294,617,295,617,297,617,297,617,298,617,300,617,300,617,302,617,303,617,303,617,305,617,306,617,306,617,308,617,310,617,310,617,311,617,313,617,313,617,315,617,316,617,316,617,318,617,319,617,319,617,321,617,323,617,323,617,324,618,325,621,326,626,326,626,326,630,326,630,280
550,54,547,54,546,55,546,57,546,57,546,59,547,60,550,60,553,60,555,59,555,57,555,57,555,55,553,54,550,54
524,63,521,64,519,65,521,66,524,67,527,66,528,65,527,64,524,63
409,404,406,404,404,405,406,406,409,407,412,406,413,405,412,404,409,404
400,361,397,361,395,360,394,359,391,358,388,359,386,360,385,361,382,361,378,361,378,361,373,361,370,361,369,360,369,358,369,358,369,357,369,355,369,355,369,353,369,352,369,352,369,350,369,349,369,349,369,347,369,345,369,345,369,344,367,343,364,342,361,342,360,340,358,339,355,339,352,339,351,340,350,342,347,342,344,342,342,340,342,339,342,339,342,337,342,336,342,336,342,334,341,333,338,332,335,333,333,334,332,335,329,336,324,336,324,336,320,336,316,336,316,336,311,336,308,335,307,334,307,332,307,332,307,331,305,330,302,329,299,329,298,327,298,326,298,326,298,324,296,323,293,323,290,322,289,321,289,319,289,319,289,318,289,316,289,316,289,315,289,313,289,313,289,311,289,310,289,310,289,308,288,307,285,306,282,306,280,305,280,303,280,303,280,302,279,300,276,300,271,300,271,300,267,300,264,299,262,298,262,297,262,297,262,295,261,294,258,293,255,293,254,292,254,290,254,290,254,289,252,288,249,287,246,286,245,285,245,284,240,284,237,283,236,282,236,280,231,280,228,280,227,279,227,277,227,277,227,276,226,275,223,274,218,274,218,274,214,274,209,274,209,274,205,274,202,273,200,272,199,271,196,271,192,271,192,271,187,271,184,270,183,269,181,268,178,268,175,267,174,266,172,265,169,264,166,264,165,263,165,261,165,261,165,259,164,258,161,258,158,257,156,256,156,255,156,255,156,253,155,252,152,251,149,251,147,250,146,249,143,248,140,248,138,246,137,245,134,245,131,244,130,243,128,242,125,242,122,241,121,240,119,239,116,238,113,238,112,237,112,235,112,235,112,234,110,232,107,232,104,231,103,230,102,229,99,229,94,229,94,229,90,229,87,228,85,227,84,226,81,225,78,225,76,224,75,223,72,222,69,222,68,221,66,219,63,219,60,219,59,221,59,222,59,222,59,224,60,225,63,225,66,226,68,227,68,229,68,229,68,230,66,231,63,232,60,232,59,234,59,235,59,235,59,237,60,238,63,238,66,239,68,240,69,241,72,242,75,242,76,243,76,245,76,245,76,246,75,248,72,248,68,248,68,248,63,248,60,248,59,246,57,245,54,245,51,244,50,243,50,242,50,242,50,240,48,239,45,238,42,238,41,237,40,236,37,235,34,235,32,234,31,232,28,232,25,231,23,230,22,229,19,229,16,229,14,230,14,232,14,232,14,234,16,235,19,235,22,236,23,237,23,238,23,238,23,240,25,241,28,242,31,242,32,243,32,245,32,245,32,246,34,248,37,248,40,249,41,250,42,251,45,251,48,252,50,253,51,254,54,255,57,255,59,256,57,257,54,258,50,258,50,258,45,258,42,258,41,259,41,261,41,261,41,263,42,264,45,264,48,265,50,266,51,267,54,268,57,268,59,269,59,271,59,271,59,272,60,273,63,274,66,275,68,276,68,277,68,277,68,279,69,280,72,280,75,281,76,282,78,283,81,284,84,284,85,285,85,287,85,287,85,289,85,290,85,290,85,292,84,293,81,293,76,293,76,293,72,293,69,294,68,295,69,296,72,297,75,297,76,298,76,300,76,300,76,302,76,303,76,303,76,305,76,306,76,306,76,308,78,309,81,310,84,310,85,311,87,312,90,313,94,313,94,313,99,313,102,313,103,315,103,316,103,316,103,318,104,319,107,319,112,319,112,319,116,319,119,320,121,321,122,322,125,323,128,323,130,324,131,325,134,326,138,326,138,326,143,326,146,326,147,327,149,329,152,329,155,330,156,331,156,332,156,332,156,334,158,335,161,336,164,336,165,337,166,338,169,339,172,339,174,340,175,341,178,342,181,343,183,344,184,345,187,345,192,345,192,345,196,345,199,346,200,347,202,348,205,349,208,349,209,350,211,351,214,352,217,352,218,353,218,355,218,355,218,357,218,358,218,358,218,360,220,361,223,361,227,361,227,361,231,361,234,362,236,363,236,365,236,365,236,366,237,367,240,368,245,368,245,368,249,368,252,368,254,370,254,371,254,371,254,373,255,374,258,374,261,375,262,376,264,377,267,378,271,378,271,378,276,378,280,378,280,378,285,378,288,378,289,379,290,380,293,381,298,381,298,381,302,381,305,381,307,383,308,384,311,384,314,385,316,386,317,387,320,387,323,388,324,389,326,390,329,391,332,391,333,392,335,393,338,394,342,394,342,394,347,394,351,394,351,394,355,394,360,394,360,394,364,394,367,393,369,392,370,391,373,391,378,391,378,391,382,391,385,390,386,389,388,388,391,387,394,387,395,386,395,384,395,384,395,383,395,381,395,381,395,379,395,378,395,378,395,376,397,375,400,374,403,374,404,373,404,371,404,371,404,370,404,368,404,368,404,366,404,365,404,365,404,363,403,362,400,361
391,397,386,397,386,397,382,397,379,398,378,399,378,400,378,400,378,402,378,404,378,404,378,405,379,406,382,407,385,406,386,405,388,404,391,404,394,403,395,402,395,400,395,400,395,399,394,398,391,397
231,41,227,41,227,41,223,41,220,41,218,42,220,43,223,44,226,45,227,46,228,47,231,47,234,47,236,46,236,44,236,44,236,42,234,41,231,41
134,131,130,131,130,131,125,131,122,132,121,133,122,134,125,135,130,135,130,135,134,135,137,134,138,133,137,132,134,131
