590,10,590,12,590,12,590,13,592,14,595,15,598,15,599,16,599,18,599,18,599,20,600,21,603,21,606,22,608,23,608,25,608,25,608,26,608,28,608,28,608,29,609,31,612,31,617,31,617,31,621,31,624,32,626,33,626,34,626,34,626,36,627,37,630,38,630,24,630,10,590,10
209,10,209,12,214,12,217,12,218,13,218,15,218,15,218,16,217,18,214,18,211,18,209,16,209,15,209,15,209,13,209,12,205,12,202,12,200,13,200,15,200,15,200,16,200,18,200,18,200,20,202,21,205,21,208,22,209,23,208,24,205,25,200,25,200,25,196,25,192,25,192,25,187,25,184,25,183,26,181,27,178,28,175,27,174,26,174,25,174,25,174,23,172,22,169,21,165,21,165,21,161,21,158,21,156,20,155,19,152,18,149,18,147,16,147,15,147,15,147,13,147,12,147,12,147,10,76,10,76,12,76,12,76,13,75,14,72,15,69,15,68,16,66,18,63,18,59,18,59,18,54,18,50,18,50,18,45,18,42,19,41,20,41,21,41,21,41,23,40,24,37,25,34,24,32,23,31,22,28,21,23,21,23,21,19,21,14,21,14,21,10,21,10,25,13,25,14,26,13,27,10,28,10,148,13,148,14,149,16,150,19,151,22,151,23,153,25,154,28,154,32,154,32,154,37,154,40,155,41,156,42,157,45,157,48,158,50,159,50,161,50,161,50,162,51,163,54,164,59,164,59,164,63,164,66,164,68,165,69,167,72,167,75,168,76,169,78,170,81,170,85,170,85,170,90,170,94,170,94,170,99,170,102,170,103,169,104,168,107,167,112,167,112,167,116,167,119,168,121,169,122,170,125,170,128,171,130,172,131,173,134,174,137,174,138,175,140,176,143,177,147,177,147,177,152,177,156,177,156,177,161,177,165,177,165,177,169,177,174,177,174,177,178,177,181,176,183,175,184,174,187,174,190,174,192,175,193,176,196,177,199,176,200,175,202,174,205,174,209,174,209,174,214,174,218,174,218,174,223,174,227,174,227,174,231,174,234,173,236,172,237,171,240,170,245,170,245,170,249,170,254,170,254,170,258,170,262,170,262,170,267,170,270,170,271,169,273,168,276,167,280,167,280,167,285,167,288,168,289,169,290,170,293,170,298,170,298,170,302,170,307,170,307,170,311,170,314,170,316,169,317,168,320,167,323,167,324,165,326,164,329,164,333,164,333,164,338,164,341,163,342,162,344,161,347,161,351,161,351,161,355,161,358,160,360,159,361,158,364,157,367,157,369,156,369,154,369,154,369,153,370,151,373,151,376,150,378,149,378,148,378,148,378,146,378,144,378,144,378,143,378,141,378,141,378,140,379,138,382,138,386,138,386,138,391,138,395,138,395,138,400,138,404,138,404,138,409,138,412,137,413,136,414,135,417,135,420,135,422,136,422,138,422,138,422,140,422,141,422,141,422,143,422,144,422,144,422,146,422,148,422,148,422,149,423,150,426,151,431,151,431,151,435,151,440,151,440,151,444,151,447,151,448,153,450,154,453,154,456,155,457,156,459,157,462,157,465,158,466,159,468,160,471,161,474,160,475,159,475,157,475,157,475,156,475,154,475,154,475,153,474,151,471,151,468,150,466,149,466,148,466,148,466,146,465,145,462,144,459,144,457,143,457,141,457,141,457,140,457,138,457,138,457,136,457,135,457,135,457,133,457,131,457,131,457,130,457,128,457,128,457,127,457,125,457,125,457,123,457,122,457,122,457,120,457,119,457,119,457,117,457,115,457,115,457,114,457,112,457,112,457,110,457,109,457,109,457,107,457,106,457,106,457,104,457,102,457,102,457,101,456,100,453,99,450,99,448,97,448,96,448,96,448,94,447,93,444,93,441,92,440,91,440,89,440,89,440,88,440,86,440,86,440,85,438,83,435,83,432,82,431,81,431,80,431,80,431,78,432,77,435,76,438,76,440,75,440,73,440,73,440,72,438,70,435,70,432,70,431,72,429,73,426,73,423,73,422,72,422,70,422,70,422,68,422,67,422,67,422,65,422,63,422,63,422,62,420,61,417,60,413,60,413,60,409,60,406,61,404,62,403,63,400,63,397,63,395,62,395,60,395,60,395,59,397,58,400,57,404,57,404,57,409,57,413,57,413,57,417,57,420,56,422,55,420,54,417,54,414,53,413,52,413,50,413,50,413,49,413,47,413,47,413,46,412,45,409,44,406,43,404,42,404,41,404,41,404,39,404,38,404,38,404,36,403,35,400,34,397,34,395,33,394,32,391,31,386,31,386,31,382,31,378,31,378,33,378,34,378,34,378,36,376,37,373,38,370,37,369,36,369,34,369,34,369,33,370,32,373,31,378,31,378,29,378,28,378,28,378,26,378,25,378,25,378,23,378,21,378,21,378,20,378,18,378,18,378,16,378,15,378,15,378,13,378,12,378,12,378,10,209,10
435,96,432,95,431,94,431,93,431,93,431,91,431,89,431,89,431,88,429,87,426,86,423,86,422,85,420,83,417,83,413,83,413,83,409,83,406,83,404,85,406,86,409,86,412,87,413,88,414,89,417,89,420,90,422,91,420,92,417,93,413,93,413,93,409,93,406,93,404,94,406,95,409,96,412,96,413,97,414,99,417,99,420,100,422,101,422,102,422,102,422,104,422,106,422,106,422,107,422,109,422,109,422,110,422,112,422,112,422,114,423,115,426,115,431,115,431,115,435,115,438,115,440,114,440,112,440,112,440,110,440,109,440,109,440,107,440,106,440,106,440,104,440,102,440,102,440,101,440,99,440,99,440,97,438,96,435,96
417,76,414,77,413,78,414,79,417,80,420,79,422,78,420,77,417,76
409,102,404,102,404,102,400,102,397,103,395,104,394,105,391,106,388,106,386,107,386,109,386,109,386,110,386,112,382,112,379,113,378,114,379,115,382,115,385,115,386,114,386,112,391,112,394,112,395,110,397,109,400,109,403,109,404,110,406,112,409,112,412,112,413,110,413,109,413,109,413,107,413,106,413,106,413,104,412,103,409,102
391,119,388,119,386,120,388,121,391,122,394,121,395,120,394,119,391,119
391,125,388,126,386,127,388,128,391,128,394,128,395,127,394,126,391,125
373,119,370,119,369,120,369,122,369,122,369,123,369,125,369,125,369,127,370,128,373,128,376,128,378,127,378,125,378,125,378,123,378,122,378,122,378,120,376,119,373,119
355,54,352,54,351,55,351,57,351,57,351,59,352,60,355,60,358,60,360,59,360,57,360,57,360,55,358,54,355,54
329,38,326,38,324,39,324,41,324,41,324,42,323,43,320,44,317,45,316,46,317,47,320,47,324,47,324,47,329,47,332,47,333,46,333,44,333,44,333,42,333,41,333,41,333,39,332,38,329,38
329,54,324,54,324,54,320,54,316,54,316,54,311,54,308,53,307,52,305,51,302,50,298,50,298,50,293,50,290,51,289,52,289,54,289,54,289,55,289,57,289,57,289,59,289,60,289,60,289,62,289,63,289,63,289,65,288,66,285,67,282,67,280,68,280,70,280,70,280,72,282,73,285,73,289,73,289,73,293,73,298,73,298,73,302,73,307,73,307,73,311,73,316,73,316,73,320,73,324,73,324,73,329,73,332,73,333,72,333,70,333,70,333,68,332,67,329,67,326,66,324,65,324,63,324,63,324,62,324,60,324,60,324,59,326,58,329,57,332,56,333,55,332,54,329,54
320,83,317,82,316,81,314,80,311,80,307,80,307,80,302,80,299,79,298,78,296,77,293,76,289,76,289,76,285,76,282,77,280,78,279,79,276,80,273,80,271,81,270,82,267,83,264,83,262,85,261,86,258,86,255,87,254,88,252,89,249,89,246,90,245,91,245,93,245,93,245,94,246,95,249,96,252,96,254,97,254,99,254,99,254,101,255,102,258,102,261,103,262,104,262,106,262,106,262,107,264,108,267,109,270,109,271,110,273,112,276,112,279,113,280,114,282,115,285,115,288,115,289,114,290,113,293,112,296,112,298,110,299,109,302,109,305,108,307,107,308,106,311,106,314,105,316,104,316,102,316,102,316,101,317,100,320,99,323,99,324,97,324,96,324,96,324,94,324,93,324,93,324,91,324,89,324,89,324,88,324,86,324,86,324,85,323,83,320,83
10,423,14,423,14,423,19,423,23,423,23,423,28,423,32,423,32,423,37,423,41,423,41,423,45,423,50,423,50,423,54,423,59,423,59,423,63,423,66,422,68,421,66,420,63,420,60,419,59,418,59,417,59,417,59,415,60,414,63,413,68,413,68,413,72,413,76,413,76,413,81,413,84,414,85,415,85,417,85,417,85,418,87,419,90,420,93,420,94,421,94,423,94,423,94,425,96,426,99,426,103,426,103,426,107,426,110,426,112,425,112,423,112,423,112,421,113,420,116,420,119,419,121,418,122,417,125,417,130,417,130,417,134,417,137,417,138,418,140,419,143,420,147,420,147,420,152,420,155,419,156,418,156,417,156,417,156,415,155,414,152,413,149,413,147,412,146,411,143,410,140,411,138,412,137,413,134,413,130,413,130,413,125,413,122,413,121,412,121,410,121,410,121,408,121,407,121,407,121,405,122,404,125,404,128,403,130,402,128,401,125,400,122,400,121,399,121,397,121,397,121,395,119,394,116,394,112,394,112,394,107,394,104,394,103,395,102,397,99,397,96,398,94,399,93,400,90,400,85,400,85,400,81,400,78,401,76,402,75,403,72,404,69,403,68,402,68,400,68,400,68,399,69,398,72,397,75,397,76,395,75,394,72,394,68,394,68,394,63,394,59,394,59,394,54,394,51,394,50,395,48,397,45,397,42,397,41,395,40,394,37,394,32,394,32,394,28,394,23,394,23,394,19,394,14,394,14,394,10,394,10,423
10,462,13,462,14,464,14,465,14,465,14,467,14,468,14,468,14,470,23,470,23,468,23,468,23,467,25,466,28,465,31,465,32,464,31,462,28,462,25,461,23,460,23,459,23,459,23,457,22,456,19,455,16,456,14,457,13,458,10,459,10,462
85,470,84,469,81,468,78,468,76,467,75,466,72,465,68,465,68,465,63,465,59,465,59,465,54,465,51,466,50,467,48,468,45,468,42,469,41,470,85,470
218,470,218,468,218,468,218,467,217,466,214,465,211,465,209,464,211,462,214,462,217,461,218,460,218,459,218,459,218,457,218,455,218,455,218,454,217,453,214,452,211,452,209,451,209,449,209,449,209,447,208,446,205,446,202,445,200,444,200,442,200,442,200,441,200,439,200,439,200,438,200,436,200,436,200,434,199,433,196,433,192,433,192,433,187,433,184,432,183,431,181,430,178,430,175,429,174,428,174,426,174,426,174,425,172,424,169,423,166,424,165,425,165,426,165,426,165,428,164,429,161,430,158,430,156,431,156,433,156,433,156,434,156,436,156,436,156,438,155,439,152,439,149,440,147,441,146,442,143,442,140,443,138,444,138,446,138,446,138,447,138,449,138,449,138,451,138,452,138,452,138,454,140,455,143,455,147,455,147,455,152,455,155,455,156,454,158,453,161,452,164,453,165,454,166,455,169,455,172,456,174,457,175,458,178,459,181,459,183,460,184,461,187,462,190,462,192,464,192,465,192,465,192,467,192,468,192,468,192,470,218,470
378,470,378,468,378,468,378,467,378,465,378,465,378,464,378,462,378,462,378,460,379,459,382,459,386,459,386,459,391,459,395,459,395,459,400,459,404,459,404,459,409,459,412,459,413,460,414,461,417,462,422,462,422,462,426,462,429,461,431,460,432,459,435,459,438,458,440,457,440,455,440,455,440,454,440,452,440,452,440,451,438,449,435,449,432,448,431,447,429,446,426,446,423,446,422,447,422,449,422,449,422,451,420,452,417,452,414,452,413,451,413,449,413,449,413,447,413,446,413,446,413,444,413,442,413,442,413,441,414,440,417,439,420,439,422,438,420,437,417,436,414,435,413,434,413,433,413,433,413,431,413,430,413,430,413,428,413,426,413,426,413,425,413,423,413,423,413,421,414,420,417,420,420,419,422,418,422,417,422,417,422,415,422,413,422,413,422,412,423,411,426,410,429,410,431,408,432,407,435,407,438,406,440,405,441,404,444,404,447,403,448,402,448,400,448,400,448,399,448,397,448,397,448,395,450,394,453,394,456,393,457,392,457,391,457,391,457,389,457,387,457,387,457,386,459,385,462,384,465,384,466,383,466,381,466,381,466,379,468,378,471,378,474,378,475,379,476,380,479,381,482,381,484,383,484,384,484,384,484,386,484,387,484,387,484,389,484,391,484,391,484,392,482,393,479,394,476,394,475,395,475,397,475,397,475,399,475,400,475,400,475,402,475,404,475,404,475,405,475,407,475,407,475,408,475,410,475,410,475,412,475,413,475,413,475,415,476,416,479,417,482,416,484,415,485,414,488,413,491,413,493,412,493,410,493,410,493,408,494,407,497,407,502,407,502,407,506,407,509,406,510,405,510,404,510,404,510,402,510,400,510,400,510,399,510,397,510,397,510,395,510,394,510,394,510,392,512,391,515,391,518,390,519,389,519,387,519,387,519,386,519,384,519,384,519,383,519,381,519,381,519,379,519,378,519,378,519,376,521,375,524,374,527,374,528,373,528,371,528,371,528,370,528,368,528,368,528,366,528,365,528,365,528,363,530,362,533,361,536,361,537,360,537,358,537,358,537,357,537,355,537,355,537,353,537,352,537,352,537,350,537,349,537,349,537,347,537,345,537,345,537,344,536,343,533,342,530,342,528,340,528,339,528,339,528,337,528,336,528,336,528,334,528,332,528,332,528,331,528,329,528,329,528,327,528,326,528,326,528,324,528,323,528,323,528,321,528,319,528,319,528,318,528,316,528,316,528,315,527,313,524,313,521,312,519,311,519,310,519,310,519,308,519,306,519,306,519,305,519,303,519,303,519,302,519,300,519,300,519,298,519,297,519,297,519,295,519,293,519,293,519,292,519,290,519,290,519,289,519,287,519,287,519,285,521,284,524,284,527,284,528,285,528,287,528,287,528,289,530,290,533,290,536,291,537,292,538,293,541,293,544,293,546,292,546,290,546,290,546,289,546,287,546,287,546,285,546,284,546,284,546,282,546,280,546,280,546,279,546,277,546,277,546,276,546,274,546,274,546,272,546,271,546,271,546,269,546,268,546,268,546,266,546,264,546,264,546,263,546,261,546,261,546,259,546,258,546,258,546,256,546,255,546,255,546,253,546,251,546,251,546,250,546,248,546,248,546,246,546,245,546,245,546,243,546,242,546,242,546,240,546,238,546,238,546,237,546,235,546,235,546,234,546,232,546,232,546,230,546,229,546,229,546,227,546,225,546,225,546,224,546,222,546,222,546,221,546,219,546,219,546,217,546,216,546,216,546,214,546,212,546,212,546,211,546,209,546,209,546,208,546,206,546,206,546,204,546,203,546,203,546,201,546,200,546,200,546,198,544,197,541,196,538,196,537,195,537,193,537,193,537,191,536,190,533,190,530,189,528,188,527,187,524,187,521,186,519,185,519,183,519,183,519,182,518,181,515,180,512,180,510,178,509,177,506,177,502,177,502,177,497,177,494,176,493,175,491,174,488,174,485,173,484,172,482,171,479,170,475,170,475,170,471,170,468,170,466,169,465,168,462,167,459,168,457,169,456,170,453,170,450,171,448,172,448,174,448,174,448,175,448,177,448,177,448,178,448,180,448,180,448,182,447,183,444,183,440,183,440,183,435,183,432,184,431,185,429,186,426,187,423,186,422,185,422,183,422,183,422,182,420,181,417,180,414,180,413,178,413,177,413,177,413,175,413,174,413,174,413,172,413,170,413,170,413,169,413,167,413,167,413,165,413,164,413,164,413,162,413,161,413,161,413,159,414,158,417,157,420,157,422,156,420,155,417,154,413,154,413,154,409,154,406,155,404,156,403,157,400,157,397,158,395,159,394,160,391,161,388,161,386,162,386,164,386,164,386,165,385,167,382,167,378,167,378,167,373,167,370,168,369,169,369,170,369,170,369,172,369,174,369,174,369,175,369,177,369,177,369,178,367,180,364,180,361,181,360,182,358,183,355,183,351,183,351,183,347,183,344,184,342,185,341,186,338,187,335,186,333,185,332,184,329,183,324,183,324,183,320,183,317,184,316,185,314,186,311,187,308,187,307,188,305,189,302,190,298,190,298,190,293,190,290,190,289,191,288,192,285,193,280,193,280,193,276,193,273,194,271,195,270,196,267,196,262,196,262,196,258,196,255,197,254,198,252,199,249,200,246,200,245,201,243,202,240,203,236,203,236,203,231,203,228,203,227,204,226,205,223,206,220,207,218,208,217,209,214,209,209,209,209,209,205,209,200,209,200,209,196,209,192,209,192,209,187,209,183,209,183,209,178,209,175,210,174,211,174,212,174,212,174,214,172,215,169,216,166,216,165,217,164,218,161,219,158,219,156,221,155,222,152,222,149,223,147,224,147,225,147,225,147,227,146,228,143,229,140,229,138,230,138,232,138,232,138,234,137,235,134,235,131,236,130,237,130,238,130,238,130,240,128,241,125,242,122,242,121,243,121,245,121,245,121,246,121,248,121,248,121,250,119,251,116,251,113,252,112,253,112,255,112,255,112,256,112,258,112,258,112,259,113,261,116,261,119,262,121,263,121,264,121,264,121,266,121,268,121,268,121,269,121,271,121,271,121,272,121,274,121,274,121,276,119,277,116,277,113,278,112,279,112,280,112,280,112,282,113,283,116,284,121,284,121,284,125,284,128,284,130,285,128,286,125,287,122,288,121,289,122,290,125,290,130,290,130,290,134,290,137,291,138,292,138,293,138,293,138,295,140,296,143,297,146,297,147,298,147,300,147,300,147,302,147,303,147,303,147,305,147,306,147,306,147,308,149,309,152,310,155,310,156,311,156,313,156,313,156,315,156,316,156,316,156,318,158,319,161,319,164,320,165,321,165,323,165,323,165,324,166,325,169,326,172,326,174,327,174,329,174,329,174,331,174,332,174,332,174,334,175,335,178,336,181,336,183,337,184,338,187,339,190,339,192,340,193,341,196,342,200,342,200,342,205,342,208,343,209,344,208,345,205,345,200,345,200,345,196,345,192,345,192,345,187,345,184,346,183,347,181,348,178,349,175,348,174,347,174,345,174,345,174,344,172,343,169,342,165,342,165,342,161,342,158,342,156,340,155,339,152,339,149,338,147,337,146,336,143,336,138,336,138,336,134,336,131,336,130,337,128,338,125,339,122,339,121,340,121,342,121,342,121,344,119,345,116,345,113,345,112,344,112,342,112,342,112,340,112,339,112,339,112,337,113,336,116,336,119,335,121,334,121,332,121,332,121,331,119,330,116,329,112,329,112,329,107,329,103,329,103,329,99,329,96,330,94,331,96,332,99,332,102,333,103,334,103,336,103,336,103,337,102,338,99,339,94,339,94,339,90,339,87,339,85,340,87,341,90,342,93,343,94,344,94,345,94,345,94,347,96,348,99,349,102,349,103,350,104,351,107,352,112,352,112,352,116,352,119,352,121,353,122,354,125,355,128,356,130,357,131,358,134,358,138,358,138,358,143,358,146,359,147,360,149,361,152,361,155,362,156,363,158,364,161,365,164,365,165,366,166,367,169,368,174,368,174,368,178,368,181,368,183,370,184,371,187,371,192,371,192,371,196,371,200,371,200,371,205,371,208,372,209,373,211,374,214,374,218,374,218,374,223,374,226,375,227,376,227,378,227,378,227,379,226,380,223,381,220,381,218,383,217,384,214,384,211,385,209,386,211,387,214,387,218,387,218,387,223,387,227,387,227,387,231,387,236,387,236,387,240,387,245,387,245,387,249,387,254,387,254,387,258,387,262,387,262,387,267,387,271,387,271,387,276,387,279,388,280,389,282,390,285,391,288,391,289,392,290,393,293,394,296,394,298,395,299,397,302,397,305,398,307,399,307,400,307,400,307,402,305,403,302,404,299,404,298,405,298,407,298,407,298,408,299,410,302,410,305,411,307,412,305,413,302,413,299,414,298,415,298,417,298,417,298,418,296,419,293,420,289,420,289,420,285,420,280,420,280,420,276,420,273,420,271,421,270,422,267,423,262,423,262,423,258,423,254,423,254,423,249,423,245,423,245,423,240,423,237,424,236,425,236,426,236,426,236,428,236,430,236,430,236,431,237,432,240,433,245,433,245,433,249,433,252,433,254,434,254,436,254,436,254,438,255,439,258,439,261,440,262,441,262,442,262,442,262,444,264,445,267,446,270,446,271,447,270,448,267,449,264,449,262,451,261,452,258,452,254,452,254,452,249,452,246,453,245,454,245,455,245,455,245,457,245,459,245,459,245,460,246,461,249,462,252,462,254,464,254,465,254,465,254,467,255,468,258,468,262,468,262,468,267,468,270,468,271,467,271,465,271,465,271,464,271,462,271,462,271,460,271,459,271,459,271,457,271,455,271,455,271,454,273,453,276,452,280,452,280,452,285,452,289,452,289,452,293,452,296,453,298,454,299,455,302,455,305,456,307,457,308,458,311,459,314,459,316,460,316,462,316,462,316,464,317,465,320,465,323,466,324,467,324,468,324,468,324,470,378,470
417,245,414,244,413,243,413,242,413,242,413,240,413,238,413,238,413,237,413,235,413,235,413,234,412,232,409,232,406,231,404,230,404,229,404,229,404,227,403,226,400,225,395,225,395,225,391,225,388,225,386,224,385,223,382,222,379,223,378,224,376,225,373,225,370,226,369,227,369,229,369,229,369,230,369,232,369,232,369,234,367,235,364,235,361,236,360,237,358,238,355,238,352,239,351,240,350,241,347,242,344,242,342,243,344,244,347,245,350,245,351,246,350,248,347,248,344,249,342,250,342,251,342,251,342,253,344,254,347,255,350,255,351,256,352,257,355,258,358,258,360,259,361,261,364,261,367,262,369,263,367,264,364,264,361,265,360,266,358,267,355,268,352,268,351,269,350,270,347,271,344,271,342,272,341,273,338,274,333,274,333,274,329,274,326,275,324,276,323,277,320,277,316,277,316,277,311,277,307,277,307,277,302,277,299,278,298,279,298,280,298,280,298,282,298,284,298,284,298,285,298,287,298,287,298,289,296,290,293,290,290,291,289,292,288,293,285,293,282,294,280,295,280,297,280,297,280,298,280,300,280,300,280,302,282,303,285,303,288,304,289,305,289,306,289,306,289,308,290,309,293,310,298,310,298,310,302,310,305,310,307,311,308,312,311,313,314,313,316,315,316,316,316,316,316,318,317,319,320,319,324,319,324,321,324,323,324,323,324,324,326,325,329,326,332,325,333,324,335,323,338,323,341,322,342,321,342,319,342,319,342,318,344,317,347,316,350,316,351,315,351,313,351,313,351,311,351,310,351,310,351,308,352,307,355,306,358,306,360,305,360,303,360,303,360,302,360,300,360,300,360,298,361,297,364,297,369,297,369,297,373,297,376,296,378,295,379,294,382,293,385,293,386,292,388,291,391,290,394,290,395,289,395,287,395,287,395,285,395,284,395,284,395,282,395,280,395,280,395,279,395,277,395,277,395,276,395,274,395,274,395,272,397,271,400,271,403,270,404,269,404,268,404,268,404,266,406,265,409,264,412,264,413,263,413,261,413,261,413,259,413,258,413,258,413,256,414,255,417,255,420,254,422,253,422,251,422,251,422,250,422,248,422,248,422,246,420,245,417,245
409,183,406,184,404,185,406,186,409,187,412,186,413,185,412,184,409,183
448,470,447,469,444,468,441,469,440,470,448,470
630,248,627,248,626,246,627,245,630,245,630,190,626,190,626,190,621,190,618,190,617,191,617,193,617,193,617,195,617,196,617,196,617,198,617,200,617,200,617,201,617,203,617,203,617,204,617,206,617,206,617,208,617,209,617,209,617,211,615,212,612,212,609,213,608,214,606,215,603,216,600,216,599,217,599,219,599,219,599,221,598,222,595,222,592,223,590,224,590,225,590,225,590,227,590,229,590,229,590,230,590,232,590,232,590,234,589,235,586,235,583,236,581,237,581,238,581,238,581,240,581,242,581,242,581,243,583,244,586,245,589,245,590,246,590,248,590,248,590,250,590,251,590,251,590,253,590,255,590,255,590,256,590,258,590,258,590,259,590,261,590,261,590,263,590,264,590,264,590,266,590,268,590,268,590,269,590,271,590,271,590,272,590,274,590,274,590,276,590,277,590,277,590,279,590,280,590,280,590,282,590,284,590,284,590,285,590,287,590,287,590,289,590,290,590,290,590,292,590,293,590,293,590,295,590,297,590,297,590,298,590,300,590,300,590,302,590,303,590,303,590,305,590,306,590,306,590,308,590,310,590,310,590,311,592,312,595,313,598,313,599,315,599,316,599,316,599,318,599,319,599,319,599,321,599,323,599,323,599,324,599,326,599,326,599,327,599,329,599,329,599,331,599,332,599,332,599,334,599,336,599,336,599,337,599,339,599,339,599,340,599,342,599,342,599,344,599,345,599,345,599,347,599,349,599,349,599,350,599,352,599,352,599,353,599,355,599,355,599,357,599,358,599,358,599,360,599,361,599,361,599,363,599,365,599,365,599,366,598,367,595,368,592,369,590,370,590,371,590,371,590,373,590,374,590,374,590,376,590,378,590,378,590,379,590,381,590,381,590,383,590,384,590,384,590,386,590,387,590,387,590,389,590,391,590,391,590,392,590,394,590,394,590,395,589,397,586,397,583,398,581,399,581,400,581,400,581,402,581,404,581,404,581,405,580,406,577,407,574,407,572,408,572,410,572,410,572,412,572,413,572,413,572,415,572,417,572,417,572,418,572,420,572,420,572,421,572,423,572,423,572,425,572,426,572,426,572,428,572,430,572,430,572,431,571,432,568,433,565,433,564,434,564,436,564,436,564,438,564,439,564,439,564,441,564,442,564,442,564,444,564,446,564,446,564,447,564,449,564,449,564,451,564,452,564,452,564,454,564,455,564,455,564,457,564,459,564,459,564,460,564,462,564,462,564,464,564,465,564,465,564,467,564,468,564,468,564,470,597,470,630,470,630,248
533,67,530,66,528,65,527,64,524,63,521,64,519,65,519,67,519,67,519,68,521,69,524,70,528,70,528,70,533,70,536,69,537,68,536,67,533,67
515,73,512,73,510,72,509,70,506,70,503,70,502,72,502,73,502,73,502,75,502,76,502,76,502,78,503,79,506,80,509,79,510,78,512,77,515,76,518,76,519,75,518,74,515,73
497,459,494,458,493,457,493,455,493,455,493,454,491,453,488,452,485,452,484,451,482,449,479,449,475,449,475,449,471,449,468,449,466,451,466,452,466,452,466,454,468,455,471,455,474,456,475,457,475,459,475,459,475,460,476,461,479,462,482,462,484,464,485,465,488,465,493,465,493,465,497,465,500,465,502,464,502,462,502,462,502,460,500,459,497,459
143,423,138,423,138,423,134,423,131,424,130,425,131,426,134,426,138,426,138,426,143,426,146,426,147,425,146,424,143,423
81,433,78,432,76,431,76,430,76,430,76,428,75,427,72,426,68,426,68,426,63,426,60,427,59,428,60,429,63,430,66,430,68,431,66,432,63,433,59,433,59,433,54,433,51,433,50,434,51,435,54,436,57,437,59,438,60,439,63,439,68,439,68,439,72,439,76,439,76,439,81,439,84,439,85,438,85,436,85,436,85,434,84,433,81,433
329,316,326,317,324,318,324,319,329,319,332,319,333,318,332,317,329,316
