599,10,599,12,599,12,599,13,600,14,603,15,608,15,608,15,612,15,615,14,617,13,618,12,621,12,626,12,626,12,630,12,630,11,630,10,599,10
360,10,360,12,360,12,360,13,360,15,364,15,367,14,369,13,370,12,373,12,376,11,378,10,360,10
307,10,307,12,307,12,307,13,305,14,302,15,299,14,298,13,298,12,298,12,298,10,271,10,270,11,267,12,262,12,262,12,258,12,255,11,254,10,209,10,208,11,205,12,202,11,200,10,156,10,155,11,152,12,149,11,147,10,59,10,57,11,54,12,50,12,50,12,45,12,41,12,41,12,37,12,32,12,32,12,28,12,23,12,23,12,19,12,16,11,14,10,12,10,10,10,10,112,14,112,14,112,19,112,22,113,23,114,23,115,23,115,23,117,25,118,28,119,31,119,32,120,34,121,37,122,40,122,41,123,41,125,41,125,41,127,42,128,45,128,48,129,50,130,51,131,54,131,59,131,59,131,63,131,66,132,68,133,69,134,72,135,76,135,76,135,81,135,85,135,85,135,90,135,94,135,94,135,99,135,102,135,103,136,104,137,107,138,112,138,112,138,116,138,121,138,121,138,125,138,130,138,130,138,134,138,138,138,138,138,143,138,146,138,147,140,149,141,152,141,156,141,156,141,161,141,165,141,165,141,169,141,172,141,174,140,175,138,178,138,181,138,183,140,184,141,187,141,192,141,192,141,196,141,200,141,200,141,205,141,209,141,209,141,214,141,218,141,218,141,223,141,227,141,227,141,231,141,236,141,236,141,240,141,245,141,245,141,249,141,254,141,254,141,258,141,262,141,262,141,267,141,271,141,271,141,276,141,280,141,280,141,285,141,289,141,289,141,293,141,296,142,298,143,299,144,302,144,307,144,307,144,311,144,314,144,316,143,317,142,320,141,323,141,324,140,326,138,329,138,332,137,333,136,335,135,338,135,341,134,342,133,342,131,342,131,342,130,344,129,347,128,350,128,351,127,351,125,351,125,351,123,351,122,351,122,351,120,351,119,351,119,351,117,351,115,351,115,351,114,350,113,347,112,344,112,342,110,342,109,342,109,342,107,344,106,347,106,351,106,351,106,355,106,358,106,360,107,361,108,364,109,369,109,369,107,369,106,369,106,369,104,369,102,369,102,369,101,369,99,369,99,369,97,367,96,364,96,361,95,360,94,360,93,360,93,360,91,360,89,360,89,360,88,360,86,360,86,360,85,361,83,364,83,369,83,369,83,373,83,376,82,378,81,379,80,382,80,385,79,386,78,388,77,391,76,395,76,395,76,400,76,403,76,404,75,404,73,404,73,404,72,404,70,404,70,404,68,403,67,400,67,397,66,395,65,394,64,391,63,388,63,386,62,386,60,386,60,386,59,388,58,391,57,394,56,395,55,395,54,395,54,395,52,395,50,395,50,395,49,394,48,391,47,386,47,386,47,382,47,379,47,378,46,376,45,373,44,370,43,369,42,367,41,364,41,361,40,360,39,360,38,360,38,360,36,360,34,360,34,360,33,358,32,355,31,352,31,351,29,351,28,351,28,351,26,351,25,351,25,351,23,351,21,351,21,351,20,352,19,355,18,358,18,360,16,360,15,355,15,351,15,351,15,347,15,342,15,342,15,338,15,335,14,333,13,335,12,338,12,342,12,342,12,347,12,350,11,351,10,307,10
391,70,388,70,386,72,388,73,391,73,394,73,395,72,394,70,391,70
364,54,360,54,360,54,355,54,352,54,351,55,351,57,351,57,351,59,352,60,355,60,360,60,360,60,364,60,367,60,369,59,369,57,369,57,369,55,367,54,364,54
347,41,342,41,342,39,341,38,338,38,335,37,333,36,332,35,329,34,324,34,324,34,320,34,317,35,316,36,317,37,320,38,323,38,324,39,324,41,324,41,324,42,324,44,324,44,324,46,326,47,329,47,332,47,333,46,333,44,333,44,333,42,335,41,338,41,342,41,342,42,344,43,347,44,350,43,351,42,350,41,347,41
329,21,326,21,324,20,323,19,320,18,317,19,316,20,316,21,316,21,316,23,317,24,320,25,323,25,324,26,326,27,329,28,332,27,333,26,333,25,333,25,333,23,332,22,329,21
320,50,317,51,316,52,316,54,311,54,307,54,307,54,302,54,298,54,298,54,293,54,289,54,289,54,285,54,282,54,280,55,282,56,285,57,289,57,289,57,293,57,296,58,298,59,298,60,298,60,298,62,299,63,302,63,305,63,307,62,307,60,307,60,307,59,308,58,311,57,314,56,316,55,316,54,320,54,323,53,324,52,323,51,320,50
302,41,299,41,298,42,298,44,298,44,298,46,299,47,302,47,305,47,307,46,307,44,307,44,307,42,305,41,302,41
285,15,282,15,280,16,282,18,285,18,288,18,289,16,288,15,285,15
276,47,273,48,271,49,273,50,276,50,279,50,280,49,279,48,276,47
240,25,237,24,236,23,234,22,231,21,228,22,227,23,227,25,227,25,227,26,227,28,227,28,227,29,228,31,231,31,234,31,236,29,237,28,240,28,243,27,245,26,243,25,240,25
10,404,14,404,14,402,14,400,14,400,14,399,13,398,10,397,10,404
85,470,84,469,81,468,78,468,76,467,75,466,72,465,69,465,68,464,66,462,63,462,59,462,59,462,54,462,51,462,50,464,50,465,50,465,50,467,48,468,45,468,42,468,41,467,40,466,37,465,34,465,32,464,32,462,32,462,32,460,31,459,28,459,25,458,23,457,22,456,19,455,16,456,14,457,14,459,14,459,14,460,16,461,19,462,22,462,23,464,23,465,23,465,23,467,25,468,28,468,31,469,32,470,85,470
218,470,218,468,218,468,218,467,217,466,214,465,211,465,209,464,209,462,209,462,209,460,208,459,205,459,200,459,200,459,196,459,193,459,192,460,190,461,187,462,184,462,183,464,183,465,183,465,183,467,184,468,187,468,190,469,192,470,218,470
378,470,379,469,382,468,385,468,386,467,388,466,391,465,394,466,395,467,397,468,400,468,404,468,404,467,404,465,404,465,404,464,403,462,400,462,397,461,395,460,395,459,395,459,395,457,394,456,391,455,388,455,386,454,386,452,386,452,386,451,386,449,386,449,386,447,385,446,382,446,379,445,378,444,376,443,373,442,370,442,369,441,369,439,369,439,369,438,367,437,364,436,361,435,360,434,358,433,355,433,352,432,351,431,351,430,351,430,351,428,350,427,347,426,344,426,342,425,341,424,338,423,335,422,333,421,333,420,333,420,333,418,332,417,329,417,324,417,324,417,320,417,316,417,316,417,311,417,308,417,307,418,305,419,302,420,299,419,298,418,296,417,293,417,289,417,289,417,285,417,280,417,280,417,276,417,271,417,271,417,267,417,264,417,262,418,261,419,258,420,255,420,254,421,254,423,254,423,254,425,252,426,249,426,246,427,245,428,245,430,245,430,245,431,245,433,245,433,245,434,246,435,249,436,252,437,254,438,255,439,258,439,261,440,262,441,264,442,267,442,270,443,271,444,273,445,276,446,279,446,280,447,282,448,285,449,288,449,289,451,289,452,289,452,289,454,290,455,293,455,296,456,298,457,298,459,298,459,298,460,299,461,302,462,305,462,307,464,307,465,307,465,307,467,308,468,311,468,316,468,316,468,320,468,323,469,324,470,378,470
413,470,412,469,409,468,404,468,404,470,413,470
630,268,627,267,626,266,626,264,626,264,626,263,626,261,626,261,626,259,626,258,626,258,626,256,626,255,626,255,626,253,626,251,626,251,626,250,626,248,626,248,626,246,626,245,626,245,626,243,626,242,626,242,626,240,627,239,630,238,630,196,627,196,626,195,627,194,630,193,630,161,627,161,626,162,626,164,626,164,626,165,624,167,621,167,617,167,617,167,612,167,609,167,608,165,606,164,603,164,600,164,599,165,599,167,599,167,599,169,600,170,603,170,606,171,608,172,608,174,608,174,608,175,608,177,608,177,608,178,608,180,608,180,608,182,608,183,608,183,608,185,608,187,608,187,608,188,608,190,608,190,608,191,609,192,612,193,615,194,617,195,615,196,612,196,609,197,608,198,608,200,608,200,608,201,608,203,608,203,608,204,608,206,608,206,608,208,606,209,603,209,600,210,599,211,599,212,599,212,599,214,598,215,595,216,592,216,590,217,590,219,590,219,590,221,589,222,586,222,583,223,581,224,581,225,581,225,581,227,581,229,581,229,581,230,581,232,581,232,581,234,581,235,581,235,581,237,580,238,577,238,574,239,572,240,572,242,572,242,572,243,572,245,572,245,572,246,572,248,572,248,572,250,572,251,572,251,572,253,572,255,572,255,572,256,572,258,572,258,572,259,572,261,572,261,572,263,572,264,572,264,572,266,572,268,572,268,572,269,572,271,572,271,572,272,572,274,572,274,572,276,572,277,572,277,572,279,572,280,572,280,572,282,572,284,572,284,572,285,572,287,572,287,572,289,572,290,572,290,572,292,571,293,568,293,565,294,564,295,564,297,564,297,564,298,564,300,564,300,564,302,564,303,564,303,564,305,564,306,564,306,564,308,564,310,564,310,564,311,564,313,564,313,564,315,564,316,564,316,564,318,564,319,564,319,564,321,564,323,564,323,564,324,564,326,564,326,564,327,564,329,564,329,564,331,564,332,564,332,564,334,564,336,564,336,564,337,564,339,564,339,564,340,564,342,564,342,564,344,564,345,564,345,564,347,564,349,564,349,564,350,562,351,559,352,556,352,555,353,555,355,555,355,555,357,555,358,555,358,555,360,555,361,555,361,555,363,553,364,550,365,547,365,546,366,546,368,546,368,546,370,546,371,546,371,546,373,546,374,546,374,546,376,546,378,546,378,546,379,546,381,546,381,546,383,546,384,546,384,546,386,546,387,546,387,546,389,546,391,546,391,546,392,546,394,546,394,546,395,546,397,546,397,546,399,546,400,546,400,546,402,546,404,546,404,546,405,546,407,546,407,546,408,547,410,550,410,553,411,555,412,555,413,555,413,555,415,555,417,555,417,555,418,555,420,555,420,555,421,555,423,555,423,555,425,555,426,555,426,555,428,555,430,555,430,555,431,555,433,555,433,555,434,555,436,555,436,555,438,555,439,555,439,555,441,556,442,559,442,562,443,564,444,564,446,564,446,564,447,564,449,564,449,564,451,564,452,564,452,564,454,564,455,564,455,564,457,564,459,564,459,564,460,564,462,564,462,564,464,564,465,564,465,564,467,565,468,568,468,571,469,572,470,601,470,630,470,630,268
533,212,530,212,528,211,528,209,528,209,528,208,528,206,528,206,528,204,528,203,528,203,528,201,528,200,528,200,528,198,527,197,524,196,521,196,519,195,518,194,515,193,512,192,510,191,509,190,506,190,503,189,502,188,500,187,497,187,494,186,493,185,493,183,493,183,493,182,491,181,488,180,484,180,484,180,479,180,476,180,475,178,474,177,471,177,468,176,466,175,465,174,462,174,457,174,457,174,453,174,450,174,448,175,448,177,448,177,448,178,448,180,448,180,448,182,447,183,444,183,440,183,440,183,435,183,431,183,431,183,426,183,423,183,422,182,420,181,417,180,414,180,413,178,412,177,409,177,406,176,404,175,403,174,400,174,397,173,395,172,397,171,400,170,404,170,404,170,409,170,412,170,413,169,412,168,409,167,406,167,404,165,404,164,404,164,404,162,403,161,400,161,397,160,395,159,394,158,391,157,386,157,386,157,382,157,379,158,378,159,376,160,373,161,370,161,369,162,367,163,364,164,361,164,360,165,358,167,355,167,351,167,351,167,347,167,344,167,342,165,341,164,338,164,335,164,333,165,332,167,329,167,324,167,324,167,320,167,317,167,316,165,314,164,311,164,308,164,307,165,305,167,302,167,298,167,298,167,293,167,289,167,289,167,285,167,280,167,280,167,276,167,271,167,271,167,267,167,262,167,262,167,258,167,255,168,254,169,252,170,249,170,245,170,245,170,240,170,237,171,236,172,234,173,231,174,227,174,227,174,223,174,220,174,218,175,217,176,214,177,211,177,209,178,208,180,205,180,200,180,200,180,196,180,193,181,192,182,190,183,187,183,183,183,183,183,178,183,175,184,174,185,172,186,169,187,166,187,165,188,164,189,161,190,156,190,156,190,152,190,147,190,147,190,143,190,140,190,138,191,138,193,138,193,138,195,137,196,134,196,131,197,130,198,130,200,130,200,130,201,128,202,125,203,122,203,121,204,121,206,121,206,121,208,121,209,121,209,121,211,119,212,116,212,113,213,112,214,112,216,112,216,112,217,110,218,107,219,104,219,103,221,103,222,103,222,103,224,102,225,99,225,94,225,94,225,90,225,87,226,85,227,85,229,85,229,85,230,85,232,85,232,85,234,85,235,85,235,85,237,84,238,81,238,78,239,76,240,78,241,81,242,84,242,85,243,85,245,85,245,85,246,84,248,81,248,78,249,76,250,76,251,76,251,76,253,76,255,76,255,76,256,78,257,81,258,84,258,85,259,85,261,85,261,85,263,84,264,81,264,76,264,76,266,76,268,76,268,76,269,76,271,76,271,76,272,78,273,81,274,84,275,85,276,85,277,85,277,85,279,87,280,90,280,94,280,94,280,99,280,102,281,103,282,102,283,99,284,94,284,94,284,90,284,87,284,85,285,87,286,90,287,93,288,94,289,94,290,94,290,94,292,93,293,90,293,87,293,85,292,84,291,81,290,78,290,76,289,76,287,76,287,76,285,75,284,72,284,69,283,68,282,68,280,68,280,68,279,66,278,63,277,59,277,59,277,54,277,50,277,50,277,45,277,41,277,41,277,37,277,34,278,32,279,32,280,32,280,32,282,32,284,32,284,32,285,34,286,37,287,40,288,41,289,41,290,41,290,41,292,42,293,45,293,48,294,50,295,51,296,54,297,57,297,59,298,59,300,59,300,59,302,60,303,63,303,66,304,68,305,69,306,72,306,75,307,76,308,76,310,76,310,76,311,76,313,76,313,76,315,78,316,81,316,84,317,85,318,85,319,85,319,85,321,87,322,90,323,93,323,94,324,94,326,94,326,94,327,96,329,99,329,102,330,103,331,103,332,103,332,103,334,103,336,103,336,103,337,104,338,107,339,112,339,112,339,116,339,119,339,121,340,122,341,125,342,130,342,130,342,134,342,138,342,138,342,143,342,146,343,147,344,149,345,152,345,156,345,156,345,161,345,164,346,165,347,166,348,169,349,174,349,174,349,178,349,183,349,183,349,187,349,192,349,192,349,196,349,200,349,200,349,205,349,209,349,209,349,214,349,218,349,218,349,223,349,227,349,227,349,231,349,234,349,236,350,237,351,240,352,245,352,245,352,249,352,252,352,254,353,255,354,258,355,262,355,262,355,267,355,271,355,271,355,276,355,280,355,280,355,285,355,289,355,289,355,293,355,298,355,298,355,302,355,307,355,307,355,311,355,316,355,316,355,320,355,323,354,324,353,326,352,329,352,333,352,333,352,338,352,342,352,342,352,347,352,350,351,351,350,352,349,355,349,360,349,360,349,364,349,369,349,369,349,373,349,378,349,378,349,382,349,385,349,386,350,385,351,382,352,379,352,378,353,379,354,382,355,385,356,386,357,386,358,386,358,386,360,386,361,386,361,386,363,385,364,382,365,378,365,378,365,373,365,369,365,369,365,364,365,361,365,360,366,358,367,355,368,351,368,351,368,347,368,344,369,342,370,341,371,338,371,333,371,333,371,329,371,326,372,324,373,324,374,324,374,324,376,323,377,320,378,317,378,316,379,317,380,320,381,323,381,324,383,326,384,329,384,333,384,333,384,338,384,342,384,342,384,347,384,351,384,351,384,355,384,358,385,360,386,361,387,364,387,367,388,369,389,370,390,373,391,378,391,378,391,382,391,386,391,386,391,391,391,394,390,395,389,397,388,400,387,403,387,404,386,406,385,409,384,412,384,413,383,414,381,417,381,420,381,422,383,422,384,422,384,422,386,423,387,426,387,429,388,431,389,431,391,431,391,431,392,432,393,435,394,438,394,440,395,440,397,440,397,440,399,440,400,440,400,440,402,440,404,440,404,440,405,441,406,444,407,447,407,448,408,448,410,448,410,448,412,448,413,448,413,448,415,448,417,448,417,448,418,450,419,453,420,456,420,457,421,457,423,457,423,457,425,457,426,457,426,457,428,457,430,457,430,457,431,457,433,457,433,457,434,459,435,462,436,465,437,466,438,466,439,466,439,466,441,466,442,466,442,466,444,468,445,471,446,474,446,475,447,475,449,475,449,475,451,475,452,475,452,475,454,476,455,479,455,482,456,484,457,484,459,484,459,484,460,485,461,488,462,491,462,493,464,494,465,497,465,500,465,502,464,502,462,502,462,502,460,502,459,502,459,502,457,500,456,497,455,494,455,493,454,493,452,493,452,493,451,491,449,488,449,485,448,484,447,484,446,484,446,484,444,484,442,484,442,484,441,484,439,484,439,484,438,482,437,479,436,476,435,475,434,475,433,475,433,475,431,475,430,475,430,475,428,475,426,475,426,475,425,475,423,475,423,475,421,475,420,475,420,475,418,475,417,475,417,475,415,475,413,475,413,475,412,475,410,475,410,475,408,475,407,475,407,475,405,475,404,475,404,475,402,475,400,475,400,475,399,474,398,471,397,468,397,466,395,466,394,466,394,466,392,468,391,471,391,474,390,475,389,475,387,475,387,475,386,475,384,475,384,475,383,475,381,475,381,475,379,475,378,475,378,475,376,475,374,475,374,475,373,475,371,475,371,475,370,474,369,471,368,468,367,466,366,466,365,466,365,466,363,466,361,466,361,466,360,466,358,466,358,466,357,468,356,471,355,474,354,475,353,475,352,475,352,475,350,475,349,475,349,475,347,475,345,475,345,475,344,475,342,475,342,475,340,475,339,475,339,475,337,475,336,475,336,475,334,476,333,479,332,482,332,484,331,484,329,484,329,484,327,485,326,488,326,491,325,493,324,493,323,493,323,493,321,494,320,497,319,502,319,502,319,506,319,509,319,510,318,510,316,510,316,510,315,509,313,506,313,503,312,502,311,502,310,502,310,502,308,502,306,502,306,502,305,502,303,502,303,502,302,502,300,502,300,502,298,502,297,502,297,502,295,502,293,502,293,502,292,502,290,502,290,502,289,502,287,502,287,502,285,502,284,502,284,502,282,503,281,506,280,509,281,510,282,512,283,515,284,519,284,519,284,524,284,527,283,528,282,528,280,528,280,528,279,528,277,528,277,528,276,528,274,528,274,528,272,528,271,528,271,528,269,530,268,533,268,536,267,537,266,537,264,537,264,537,263,537,261,537,261,537,259,537,258,537,258,537,256,537,255,537,255,537,253,537,251,537,251,537,250,537,248,537,248,537,246,537,245,537,245,537,243,537,242,537,242,537,240,537,238,537,238,537,237,537,235,537,235,537,234,537,232,537,232,537,230,537,229,537,229,537,227,537,225,537,225,537,224,537,222,537,222,537,221,537,219,537,219,537,217,537,216,537,216,537,214,536,213,533,212
435,229,432,228,431,227,431,225,431,225,431,224,429,223,426,222,422,222,422,222,417,222,414,222,413,221,412,219,409,219,406,218,404,217,403,216,400,216,395,216,395,216,391,216,386,216,386,216,382,216,378,216,378,216,373,216,370,215,369,214,367,213,364,212,360,212,360,212,355,212,352,213,351,214,350,215,347,216,344,216,342,217,344,218,347,219,350,219,351,221,350,222,347,222,344,223,342,224,342,225,342,225,342,227,342,229,342,229,342,230,344,231,347,232,350,232,351,234,352,235,355,235,358,236,360,237,361,238,364,238,367,239,369,240,370,241,373,242,378,242,378,242,382,242,386,242,386,242,391,242,394,242,395,243,397,244,400,245,403,245,404,246,403,248,400,248,397,249,395,250,394,251,391,251,386,251,386,251,382,251,378,251,378,251,373,251,369,251,369,251,364,251,360,251,360,251,355,251,352,251,351,250,350,249,347,248,342,248,342,248,338,248,333,248,333,248,329,248,326,249,324,250,323,251,320,251,316,251,316,251,311,251,307,251,307,251,302,251,299,252,298,253,296,254,293,255,289,255,289,255,285,255,282,255,280,256,279,257,276,258,273,258,271,259,271,261,271,261,271,263,273,264,276,264,279,265,280,266,280,268,280,268,280,269,280,271,280,271,280,272,280,274,280,274,280,276,280,277,280,277,280,279,282,280,285,280,288,281,289,282,290,283,293,284,296,284,298,285,299,286,302,287,307,287,307,287,311,287,314,288,316,289,316,290,316,290,316,292,316,293,316,293,316,295,317,296,320,297,323,296,324,295,326,294,329,293,333,293,333,293,338,293,341,293,342,292,344,291,347,290,351,290,351,290,355,290,358,290,360,289,361,288,364,287,367,286,369,285,370,284,373,284,376,283,378,282,378,280,378,280,378,279,379,278,382,277,385,277,386,276,386,274,386,274,386,272,388,271,391,271,394,270,395,269,395,268,395,268,395,266,397,265,400,264,403,264,404,263,406,262,409,261,412,261,413,259,413,258,413,258,413,256,413,255,413,255,413,253,413,251,413,251,413,250,414,249,417,248,420,248,422,246,423,245,426,245,429,244,431,243,429,242,426,242,423,241,422,240,423,239,426,238,429,238,431,237,431,235,431,235,431,234,432,232,435,232,438,231,440,230,438,229,435,229
409,183,406,184,404,185,406,186,409,187,412,186,413,185,412,184,409,183
90,251,87,252,85,253,87,254,90,255,93,254,94,253,93,252,90,251
453,102,450,103,448,104,450,105,453,106,456,105,457,104,456,103,453,102
426,122,422,122,422,122,417,122,414,122,413,123,413,125,413,125,413,127,413,128,413,128,413,130,413,131,413,131,413,133,414,134,417,135,422,135,422,135,426,135,429,134,431,133,431,131,431,131,431,130,431,128,431,128,431,127,431,125,431,125,431,123,429,122,426,122
373,109,369,109,369,110,370,111,373,112,376,111,378,110,376,109,373,109
355,394,352,394,351,395,352,397,355,397,358,397,360,395,358,394,355,394
258,397,255,397,254,395,254,394,254,394,254,392,252,391,249,391,245,391,245,391,240,391,236,391,236,391,231,391,228,391,227,392,227,394,227,394,227,395,226,397,223,397,220,398,218,399,217,400,214,400,211,400,209,399,208,398,205,397,202,397,200,395,200,394,200,394,200,392,199,391,196,391,193,390,192,389,192,387,192,387,192,386,190,385,187,384,184,385,183,386,181,387,178,387,174,387,174,387,169,387,166,388,165,389,164,390,161,391,156,391,156,391,152,391,149,391,147,392,146,393,143,394,140,394,138,395,137,397,134,397,131,398,130,399,128,400,125,400,122,401,121,402,122,403,125,404,128,404,130,405,128,406,125,407,121,407,121,407,116,407,113,407,112,408,112,410,112,410,112,412,112,413,112,413,112,415,112,417,112,417,112,418,113,419,116,420,119,420,121,421,122,422,125,423,130,423,130,423,134,423,137,422,138,421,140,420,143,420,146,419,147,418,149,417,152,417,155,416,156,415,158,414,161,413,165,413,165,413,169,413,172,413,174,412,175,411,178,410,183,410,183,410,187,410,192,410,192,410,196,410,199,411,200,412,200,413,200,413,200,415,200,417,200,417,200,418,200,420,200,420,200,421,200,423,200,423,200,425,202,426,205,426,209,426,209,426,214,426,218,426,218,426,223,426,227,426,227,426,231,426,234,426,236,425,236,423,236,423,236,421,237,420,240,420,243,419,245,418,246,417,249,417,252,416,254,415,255,414,258,413,261,413,262,412,262,410,262,410,262,408,262,407,262,407,262,405,262,404,262,404,262,402,262,400,262,400,262,399,261,398,258,397
205,452,200,452,200,452,196,452,193,453,192,454,193,455,196,455,200,455,200,455,205,455,208,455,209,454,208,453,205,452
72,261,69,262,68,263,69,264,72,264,76,264,76,263,75,262,72,261
19,404,14,404,14,405,14,407,14,407,14,408,16,410,19,410,22,410,23,408,23,407,23,407,23,405,22,404,19,404
