360,10,361,11,364,12,369,12,369,12,373,12,376,11,378,10,360,10
316,10,316,12,316,12,316,13,316,15,316,15,316,16,317,18,320,18,323,19,324,20,326,21,329,21,332,22,333,23,333,25,333,25,333,26,333,28,333,28,333,29,333,31,333,31,333,33,333,34,333,34,333,36,335,37,338,38,342,38,342,38,347,38,350,37,351,36,351,34,351,34,351,33,351,31,351,31,351,29,351,28,351,28,351,26,351,25,351,25,351,23,350,22,347,21,344,21,342,20,342,18,342,18,342,16,341,15,338,15,333,15,333,15,329,15,326,14,324,13,324,12,324,12,324,10,316,10
289,10,289,12,293,12,296,11,298,10,289,10
59,10,57,11,54,12,50,12,50,12,45,12,41,12,41,12,37,12,32,12,32,12,28,12,23,12,23,12,19,12,16,11,14,10,12,10,10,10,10,106,14,106,14,106,19,106,22,106,23,107,25,108,28,109,31,109,32,110,34,111,37,112,40,113,41,114,41,115,41,115,41,117,42,118,45,119,48,119,50,120,51,121,54,122,57,122,59,123,60,124,63,125,68,125,68,125,72,125,76,125,76,125,81,125,84,126,85,127,87,128,90,128,94,128,94,128,99,128,103,128,103,128,107,128,112,128,112,128,116,128,121,128,121,128,125,128,128,129,130,130,131,131,134,131,138,131,138,131,143,131,147,131,147,131,152,131,156,131,156,131,161,131,165,131,165,131,169,131,174,131,174,131,178,131,183,131,183,131,187,131,192,131,192,131,196,131,200,131,200,131,205,131,209,131,209,131,214,131,218,131,218,131,223,131,227,131,227,131,231,131,236,131,236,131,240,131,245,131,245,131,249,131,254,131,254,131,258,131,262,131,262,131,267,131,271,131,271,131,276,131,280,131,280,131,285,131,288,132,289,133,290,134,293,135,298,135,298,135,302,135,305,134,307,133,308,132,311,131,316,131,316,131,320,131,323,131,324,130,324,128,324,128,324,127,326,126,329,125,332,124,333,123,335,122,338,122,341,121,342,120,342,119,342,119,342,117,342,115,342,115,342,114,342,112,342,112,342,110,342,109,342,109,342,107,342,106,342,106,342,104,344,103,347,102,351,102,351,102,355,102,358,103,360,104,361,105,364,106,367,105,369,104,369,102,369,102,369,101,369,99,369,99,369,97,367,96,364,96,361,95,360,94,360,93,360,93,360,91,360,89,360,89,360,88,360,86,360,86,360,85,358,83,355,83,352,82,351,81,351,80,351,80,351,78,352,77,355,76,360,76,360,76,364,76,369,76,369,76,373,76,376,76,378,75,378,73,378,73,378,72,378,70,378,70,378,68,376,67,373,67,370,66,369,65,367,64,364,63,361,63,360,62,358,61,355,60,352,60,351,59,350,58,347,57,344,56,342,55,344,54,347,54,350,53,351,52,350,51,347,50,344,50,342,49,342,47,342,47,342,46,341,45,338,44,335,45,333,46,332,47,329,47,326,47,324,46,324,44,324,44,324,42,323,41,320,41,317,41,316,42,314,43,311,44,308,45,307,46,305,47,302,47,299,47,298,46,298,44,298,44,298,42,299,41,302,41,305,40,307,39,307,38,307,38,307,36,307,34,307,34,307,33,308,32,311,31,314,31,316,29,314,28,311,28,307,28,307,28,302,28,299,28,298,29,298,31,298,31,298,33,298,34,298,34,298,36,296,37,293,38,289,38,289,39,289,41,289,41,289,42,289,44,289,44,289,46,288,47,285,47,282,48,280,49,279,50,276,50,271,50,271,50,267,50,264,50,262,49,262,47,262,47,262,46,264,45,267,44,270,43,271,42,273,41,276,41,279,40,280,39,282,38,285,38,289,38,289,36,288,35,285,34,282,34,280,33,280,31,280,31,280,29,280,28,280,28,280,26,282,25,285,25,288,24,289,23,288,22,285,21,282,21,280,20,280,18,280,18,280,16,280,15,276,15,273,14,271,13,270,12,267,12,262,12,262,12,258,12,255,11,254,10,59,10
329,54,326,54,324,55,326,56,329,57,332,56,333,55,332,54,329,54
285,54,282,54,280,55,282,56,285,57,288,56,289,55,288,54,285,54
240,25,237,24,236,23,234,22,231,21,227,21,227,21,223,21,220,22,218,23,218,25,218,25,218,26,218,28,218,28,218,29,217,31,214,31,209,31,209,31,205,31,202,32,200,33,202,34,205,34,208,35,209,36,211,37,214,38,217,37,218,36,220,35,223,34,227,34,227,34,231,34,236,34,236,34,240,34,243,34,245,33,245,31,245,31,245,29,245,28,245,28,245,26,243,25,240,25
10,404,14,404,14,402,14,400,14,400,14,399,13,398,10,397,10,404
76,470,76,468,76,468,76,467,75,466,72,465,69,466,68,467,66,468,63,468,60,468,59,467,57,466,54,465,51,466,50,467,48,468,45,468,42,469,41,470,76,470
209,470,209,468,209,468,209,467,208,466,205,465,202,465,200,464,199,462,196,462,192,462,192,462,187,462,184,462,183,464,183,465,183,465,183,467,184,468,187,468,190,469,192,470,209,470
378,470,379,469,382,468,385,468,386,467,388,466,391,465,394,465,395,464,395,462,395,462,395,460,394,459,391,459,388,458,386,457,386,455,386,455,386,454,385,453,382,452,379,452,378,451,378,449,378,449,378,447,376,446,373,446,370,445,369,444,369,442,369,442,369,441,367,440,364,439,361,439,360,438,358,437,355,436,352,435,351,434,351,433,351,433,351,431,350,430,347,430,342,430,342,430,338,430,335,429,333,428,332,427,329,426,326,426,324,425,323,424,320,423,316,423,316,423,311,423,307,423,307,423,302,423,299,422,298,421,296,420,293,420,290,419,289,418,288,417,285,417,280,417,280,417,276,417,273,417,271,418,270,419,267,420,262,420,262,420,258,420,255,420,254,421,252,422,249,423,246,424,245,425,245,426,245,426,245,428,245,430,245,430,245,431,245,433,245,433,245,434,245,436,245,436,245,438,246,439,249,439,254,439,254,439,258,439,261,440,262,441,264,442,267,442,270,443,271,444,273,445,276,446,279,446,280,447,282,448,285,449,288,449,289,451,290,452,293,452,296,453,298,454,298,455,298,455,298,457,298,459,298,459,298,460,298,462,298,462,298,464,299,465,302,465,305,466,307,467,308,468,311,468,314,469,316,470,378,470
630,258,627,257,626,256,626,255,626,255,626,253,627,252,630,251,630,248,627,248,626,246,626,245,626,245,626,243,627,242,630,242,630,161,627,161,626,162,624,163,621,164,618,163,617,162,615,161,612,161,609,160,608,159,606,158,603,157,600,157,599,156,598,155,595,154,590,154,590,154,586,154,583,155,581,156,583,157,586,157,589,158,590,159,590,161,590,161,590,162,592,163,595,164,598,164,599,165,599,167,599,167,599,169,600,170,603,170,606,171,608,172,608,174,608,174,608,175,608,177,608,177,608,178,608,180,608,180,608,182,608,183,608,183,608,185,608,187,608,187,608,188,609,189,612,190,615,190,617,191,617,193,617,193,617,195,615,196,612,196,609,197,608,198,608,200,608,200,608,201,606,202,603,203,600,203,599,204,599,206,599,206,599,208,599,209,599,209,599,211,598,212,595,212,592,213,590,214,590,216,590,216,590,217,589,218,586,219,583,219,581,221,581,222,581,222,581,224,581,225,581,225,581,227,581,229,581,229,581,230,580,231,577,232,574,232,572,234,572,235,572,235,572,237,572,238,572,238,572,240,572,242,572,242,572,243,572,245,572,245,572,246,572,248,572,248,572,250,572,251,572,251,572,253,572,255,572,255,572,256,572,258,572,258,572,259,571,261,568,261,565,262,564,263,564,264,564,264,564,266,564,268,564,268,564,269,564,271,564,271,564,272,564,274,564,274,564,276,564,277,564,277,564,279,564,280,564,280,564,282,564,284,564,284,564,285,564,287,564,287,564,289,564,290,564,290,564,292,564,293,564,293,564,295,564,297,564,297,564,298,564,300,564,300,564,302,562,303,559,303,556,304,555,305,555,306,555,306,555,308,555,310,555,310,555,311,555,313,555,313,555,315,555,316,555,316,555,318,555,319,555,319,555,321,555,323,555,323,555,324,555,326,555,326,555,327,555,329,555,329,555,331,555,332,555,332,555,334,555,336,555,336,555,337,555,339,555,339,555,340,555,342,555,342,555,344,555,345,555,345,555,347,555,349,555,349,555,350,555,352,555,352,555,353,555,355,555,355,555,357,555,358,555,358,555,360,553,361,550,361,547,362,546,363,546,365,546,365,546,366,546,368,546,368,546,370,546,371,546,371,546,373,546,374,546,374,546,376,546,378,546,378,546,379,546,381,546,381,546,383,546,384,546,384,546,386,544,387,541,387,538,388,537,389,537,391,537,391,537,392,538,393,541,394,544,394,546,395,546,397,546,397,546,399,546,400,546,400,546,402,546,404,546,404,546,405,546,407,546,407,546,408,546,410,546,410,546,412,546,413,546,413,546,415,546,417,546,417,546,418,546,420,546,420,546,421,546,423,546,423,546,425,547,426,550,426,553,427,555,428,553,429,550,430,547,430,546,431,546,433,546,433,546,434,546,436,546,436,546,438,547,439,550,439,553,440,555,441,555,442,555,442,555,444,555,446,555,446,555,447,555,449,555,449,555,451,555,452,555,452,555,454,555,455,555,455,555,457,556,458,559,459,562,459,564,460,564,462,564,462,564,464,564,465,564,465,564,467,565,468,568,468,571,469,572,470,601,470,630,470,630,258
533,222,530,222,528,221,528,219,528,219,528,217,528,216,528,216,528,214,528,212,528,212,528,211,528,209,528,209,528,208,527,207,524,206,521,205,519,204,519,203,519,203,519,201,519,200,519,200,519,198,518,197,515,196,512,196,510,195,509,194,506,193,503,192,502,191,502,190,502,190,502,188,500,187,497,187,494,186,493,185,491,184,488,183,485,183,484,182,482,181,479,180,476,180,475,178,474,177,471,177,466,177,466,177,462,177,457,177,457,177,453,177,450,177,448,178,448,180,448,180,448,182,447,183,444,183,440,183,440,183,435,183,432,184,431,185,429,186,426,187,423,186,422,185,422,183,422,183,422,182,420,181,417,180,414,180,413,178,412,177,409,177,406,176,404,175,404,174,400,174,397,173,395,172,397,171,400,170,403,171,404,172,404,174,409,174,412,173,413,172,413,170,413,170,413,169,413,167,413,167,413,165,413,164,413,164,413,162,412,161,409,161,404,161,404,161,400,161,397,160,395,159,394,158,391,157,386,157,386,157,382,157,379,158,378,159,376,160,373,161,370,161,369,162,367,163,364,164,360,164,360,164,355,164,351,164,351,164,347,164,342,164,342,164,338,164,333,164,333,164,329,164,324,164,324,164,320,164,317,163,316,162,314,161,311,161,307,161,307,161,302,161,299,161,298,162,296,163,293,164,289,164,289,164,285,164,280,164,280,164,276,164,273,163,271,162,270,161,267,161,264,161,262,162,261,163,258,164,254,164,254,164,249,164,245,164,245,164,240,164,237,164,236,165,234,167,231,167,227,167,227,167,223,167,220,168,218,169,217,170,214,170,209,170,209,170,205,170,200,170,200,170,196,170,192,170,192,170,187,170,183,170,183,170,178,170,175,171,174,172,172,173,169,174,166,174,165,175,164,176,161,177,156,177,156,177,152,177,147,177,147,177,143,177,140,177,138,178,138,180,138,180,138,182,137,183,134,183,131,184,130,185,130,187,130,187,130,188,130,190,130,190,130,191,128,192,125,193,122,194,121,195,119,196,116,196,113,197,112,198,110,199,107,200,104,200,103,201,102,202,99,203,96,203,94,204,94,206,94,206,94,208,93,209,90,209,87,210,85,211,84,212,81,212,78,213,76,214,76,216,76,216,76,217,76,219,76,219,76,221,76,222,76,222,76,224,76,225,76,225,76,227,76,229,76,229,76,230,75,231,72,232,69,232,68,234,68,235,68,235,68,237,69,238,72,238,75,239,76,240,76,242,76,242,76,243,76,245,81,245,84,245,85,246,84,248,81,248,78,248,76,246,76,245,72,245,69,245,68,246,68,248,68,248,68,250,69,251,72,251,75,252,76,253,76,255,76,255,76,256,76,258,76,258,76,259,76,261,81,261,84,262,85,263,84,264,81,264,78,264,76,263,76,261,72,261,69,262,68,263,68,264,68,264,68,266,69,267,72,268,75,268,76,269,76,271,76,271,76,272,75,273,72,274,69,273,68,272,66,271,63,271,60,270,59,269,57,268,54,268,50,268,50,268,45,268,42,268,41,269,41,271,41,271,41,272,40,273,37,274,34,275,32,276,32,277,32,277,32,279,32,280,32,280,32,282,34,283,37,284,40,284,41,285,41,287,41,287,41,289,42,290,45,290,48,291,50,292,50,293,50,293,50,295,51,296,54,297,57,297,59,298,60,299,63,300,66,300,68,302,69,303,72,303,75,304,76,305,78,306,81,306,84,307,85,308,84,309,81,310,78,310,76,311,76,313,76,313,76,315,78,316,81,316,84,317,85,318,85,319,85,319,85,321,87,322,90,323,93,323,94,324,94,326,94,326,94,327,96,329,99,329,102,330,103,331,104,332,107,332,110,333,112,334,113,335,116,336,119,336,121,337,122,338,125,339,130,339,130,339,134,339,137,339,138,340,140,341,143,342,147,342,147,342,152,342,156,342,156,342,161,342,165,342,165,342,169,342,174,342,174,342,178,342,181,343,183,344,184,345,187,345,192,345,192,345,196,345,200,345,200,345,205,345,209,345,209,345,214,345,218,345,218,345,223,345,227,345,227,345,231,345,236,345,236,345,240,345,243,346,245,347,246,348,249,349,254,349,254,349,258,349,262,349,262,349,267,349,271,349,271,349,276,349,280,349,280,349,285,349,289,349,289,349,293,349,298,349,298,349,302,349,305,349,307,350,308,351,311,352,316,352,316,352,320,352,323,351,324,350,326,349,329,349,333,349,333,349,338,349,342,349,342,349,347,349,351,349,351,349,355,349,360,349,360,349,364,349,369,349,369,349,373,349,378,349,378,349,382,349,385,349,386,350,386,352,386,352,386,353,386,355,386,355,386,357,388,358,391,358,394,359,395,360,395,361,395,361,395,363,394,364,391,365,386,365,386,365,382,365,378,365,378,365,373,365,370,365,369,366,367,367,364,368,361,369,360,370,360,371,360,371,360,373,358,374,355,374,352,375,351,376,351,378,351,378,351,379,351,381,351,381,351,383,352,384,355,384,360,384,360,384,364,384,369,384,369,384,373,384,376,385,378,386,379,387,382,387,386,387,386,387,391,387,395,387,395,387,400,387,403,387,404,386,406,385,409,384,412,384,413,383,414,381,417,381,420,381,422,383,422,384,422,384,422,386,422,387,422,387,422,389,423,390,426,391,429,391,431,392,431,394,431,394,431,395,432,397,435,397,438,398,440,399,440,400,440,400,440,402,440,404,440,404,440,405,440,407,440,407,440,408,441,410,444,410,447,411,448,412,448,413,448,413,448,415,448,417,448,417,448,418,448,420,448,420,448,421,450,422,453,423,456,424,457,425,457,426,457,426,457,428,457,430,457,430,457,431,457,433,457,433,457,434,459,435,462,436,465,437,466,438,466,439,466,439,466,441,468,442,471,442,474,443,475,444,475,446,475,446,475,447,476,448,479,449,482,449,484,451,484,452,484,452,484,454,485,455,488,455,491,456,493,457,493,459,493,459,493,460,494,461,497,462,500,462,502,464,503,465,506,465,509,465,510,464,510,462,510,462,510,460,509,459,506,459,503,458,502,457,502,455,502,455,502,454,500,453,497,452,494,452,493,451,493,449,493,449,493,447,493,446,493,446,493,444,491,443,488,442,485,442,484,441,484,439,484,439,484,438,484,436,484,436,484,434,482,433,479,433,476,432,475,431,475,430,475,430,475,428,475,426,475,426,475,425,475,423,475,423,475,421,475,420,475,420,475,418,475,417,475,417,475,415,474,414,471,413,468,413,466,412,466,410,466,410,466,408,466,407,466,407,466,405,466,404,466,404,466,402,466,400,466,400,466,399,466,397,466,397,466,395,466,394,466,394,466,392,466,391,466,391,466,389,465,388,462,387,459,387,457,386,457,384,457,384,457,383,459,381,462,381,465,380,466,379,466,378,466,378,466,376,465,375,462,374,459,374,457,373,457,371,457,371,457,370,457,368,457,368,457,366,457,365,457,365,457,363,456,362,453,361,450,361,448,360,448,358,448,358,448,357,450,356,453,355,456,354,457,353,459,352,462,352,465,351,466,350,466,349,466,349,466,347,466,345,466,345,466,344,466,342,466,342,466,340,466,339,466,339,466,337,466,336,466,336,466,334,468,333,471,332,474,332,475,331,476,330,479,329,482,329,484,327,485,326,488,326,491,325,493,324,493,323,493,323,493,321,493,319,493,319,493,318,493,316,493,316,493,315,493,313,493,313,493,311,493,310,493,310,493,308,494,307,497,306,500,306,502,305,502,303,502,303,502,302,502,300,502,300,502,298,502,297,502,297,502,295,502,293,502,293,502,292,502,290,502,290,502,289,502,287,502,287,502,285,502,284,502,284,502,282,503,281,506,280,509,281,510,282,512,283,515,284,518,283,519,282,519,280,519,280,519,279,519,277,519,277,519,276,519,274,519,274,519,272,521,271,524,271,527,270,528,269,528,268,528,268,528,266,528,264,528,264,528,263,528,261,528,261,528,259,528,258,528,258,528,256,528,255,528,255,528,253,528,251,528,251,528,250,528,248,528,248,528,246,530,245,533,245,536,244,537,243,537,242,537,242,537,240,537,238,537,238,537,237,537,235,537,235,537,234,537,232,537,232,537,230,537,229,537,229,537,227,537,225,537,225,537,224,536,223,533,222
444,235,441,235,440,234,440,232,440,232,440,230,438,229,435,229,432,228,431,227,429,226,426,225,423,225,422,224,420,223,417,222,414,222,413,221,412,219,409,219,406,218,404,217,403,216,400,216,395,216,395,216,391,216,388,215,386,214,385,213,382,212,378,212,378,212,373,212,369,212,369,212,364,212,360,212,360,212,355,212,351,212,351,212,347,212,344,213,342,214,342,216,342,216,342,217,344,218,347,219,350,219,351,221,350,222,347,222,344,223,342,224,342,225,342,225,342,227,342,229,342,229,342,230,344,231,347,232,350,232,351,234,352,235,355,235,358,236,360,237,361,238,364,238,367,239,369,240,370,241,373,242,376,242,378,243,379,244,382,245,386,245,386,245,391,245,395,245,395,245,400,245,403,245,404,246,403,248,400,248,397,249,395,250,394,251,391,251,388,252,386,253,385,254,382,255,379,254,378,253,376,252,373,251,369,251,369,251,364,251,361,251,360,250,358,249,355,248,351,248,351,248,347,248,342,248,342,248,338,248,333,248,333,248,329,248,324,248,324,248,320,248,316,248,316,248,311,248,307,248,307,248,302,248,299,248,298,246,296,245,293,245,289,245,289,245,285,245,280,245,280,245,276,245,273,245,271,246,271,248,271,248,271,250,271,251,271,251,271,253,271,255,271,255,271,256,271,258,271,258,271,259,273,261,276,261,279,262,280,263,280,264,280,264,280,266,282,267,285,268,288,268,289,269,289,271,289,271,289,272,290,273,293,274,298,274,298,276,298,277,298,277,298,279,299,280,302,280,307,280,307,280,311,280,316,280,316,280,320,280,324,280,324,280,329,280,332,280,333,279,335,278,338,277,341,278,342,279,344,280,347,280,351,280,351,280,355,280,360,280,360,280,364,280,367,280,369,279,370,278,373,277,376,277,378,276,378,274,378,274,378,272,379,271,382,271,385,270,386,269,386,268,386,268,386,266,388,265,391,264,394,264,395,263,397,262,400,261,403,261,404,259,406,258,409,258,412,257,413,256,413,255,413,255,413,253,413,251,413,251,413,250,414,249,417,248,422,248,422,248,426,248,429,248,431,246,432,245,435,245,438,244,440,243,441,242,444,242,447,241,448,240,448,238,448,238,448,237,447,236,444,235
409,183,406,184,404,185,406,186,409,187,412,186,413,185,412,184,409,183
391,378,386,378,386,378,382,378,379,378,378,379,379,380,382,381,386,381,386,381,391,381,394,380,395,379,394,378,391,378
302,271,299,271,298,272,298,274,302,274,305,273,307,272,305,271,302,271
90,251,87,252,85,253,87,254,90,255,93,254,94,253,93,252,90,251
302,271,299,271,298,272,298,274,302,274,305,273,307,272,305,271,302,271
302,271,299,271,298,272,298,274,302,274,305,273,307,272,305,271,302,271
373,50,370,51,369,52,369,54,369,54,369,55,370,56,373,57,376,56,378,55,378,54,378,54,378,52,376,51,373,50
285,12,282,12,280,13,280,15,285,15,288,14,289,13,289,12,285,12
267,400,264,400,262,399,261,398,258,397,255,397,254,395,252,394,249,394,246,394,245,395,243,397,240,397,237,398,236,399,234,400,231,400,228,401,227,402,226,403,223,404,218,404,218,404,214,404,211,403,209,402,209,400,209,400,209,399,209,397,209,397,209,395,209,394,209,394,209,392,209,391,209,391,209,389,209,387,209,387,209,386,208,385,205,384,202,384,200,383,199,381,196,381,193,381,192,383,190,384,187,384,183,384,183,384,178,384,175,385,174,386,172,387,169,387,165,387,165,387,161,387,158,388,156,389,155,390,152,391,147,391,147,391,143,391,140,391,138,392,138,394,138,394,138,395,137,397,134,397,131,398,130,399,128,400,125,400,122,401,121,402,122,403,125,404,128,404,130,405,128,406,125,407,121,407,121,407,116,407,113,407,112,408,110,410,107,410,104,411,103,412,104,413,107,413,110,414,112,415,112,417,112,417,112,418,113,419,116,420,119,420,121,421,122,422,125,423,130,423,130,423,134,423,137,422,138,421,140,420,143,420,147,420,147,420,152,420,156,420,156,420,161,420,164,419,165,418,165,417,165,417,165,415,166,414,169,413,172,413,174,412,175,411,178,410,183,410,183,410,187,410,190,410,192,408,193,407,196,407,200,407,200,407,205,407,208,407,209,408,209,410,209,410,209,412,209,413,209,413,209,415,209,417,209,417,209,418,209,420,209,420,209,421,209,423,209,423,209,425,211,426,214,426,218,426,218,426,223,426,227,426,227,426,231,426,234,426,236,425,236,423,236,423,236,421,237,420,240,420,243,419,245,418,246,417,249,417,252,416,254,415,255,414,258,413,261,413,262,412,262,410,262,410,262,408,264,407,267,407,270,406,271,405,271,404,271,404,271,402,270,401,267,400
107,449,103,449,103,449,99,449,96,448,94,447,93,446,90,446,87,446,85,447,84,448,81,449,78,449,76,451,78,452,81,452,85,452,85,452,90,452,94,452,94,452,99,452,103,452,103,452,107,452,110,452,112,451,110,449,107,449
72,426,68,426,68,426,63,426,60,427,59,428,60,429,63,430,68,430,68,430,72,430,75,429,76,428,75,427,72,426
28,459,25,458,23,457,23,455,23,455,23,454,22,453,19,452,16,453,14,454,14,455,14,455,14,457,14,459,14,459,14,460,16,461,19,462,22,462,23,464,23,465,23,465,23,467,25,468,28,468,31,468,32,467,32,465,32,465,32,464,32,462,32,462,32,460,31,459,28,459
19,404,14,404,14,405,14,407,14,407,14,408,16,410,19,410,22,410,23,408,23,407,23,407,23,405,22,404,19,404
