10,25,13,25,14,26,13,27,10,28,10,67,14,67,14,67,19,67,22,67,23,68,23,70,23,70,23,72,23,73,23,73,23,75,23,76,23,76,23,78,23,80,23,80,23,81,23,83,23,83,23,85,23,86,23,86,23,88,23,89,23,89,23,91,25,92,28,93,31,93,32,94,31,95,28,96,25,96,23,97,22,99,19,99,16,100,14,101,16,102,19,102,23,102,23,102,28,102,31,103,32,104,31,105,28,106,25,106,23,107,23,109,23,109,23,110,23,112,23,112,23,114,23,115,23,115,23,117,25,118,28,119,31,119,32,120,34,121,37,122,40,122,41,123,40,124,37,125,34,126,32,127,32,128,32,128,32,130,34,131,37,131,40,132,41,133,41,135,41,135,41,136,42,137,45,138,48,138,50,140,51,141,54,141,57,141,59,140,60,138,63,138,66,137,68,136,68,135,68,135,68,133,68,131,68,131,68,130,66,129,63,128,60,128,59,127,59,125,59,125,59,123,59,122,59,122,59,120,59,119,59,119,59,117,59,115,59,115,59,114,59,112,59,112,59,110,59,109,59,109,59,107,59,106,59,106,59,104,59,102,59,102,59,101,59,99,59,99,59,97,59,96,59,96,59,94,59,93,59,93,59,91,59,89,59,89,59,88,59,86,59,86,59,85,59,83,59,83,59,81,60,80,63,80,68,80,68,80,72,80,75,79,76,78,76,76,76,76,76,75,75,74,72,73,68,73,68,73,63,73,60,73,59,72,57,70,54,70,51,69,50,68,50,67,50,67,50,65,50,63,50,63,50,62,50,60,50,60,50,59,50,57,50,57,50,55,50,54,50,54,50,52,50,50,50,50,50,49,50,47,50,47,50,46,50,44,50,44,50,42,50,41,50,41,50,39,50,38,50,38,50,36,50,34,50,34,50,33,51,32,54,31,57,31,59,29,59,28,59,28,59,26,60,25,63,25,66,24,68,23,68,21,68,21,68,20,66,19,63,18,59,18,59,18,54,18,51,18,50,16,48,15,45,15,42,14,41,13,40,12,37,12,34,12,32,13,31,14,28,15,25,14,23,13,22,12,19,12,16,11,14,10,12,10,10,10,10,25
37,21,34,22,32,23,34,24,37,25,40,24,41,23,40,22,37,21
37,57,34,58,32,59,34,60,37,60,40,60,41,59,40,58,37,57
28,28,25,28,23,29,23,31,19,31,16,32,14,33,16,34,19,34,22,34,23,33,23,31,28,31,31,31,32,29,31,28,28,28
28,50,25,51,23,52,25,53,28,54,31,53,32,52,31,51,28,50
94,470,94,468,90,468,87,468,85,467,87,466,90,465,93,466,94,467,94,468,99,468,103,468,103,468,107,468,112,468,112,468,116,468,121,468,121,468,125,468,130,468,130,468,134,468,137,469,138,470,147,470,149,469,152,468,156,468,156,468,161,468,164,468,165,467,165,465,165,465,165,464,165,462,165,462,165,460,165,459,165,459,165,457,165,455,165,455,165,454,165,452,165,452,165,451,164,449,161,449,158,448,156,447,156,446,156,446,156,444,156,442,156,442,156,441,155,440,152,439,147,439,147,439,143,439,140,439,138,438,137,437,134,436,131,435,130,434,131,433,134,433,137,432,138,431,138,430,138,430,138,428,140,427,143,426,146,426,147,425,146,424,143,423,138,423,138,423,134,423,130,423,130,423,125,423,121,423,121,423,116,423,112,423,112,423,107,423,103,423,103,423,99,423,96,422,94,421,94,420,94,420,94,418,96,417,99,417,102,416,103,415,104,414,107,413,110,413,112,412,112,410,112,410,112,408,110,407,107,407,104,406,103,405,102,404,99,404,96,403,94,402,94,400,94,400,94,399,94,397,94,397,94,395,93,394,90,394,85,394,85,394,81,394,78,393,76,392,75,391,72,391,69,390,68,389,68,387,68,387,68,386,68,384,68,384,68,383,68,381,68,381,68,379,68,378,68,378,68,376,68,374,68,374,68,373,66,372,63,371,60,371,59,370,59,368,59,368,59,366,57,365,54,365,51,364,50,363,50,361,50,361,50,360,48,359,45,358,42,358,41,357,41,355,41,355,41,353,41,352,41,352,41,350,40,349,37,349,34,348,32,347,31,346,28,345,25,345,23,344,23,342,23,342,23,340,22,339,19,339,16,338,14,337,14,336,14,336,14,334,13,333,10,332,10,401,10,470,94,470
81,417,76,417,76,415,75,414,72,413,68,413,68,413,63,413,60,414,59,415,59,417,54,417,50,417,50,417,45,417,42,416,41,415,40,414,37,413,32,413,32,413,28,413,25,414,23,415,23,417,23,417,23,418,25,419,28,420,31,420,32,421,34,422,37,423,41,423,41,423,45,423,48,424,50,425,51,426,54,426,59,426,59,426,63,426,68,426,68,426,72,426,75,427,76,428,78,429,81,430,84,429,85,428,85,426,85,426,85,425,84,424,81,423,76,423,76,423,72,423,69,422,68,421,66,420,63,420,60,419,59,418,59,417,63,417,68,417,68,417,72,417,76,417,76,418,78,419,81,420,84,419,85,418,84,417,81,417
63,430,60,430,59,431,60,432,63,433,66,432,68,431,66,430,63,430
45,446,41,446,41,444,40,443,37,442,34,443,32,444,34,445,37,446,41,446,41,447,42,448,45,449,48,448,50,447,48,446,45,446
254,470,255,469,258,468,261,469,262,470,316,470,314,469,311,468,308,468,307,467,305,466,302,465,298,465,298,465,293,465,289,465,289,465,285,465,282,465,280,464,279,462,276,462,271,462,271,462,267,462,262,462,262,462,258,462,255,462,254,464,252,465,249,465,245,465,245,465,240,465,236,465,236,465,231,465,228,466,227,467,226,468,223,468,218,468,218,468,214,468,209,468,209,468,205,468,202,469,200,470,254,470
630,365,627,364,626,363,626,361,626,361,626,360,626,358,626,358,626,357,626,355,626,355,626,353,626,352,626,352,626,350,624,349,621,349,617,349,617,349,612,349,609,348,608,347,608,345,608,345,608,344,608,342,608,342,608,340,608,339,608,339,608,337,606,336,603,336,600,335,599,334,599,332,599,332,599,331,599,329,599,329,599,327,599,326,599,326,599,324,599,323,599,323,599,321,599,319,599,319,599,318,599,316,599,316,599,315,598,313,595,313,592,312,590,311,589,310,586,310,581,310,581,311,581,313,581,313,581,315,581,316,581,316,581,318,580,319,577,319,572,319,572,319,568,319,565,319,564,318,562,317,559,316,556,316,555,315,553,313,550,313,547,312,546,311,546,310,546,310,546,308,546,306,546,306,546,305,547,304,550,303,553,303,555,302,556,300,559,300,562,299,564,298,564,297,564,297,564,295,562,294,559,293,556,293,555,292,555,290,555,290,555,289,555,287,555,287,555,285,555,284,555,284,555,282,555,280,555,280,555,279,553,278,550,277,547,277,546,276,544,275,541,274,538,273,537,272,536,271,533,271,530,270,528,269,527,268,524,268,521,267,519,266,519,264,519,264,519,263,518,262,515,261,512,261,510,259,509,258,506,258,503,257,502,256,500,255,497,255,493,255,493,255,488,255,485,254,484,253,482,252,479,251,476,251,475,250,474,249,471,248,468,248,466,246,465,245,462,245,459,244,457,243,456,242,453,242,450,241,448,240,448,238,448,238,448,237,447,236,444,235,441,235,440,234,440,232,440,232,440,230,441,229,444,229,447,228,448,227,450,226,453,225,457,225,457,225,462,225,466,225,466,225,471,225,475,225,475,225,479,225,484,225,484,225,488,225,493,225,493,225,497,225,502,225,502,225,506,225,510,225,510,225,515,225,519,225,519,225,524,225,528,225,528,225,533,225,536,226,537,227,538,228,541,229,544,229,546,230,547,231,550,232,555,232,555,232,559,232,562,232,564,234,565,235,568,235,571,236,572,237,572,238,572,238,572,240,574,241,577,242,580,242,581,243,581,245,581,245,581,246,583,248,586,248,589,249,590,250,590,251,590,251,590,253,592,254,595,255,598,255,599,256,599,258,599,258,599,259,600,261,603,261,606,262,608,263,609,264,612,264,617,264,617,264,621,264,624,265,626,266,627,267,630,268,630,245,627,244,626,243,624,242,621,242,618,241,617,240,617,238,617,238,617,237,617,235,617,235,617,234,618,232,621,232,624,231,626,230,626,229,626,229,626,227,627,226,630,225,630,138,627,137,626,136,624,135,621,135,618,135,617,136,615,137,612,138,608,138,608,138,603,138,599,138,599,138,595,138,590,138,590,138,586,138,583,139,581,140,580,141,577,141,572,141,572,141,568,141,564,141,564,141,559,141,556,142,555,143,553,144,550,144,547,145,546,146,544,147,541,148,537,148,537,148,533,148,530,148,528,149,530,150,533,151,536,151,537,153,536,154,533,154,530,155,528,156,527,157,524,157,521,157,519,156,519,154,519,154,519,153,518,151,515,151,512,151,510,153,510,154,510,154,510,156,509,157,506,157,503,157,502,156,500,155,497,154,494,155,493,156,491,157,488,157,484,157,484,157,479,157,475,157,475,157,471,157,466,157,466,159,468,160,471,161,474,161,475,162,475,164,475,164,475,165,474,167,471,167,468,167,466,165,465,164,462,164,459,163,457,162,456,161,453,161,450,161,448,162,448,164,448,164,448,165,448,167,448,167,448,169,447,170,444,170,441,171,440,172,438,173,435,174,431,174,431,174,426,174,422,174,422,174,417,174,414,174,413,175,412,176,409,177,404,177,404,177,400,177,395,177,395,177,391,177,386,177,386,177,382,177,379,177,378,178,376,180,373,180,370,181,369,182,367,183,364,183,360,183,360,183,355,183,351,183,351,183,347,183,344,184,342,185,341,186,338,187,335,186,333,185,332,184,329,183,326,183,324,182,324,180,324,180,324,178,324,177,324,177,324,175,324,174,324,174,324,172,326,171,329,170,332,170,333,169,335,168,338,167,341,167,342,165,344,164,347,164,350,163,351,162,352,161,355,161,358,160,360,159,361,158,364,157,369,157,369,157,373,157,378,157,378,157,382,157,385,158,386,159,388,160,391,161,394,161,395,162,395,164,395,164,395,165,395,167,395,167,395,169,397,170,400,170,403,170,404,169,404,167,404,167,404,165,404,164,404,164,404,162,404,161,404,161,404,159,404,157,404,157,404,156,404,154,404,154,404,153,404,151,404,151,404,149,406,148,409,148,413,148,413,148,417,148,420,148,422,149,423,150,426,151,431,151,431,151,435,151,438,151,440,153,441,154,444,154,448,154,448,154,453,154,456,155,457,156,459,157,462,157,466,157,466,156,466,154,466,154,466,153,465,151,462,151,457,151,457,151,453,151,450,150,448,149,448,148,448,148,448,146,448,144,448,144,448,143,448,141,448,141,448,140,448,138,448,138,448,136,447,135,444,135,441,134,440,133,438,132,435,131,431,131,431,131,426,131,423,132,422,133,420,134,417,135,414,135,413,136,413,138,413,138,413,140,412,141,409,141,404,141,404,141,400,141,395,141,395,141,391,141,388,142,386,143,385,144,382,144,378,144,378,144,373,144,370,144,369,143,367,142,364,141,361,141,360,140,358,139,355,138,352,137,351,136,350,135,347,135,342,135,342,135,338,135,333,135,333,135,329,135,326,134,324,133,323,132,320,131,316,131,316,131,311,131,308,131,307,130,305,129,302,128,299,128,298,127,296,126,293,125,289,125,289,125,285,125,280,125,280,125,276,125,271,125,271,125,267,125,264,126,262,127,261,128,258,128,255,128,254,127,252,126,249,125,245,125,245,125,240,125,237,124,236,123,236,122,236,122,236,120,234,119,231,119,228,119,227,120,226,121,223,122,220,122,218,123,217,124,214,125,211,126,209,127,208,128,205,128,202,129,200,130,200,131,200,131,200,133,200,135,200,135,200,136,199,137,196,138,193,139,192,140,192,141,192,141,192,143,190,144,187,144,184,145,183,146,183,148,183,148,183,149,183,151,183,151,183,153,183,154,183,154,183,156,181,157,178,157,175,158,174,159,174,161,174,161,174,162,172,163,169,164,166,163,165,162,164,161,161,161,158,161,156,162,156,164,156,164,156,165,158,167,161,167,164,168,165,169,165,170,165,170,165,172,166,173,169,174,172,174,174,175,174,177,174,177,174,178,174,180,174,180,174,182,174,183,178,183,181,184,183,185,183,187,183,187,183,188,183,190,183,190,183,191,183,193,183,193,183,195,183,196,183,196,183,198,183,200,183,200,183,201,184,202,187,203,190,203,192,204,192,206,192,206,192,208,192,209,192,209,192,211,192,212,192,212,192,214,192,216,192,216,192,217,193,218,196,219,199,219,200,221,202,222,205,222,209,222,209,222,214,222,217,223,218,224,220,225,223,225,226,226,227,227,228,228,231,229,234,229,236,230,236,232,236,232,236,234,236,235,236,235,236,237,234,238,231,238,228,239,227,240,227,242,227,242,227,243,228,244,231,245,234,245,236,246,236,248,236,248,236,250,236,251,236,251,236,253,237,254,240,255,243,255,245,256,246,257,249,258,252,257,254,256,255,255,258,255,261,254,262,253,262,251,262,251,262,250,262,248,262,248,262,246,262,245,262,245,262,243,262,242,262,242,262,240,261,239,258,238,255,238,254,237,255,236,258,235,261,235,262,234,264,232,267,232,270,231,271,230,273,229,276,229,279,228,280,227,280,225,280,225,280,224,282,223,285,222,288,223,289,224,289,225,289,225,289,227,289,229,289,229,289,230,289,232,289,232,289,234,289,235,289,235,289,237,289,238,289,238,289,240,288,241,285,242,282,242,280,243,280,245,280,245,280,246,280,248,280,248,280,250,280,251,280,251,280,253,280,255,280,255,280,256,280,258,280,258,280,259,282,261,285,261,288,262,289,263,289,264,289,264,289,266,290,267,293,268,296,268,298,269,298,271,298,271,298,272,299,273,302,274,305,275,307,276,308,277,311,277,314,278,316,279,317,280,320,280,323,281,324,282,326,283,329,284,333,284,333,284,338,284,341,284,342,285,344,286,347,287,350,288,351,289,352,290,355,290,358,291,360,292,361,293,364,293,367,294,369,295,370,296,373,297,376,297,378,298,379,299,382,300,385,300,386,302,388,303,391,303,394,304,395,305,397,306,400,306,403,307,404,308,406,309,409,310,412,310,413,311,414,312,417,313,420,313,422,315,423,316,426,316,429,317,431,318,431,319,431,319,431,321,431,323,431,323,431,324,429,325,426,326,423,325,422,324,420,323,417,323,413,323,413,323,409,323,406,322,404,321,403,320,400,319,397,319,395,318,394,317,391,316,386,316,386,316,382,316,379,316,378,315,376,313,373,313,369,313,369,313,364,313,361,312,360,311,360,310,360,310,360,308,360,306,360,306,360,305,358,304,355,303,351,303,351,303,347,303,344,303,342,302,341,300,338,300,335,300,333,302,333,303,333,303,333,305,335,306,338,306,341,307,342,308,344,309,347,310,350,310,351,311,351,313,351,313,351,315,352,316,355,316,358,317,360,318,361,319,364,319,367,320,369,321,370,322,373,323,376,323,378,324,379,325,382,326,385,326,386,327,388,329,391,329,394,330,395,331,395,332,395,332,395,334,397,335,400,336,403,336,404,337,406,338,409,339,412,339,413,340,413,342,413,342,413,344,413,345,413,345,413,347,413,349,413,349,413,350,414,351,417,352,420,352,422,353,422,355,422,355,422,357,422,358,422,358,422,360,422,361,422,361,422,363,422,365,422,365,422,366,422,368,422,368,422,370,422,371,422,371,422,373,422,374,426,374,431,374,431,374,435,374,438,375,440,376,440,378,440,378,440,379,441,380,444,381,448,381,448,381,453,381,457,381,457,381,462,381,465,380,466,379,468,378,471,378,475,378,475,378,479,378,482,378,484,379,485,380,488,381,491,381,493,383,491,384,488,384,484,384,484,384,479,384,475,384,475,384,471,384,466,384,466,384,462,384,459,385,457,386,457,387,457,387,457,389,457,391,457,391,457,392,457,394,457,394,457,395,456,397,453,397,448,397,448,397,444,397,441,397,440,395,438,394,435,394,432,394,431,395,429,397,426,397,423,397,422,395,420,394,417,394,414,393,413,392,413,391,413,391,413,389,414,388,417,387,420,387,422,386,422,384,422,384,422,383,422,381,422,381,422,379,422,378,422,378,422,376,422,374,417,374,413,374,413,374,409,374,404,374,404,374,400,374,397,374,395,373,395,371,395,371,395,370,395,368,395,368,395,366,395,365,395,365,395,363,394,362,391,361,388,361,386,360,385,359,382,358,378,358,378,358,373,358,370,358,369,357,369,355,369,355,369,353,369,352,369,352,369,350,367,349,364,349,361,348,360,347,358,346,355,345,352,346,351,347,350,348,347,349,344,348,342,347,342,345,342,345,342,344,341,343,338,342,335,342,333,340,332,339,329,339,326,338,324,337,324,336,324,336,324,334,324,332,324,332,324,331,324,329,324,329,324,327,323,326,320,326,317,325,316,324,316,323,316,323,316,321,314,320,311,319,308,319,307,318,307,316,307,316,307,315,305,313,302,313,299,312,298,311,296,310,293,310,290,309,289,308,288,307,285,306,282,306,280,305,280,303,280,303,280,302,279,300,276,300,271,300,271,300,267,300,264,299,262,298,261,297,258,297,254,297,254,297,249,297,246,296,245,295,245,293,245,293,245,292,245,290,245,290,245,289,245,287,245,287,245,285,245,284,240,284,237,283,236,282,236,280,231,280,228,280,227,279,226,278,223,277,220,277,218,276,217,275,214,274,209,274,209,274,205,274,200,274,200,274,196,274,192,274,192,274,187,274,184,273,183,272,181,271,178,271,174,271,174,271,169,271,166,270,165,269,164,268,161,268,158,267,156,266,156,264,152,264,149,264,147,263,146,262,143,261,140,261,138,259,140,258,143,258,147,258,147,258,152,258,156,258,156,256,156,255,156,255,156,253,155,252,152,251,149,251,147,250,146,249,143,248,138,248,138,248,134,248,131,248,130,246,128,245,125,245,122,244,121,243,121,242,121,242,121,240,119,239,116,238,113,238,112,237,112,235,112,235,112,234,110,232,107,232,104,231,103,230,102,229,99,229,94,229,94,229,90,229,87,228,85,227,84,226,81,225,76,225,76,225,72,225,69,226,68,227,68,229,68,229,68,230,68,232,68,232,68,234,68,235,68,235,68,237,68,238,68,238,68,240,69,241,72,242,75,242,76,243,78,244,81,245,85,245,85,245,90,245,93,245,94,246,94,248,94,248,94,250,93,251,90,251,85,251,85,251,81,251,76,251,76,251,72,251,69,251,68,250,66,249,63,248,59,248,59,248,54,248,51,248,50,246,48,245,45,245,42,244,41,243,40,242,37,242,32,242,32,243,32,245,32,245,32,246,34,248,37,248,40,249,41,250,42,251,45,251,48,252,50,253,51,254,54,255,57,255,59,256,57,257,54,258,50,258,50,258,45,258,42,258,41,259,41,261,41,261,41,263,42,264,45,264,48,265,50,266,51,267,54,268,57,268,59,269,59,271,59,271,59,272,60,273,63,274,66,275,68,276,69,277,72,277,75,278,76,279,76,280,76,280,76,282,78,283,81,284,84,284,85,285,85,287,85,287,85,289,85,290,85,290,85,292,84,293,81,293,78,294,76,295,76,297,76,297,76,298,76,300,76,300,76,302,78,303,81,303,84,304,85,305,85,306,85,306,85,308,87,309,90,310,94,310,94,310,99,310,102,310,103,311,103,313,103,313,103,315,104,316,107,316,110,317,112,318,113,319,116,319,119,320,121,321,122,322,125,323,128,323,130,324,131,325,134,326,137,326,138,327,140,329,143,329,146,330,147,331,149,332,152,332,155,333,156,334,158,335,161,336,164,336,165,337,166,338,169,339,172,339,174,340,175,341,178,342,181,343,183,344,184,345,187,345,190,346,192,347,193,348,196,349,199,349,200,350,202,351,205,352,208,352,209,353,211,354,214,355,217,356,218,357,218,358,218,358,218,360,220,361,223,361,226,362,227,363,228,364,231,365,234,365,236,366,237,367,240,368,245,368,245,368,249,368,252,368,254,370,254,371,254,371,254,373,255,374,258,374,261,375,262,376,264,377,267,378,271,378,271,378,276,378,280,378,280,378,285,378,288,378,289,379,290,380,293,381,296,381,298,383,299,384,302,384,307,384,307,384,311,384,314,385,316,386,316,387,316,387,316,389,317,390,320,391,323,391,324,392,326,393,329,394,332,394,333,395,333,397,333,397,333,399,335,400,338,400,341,401,342,402,344,403,347,404,351,404,351,404,355,404,358,404,360,405,361,406,364,407,369,407,369,407,373,407,376,407,378,408,379,410,382,410,385,410,386,408,388,407,391,407,395,407,395,407,400,407,404,407,404,407,409,407,412,406,413,405,414,404,417,404,420,403,422,402,423,401,426,400,431,400,431,400,435,400,440,400,440,400,444,400,448,400,448,400,453,400,456,401,457,402,459,403,462,404,465,404,466,405,468,406,471,407,475,407,475,407,479,407,484,407,484,407,488,407,493,407,493,407,497,407,502,407,502,407,506,407,509,407,510,408,512,410,515,410,518,411,519,412,518,413,515,413,510,413,510,413,506,413,503,414,502,415,500,416,497,417,494,417,493,418,491,419,488,420,484,420,484,420,479,420,475,420,475,420,471,420,468,420,466,421,465,422,462,423,459,424,457,425,457,426,457,426,457,428,457,430,457,430,457,431,459,432,462,433,466,433,466,433,471,433,475,433,475,433,479,433,484,433,484,433,488,433,491,433,493,434,493,436,493,436,493,438,493,439,493,439,493,441,491,442,488,442,485,443,484,444,485,445,488,446,491,446,493,447,494,448,497,449,502,449,502,449,506,449,510,449,510,449,515,449,519,449,519,449,524,449,528,449,528,449,533,449,537,449,537,449,541,449,546,449,546,449,550,449,553,449,555,451,556,452,559,452,564,452,564,452,568,452,572,452,572,452,577,452,580,453,581,454,583,455,586,455,590,455,590,455,595,455,599,455,599,455,603,455,606,456,608,457,609,458,612,459,617,459,617,459,621,459,626,459,626,459,630,459,630,365
329,203,324,203,324,203,320,203,317,202,316,201,314,200,311,200,308,200,307,201,307,203,307,203,307,204,307,206,307,206,307,208,307,209,307,209,307,211,308,212,311,212,316,212,316,212,320,212,324,212,324,212,329,212,332,212,333,211,333,209,333,209,333,208,333,206,333,206,333,204,332,203,329,203
276,212,273,213,271,214,271,216,271,216,271,217,273,218,276,219,279,218,280,217,280,216,280,216,280,214,279,213,276,212
630,293,627,294,626,295,624,296,621,297,618,297,617,298,617,300,617,300,617,302,617,303,617,303,617,305,617,306,617,306,617,308,617,310,617,310,617,311,617,313,617,313,617,315,617,316,617,316,617,318,618,319,621,319,624,320,626,321,627,322,630,323,630,293
524,63,521,64,519,65,521,66,524,67,527,66,528,65,527,64,524,63
435,387,432,388,431,389,432,390,435,391,438,390,440,389,438,388,435,387
417,154,414,155,413,156,414,157,417,157,420,157,422,156,420,155,417,154
302,290,299,290,298,289,298,287,298,287,298,285,296,284,293,284,289,284,289,284,285,284,282,283,280,282,279,281,276,280,271,280,271,280,267,280,264,280,262,279,261,278,258,277,254,277,254,277,249,277,245,277,245,277,240,277,237,278,236,279,236,280,240,280,243,281,245,282,245,284,249,284,254,284,254,284,258,284,261,284,262,285,264,286,267,287,271,287,271,287,276,287,279,288,280,289,282,290,285,290,288,291,289,292,290,293,293,293,298,293,298,293,302,293,305,293,307,292,305,291,302,290
231,41,227,41,227,41,223,41,220,41,218,42,218,44,218,44,218,46,220,47,223,47,227,47,227,47,231,47,234,47,236,46,236,44,236,44,236,42,234,41,231,41
205,229,200,229,200,229,196,229,193,229,192,230,193,231,196,232,199,232,200,234,202,235,205,235,208,235,209,234,209,232,209,232,209,230,208,229,205,229
169,183,166,184,165,185,165,187,165,187,165,188,166,189,169,190,172,189,174,188,174,187,174,187,174,185,174,183,169,183
161,258,156,258,156,259,156,261,156,261,156,263,156,264,161,264,164,264,165,263,165,261,165,261,165,259,164,258,161,258
125,131,122,132,121,133,122,134,125,135,128,134,130,133,128,132,125,131
63,34,60,35,59,36,60,37,63,38,66,37,68,36,66,35,63,34
28,238,25,239,23,240,25,241,28,242,32,242,32,240,31,239,28,238
586,284,583,284,581,285,581,287,581,287,581,289,583,290,586,290,589,290,590,289,590,287,590,287,590,285,589,284,586,284
577,303,574,304,572,305,572,306,572,306,572,308,574,309,577,310,581,310,581,308,581,306,581,306,581,305,580,304,577,303
