307,10,308,11,311,12,314,12,316,13,317,14,320,15,323,14,324,13,324,12,324,12,324,10,307,10
41,10,40,11,37,12,34,11,32,10,23,10,22,11,19,12,16,11,14,10,12,10,10,10,10,25,13,25,14,26,13,27,10,28,10,80,13,79,14,78,14,76,14,76,14,75,16,74,19,73,22,73,23,72,25,70,28,70,31,69,32,68,32,67,32,67,32,65,34,64,37,63,40,64,41,65,41,67,41,67,41,68,42,69,45,70,48,70,50,72,50,73,50,73,50,75,51,76,54,76,57,77,59,78,60,79,63,80,68,80,68,80,72,80,76,80,76,80,81,80,84,80,85,81,87,82,90,83,94,83,94,83,99,83,103,83,103,83,107,83,112,83,112,83,116,83,121,83,121,83,125,83,130,83,130,83,134,83,138,83,138,83,143,83,147,83,147,83,152,83,156,83,156,83,161,83,165,83,165,83,169,83,174,83,174,83,178,83,183,83,183,83,187,83,192,83,192,83,196,83,200,83,200,83,205,83,209,83,209,83,214,83,217,83,218,85,220,86,223,86,227,86,227,86,231,86,236,86,236,86,240,86,245,86,245,86,249,86,252,86,254,85,255,83,258,83,261,82,262,81,264,80,267,80,270,79,271,78,271,76,271,76,271,75,273,74,276,73,279,73,280,72,280,70,280,70,280,68,280,67,280,67,280,65,282,64,285,63,288,63,289,62,289,60,289,60,289,59,289,57,289,57,289,55,289,54,289,54,289,52,288,51,285,50,282,50,280,49,280,47,280,47,280,46,279,45,276,44,273,43,271,42,271,41,267,41,264,40,262,39,261,38,258,38,255,37,254,36,252,35,249,34,245,34,245,34,240,34,236,34,236,34,231,34,227,34,227,34,223,34,220,34,218,33,217,32,214,31,211,31,209,29,208,28,205,28,202,27,200,26,199,25,196,25,193,24,192,23,192,21,192,21,192,20,190,19,187,18,184,18,183,16,181,15,178,15,174,15,174,15,169,15,166,14,165,13,164,12,161,12,158,11,156,10,41,10
196,31,193,32,192,33,193,34,196,34,199,34,200,33,199,32,196,31
19,60,16,61,14,62,16,63,19,63,22,63,23,62,22,61,19,60
10,261,14,261,14,259,13,258,10,258,10,261
10,436,14,436,14,436,19,436,22,435,23,434,22,433,19,433,16,432,14,431,13,430,10,430,10,436
85,470,85,468,85,468,85,467,84,466,81,465,78,465,76,464,76,462,76,462,76,460,75,459,72,459,69,458,68,457,66,456,63,455,59,455,59,455,54,455,51,456,50,457,50,459,50,459,50,460,50,462,50,462,50,464,50,465,50,465,50,467,48,468,45,468,41,468,41,470,85,470
351,470,352,469,355,468,358,468,360,467,358,466,355,465,352,465,351,464,350,462,347,462,344,461,342,460,341,459,338,459,335,458,333,457,332,456,329,455,326,455,324,454,323,453,320,452,317,453,316,454,314,455,311,455,308,456,307,457,307,459,307,459,307,460,307,462,307,462,307,464,308,465,311,465,314,466,316,467,317,468,320,468,323,469,324,470,351,470
564,470,562,469,559,468,556,468,555,467,553,466,550,465,547,465,546,464,544,462,541,462,538,461,537,460,536,459,533,459,530,458,528,457,527,456,524,455,521,455,519,454,518,453,515,452,512,452,510,451,509,449,506,449,503,448,502,447,500,446,497,446,494,445,493,444,491,443,488,442,485,443,484,444,484,446,484,446,484,447,485,448,488,449,491,449,493,451,494,452,497,452,500,453,502,454,502,455,502,455,502,457,502,459,502,459,502,460,502,462,502,462,502,464,503,465,506,465,510,465,510,465,515,465,518,466,519,467,521,468,524,468,527,469,528,470,564,470
630,284,627,283,626,282,626,280,626,280,626,279,626,277,626,277,626,276,626,274,626,274,626,272,627,271,630,271,630,258,627,257,626,256,626,255,626,255,626,253,626,251,626,251,626,250,626,248,626,248,626,246,627,245,630,245,630,148,627,148,626,149,624,150,621,151,618,151,617,153,615,154,612,154,609,155,608,156,608,157,608,157,608,159,606,160,603,161,600,161,599,162,599,164,599,164,599,165,599,167,599,167,599,169,599,170,599,170,599,172,599,174,599,174,599,175,599,177,599,177,599,178,598,180,595,180,592,181,590,182,590,183,590,183,590,185,590,187,590,187,590,188,589,189,586,190,583,190,581,191,581,193,581,193,581,195,581,196,581,196,581,198,580,199,577,200,574,200,572,201,572,203,572,203,572,204,572,206,572,206,572,208,572,209,572,209,572,211,572,212,572,212,572,214,572,216,572,216,572,217,572,219,572,219,572,221,572,222,572,222,572,224,572,225,572,225,572,227,572,229,572,229,572,230,571,231,568,232,565,232,564,234,564,235,564,235,564,237,564,238,564,238,564,240,564,242,564,242,564,243,564,245,564,245,564,246,562,248,559,248,556,249,555,250,555,251,555,251,555,253,555,255,555,255,555,256,555,258,555,258,555,259,555,261,555,261,555,263,555,264,555,264,555,266,555,268,555,268,555,269,553,270,550,271,547,271,546,272,546,274,546,274,546,276,546,277,546,277,546,279,544,280,541,280,538,281,537,282,537,284,537,284,537,285,537,287,537,287,537,289,537,290,537,290,537,292,536,293,533,293,530,294,528,295,528,297,528,297,528,298,528,300,528,300,528,302,527,303,524,303,521,304,519,305,519,306,519,306,519,308,519,310,519,310,519,311,518,312,515,313,512,313,510,315,510,316,510,316,510,318,510,319,510,319,510,321,510,323,510,323,510,324,510,326,510,326,510,327,510,329,510,329,510,331,512,332,515,332,518,333,519,334,518,335,515,336,512,336,510,337,510,339,510,339,510,340,509,342,506,342,503,343,502,344,502,345,502,345,502,347,500,348,497,349,493,349,493,349,488,349,485,349,484,350,484,352,484,352,484,353,484,355,484,355,484,357,484,358,484,358,484,360,484,361,484,361,484,363,484,365,484,365,484,366,485,367,488,368,491,368,493,370,493,371,493,371,493,373,493,374,493,374,493,376,493,378,493,378,493,379,494,380,497,381,500,381,502,383,502,384,502,384,502,386,502,387,502,387,502,389,502,391,502,391,502,392,503,393,506,394,509,394,510,395,510,397,510,397,510,399,510,400,510,400,510,402,512,403,515,404,518,404,519,405,519,407,519,407,519,408,521,410,524,410,527,411,528,412,528,413,528,413,528,415,530,416,533,417,536,417,537,418,537,420,537,420,537,421,538,422,541,423,544,424,546,425,546,426,546,426,546,428,547,429,550,430,553,430,555,431,555,433,555,433,555,434,555,436,555,436,555,438,555,439,555,439,555,441,555,442,555,442,555,444,556,445,559,446,562,446,564,447,565,448,568,449,571,449,572,451,574,452,577,452,580,453,581,454,583,455,586,455,589,456,590,457,592,458,595,459,598,459,599,460,599,462,599,462,599,464,599,465,599,465,599,467,600,468,603,468,606,469,608,470,619,470,630,470,630,284
497,183,493,183,493,183,488,183,485,183,484,182,482,181,479,180,476,180,475,178,474,177,471,177,468,176,466,175,466,174,466,174,466,172,465,171,462,170,457,170,457,170,453,170,450,171,448,172,447,173,444,174,441,174,440,175,440,177,440,177,440,178,438,180,435,180,432,180,431,178,431,177,431,177,431,175,431,174,431,174,431,172,429,171,426,170,423,170,422,169,420,168,417,167,414,167,413,165,413,164,413,164,413,162,412,161,409,161,406,160,404,159,404,157,404,157,404,156,404,154,404,154,404,153,403,151,400,151,397,150,395,149,394,148,391,148,388,147,386,146,385,145,382,144,379,144,378,143,376,142,373,141,369,141,369,141,364,141,360,141,360,141,355,141,352,141,351,140,350,139,347,138,344,137,342,136,341,135,338,135,335,134,333,133,332,132,329,131,326,131,324,130,324,128,324,128,324,127,323,126,320,125,316,125,316,125,311,125,308,124,307,123,305,122,302,122,298,122,298,122,293,122,289,122,289,122,285,122,282,121,280,120,279,119,276,119,271,119,271,119,267,119,262,119,262,119,258,119,254,119,254,119,249,119,246,119,245,120,243,121,240,122,236,122,236,122,231,122,228,121,227,120,226,119,223,119,218,119,218,119,214,119,211,119,209,120,208,121,205,122,200,122,200,122,196,122,193,122,192,123,190,124,187,125,183,125,183,125,178,125,174,125,174,125,169,125,166,126,165,127,164,128,161,128,156,128,156,128,152,128,147,128,147,128,143,128,140,129,138,130,138,131,138,131,138,133,137,134,134,135,130,135,130,135,125,135,122,135,121,136,121,138,121,138,121,140,119,141,116,141,113,142,112,143,110,144,107,144,104,145,103,146,102,147,99,148,96,148,94,149,94,151,94,151,94,153,93,154,90,154,87,155,85,156,85,157,85,157,85,159,85,161,85,161,85,162,84,163,81,164,78,164,76,165,76,167,76,167,76,169,76,170,76,170,76,172,78,173,81,174,84,174,85,175,85,177,85,177,85,178,84,180,81,180,78,180,76,178,75,177,72,177,69,176,68,175,68,174,68,174,68,172,66,171,63,170,60,171,59,172,59,174,59,174,59,175,59,177,59,177,59,178,59,180,59,180,59,182,59,183,59,183,59,185,60,186,63,187,66,187,68,188,66,189,63,190,60,190,59,191,59,193,59,193,59,195,60,196,63,196,66,197,68,198,68,200,68,200,68,201,68,203,68,203,68,204,69,205,72,206,75,207,76,208,76,209,76,209,76,211,76,212,76,212,76,214,78,215,81,216,84,216,85,217,85,219,85,219,85,221,87,222,90,222,93,223,94,224,96,225,99,225,102,226,103,227,103,229,103,229,103,230,102,231,99,232,96,232,94,234,94,235,94,235,94,237,96,238,99,238,102,239,103,240,103,242,103,242,103,243,102,244,99,245,94,245,94,245,90,245,87,244,85,243,84,242,81,242,78,241,76,240,75,239,72,238,68,238,68,240,68,242,68,242,68,243,66,244,63,245,59,245,59,245,54,245,50,245,50,245,45,245,42,244,41,243,40,242,37,242,32,242,32,242,28,242,25,242,23,243,23,245,23,245,23,246,23,248,23,248,23,250,23,251,23,251,23,253,23,255,23,255,23,256,25,257,28,258,31,258,32,259,34,261,37,261,40,262,41,263,41,264,41,264,41,266,41,268,45,268,48,268,50,269,48,270,45,271,42,270,41,269,41,268,37,268,34,267,32,266,31,265,28,264,25,264,23,263,22,262,19,261,14,261,14,263,14,264,14,264,14,266,16,267,19,268,22,268,23,269,23,271,23,271,23,272,22,273,19,274,16,275,14,276,16,277,19,277,22,278,23,279,25,280,28,280,31,281,32,282,32,284,32,284,32,285,34,286,37,287,40,288,41,289,42,290,45,290,48,291,50,292,50,293,50,293,50,295,51,296,54,297,57,297,59,298,59,300,59,300,59,302,60,303,63,303,66,304,68,305,66,306,63,306,60,307,59,308,60,309,63,310,66,310,68,311,68,313,68,313,68,315,69,316,72,316,76,316,76,316,81,316,84,317,85,318,87,319,90,319,94,319,94,319,99,319,103,319,103,319,107,319,110,320,112,321,112,323,112,323,112,324,113,325,116,326,121,326,121,326,125,326,130,326,130,326,134,326,138,326,138,326,143,326,147,326,147,326,152,326,156,326,156,326,161,326,165,326,165,326,169,326,174,326,174,326,178,326,183,326,183,326,187,326,192,326,192,326,196,326,200,326,200,326,205,326,209,326,209,326,214,326,218,326,218,326,223,326,227,326,227,326,231,326,236,326,236,326,240,326,243,326,245,327,246,329,249,329,252,329,254,327,255,326,258,326,262,326,262,326,267,326,271,326,271,326,276,326,279,326,280,327,282,329,285,329,289,329,289,329,293,329,298,329,298,329,302,329,305,330,307,331,308,332,311,332,316,332,316,332,320,332,324,332,324,332,329,332,332,332,333,331,335,330,338,329,342,329,342,329,347,329,351,329,351,329,355,329,358,329,360,327,361,326,364,326,369,326,369,326,373,326,376,326,378,327,379,329,382,329,386,329,386,329,391,329,395,329,395,329,400,329,404,329,404,329,409,329,412,329,413,327,414,326,417,326,422,326,422,326,426,326,431,326,431,326,435,326,438,325,440,324,441,323,444,323,447,323,448,324,450,325,453,326,457,326,457,326,462,326,465,325,466,324,466,323,466,323,466,321,465,320,462,319,459,319,457,318,456,317,453,316,450,316,448,315,448,313,448,313,448,311,448,310,448,310,448,308,448,306,448,306,448,305,448,303,448,303,448,302,448,300,448,300,448,298,450,297,453,297,456,296,457,295,457,293,457,293,457,292,457,290,457,290,457,289,457,287,457,287,457,285,459,284,462,284,465,283,466,282,466,280,466,280,466,279,466,277,466,277,466,276,466,274,466,274,466,272,468,271,471,271,474,270,475,269,475,268,475,268,475,266,475,264,475,264,475,263,475,261,475,261,475,259,475,258,475,258,475,256,476,255,479,255,482,254,484,253,484,251,484,251,484,250,484,248,484,248,484,246,484,245,484,245,484,243,484,242,484,242,484,240,484,238,484,238,484,237,484,235,484,235,484,234,484,232,484,232,484,230,485,229,488,229,491,228,493,227,493,225,493,225,493,224,493,222,493,222,493,221,493,219,493,219,493,217,493,216,493,216,493,214,493,212,493,212,493,211,493,209,493,209,493,208,491,207,488,206,485,205,484,204,484,203,484,203,484,201,484,200,484,200,484,198,484,196,484,196,484,195,485,194,488,193,491,192,493,191,494,190,497,190,500,189,502,188,502,187,502,187,502,185,500,184,497,183
391,216,388,215,386,214,386,212,386,212,386,211,385,210,382,209,379,209,378,208,378,206,378,206,378,204,376,203,373,203,370,202,369,201,367,200,364,200,361,199,360,198,360,196,360,196,360,195,358,194,355,193,351,193,351,191,350,190,347,190,344,190,342,191,342,193,338,193,333,193,333,193,329,193,324,193,324,193,320,193,316,193,316,193,311,193,308,194,307,195,305,196,302,196,298,196,298,196,293,196,290,197,289,198,289,200,289,200,289,201,288,202,285,203,282,203,280,204,280,206,280,206,280,208,280,209,280,209,280,211,280,212,280,212,280,214,280,216,280,216,280,217,280,219,280,219,280,221,280,222,280,222,280,224,280,225,280,225,280,227,282,228,285,229,288,229,289,230,289,232,289,232,289,234,290,235,293,235,296,236,298,237,298,238,298,238,298,240,298,242,298,242,298,243,299,244,302,245,305,245,307,246,308,248,311,248,316,248,316,248,320,248,323,249,324,250,326,251,329,251,332,252,333,253,333,255,333,255,333,256,333,258,333,258,333,259,333,261,333,261,333,263,335,264,338,264,342,264,342,264,347,264,350,264,351,263,352,262,355,261,358,261,360,259,361,258,364,258,367,257,369,256,370,255,373,255,376,254,378,253,379,252,382,251,385,251,386,250,386,248,386,248,386,246,385,245,382,245,379,244,378,243,378,242,378,242,378,240,378,238,378,238,378,237,376,236,373,235,370,235,369,234,367,232,364,232,361,231,360,230,360,229,360,229,360,227,361,226,364,225,369,225,369,225,373,225,376,226,378,227,378,229,378,229,378,230,379,231,382,232,385,232,386,234,386,235,386,235,386,237,386,238,386,238,386,240,388,241,391,242,394,241,395,240,395,238,395,238,395,237,395,235,395,235,395,234,395,232,395,232,395,230,395,229,395,229,395,227,395,225,395,225,395,224,395,222,395,222,395,221,395,219,395,219,395,217,394,216,391,216
347,193,342,193,342,195,344,196,347,196,350,196,351,195,351,193,347,193
187,261,184,261,183,259,181,258,178,258,175,257,174,256,172,255,169,255,166,254,165,253,164,252,161,251,156,251,156,251,152,251,147,251,147,251,143,251,140,252,138,253,138,255,138,255,138,256,138,258,138,258,138,259,138,261,138,261,138,263,138,264,138,264,138,266,140,267,143,268,146,268,147,269,149,270,152,271,156,271,156,272,156,274,156,274,156,276,156,277,152,277,149,278,147,279,147,280,147,280,147,282,147,284,147,284,147,285,149,286,152,287,155,286,156,285,156,284,156,284,156,282,156,280,156,280,156,279,156,277,161,277,164,277,165,276,165,274,165,274,165,272,165,271,169,271,172,270,174,269,175,268,178,268,181,267,183,266,184,265,187,264,190,264,192,263,190,262,187,261
161,268,158,268,156,269,156,271,161,271,165,271,165,269,164,268,161,268
347,193,342,193,342,195,344,196,347,196,350,196,351,195,351,193,347,193
347,193,342,193,342,195,344,196,347,196,350,196,351,195,351,193,347,193
161,268,158,268,156,269,156,271,161,271,165,271,165,269,164,268,161,268
161,268,158,268,156,269,156,271,161,271,165,271,165,269,164,268,161,268
462,410,459,410,457,408,457,407,457,407,457,405,457,404,457,404,457,402,456,401,453,400,450,400,448,399,448,397,448,397,448,395,447,394,444,394,441,393,440,392,440,391,440,391,440,389,438,388,435,387,432,387,431,386,431,384,431,384,431,383,429,381,426,381,423,380,422,379,420,378,417,378,413,378,413,378,409,378,406,377,404,376,403,375,400,374,397,374,395,373,394,372,391,371,386,371,386,371,382,371,379,371,378,370,376,369,373,368,369,368,369,368,364,368,360,368,360,368,355,368,351,368,351,368,347,368,344,367,342,366,341,365,338,365,333,365,333,365,329,365,324,365,324,365,320,365,316,365,316,365,311,365,307,365,307,365,302,365,298,365,298,365,293,365,289,365,289,365,285,365,280,365,280,365,276,365,271,365,271,365,267,365,264,365,262,366,261,367,258,368,254,368,254,368,249,368,245,368,245,368,240,368,236,368,236,368,231,368,227,368,227,368,223,368,218,368,218,368,214,368,211,369,209,370,209,371,209,371,209,373,208,374,205,374,202,375,200,376,199,377,196,378,193,378,192,379,190,380,187,381,183,381,183,381,178,381,175,381,174,383,172,384,169,384,165,384,165,384,161,384,158,385,156,386,156,387,156,387,156,389,155,390,152,391,147,391,147,391,143,391,140,391,138,392,138,394,138,394,138,395,138,397,138,397,138,399,138,400,138,400,138,402,140,403,143,404,146,404,147,405,149,406,152,407,155,407,156,408,158,410,161,410,165,410,165,410,169,410,172,411,174,412,175,413,178,413,183,413,183,413,187,413,190,413,192,412,193,411,196,410,199,410,200,408,202,407,205,407,209,407,209,407,214,407,217,406,218,405,220,404,223,404,226,403,227,402,228,401,231,400,234,400,236,399,237,398,240,397,245,397,245,397,249,397,252,397,254,395,255,394,258,394,261,393,262,392,264,391,267,391,271,391,271,391,276,391,279,390,280,389,282,388,285,387,289,387,289,387,293,387,298,387,298,387,302,387,307,387,307,387,311,387,316,387,316,387,320,387,324,387,324,387,329,387,333,387,333,387,338,387,342,387,342,387,347,387,351,387,351,387,355,387,358,388,360,389,361,390,364,391,369,391,369,391,373,391,378,391,378,391,382,391,385,391,386,392,388,393,391,394,394,394,395,395,395,397,395,397,395,399,397,400,400,400,403,401,404,402,406,403,409,404,412,404,413,405,414,406,417,407,420,407,422,408,423,410,426,410,429,411,431,412,432,413,435,413,438,414,440,415,441,416,444,417,447,417,448,418,450,419,453,420,456,419,457,418,457,417,457,417,457,415,459,414,462,413,465,413,466,412,465,411,462,410
453,141,450,141,448,140,448,138,448,138,448,136,447,135,444,135,441,134,440,133,438,132,435,131,432,131,431,130,431,128,431,128,431,127,429,126,426,125,422,125,422,125,417,125,414,126,413,127,412,128,409,128,406,129,404,130,403,131,400,131,397,132,395,133,395,135,395,135,395,136,397,137,400,138,403,138,404,140,404,141,404,141,404,143,406,144,409,144,412,145,413,146,414,147,417,148,422,148,422,148,426,148,429,148,431,149,432,150,435,151,440,151,440,151,444,151,447,151,448,153,450,154,453,154,456,154,457,153,457,151,457,151,457,149,457,148,457,148,457,146,457,144,457,144,457,143,456,142,453,141
417,154,414,155,413,156,414,157,417,157,420,157,422,156,420,155,417,154
355,407,352,406,351,405,350,404,347,404,344,404,342,405,341,406,338,407,333,407,333,407,329,407,324,407,324,407,320,407,317,407,316,408,314,410,311,410,308,411,307,412,305,413,302,413,298,413,298,413,293,413,289,413,289,413,285,413,280,413,280,413,276,413,271,413,271,413,267,413,262,413,262,413,258,413,254,413,254,413,249,413,246,414,245,415,243,416,240,417,237,417,236,418,234,419,231,420,228,420,227,421,226,422,223,423,220,424,218,425,217,426,214,426,209,426,209,426,205,426,202,427,200,428,202,429,205,430,209,430,209,430,214,430,218,430,218,430,223,430,227,430,227,430,231,430,236,430,236,430,240,430,243,429,245,428,245,426,245,426,245,425,246,424,249,423,252,424,254,425,254,426,254,426,254,428,255,429,258,430,262,430,262,430,267,430,271,430,271,430,276,430,280,430,280,430,285,430,288,429,289,428,290,427,293,426,298,426,298,426,302,426,305,426,307,425,308,424,311,423,316,423,316,423,320,423,323,422,324,421,326,420,329,420,332,419,333,418,335,417,338,417,342,417,342,417,347,417,350,416,351,415,352,414,355,413,358,413,360,412,360,410,360,410,360,408,358,407,355,407
276,34,273,35,271,36,271,38,271,38,271,39,271,41,276,41,279,40,280,39,280,38,280,38,280,36,279,35,276,34
107,455,103,455,103,455,99,455,94,455,94,455,90,455,87,456,85,457,87,458,90,459,93,459,94,460,96,461,99,462,103,462,103,462,107,462,110,461,112,460,112,459,112,459,112,457,110,456,107,455
72,232,68,232,68,234,68,235,72,235,75,235,76,234,75,232,72,232
63,229,59,229,59,230,60,231,63,232,68,232,68,230,66,229,63,229
63,235,60,236,59,237,60,238,63,238,68,238,68,237,68,235,63,235
54,225,51,226,50,227,51,228,54,229,59,229,59,227,57,226,54,225
37,465,32,465,32,467,34,468,37,468,41,468,41,467,40,466,37,465
28,462,25,462,23,464,25,465,28,465,32,465,32,464,31,462,28,462
