590,10,590,12,590,12,590,13,592,14,595,15,598,15,599,16,599,18,599,18,599,20,600,21,603,21,606,22,608,23,608,25,608,25,608,26,608,28,608,28,608,29,609,31,612,31,617,31,617,31,621,31,624,32,626,33,626,34,626,34,626,36,627,37,630,38,630,24,630,10,590,10
209,10,208,11,205,12,202,11,200,10,192,10,192,12,192,12,192,13,192,15,192,15,192,16,190,18,187,18,184,19,183,20,181,21,178,21,174,21,174,21,169,21,166,21,165,20,164,19,161,18,158,18,156,16,155,15,152,15,149,14,147,13,147,12,147,12,147,10,76,10,75,11,72,12,69,12,68,13,66,14,63,15,60,15,59,16,57,18,54,18,50,18,50,18,45,18,41,18,41,18,37,18,34,19,32,20,31,21,28,21,23,21,23,21,19,21,14,21,14,21,10,21,10,25,13,25,14,26,13,27,10,28,10,144,13,145,14,146,16,147,19,148,22,148,23,149,25,150,28,151,31,151,32,153,34,154,37,154,40,155,41,156,42,157,45,157,48,158,50,159,51,160,54,161,59,161,59,161,63,161,66,161,68,162,68,164,68,164,68,165,69,167,72,167,76,167,76,167,81,167,84,168,85,169,87,170,90,170,94,170,94,170,99,170,102,170,103,169,104,168,107,167,112,167,112,167,116,167,119,168,121,169,122,170,125,170,128,171,130,172,131,173,134,174,138,174,138,174,143,174,146,174,147,175,149,176,152,177,155,176,156,175,158,174,161,174,165,174,165,174,169,174,174,174,174,174,178,174,183,174,183,174,187,174,192,174,192,174,196,174,200,174,200,174,205,174,208,173,209,172,211,171,214,170,218,170,218,170,223,170,227,170,227,170,231,170,236,170,236,170,240,170,245,170,245,170,249,170,252,170,254,169,255,168,258,167,262,167,262,167,267,167,271,167,271,167,276,167,280,167,280,167,285,167,289,167,289,167,293,167,298,167,298,167,302,167,307,167,307,167,311,167,316,167,316,167,320,167,323,167,324,165,326,164,329,164,332,163,333,162,335,161,338,161,342,161,342,161,347,161,350,160,351,159,352,158,355,157,358,157,360,156,361,155,364,154,367,154,369,153,370,151,373,151,376,150,378,149,378,148,378,148,378,146,378,144,378,144,378,143,378,141,378,141,378,140,379,138,382,138,386,138,386,138,391,138,395,138,395,138,400,138,404,138,404,138,409,138,412,137,413,136,414,135,417,135,420,135,422,136,422,138,422,138,422,140,422,141,422,141,422,143,422,144,422,144,422,146,422,148,422,148,422,149,423,150,426,151,431,151,431,151,435,151,440,151,440,151,444,151,447,151,448,153,450,154,453,154,456,155,457,156,459,157,462,157,465,158,466,159,468,160,471,161,474,160,475,159,475,157,475,157,475,156,475,154,475,154,475,153,474,151,471,151,468,150,466,149,465,148,462,148,459,147,457,146,457,144,457,144,457,143,457,141,457,141,457,140,457,138,457,138,457,136,457,135,457,135,457,133,457,131,457,131,457,130,457,128,457,128,457,127,457,125,457,125,457,123,457,122,457,122,457,120,457,119,457,119,457,117,457,115,457,115,457,114,457,112,457,112,457,110,457,109,457,109,457,107,457,106,457,106,457,104,457,102,457,102,457,101,456,100,453,99,450,99,448,97,448,96,448,96,448,94,448,93,448,93,448,91,447,90,444,89,441,89,440,88,440,86,440,86,440,85,438,83,435,83,432,82,431,81,431,80,431,80,431,78,432,77,435,76,440,76,440,76,444,76,447,76,448,75,447,74,444,73,441,73,440,72,438,70,435,70,432,70,431,72,429,73,426,73,423,73,422,72,422,70,422,70,422,68,422,67,422,67,422,65,422,63,422,63,422,62,422,60,422,60,422,59,422,57,422,57,422,55,420,54,417,54,414,53,413,52,413,50,413,50,413,49,413,47,413,47,413,46,413,44,413,44,413,42,413,41,413,41,413,39,412,38,409,38,406,37,404,36,403,35,400,34,397,34,395,33,395,31,395,31,395,29,394,28,391,28,388,28,386,29,385,31,382,31,379,31,378,29,378,28,378,28,378,26,378,25,378,25,378,23,378,21,378,21,378,20,378,18,378,18,378,16,378,15,378,15,378,13,378,12,378,12,378,10,209,10
444,115,440,115,440,114,440,112,440,112,440,110,440,109,440,109,440,107,440,106,440,106,440,104,440,102,440,102,440,101,440,99,440,99,440,97,438,96,435,96,432,95,431,94,431,93,431,93,431,91,431,89,431,89,431,88,429,87,426,86,422,86,422,85,420,83,417,83,413,83,413,83,409,83,406,83,404,85,406,86,409,86,413,86,413,86,417,86,422,86,422,88,422,89,422,89,422,91,420,92,417,93,414,93,413,94,414,95,417,96,420,96,422,97,422,99,422,99,422,101,422,102,422,102,422,104,422,106,422,106,422,107,422,109,422,109,422,110,422,112,422,112,422,114,423,115,426,115,431,115,431,115,435,115,440,115,440,117,441,118,444,119,447,118,448,117,447,116,444,115
417,76,414,77,413,78,414,79,417,80,420,79,422,78,420,77,417,76
409,57,404,57,404,57,400,57,397,58,395,59,395,60,395,60,395,62,397,63,400,63,403,63,404,62,406,61,409,60,412,60,413,59,412,58,409,57
409,102,404,102,404,102,400,102,397,103,395,104,395,106,395,106,395,107,395,109,391,109,388,109,386,110,386,112,382,112,379,113,378,114,379,115,382,115,385,115,386,114,386,112,391,112,394,112,395,110,395,109,400,109,403,109,404,110,406,112,409,112,412,112,413,110,413,109,413,109,413,107,413,106,413,106,413,104,412,103,409,102
391,119,388,119,386,120,388,121,391,122,394,121,395,120,394,119,391,119
391,125,388,126,386,127,388,128,391,128,394,128,395,127,394,126,391,125
391,131,388,132,386,133,388,134,391,135,394,134,395,133,394,132,391,131
373,34,370,35,369,36,370,37,373,38,376,37,378,36,376,35,373,34
373,119,370,119,369,120,369,122,369,122,369,123,369,125,369,125,369,127,370,128,373,128,376,128,378,127,378,125,378,125,378,123,378,122,378,122,378,120,376,119,373,119
355,54,352,54,351,55,351,57,351,57,351,59,352,60,355,60,358,60,360,59,360,57,360,57,360,55,358,54,355,54
329,38,326,38,324,39,324,41,324,41,324,42,323,43,320,44,317,45,316,46,317,47,320,47,324,47,324,47,329,47,332,47,333,46,333,44,333,44,333,42,333,41,333,41,333,39,332,38,329,38
329,54,326,53,324,52,323,51,320,50,317,51,316,52,314,53,311,54,308,53,307,52,307,50,307,50,307,49,305,48,302,47,299,48,298,49,296,50,293,50,290,51,289,52,289,54,289,54,289,55,289,57,289,57,289,59,289,60,289,60,289,62,290,63,293,63,296,64,298,65,298,67,298,67,298,68,299,69,302,70,305,70,307,72,308,73,311,73,316,73,316,73,320,73,324,73,324,73,329,73,332,73,333,72,333,70,333,70,333,68,332,67,329,67,326,66,324,65,324,63,324,63,324,62,324,60,324,60,324,59,326,58,329,57,332,56,333,55,332,54,329,54
320,93,317,92,316,91,316,89,316,89,316,88,314,87,311,86,307,86,307,86,302,86,298,86,298,86,293,86,289,86,289,86,285,86,282,86,280,85,279,83,276,83,273,83,271,85,270,86,267,86,262,86,262,86,258,86,255,87,254,88,252,89,249,89,246,90,245,91,246,92,249,93,252,93,254,94,254,96,254,96,254,97,254,99,254,99,254,101,255,102,258,102,261,103,262,104,264,105,267,106,270,106,271,107,273,108,276,109,279,109,280,110,282,112,285,112,289,112,289,112,293,112,296,112,298,110,299,109,302,109,305,108,307,107,308,106,311,106,314,105,316,104,316,102,316,102,316,101,316,99,316,99,316,97,317,96,320,96,323,95,324,94,323,93,320,93
10,420,14,420,14,420,19,420,23,420,23,420,28,420,31,420,32,421,34,422,37,423,41,423,41,423,45,423,50,423,50,423,54,423,59,423,59,423,63,423,66,422,68,421,66,420,63,420,60,419,59,418,59,417,59,417,59,415,60,414,63,413,68,413,68,413,72,413,76,413,76,413,81,413,84,414,85,415,85,417,85,417,85,418,87,419,90,420,93,420,94,421,96,422,99,423,103,423,103,423,107,423,110,422,112,421,113,420,116,420,119,419,121,418,122,417,125,417,130,417,130,417,134,417,137,417,138,418,140,419,143,420,147,420,147,420,152,420,155,419,156,418,156,417,156,417,156,415,155,414,152,413,147,413,147,413,143,413,138,413,138,413,134,413,131,413,130,412,130,410,130,410,130,408,130,407,130,407,130,405,130,404,130,404,130,402,130,400,130,400,130,399,130,397,130,397,130,395,128,394,125,394,121,394,121,394,116,394,113,394,112,395,110,397,107,397,103,397,103,397,99,397,96,398,94,399,93,400,90,400,87,401,85,402,84,403,81,404,76,404,76,404,72,404,69,403,68,402,68,400,68,400,68,399,66,398,63,397,59,397,59,397,54,397,50,397,50,397,45,397,41,397,41,397,37,397,32,397,32,397,28,397,23,397,23,397,19,397,14,397,14,397,10,397,10,420
23,470,25,469,28,468,31,468,32,467,32,465,32,465,32,464,31,462,28,462,25,461,23,460,22,459,19,459,16,459,14,460,14,462,14,462,14,464,14,465,14,465,14,467,14,468,14,468,14,470,23,470
85,470,84,469,81,468,78,468,76,467,75,466,72,465,68,465,68,465,63,465,60,465,59,464,57,462,54,462,51,462,50,464,50,465,50,465,50,467,48,468,45,468,42,469,41,470,85,470
218,470,218,468,218,468,218,467,218,465,218,465,218,464,218,462,218,462,218,460,218,459,218,459,218,457,218,455,218,455,218,454,217,453,214,452,211,452,209,451,209,449,209,449,209,447,209,446,209,446,209,444,208,443,205,442,202,442,200,441,200,439,200,439,200,438,199,437,196,436,193,435,192,434,190,433,187,433,183,433,183,433,178,433,175,432,174,431,174,430,174,430,174,428,172,427,169,426,166,427,165,428,165,430,165,430,165,431,165,433,165,433,165,434,164,435,161,436,158,437,156,438,155,439,152,439,149,440,147,441,146,442,143,442,140,443,138,444,138,446,138,446,138,447,138,449,138,449,138,451,138,452,138,452,138,454,140,455,143,455,147,455,147,455,152,455,155,455,156,454,158,453,161,452,164,453,165,454,166,455,169,455,172,456,174,457,175,458,178,459,181,459,183,460,184,461,187,462,190,462,192,464,192,465,192,465,192,467,192,468,192,468,192,470,218,470
378,470,378,468,378,468,378,467,378,465,378,465,378,464,378,462,378,462,378,460,379,459,382,459,386,459,386,459,391,459,395,459,395,459,400,459,403,458,404,457,404,455,404,455,404,454,404,452,404,452,404,451,406,449,409,449,412,448,413,447,413,446,413,446,413,444,413,442,413,442,413,441,414,440,417,439,420,439,422,438,420,437,417,436,414,435,413,434,413,433,413,433,413,431,413,430,413,430,413,428,413,426,413,426,413,425,413,423,413,423,413,421,413,420,413,420,413,418,413,417,413,417,413,415,413,413,413,413,413,412,414,411,417,410,420,410,422,408,423,407,426,407,429,406,431,405,432,404,435,404,438,403,440,402,441,401,444,400,447,400,448,399,448,397,448,397,448,395,448,394,448,394,448,392,450,391,453,391,456,390,457,389,457,387,457,387,457,386,459,385,462,384,465,384,466,383,468,381,471,381,475,381,475,381,479,381,482,381,484,383,484,384,484,384,484,386,484,387,484,387,484,389,482,390,479,391,476,391,475,392,475,394,475,394,475,395,475,397,475,397,475,399,475,400,475,400,475,402,475,404,475,404,475,405,474,406,471,407,468,407,466,408,468,410,471,410,474,411,475,412,475,413,475,413,475,415,476,416,479,417,482,416,484,415,484,413,484,413,484,412,485,411,488,410,491,410,493,408,494,407,497,407,500,406,502,405,502,404,502,404,502,402,502,400,502,400,502,399,502,397,502,397,502,395,503,394,506,394,509,393,510,392,510,391,510,391,510,389,510,387,510,387,510,386,512,385,515,384,518,384,519,383,519,381,519,381,519,379,519,378,519,378,519,376,519,374,519,374,519,373,521,372,524,371,527,371,528,370,528,368,528,368,528,366,528,365,528,365,528,363,528,361,528,361,528,360,528,358,528,358,528,357,528,355,528,355,528,353,528,352,528,352,528,350,528,349,528,349,528,347,528,345,528,345,528,344,528,342,528,342,528,340,528,339,528,339,528,337,528,336,528,336,528,334,528,332,528,332,528,331,528,329,528,329,528,327,528,326,528,326,528,324,528,323,528,323,528,321,527,320,524,319,521,319,519,318,519,316,519,316,519,315,519,313,519,313,519,311,519,310,519,310,519,308,519,306,519,306,519,305,519,303,519,303,519,302,519,300,519,300,519,298,519,297,519,297,519,295,519,293,519,293,519,292,519,290,519,290,519,289,519,287,519,287,519,285,521,284,524,284,527,284,528,285,528,287,528,287,528,289,530,290,533,290,536,291,537,292,538,293,541,293,544,293,546,292,546,290,546,290,546,289,546,287,546,287,546,285,546,284,546,284,546,282,546,280,546,280,546,279,546,277,546,277,546,276,546,274,546,274,546,272,546,271,546,271,546,269,546,268,546,268,546,266,546,264,546,264,546,263,546,261,546,261,546,259,546,258,546,258,546,256,546,255,546,255,546,253,546,251,546,251,546,250,546,248,546,248,546,246,546,245,546,245,546,243,546,242,546,242,546,240,546,238,546,238,546,237,546,235,546,235,546,234,546,232,546,232,546,230,546,229,546,229,546,227,546,225,546,225,546,224,546,222,546,222,546,221,546,219,546,219,546,217,546,216,546,216,546,214,546,212,546,212,546,211,546,209,546,209,546,208,546,206,546,206,546,204,546,203,546,203,546,201,544,200,541,200,538,199,537,198,537,196,537,196,537,195,537,193,537,193,537,191,536,190,533,190,530,189,528,188,527,187,524,187,521,186,519,185,518,184,515,183,512,183,510,182,510,180,510,180,510,178,509,177,506,177,502,177,502,177,497,177,494,176,493,175,491,174,488,174,485,173,484,172,482,171,479,170,475,170,475,170,471,170,468,170,466,169,465,168,462,167,459,168,457,169,456,170,453,170,450,171,448,172,447,173,444,174,441,174,440,175,441,176,444,177,447,177,448,178,448,180,448,180,448,182,447,183,444,183,440,183,440,183,435,183,431,183,431,183,426,183,423,183,422,182,422,180,422,180,422,178,420,177,417,177,414,176,413,175,413,174,413,174,413,172,413,170,413,170,413,169,413,167,413,167,413,165,413,164,413,164,413,162,413,161,413,161,413,159,413,157,409,157,404,157,404,157,400,157,397,158,395,159,394,160,391,161,388,161,386,162,388,163,391,164,394,164,395,165,395,167,395,167,395,169,395,170,400,170,403,171,404,172,403,173,400,174,397,173,395,172,395,170,391,170,388,170,386,169,385,168,382,167,378,167,378,167,373,167,370,168,369,169,369,170,369,170,369,172,369,174,369,174,369,175,369,177,369,177,369,178,367,180,364,180,361,181,360,182,358,183,355,183,351,183,351,183,347,183,342,183,342,183,338,183,333,183,333,183,329,183,324,183,324,183,320,183,317,184,316,185,314,186,311,187,308,187,307,188,305,189,302,190,298,190,298,190,293,190,290,190,289,191,288,192,285,193,280,193,280,193,276,193,271,193,271,193,267,193,264,194,262,195,261,196,258,196,254,196,254,196,249,196,246,197,245,198,243,199,240,200,237,200,236,201,234,202,231,203,228,203,227,204,226,205,223,206,218,206,218,206,214,206,211,207,209,208,208,209,205,209,200,209,200,209,196,209,192,209,192,209,187,209,183,209,183,209,178,209,175,210,174,211,172,212,169,212,166,213,165,214,164,215,161,216,158,216,156,217,156,219,156,219,156,221,155,222,152,222,149,223,147,224,147,225,147,225,147,227,146,228,143,229,140,229,138,230,138,232,138,232,138,234,137,235,134,235,131,236,130,237,128,238,125,238,122,239,121,240,121,242,121,242,121,243,119,244,116,245,113,245,112,246,112,248,112,248,112,250,112,251,112,251,112,253,112,255,112,255,112,256,112,258,112,258,112,259,112,261,112,261,112,263,112,264,112,264,112,266,112,268,112,268,112,269,112,271,112,271,112,272,110,273,107,274,104,275,103,276,104,277,107,277,110,278,112,279,112,280,112,280,112,282,113,283,116,284,119,284,121,285,121,287,121,287,121,289,122,290,125,290,128,291,130,292,131,293,134,293,137,294,138,295,138,297,138,297,138,298,140,299,143,300,146,300,147,302,147,303,147,303,147,305,147,306,147,306,147,308,147,310,147,310,147,311,147,313,147,313,147,315,149,316,152,316,155,317,156,318,156,319,156,319,156,321,158,322,161,323,164,323,165,324,165,326,165,326,165,327,165,329,165,329,165,331,166,332,169,332,172,333,174,334,175,335,178,336,181,336,183,337,183,339,183,339,183,340,181,342,178,342,174,342,174,342,169,342,166,342,165,340,164,339,161,339,156,339,156,339,152,339,149,338,147,337,146,336,143,336,138,336,138,336,134,336,131,336,130,337,128,338,125,339,122,339,121,340,119,342,116,342,113,342,112,340,112,339,112,339,112,337,113,336,116,336,119,335,121,334,121,332,121,332,121,331,119,330,116,329,112,329,112,329,107,329,103,329,103,329,99,329,96,330,94,331,96,332,99,332,102,333,103,334,102,335,99,336,96,336,94,337,93,338,90,339,87,339,85,340,87,341,90,342,93,343,94,344,94,345,94,345,94,347,96,348,99,349,103,349,103,349,107,349,110,349,112,350,113,351,116,352,119,352,121,353,122,354,125,355,128,356,130,357,131,358,134,358,138,358,138,358,143,358,146,359,147,360,149,361,152,361,155,362,156,363,158,364,161,365,165,365,165,365,169,365,172,365,174,366,175,367,178,368,183,368,183,368,187,368,190,368,192,370,193,371,196,371,200,371,200,371,205,371,209,371,209,371,214,371,217,372,218,373,220,374,223,374,227,374,227,374,231,374,234,375,236,376,234,377,231,378,228,378,227,379,226,380,223,381,220,381,218,383,217,384,214,384,211,385,209,386,211,387,214,387,218,387,218,387,223,387,227,387,227,387,231,387,236,387,236,387,240,387,245,387,245,387,249,387,254,387,254,387,258,387,262,387,262,387,267,387,271,387,271,387,276,387,279,388,280,389,282,390,285,391,288,391,289,392,290,393,293,394,296,394,298,395,299,397,302,397,305,398,307,399,307,400,307,400,307,402,305,403,302,404,299,404,298,405,298,407,298,407,298,408,299,410,302,410,305,411,307,412,305,413,302,413,299,414,298,415,298,417,298,417,298,418,296,419,293,420,289,420,289,420,285,420,282,420,280,421,279,422,276,423,271,423,271,423,267,423,262,423,262,423,258,423,254,423,254,423,249,423,245,423,245,423,240,423,237,424,236,425,236,426,236,426,236,428,237,429,240,430,243,430,245,431,246,432,249,433,252,433,254,434,255,435,258,436,261,437,262,438,262,439,262,439,262,441,262,442,262,442,262,444,264,445,267,446,270,446,271,447,271,449,271,449,271,451,273,452,276,452,280,452,280,452,285,452,289,452,289,452,293,452,296,453,298,454,299,455,302,455,305,456,307,457,308,458,311,459,314,459,316,460,316,462,316,462,316,464,316,465,316,465,316,467,317,468,320,468,323,469,324,470,378,470
417,245,414,244,413,243,413,242,413,242,413,240,413,238,413,238,413,237,413,235,413,235,413,234,412,232,409,232,406,231,404,230,403,229,400,229,397,228,395,227,394,226,391,225,388,225,386,224,385,223,382,222,379,223,378,224,376,225,373,225,370,226,369,227,369,229,369,229,369,230,369,232,369,232,369,234,367,235,364,235,361,236,360,237,358,238,355,238,352,239,351,240,351,242,351,242,351,243,351,245,351,245,351,246,351,248,351,248,351,250,351,251,351,251,351,253,352,254,355,255,358,255,360,256,360,258,360,258,360,259,360,261,360,261,360,263,358,264,355,264,352,265,351,266,351,268,351,268,351,269,350,270,347,271,344,271,342,272,341,273,338,274,333,274,333,274,329,274,324,274,324,274,320,274,317,275,316,276,314,277,311,277,307,277,307,277,302,277,299,278,298,279,296,280,293,280,290,281,289,282,289,284,289,284,289,285,290,286,293,287,296,288,298,289,296,290,293,290,290,291,289,292,289,293,289,293,289,295,288,296,285,297,282,297,280,298,282,299,285,300,288,300,289,302,289,303,289,303,289,305,290,306,293,306,296,307,298,308,299,309,302,310,305,310,307,311,308,312,311,313,314,313,316,315,316,316,316,316,316,318,317,319,320,319,323,319,324,318,326,317,329,316,333,316,333,316,338,316,341,316,342,315,344,313,347,313,350,312,351,311,351,310,351,310,351,308,351,306,351,306,351,305,352,304,355,303,358,303,360,302,360,300,360,300,360,298,361,297,364,297,367,296,369,295,370,294,373,293,376,293,378,292,379,291,382,290,386,290,386,290,391,290,394,290,395,289,395,287,395,287,395,285,395,284,395,284,395,282,395,280,395,280,395,279,395,277,395,277,395,276,395,274,395,274,395,272,397,271,400,271,403,270,404,269,404,268,404,268,404,266,406,265,409,264,412,264,413,263,413,261,413,261,413,259,414,258,417,258,420,257,422,256,422,255,422,255,422,253,422,251,422,251,422,250,422,248,422,248,422,246,420,245,417,245
409,183,406,184,404,185,406,186,409,187,412,186,413,185,412,184,409,183
630,248,627,248,626,246,627,245,630,245,630,190,626,190,626,190,621,190,618,190,617,191,617,193,617,193,617,195,617,196,617,196,617,198,617,200,617,200,617,201,617,203,617,203,617,204,617,206,617,206,617,208,617,209,617,209,617,211,615,212,612,212,609,213,608,214,606,215,603,216,600,216,599,217,599,219,599,219,599,221,598,222,595,222,592,223,590,224,590,225,590,225,590,227,590,229,590,229,590,230,590,232,590,232,590,234,589,235,586,235,583,236,581,237,581,238,581,238,581,240,581,242,581,242,581,243,583,244,586,245,589,245,590,246,590,248,590,248,590,250,590,251,590,251,590,253,590,255,590,255,590,256,590,258,590,258,590,259,590,261,590,261,590,263,590,264,590,264,590,266,590,268,590,268,590,269,590,271,590,271,590,272,590,274,590,274,590,276,590,277,590,277,590,279,590,280,590,280,590,282,590,284,590,284,590,285,590,287,590,287,590,289,590,290,590,290,590,292,590,293,590,293,590,295,590,297,590,297,590,298,590,300,590,300,590,302,590,303,590,303,590,305,590,306,590,306,590,308,590,310,590,310,590,311,590,313,590,313,590,315,590,316,590,316,590,318,590,319,590,319,590,321,592,322,595,323,598,323,599,324,599,326,599,326,599,327,599,329,599,329,599,331,599,332,599,332,599,334,599,336,599,336,599,337,599,339,599,339,599,340,599,342,599,342,599,344,599,345,599,345,599,347,599,349,599,349,599,350,599,352,599,352,599,353,599,355,599,355,599,357,599,358,599,358,599,360,598,361,595,361,592,362,590,363,590,365,590,365,590,366,590,368,590,368,590,370,590,371,590,371,590,373,590,374,590,374,590,376,590,378,590,378,590,379,590,381,590,381,590,383,590,384,590,384,590,386,590,387,590,387,590,389,590,391,590,391,590,392,589,393,586,394,583,394,581,395,581,397,581,397,581,399,581,400,581,400,581,402,581,404,581,404,581,405,580,406,577,407,572,407,572,407,568,407,565,407,564,408,564,410,564,410,564,412,564,413,564,413,564,415,564,417,564,417,564,418,564,420,564,420,564,421,564,423,564,423,564,425,564,426,564,426,564,428,564,430,564,430,564,431,564,433,564,433,564,434,564,436,564,436,564,438,564,439,564,439,564,441,564,442,564,442,564,444,564,446,564,446,564,447,564,449,564,449,564,451,564,452,564,452,564,454,564,455,564,455,564,457,564,459,564,459,564,460,564,462,564,462,564,464,564,465,564,465,564,467,564,468,564,468,564,470,597,470,630,470,630,248
506,70,503,70,502,72,502,73,502,73,502,75,502,76,502,76,502,78,503,79,506,80,509,79,510,78,510,76,510,76,510,75,510,73,510,73,510,72,509,70,506,70
497,459,494,458,493,457,493,455,493,455,493,454,491,453,488,452,484,452,484,452,479,452,476,452,475,451,474,449,471,449,468,449,466,451,466,452,466,452,466,454,468,455,471,455,474,456,475,457,475,459,475,459,475,460,476,461,479,462,482,462,484,464,485,465,488,465,493,465,493,465,497,465,500,465,502,464,502,462,502,462,502,460,500,459,497,459
435,449,431,449,431,449,426,449,423,449,422,451,422,452,422,452,422,454,420,455,417,455,414,456,413,457,413,459,413,459,413,460,414,461,417,462,422,462,422,462,426,462,429,461,431,460,432,459,435,459,438,458,440,457,440,455,440,455,440,454,440,452,440,452,440,451,438,449,435,449
417,154,414,155,413,156,413,157,417,157,420,157,422,156,420,155,417,154
267,459,264,458,262,457,262,455,262,455,262,454,261,453,258,452,255,453,254,454,254,455,254,455,254,457,254,459,254,459,254,460,254,462,254,462,254,464,254,465,254,465,254,467,255,468,258,468,262,468,262,468,267,468,270,468,271,467,271,465,271,465,271,464,271,462,271,462,271,460,270,459,267,459
143,423,138,423,138,423,134,423,131,424,130,425,131,426,134,426,138,426,138,426,143,426,146,426,147,425,146,424,143,423
81,433,78,432,76,431,76,430,76,430,76,428,75,427,72,426,68,426,68,426,63,426,60,427,59,428,60,429,63,430,66,430,68,431,66,432,63,433,59,433,59,433,54,433,51,433,50,434,51,435,54,436,57,437,59,438,60,439,63,439,68,439,68,439,72,439,76,439,76,439,81,439,84,439,85,438,85,436,85,436,85,434,84,433,81,433
