590,10,590,12,590,12,590,13,592,14,595,15,598,15,599,16,599,18,599,18,599,20,600,21,603,21,606,22,608,23,608,25,608,25,608,26,608,28,608,28,608,29,609,31,612,31,617,31,617,31,621,31,624,32,626,33,626,34,626,34,626,36,627,37,630,38,630,24,630,10,590,10
183,10,181,11,178,12,174,12,174,12,169,12,166,12,165,13,166,14,169,15,172,15,174,16,172,18,169,18,165,18,165,18,161,18,158,18,156,16,155,15,152,15,149,14,147,13,147,12,147,12,147,10,76,10,75,11,72,12,68,12,68,12,63,12,60,12,59,13,57,14,54,15,51,15,50,16,48,18,45,18,41,18,41,18,37,18,32,18,32,18,28,18,23,18,23,18,19,18,14,18,14,18,10,18,10,25,13,25,14,26,13,27,10,28,10,144,13,145,14,146,16,147,19,148,22,148,23,149,25,150,28,151,31,151,32,153,34,154,37,154,41,154,41,154,45,154,48,155,50,156,50,157,50,157,50,159,51,160,54,161,59,161,59,161,63,161,66,161,68,162,68,164,68,164,68,165,69,167,72,167,76,167,76,167,81,167,85,167,85,167,90,167,94,167,94,167,99,167,103,167,103,167,107,167,112,167,112,167,116,167,121,167,121,167,125,167,128,168,130,169,130,170,130,170,130,172,131,173,134,174,138,174,138,174,143,174,147,174,147,174,152,174,156,174,156,174,161,174,165,174,165,174,169,174,172,173,174,172,175,171,178,170,183,170,183,170,187,170,192,170,192,170,196,170,200,170,200,170,205,170,209,170,209,170,214,170,218,170,218,170,223,170,226,170,227,169,228,168,231,167,236,167,236,167,240,167,245,167,245,167,249,167,254,167,254,167,258,167,261,167,262,165,264,164,267,164,271,164,271,164,276,164,280,164,280,164,285,164,289,164,289,164,293,164,298,164,298,164,302,164,307,164,307,164,311,164,316,164,316,164,320,164,323,163,324,162,326,161,329,161,333,161,333,161,338,161,341,160,342,159,344,158,347,157,351,157,351,157,355,157,358,157,360,156,361,155,364,154,367,154,369,153,369,151,369,151,369,149,370,148,373,148,376,147,378,146,378,144,378,144,378,143,378,141,378,141,378,140,379,138,382,138,386,138,386,138,391,138,395,138,395,138,400,138,403,137,404,136,406,135,409,135,413,135,413,135,417,135,420,135,422,136,422,138,422,138,422,140,422,141,422,141,422,143,422,144,422,144,422,146,422,148,422,148,422,149,423,150,426,151,431,151,431,151,435,151,440,151,440,151,444,151,447,151,448,153,450,154,453,154,456,155,457,156,459,157,462,157,465,158,466,159,468,160,471,161,474,160,475,159,475,157,475,157,475,156,475,154,475,154,475,153,474,151,471,151,468,150,466,149,465,148,462,148,459,147,457,146,457,144,457,144,457,143,457,141,457,141,457,140,457,138,457,138,457,136,457,135,457,135,457,133,457,131,457,131,457,130,457,128,457,128,457,127,457,125,457,125,457,123,457,122,457,122,457,120,457,119,457,119,457,117,457,115,457,115,457,114,457,112,457,112,457,110,457,109,457,109,457,107,457,106,457,106,457,104,457,102,457,102,457,101,456,100,453,99,450,99,448,97,448,96,448,96,448,94,448,93,448,93,448,91,447,90,444,89,441,89,440,88,441,87,444,86,447,86,448,85,447,83,444,83,440,83,440,83,435,83,432,82,431,81,432,80,435,80,438,79,440,78,441,77,444,76,447,76,448,75,447,74,444,73,441,73,440,72,438,70,435,70,432,70,431,72,429,73,426,73,423,73,422,72,422,70,422,70,422,68,422,67,422,67,422,65,422,63,422,63,422,62,422,60,422,60,422,59,423,58,426,57,429,56,431,55,429,54,426,54,423,53,422,52,422,50,422,50,422,49,420,48,417,47,414,47,413,46,413,44,413,44,413,42,413,41,413,41,413,39,412,38,409,38,406,37,404,36,403,35,400,34,397,34,395,33,395,31,395,31,395,29,394,28,391,28,388,28,386,29,385,31,382,31,379,31,378,29,378,28,378,28,378,26,378,25,378,25,378,23,378,21,378,21,378,20,378,18,378,18,378,16,379,15,382,15,386,15,386,13,385,12,382,12,379,11,378,10,183,10
444,112,441,111,440,110,440,109,440,109,440,107,440,106,440,106,440,104,440,102,440,102,440,101,440,99,440,99,440,97,438,96,435,96,432,95,431,94,431,93,431,93,431,91,429,90,426,89,423,90,422,91,422,93,422,93,422,94,422,96,422,96,422,97,422,99,422,99,422,101,422,102,422,102,422,104,422,106,422,106,422,107,422,109,422,109,422,110,422,112,422,112,422,114,423,115,426,115,431,115,431,115,435,115,438,116,440,117,440,119,440,119,440,120,440,122,440,122,440,123,440,125,440,125,440,127,441,128,444,128,447,128,448,127,448,125,448,125,448,123,448,122,448,122,448,120,448,119,448,119,448,117,448,115,448,115,448,114,447,113,444,112
417,83,414,83,413,85,414,86,417,86,420,86,422,85,420,83,417,83
409,57,404,57,404,57,400,57,397,58,395,59,395,60,395,60,395,62,397,63,400,63,404,63,404,63,409,63,412,63,413,62,413,60,413,60,413,59,412,58,409,57
409,102,404,102,404,102,400,102,397,103,395,104,395,106,395,106,395,107,395,109,391,109,388,109,386,110,386,112,382,112,379,113,378,114,379,115,382,115,385,115,386,114,386,112,391,112,394,112,395,110,395,109,400,109,403,109,404,110,406,112,409,112,412,112,413,110,413,109,413,109,413,107,413,106,413,106,413,104,412,103,409,102
391,119,388,119,386,120,388,121,391,122,394,121,395,120,394,119,391,119
391,125,388,126,386,127,386,128,386,128,386,130,386,131,386,131,386,133,388,134,391,135,394,134,395,133,395,131,395,131,395,130,395,128,395,128,395,127,394,126,391,125
373,119,370,119,369,120,369,122,369,122,369,123,369,125,369,125,369,127,370,128,373,128,376,128,378,127,378,125,378,125,378,123,378,122,378,122,378,120,376,119,373,119
355,54,352,54,351,55,352,56,355,57,358,56,360,55,358,54,355,54
329,41,326,41,324,42,323,43,320,44,317,45,316,46,316,47,316,47,316,49,314,50,311,50,308,50,307,49,305,48,302,47,299,48,298,49,296,50,293,50,290,51,289,52,289,54,289,54,289,55,289,57,289,57,289,59,289,60,289,60,289,62,290,63,293,63,296,64,298,65,298,67,298,67,298,68,299,69,302,70,305,70,307,72,308,73,311,73,316,73,316,73,320,73,323,73,324,72,326,70,329,70,332,69,333,68,332,67,329,67,326,66,324,65,324,63,324,63,324,62,323,61,320,60,317,60,316,59,317,58,320,57,323,56,324,55,324,54,324,54,324,52,324,50,324,50,324,49,326,48,329,47,332,47,333,46,333,44,333,44,333,42,332,41,329,41
302,89,299,90,298,91,296,92,293,93,289,93,289,93,285,93,282,92,280,91,279,90,276,89,273,89,271,88,270,87,267,86,262,86,262,86,258,86,255,87,254,88,254,89,254,89,254,91,254,93,254,93,254,94,255,95,258,96,261,96,262,97,262,99,262,99,262,101,262,102,262,102,262,104,264,105,267,106,270,106,271,107,273,108,276,109,279,108,280,107,282,106,285,106,289,106,289,106,293,106,296,105,298,104,298,102,298,102,298,101,299,100,302,99,305,99,307,97,307,96,307,96,307,94,307,93,307,93,307,91,305,90,302,89
10,420,14,420,14,420,19,420,23,420,23,420,28,420,32,420,32,420,37,420,40,420,41,421,42,422,45,423,50,423,50,423,54,423,59,423,59,423,63,423,66,422,68,421,66,420,63,420,60,419,59,418,59,417,59,417,59,415,60,414,63,413,66,414,68,415,69,416,72,417,75,416,76,415,78,414,81,413,84,414,85,415,87,416,90,417,93,417,94,418,96,419,99,420,102,420,103,421,104,422,107,423,110,422,112,421,113,420,116,420,119,419,121,418,122,417,125,417,130,417,130,417,134,417,137,417,138,418,140,419,143,420,146,419,147,418,149,417,152,417,155,416,156,415,155,414,152,413,147,413,147,413,143,413,140,413,138,412,137,411,134,410,131,410,130,408,130,407,130,407,130,405,130,404,130,404,130,402,130,400,130,400,130,399,130,397,130,397,130,395,128,394,125,394,121,394,121,394,116,394,113,394,112,395,110,397,107,397,103,397,103,397,99,397,96,398,94,399,93,400,90,400,87,401,85,402,85,404,85,404,85,405,84,406,81,407,78,407,76,408,75,410,72,410,69,410,68,408,68,407,68,407,68,405,66,404,63,404,60,403,59,402,59,400,59,400,59,399,57,398,54,397,50,397,50,397,45,397,41,397,41,397,37,397,32,397,32,397,28,397,25,398,23,399,23,400,23,400,23,402,22,403,19,404,14,404,14,404,10,404,10,420
85,470,84,469,81,468,78,468,76,467,75,466,72,465,69,465,68,464,66,462,63,462,59,462,59,462,54,462,51,462,50,464,48,465,45,465,41,465,41,465,37,465,34,465,32,464,31,462,28,462,25,461,23,460,22,459,19,459,16,459,14,460,14,462,14,462,14,464,14,465,14,465,14,467,16,468,19,468,22,469,23,470,85,470
218,470,218,468,218,468,218,467,218,465,218,465,218,464,218,462,218,462,218,460,218,459,218,459,218,457,217,456,214,455,211,455,209,454,209,452,209,452,209,451,209,449,209,449,209,447,209,446,209,446,209,444,208,443,205,442,202,442,200,441,199,440,196,439,193,439,192,438,192,436,192,436,192,434,190,433,187,433,183,433,183,433,178,433,175,433,174,434,172,435,169,436,166,437,165,438,164,439,161,439,158,440,156,441,155,442,152,442,149,443,147,444,146,445,143,446,140,446,138,447,138,449,138,449,138,451,138,452,138,452,138,454,140,455,143,455,147,455,147,455,152,455,155,455,156,454,158,453,161,452,164,453,165,454,166,455,169,455,172,456,174,457,175,458,178,459,181,459,183,460,184,461,187,462,190,462,192,464,192,465,192,465,192,467,192,468,192,468,192,470,218,470
378,470,378,468,378,468,378,467,379,466,382,465,385,465,386,464,386,462,386,462,386,460,388,459,391,459,395,459,395,459,400,459,403,458,404,457,404,455,404,455,404,454,404,452,404,452,404,451,406,449,409,449,412,448,413,447,413,446,413,446,413,444,413,442,413,442,413,441,413,439,413,439,413,438,413,436,413,436,413,434,412,433,409,433,406,432,404,431,404,430,404,430,404,428,404,426,404,426,404,425,404,423,404,423,404,421,403,420,400,420,397,419,395,418,397,417,400,417,403,416,404,415,404,413,404,413,404,412,406,411,409,410,412,410,413,408,414,407,417,407,420,406,422,405,423,404,426,404,429,403,431,402,431,400,431,400,431,399,431,397,431,397,431,395,432,394,435,394,440,394,440,394,444,394,447,393,448,392,448,391,448,391,448,389,450,388,453,387,456,387,457,386,459,385,462,384,465,384,466,383,468,381,471,381,474,381,475,383,475,384,475,384,475,386,475,387,475,387,475,389,475,391,475,391,475,392,475,394,475,394,475,395,475,397,475,397,475,399,475,400,475,400,475,402,474,403,471,404,468,404,466,405,466,407,466,407,466,408,468,410,471,410,474,411,475,412,476,413,479,413,482,413,484,412,485,411,488,410,491,410,493,408,493,407,493,407,493,405,494,404,497,404,500,403,502,402,502,400,502,400,502,399,502,397,502,397,502,395,502,394,502,394,502,392,503,391,506,391,509,390,510,389,510,387,510,387,510,386,510,384,510,384,510,383,510,381,510,381,510,379,512,378,515,378,518,377,519,376,519,374,519,374,519,373,519,371,519,371,519,370,519,368,519,368,519,366,519,365,519,365,519,363,519,361,519,361,519,360,519,358,519,358,519,357,521,356,524,355,527,354,528,353,527,352,524,352,521,351,519,350,519,349,519,349,519,347,519,345,519,345,519,344,519,342,519,342,519,340,519,339,519,339,519,337,521,336,524,336,527,335,528,334,528,332,528,332,528,331,528,329,528,329,528,327,527,326,524,326,521,325,519,324,519,323,519,323,519,321,519,319,519,319,519,318,519,316,519,316,519,315,519,313,519,313,519,311,519,310,519,310,519,308,519,306,519,306,519,305,519,303,519,303,519,302,519,300,519,300,519,298,519,297,519,297,519,295,519,293,519,293,519,292,519,290,519,290,519,289,518,288,515,287,512,286,510,285,512,284,515,284,519,284,519,284,524,284,527,284,528,285,528,287,528,287,528,289,530,290,533,290,536,291,537,292,538,293,541,293,544,293,546,292,546,290,546,290,546,289,546,287,546,287,546,285,546,284,546,284,546,282,546,280,546,280,546,279,546,277,546,277,546,276,546,274,546,274,546,272,546,271,546,271,546,269,546,268,546,268,546,266,546,264,546,264,546,263,546,261,546,261,546,259,546,258,546,258,546,256,546,255,546,255,546,253,546,251,546,251,546,250,546,248,546,248,546,246,546,245,546,245,546,243,546,242,546,242,546,240,546,238,546,238,546,237,546,235,546,235,546,234,546,232,546,232,546,230,546,229,546,229,546,227,546,225,546,225,546,224,546,222,546,222,546,221,546,219,546,219,546,217,546,216,546,216,546,214,546,212,546,212,546,211,546,209,546,209,546,208,546,206,546,206,546,204,544,203,541,203,538,202,537,201,537,200,537,200,537,198,537,196,537,196,537,195,536,194,533,193,530,192,528,191,527,190,524,190,521,189,519,188,519,187,519,187,519,185,518,184,515,183,512,183,510,182,509,181,506,180,503,180,502,178,500,177,497,177,494,176,493,175,491,174,488,174,485,173,484,172,482,171,479,170,475,170,475,170,471,170,468,170,466,169,465,168,462,167,459,168,457,169,456,170,453,170,450,171,448,172,447,173,444,174,441,174,440,175,441,176,444,177,447,177,448,178,448,180,448,180,448,182,447,183,444,183,440,183,440,183,435,183,431,183,431,183,426,183,423,183,422,182,422,180,422,180,422,178,420,177,417,177,413,177,413,177,409,177,406,176,404,175,404,174,400,174,397,173,395,172,395,170,391,170,386,170,386,170,382,170,379,170,378,169,376,168,373,167,370,168,369,169,369,170,369,170,369,172,369,174,369,174,369,175,369,177,369,177,369,178,367,180,364,180,361,181,360,182,358,183,355,183,351,183,351,183,347,183,342,183,342,183,338,183,333,183,333,183,329,183,324,183,324,183,320,183,317,184,316,185,314,186,311,187,307,187,307,187,302,187,299,187,298,188,296,189,293,190,289,190,289,190,285,190,282,190,280,191,279,192,276,193,271,193,271,193,267,193,264,194,262,195,261,196,258,196,254,196,254,196,249,196,246,197,245,198,243,199,240,200,236,200,236,200,231,200,228,200,227,201,226,202,223,203,220,203,218,204,217,205,214,206,209,206,209,206,205,206,200,206,200,206,196,206,192,206,192,206,187,206,184,207,183,208,181,209,178,209,175,210,174,211,172,212,169,212,166,213,165,214,164,215,161,216,158,216,156,217,155,218,152,219,149,219,147,221,147,222,147,222,147,224,146,225,143,225,140,226,138,227,138,229,138,229,138,230,137,231,134,232,131,232,130,234,128,235,125,235,122,236,121,237,121,238,121,238,121,240,119,241,116,242,113,242,112,243,112,245,112,245,112,246,110,248,107,248,104,249,103,250,103,251,103,251,103,253,103,255,103,255,103,256,103,258,103,258,103,259,103,261,103,261,103,263,103,264,103,264,103,266,103,268,103,268,103,269,103,271,103,271,103,272,103,274,103,274,103,276,103,277,103,277,103,279,104,280,107,280,110,281,112,282,112,284,112,284,112,285,113,286,116,287,119,288,121,289,122,290,125,290,128,291,130,292,131,293,134,293,137,294,138,295,138,297,138,297,138,298,138,300,138,300,138,302,138,303,138,303,138,305,138,306,138,306,138,308,140,309,143,310,146,310,147,311,147,313,147,313,147,315,149,316,152,316,155,317,156,318,156,319,156,319,156,321,155,322,152,323,149,323,147,324,147,326,147,326,147,327,149,329,152,329,155,330,156,331,158,332,161,332,164,333,165,334,166,335,169,336,172,336,174,337,174,339,174,339,174,340,172,342,169,342,166,342,165,340,164,339,161,339,158,338,156,337,155,336,152,336,147,336,147,336,143,336,138,336,138,336,134,336,131,335,130,334,128,333,125,332,122,332,121,331,119,330,116,329,112,329,112,329,107,329,104,329,103,327,102,326,99,326,96,326,94,327,94,329,94,329,94,331,96,332,99,332,102,333,103,334,102,335,99,336,96,336,94,337,94,339,94,339,94,340,94,342,94,342,94,344,94,345,94,345,94,347,96,348,99,349,103,349,103,349,107,349,110,349,112,350,113,351,116,352,119,352,121,353,122,354,125,355,128,356,130,357,131,358,134,358,138,358,138,358,143,358,146,359,147,360,149,361,152,361,156,361,156,361,161,361,164,362,165,363,166,364,169,365,174,365,174,365,178,365,181,365,183,366,184,367,187,368,192,368,192,368,196,368,200,368,200,368,205,368,208,368,209,370,211,371,214,371,218,371,218,371,223,371,227,371,227,371,231,371,234,372,236,373,236,374,236,374,236,376,236,378,236,378,236,379,234,380,231,381,228,381,227,383,226,384,223,384,220,385,218,386,220,387,223,387,227,387,227,387,231,387,236,387,236,387,240,387,245,387,245,387,249,387,254,387,254,387,258,387,262,387,262,387,267,387,271,387,271,387,276,387,279,388,280,389,282,390,285,391,288,391,289,392,290,393,293,394,296,394,298,395,299,397,302,397,307,397,307,397,311,397,314,398,316,399,316,400,316,400,316,402,314,403,311,404,307,404,307,404,302,404,299,404,298,405,298,407,298,407,298,408,299,410,302,410,305,411,307,412,305,413,302,413,299,414,298,415,298,417,298,417,298,418,298,420,298,420,298,421,296,422,293,423,289,423,289,423,285,423,280,423,280,423,276,423,273,424,271,425,270,426,267,426,262,426,262,426,258,426,255,427,254,428,254,430,254,430,254,431,254,433,254,433,254,434,255,435,258,436,261,437,262,438,262,439,262,439,262,441,262,442,262,442,262,444,264,445,267,446,270,446,271,447,271,449,271,449,271,451,273,452,276,452,280,452,280,452,285,452,289,452,289,452,293,452,296,453,298,454,299,455,302,455,305,456,307,457,307,459,307,459,307,460,308,461,311,462,314,462,316,464,316,465,316,465,316,467,317,468,320,468,323,469,324,470,378,470
417,242,414,241,413,240,413,238,413,238,413,237,413,235,413,235,413,234,413,232,413,232,413,230,412,229,409,229,404,229,404,229,400,229,397,228,395,227,394,226,391,225,388,225,386,224,385,223,382,222,379,223,378,224,376,225,373,225,370,226,369,227,369,229,369,229,369,230,369,232,369,232,369,234,367,235,364,235,361,236,360,237,360,238,360,238,360,240,360,242,360,242,360,243,360,245,360,245,360,246,358,248,355,248,352,249,351,250,351,251,351,251,351,253,352,254,355,255,358,255,360,256,360,258,360,258,360,259,358,261,355,261,352,262,351,263,351,264,351,264,351,266,350,267,347,268,344,268,342,269,341,270,338,271,335,271,333,272,332,273,329,274,324,274,324,274,320,274,316,274,316,274,311,274,308,275,307,276,305,277,302,277,299,278,298,279,296,280,293,280,290,281,289,282,289,284,289,284,289,285,289,287,289,287,289,289,289,290,289,290,289,292,289,293,289,293,289,295,289,297,289,297,289,298,289,300,289,300,289,302,289,303,289,303,289,305,290,306,293,306,296,307,298,308,299,309,302,310,305,310,307,311,308,312,311,313,314,313,316,315,316,316,316,316,316,318,317,319,320,319,323,319,324,318,326,317,329,316,333,316,333,316,338,316,341,316,342,315,342,313,342,313,342,311,344,310,347,310,350,309,351,308,351,306,351,306,351,305,352,304,355,303,358,303,360,302,360,300,360,300,360,298,361,297,364,297,367,296,369,295,370,294,373,293,376,293,378,292,379,291,382,290,385,290,386,289,388,288,391,287,394,286,395,285,395,284,395,284,395,282,395,280,395,280,395,279,395,277,395,277,395,276,397,275,400,274,403,273,404,272,404,271,404,271,404,269,404,268,404,268,404,266,406,265,409,264,412,264,413,263,413,261,413,261,413,259,414,258,417,258,420,257,422,256,422,255,422,255,422,253,422,251,422,251,422,250,422,248,422,248,422,246,422,245,422,245,422,243,420,242,417,242
409,183,406,184,404,185,406,186,409,187,412,186,413,185,412,184,409,183
630,248,627,248,626,246,627,245,630,245,630,190,626,190,626,190,621,190,618,190,617,191,617,193,617,193,617,195,617,196,617,196,617,198,617,200,617,200,617,201,617,203,617,203,617,204,617,206,617,206,617,208,615,209,612,209,609,210,608,211,608,212,608,212,608,214,606,215,603,216,600,216,599,217,599,219,599,219,599,221,599,222,599,222,599,224,598,225,595,225,592,226,590,227,590,229,590,229,590,230,590,232,590,232,590,234,590,235,590,235,590,237,589,238,586,238,583,239,581,240,581,242,581,242,581,243,583,244,586,245,589,245,590,246,590,248,590,248,590,250,590,251,590,251,590,253,590,255,590,255,590,256,590,258,590,258,590,259,590,261,590,261,590,263,590,264,590,264,590,266,590,268,590,268,590,269,590,271,590,271,590,272,590,274,590,274,590,276,590,277,590,277,590,279,590,280,590,280,590,282,590,284,590,284,590,285,590,287,590,287,590,289,590,290,590,290,590,292,590,293,590,293,590,295,590,297,590,297,590,298,590,300,590,300,590,302,590,303,590,303,590,305,590,306,590,306,590,308,590,310,590,310,590,311,590,313,590,313,590,315,590,316,590,316,590,318,590,319,590,319,590,321,590,323,590,323,590,324,590,326,590,326,590,327,590,329,590,329,590,331,590,332,590,332,590,334,590,336,590,336,590,337,590,339,590,339,590,340,590,342,590,342,590,344,592,345,595,345,598,346,599,347,599,349,599,349,599,350,599,352,599,352,599,353,598,354,595,355,592,356,590,357,590,358,590,358,590,360,590,361,590,361,590,363,590,365,590,365,590,366,590,368,590,368,590,370,589,371,586,371,583,372,581,373,581,374,581,374,581,376,581,378,581,378,581,379,581,381,581,381,581,383,581,384,581,384,581,386,581,387,581,387,581,389,581,391,581,391,581,392,581,394,581,394,581,395,581,397,581,397,581,399,581,400,581,400,581,402,580,403,577,404,574,403,572,402,571,401,568,400,565,401,564,402,564,404,564,404,564,405,564,407,564,407,564,408,564,410,564,410,564,412,564,413,564,413,564,415,564,417,564,417,564,418,564,420,564,420,564,421,564,423,564,423,564,425,564,426,564,426,564,428,564,430,564,430,564,431,564,433,564,433,564,434,564,436,564,436,564,438,564,439,564,439,564,441,564,442,564,442,564,444,564,446,564,446,564,447,564,449,564,449,564,451,564,452,564,452,564,454,564,455,564,455,564,457,564,459,564,459,564,460,564,462,564,462,564,464,564,465,564,465,564,467,565,468,568,468,571,469,572,470,601,470,630,470,630,248
506,73,503,74,502,75,503,76,506,76,509,76,510,75,509,74,506,73
497,459,494,458,493,457,493,455,493,455,493,454,491,453,488,452,484,452,484,452,479,452,475,452,475,452,471,452,468,453,466,454,466,455,466,455,466,457,468,458,471,459,474,459,475,460,476,461,479,462,482,462,484,464,485,465,488,465,493,465,493,465,497,465,500,465,502,464,502,462,502,462,502,460,500,459,497,459
435,452,431,452,431,452,426,452,423,453,422,454,422,455,422,455,422,457,422,459,422,459,422,460,423,461,426,462,429,461,431,460,431,459,431,459,431,457,432,456,435,455,438,455,440,454,438,453,435,452
409,161,404,161,404,161,400,161,397,161,395,162,395,164,395,164,395,165,395,167,395,167,395,169,395,170,400,170,403,171,404,172,404,174,409,174,412,173,413,172,413,170,413,170,413,169,413,167,413,167,413,165,413,164,413,164,413,162,412,161,409,161
391,15,386,15,386,16,388,18,391,18,394,18,395,16,394,15,391,15
267,462,264,461,262,460,261,459,258,459,255,459,254,460,254,462,254,462,254,464,255,465,258,465,261,466,262,467,264,468,267,468,270,468,271,467,271,465,271,465,271,464,270,462,267,462
72,426,68,426,68,426,63,426,60,427,59,428,60,429,63,430,66,430,68,431,66,432,63,433,60,433,59,434,60,435,63,436,68,436,68,436,72,436,75,435,76,434,76,433,76,433,76,431,76,430,76,430,76,428,75,427,72,426
