417,271,414,271,413,272,413,274,413,274,413,276,414,277,417,277,420,277,422,276,422,274,422,274,422,272,420,271,417,271
417,284,414,284,413,285,412,286,409,287,406,288,404,289,404,290,404,290,404,292,403,293,400,293,397,294,395,295,394,296,391,297,388,297,386,298,385,299,382,300,379,300,378,302,378,303,378,303,378,305,376,306,373,306,369,306,369,306,364,306,361,307,360,308,358,309,355,310,352,310,351,311,351,313,351,313,351,315,352,316,355,316,358,316,360,315,361,313,364,313,369,313,369,313,373,313,378,313,378,313,382,313,385,312,386,311,388,310,391,310,394,309,395,308,397,307,400,306,403,306,404,305,406,304,409,303,412,303,413,302,414,300,417,300,420,299,422,298,422,297,422,297,422,295,422,293,422,293,422,292,422,290,422,290,422,289,422,287,422,287,422,285,420,284,417,284
347,83,344,82,342,81,342,80,342,80,342,78,341,77,338,76,335,76,333,75,332,74,329,73,324,73,324,73,320,73,316,73,316,73,311,73,307,73,307,73,302,73,299,74,298,75,296,76,293,76,290,77,289,78,289,80,289,80,289,81,288,82,285,83,282,83,280,85,279,86,276,86,273,87,271,88,270,89,267,89,264,90,262,91,261,92,258,93,254,93,254,93,249,93,245,93,245,93,240,93,237,93,236,94,234,95,231,96,227,96,227,96,223,96,218,96,218,96,214,96,209,96,209,96,205,96,200,96,200,96,196,96,192,96,192,96,187,96,183,96,183,96,178,96,174,96,174,96,169,96,165,96,165,96,161,96,158,95,156,94,155,93,152,93,147,93,147,93,143,93,140,92,138,91,137,90,134,89,130,89,130,89,125,89,122,89,121,88,119,87,116,86,112,86,112,86,107,86,104,86,103,85,102,83,99,83,96,82,94,81,93,80,90,80,87,80,85,81,85,83,85,83,85,85,87,86,90,86,93,87,94,88,94,89,94,89,94,91,96,92,99,93,102,93,103,94,104,95,107,96,110,96,112,97,113,99,116,99,119,100,121,101,122,102,125,102,130,102,130,102,134,102,138,102,138,102,143,102,147,102,147,102,152,102,156,102,156,102,161,102,164,103,165,104,166,105,169,106,172,106,174,107,175,108,178,109,181,109,183,110,184,111,187,112,192,112,192,112,196,112,199,113,200,114,199,115,196,115,193,116,192,117,192,119,192,119,192,120,193,121,196,122,200,122,200,122,205,122,209,122,209,122,214,122,218,122,218,122,223,122,227,122,227,122,231,122,236,122,236,122,240,122,243,121,245,120,246,119,249,119,252,119,254,120,254,122,254,122,254,123,255,124,258,125,262,125,262,125,267,125,270,124,271,123,273,122,276,122,280,122,280,122,285,122,289,122,289,122,293,122,296,121,298,120,298,119,298,119,298,117,298,115,298,115,298,114,299,113,302,112,307,112,307,112,311,112,316,112,316,112,320,112,323,111,324,110,326,109,329,109,332,108,333,107,335,106,338,106,341,105,342,104,342,102,342,102,342,101,342,99,342,99,342,97,344,96,347,96,350,95,351,94,351,93,351,93,351,91,351,89,351,89,351,88,351,86,351,86,351,85,350,83,347,83
320,323,317,323,316,324,317,325,320,326,323,325,324,324,323,323,320,323
240,80,236,80,236,80,231,80,228,80,227,81,226,82,223,83,220,82,218,81,217,80,214,80,209,80,209,80,205,80,202,79,200,78,200,76,200,76,200,75,199,74,196,73,193,73,192,72,190,70,187,70,183,70,183,70,178,70,175,69,174,68,172,67,169,67,166,66,165,65,164,64,161,63,156,63,156,63,152,63,147,63,147,63,143,63,140,64,138,65,138,67,138,67,138,68,140,69,143,70,147,70,147,70,152,70,155,70,156,72,158,73,161,73,164,74,165,75,166,76,169,76,172,77,174,78,174,80,174,80,174,81,175,82,178,83,181,83,183,85,184,86,187,86,190,87,192,88,193,89,196,89,200,89,200,89,205,89,209,89,209,89,214,89,218,89,218,89,223,89,227,89,227,89,231,89,236,89,236,89,240,89,243,89,245,88,245,86,245,86,245,85,245,83,245,83,245,81,243,80,240,80
231,70,228,69,227,68,227,67,227,67,227,65,227,63,227,63,227,62,226,61,223,60,218,60,218,60,214,60,211,61,209,62,211,63,214,63,217,64,218,65,218,67,218,67,218,68,218,70,218,70,218,72,218,73,218,73,218,75,220,76,223,76,227,76,227,76,231,76,234,76,236,75,236,73,236,73,236,72,234,70,231,70
205,54,202,53,200,52,199,51,196,50,193,50,192,49,190,48,187,47,183,47,183,47,178,47,175,48,174,49,175,50,178,50,181,51,183,52,184,53,187,54,190,54,192,55,193,56,196,57,200,57,200,57,205,57,208,56,209,55,208,54,205,54
161,34,158,34,156,33,156,31,156,31,156,29,155,28,152,28,147,28,147,28,143,28,138,28,138,28,134,28,131,28,130,29,130,31,130,31,130,33,131,34,134,34,137,35,138,36,138,38,138,38,138,39,140,40,143,41,147,41,147,41,152,41,155,41,156,42,158,43,161,44,164,43,165,42,165,41,165,41,165,39,165,38,165,38,165,36,164,35,161,34
134,109,130,109,130,110,131,111,134,112,137,111,138,110,137,109,134,109
125,106,122,106,121,107,122,108,125,109,130,109,130,107,128,106,125,106
