471,261,466,261,466,261,462,261,459,262,457,263,457,264,457,264,457,266,459,267,462,268,465,267,466,266,468,265,471,264,474,264,475,263,474,262,471,261
373,352,370,352,369,353,369,355,373,355,376,354,378,353,376,352,373,352
364,102,361,103,360,104,361,105,364,106,367,105,369,104,367,103,364,102
364,355,361,356,360,357,360,358,360,358,360,360,361,361,364,361,367,361,369,360,369,358,369,358,369,357,369,355,364,355
355,96,351,96,351,97,352,99,355,99,358,99,360,97,358,96,355,96
355,119,352,118,351,117,351,115,351,115,351,114,350,113,347,112,344,112,342,110,342,109,342,109,342,107,342,106,342,106,342,104,342,102,342,102,342,101,342,99,342,99,342,97,342,96,338,96,333,96,333,96,329,96,326,96,324,97,324,99,324,99,324,101,324,102,324,102,324,104,324,106,324,106,324,107,324,109,324,109,324,110,324,112,324,112,324,114,324,115,324,115,324,117,324,119,324,119,324,120,324,122,324,122,324,123,324,125,324,125,324,127,324,128,324,128,324,130,324,131,324,131,324,133,324,135,324,135,324,136,323,137,320,138,317,139,316,140,316,141,316,141,316,143,316,144,316,144,316,146,316,148,320,148,323,147,324,146,326,145,329,144,332,144,333,143,333,141,333,141,333,140,335,138,338,138,341,137,342,136,342,135,342,135,342,133,344,132,347,131,351,131,351,131,355,131,358,131,360,130,360,128,360,128,360,127,360,125,360,125,360,123,360,122,360,122,360,120,358,119,355,119
347,86,344,86,342,85,342,83,342,83,342,81,342,80,342,80,342,78,341,77,338,76,333,76,333,76,329,76,324,76,324,78,326,79,329,80,332,80,333,81,333,83,333,83,333,85,333,86,333,86,333,88,333,89,333,89,333,91,335,92,338,93,341,93,342,94,342,96,347,96,351,96,351,94,351,93,351,93,351,91,351,89,351,89,351,88,350,87,347,86
320,73,317,74,316,75,317,76,320,76,324,76,324,75,323,74,320,73
311,148,308,148,307,149,308,150,311,151,314,150,316,149,316,148,311,148
311,157,308,158,307,159,305,160,302,161,299,161,298,162,296,163,293,164,290,164,289,165,289,167,289,167,289,169,289,170,289,170,289,172,290,173,293,174,296,173,298,172,298,170,298,170,298,169,299,168,302,167,305,167,307,165,308,164,311,164,314,163,316,162,316,161,316,161,316,159,314,158,311,157
240,174,236,174,236,174,231,174,228,174,227,175,228,176,231,177,236,177,236,177,240,177,243,176,245,175,243,174,240,174
223,54,220,53,218,52,217,51,214,50,211,50,209,49,208,48,205,47,200,47,200,47,196,47,192,47,192,47,187,47,184,48,183,49,181,50,178,50,175,50,174,49,174,47,174,47,174,46,172,45,169,44,166,45,165,46,164,47,161,47,158,48,156,49,156,50,156,50,156,52,155,53,152,54,149,54,147,55,146,56,143,57,140,58,138,59,137,60,134,60,131,61,130,62,128,63,125,63,122,64,121,65,121,67,121,67,121,68,119,69,116,70,113,70,112,72,112,73,112,73,112,75,112,76,112,76,112,78,112,80,112,80,112,81,112,83,112,83,112,85,113,86,116,86,119,87,121,88,121,89,121,89,121,91,122,92,125,93,128,93,130,94,130,96,130,96,130,97,131,99,134,99,137,100,138,101,140,102,143,102,146,102,147,101,147,99,147,99,147,97,147,96,147,96,147,94,149,93,152,93,155,92,156,91,155,90,152,89,149,89,147,88,147,86,147,86,147,85,147,83,147,83,147,81,147,80,147,80,147,78,147,76,147,76,147,75,149,74,152,73,155,73,156,72,158,70,161,70,164,70,165,72,166,73,169,73,172,74,174,75,175,76,178,76,183,76,183,76,187,76,192,76,192,76,196,76,199,76,200,75,202,74,205,73,209,73,209,73,214,73,217,73,218,72,220,70,223,70,226,69,227,68,227,67,227,67,227,65,227,63,227,63,227,62,227,60,227,60,227,59,227,57,227,57,227,55,226,54,223,54
