621,251,618,252,617,253,617,255,617,255,617,256,617,258,617,258,617,259,617,261,617,261,617,263,617,264,617,264,617,266,618,267,621,268,624,267,626,266,626,264,626,264,626,263,626,261,626,261,626,259,626,258,626,258,626,256,626,255,626,255,626,253,624,252,621,251
453,229,450,229,448,230,450,231,453,232,456,231,457,230,456,229,453,229
435,219,432,219,431,221,432,222,435,222,438,222,440,221,438,219,435,219
409,287,406,286,404,285,403,284,400,284,395,284,395,284,391,284,388,283,386,282,385,281,382,280,378,280,378,280,373,280,370,281,369,282,367,283,364,284,361,284,360,285,358,286,355,287,352,286,351,285,350,284,347,284,344,284,342,285,341,286,338,287,335,288,333,289,332,290,329,290,326,291,324,292,326,293,329,293,332,294,333,295,332,296,329,297,324,297,324,297,320,297,317,297,316,298,316,300,316,300,316,302,317,303,320,303,324,303,324,303,329,303,333,303,333,303,338,303,341,304,342,305,344,306,347,306,351,306,351,306,355,306,358,306,360,305,361,304,364,303,369,303,369,303,373,303,378,303,378,303,382,303,385,303,386,302,388,300,391,300,394,299,395,298,397,297,400,297,403,296,404,295,404,293,404,293,404,292,406,291,409,290,412,290,413,289,412,288,409,287
293,60,290,61,289,62,289,63,289,63,289,65,288,66,285,67,282,66,280,65,279,64,276,63,273,63,271,62,270,61,267,60,264,60,262,59,262,57,262,57,262,55,261,54,258,54,254,54,254,54,249,54,245,54,245,54,240,54,236,54,236,54,231,54,227,54,227,54,223,54,220,53,218,52,217,51,214,50,211,51,209,52,208,53,205,54,200,54,200,54,196,54,193,53,192,52,192,50,192,50,192,49,192,47,192,47,192,46,190,45,187,44,184,43,183,42,181,41,178,41,174,41,174,41,169,41,166,40,165,39,165,38,165,38,165,36,164,35,161,34,158,34,156,33,156,31,156,31,156,29,155,28,152,28,149,27,147,26,147,25,147,25,147,23,146,22,143,21,140,21,138,20,137,19,134,18,131,18,130,16,128,15,125,15,121,15,121,15,116,15,113,14,112,13,110,12,107,12,104,12,103,13,103,15,103,15,103,16,103,18,107,18,110,19,112,20,112,21,112,21,112,23,112,25,116,25,119,25,121,26,119,27,116,28,112,28,112,29,113,31,116,31,119,32,121,33,121,34,121,34,121,36,121,38,125,38,128,38,130,39,128,40,125,41,122,40,121,39,121,38,116,38,112,38,112,38,107,38,103,38,103,38,99,38,94,38,94,38,90,38,87,38,85,39,87,40,90,41,93,41,94,42,96,43,99,44,102,45,103,46,103,47,103,47,103,49,104,50,107,50,110,51,112,52,112,54,112,54,112,55,113,56,116,57,119,58,121,59,121,60,121,60,121,62,122,63,125,63,128,64,130,65,131,66,134,67,138,67,138,67,143,67,146,67,147,68,149,69,152,70,155,70,156,72,158,73,161,73,164,74,165,75,166,76,169,76,174,76,174,76,178,76,181,76,183,75,183,73,183,73,183,72,183,70,183,70,183,68,184,67,187,67,192,67,192,67,196,67,199,67,200,68,200,70,200,70,200,72,200,73,200,73,200,75,200,76,200,76,200,78,200,80,200,80,200,81,202,82,205,83,208,82,209,81,209,80,209,80,209,78,209,76,209,76,209,75,211,74,214,73,217,74,218,75,218,76,218,76,218,78,218,80,218,80,218,81,218,83,218,83,218,85,220,86,223,86,227,86,227,86,231,86,234,86,236,85,237,83,240,83,243,82,245,81,246,80,249,80,252,79,254,78,255,77,258,76,262,76,262,76,267,76,271,76,271,76,276,76,280,76,280,76,285,76,288,76,289,75,290,74,293,73,296,73,298,72,298,70,298,70,298,68,298,67,298,67,298,65,298,63,298,63,298,62,296,61,293,60
205,60,202,61,200,62,202,63,205,63,208,63,209,62,208,61,205,60
178,47,174,47,174,47,169,47,166,47,165,46,164,45,161,44,158,45,156,46,156,47,156,47,156,49,158,50,161,50,164,51,165,52,166,53,169,54,174,54,174,54,178,54,181,53,183,52,183,50,183,50,183,49,181,48,178,47
293,180,290,181,289,182,289,183,289,183,289,185,290,186,293,187,296,186,298,185,298,183,298,183,298,182,296,181,293,180
276,297,271,297,271,297,267,297,264,297,262,298,264,299,267,300,271,300,271,300,276,300,279,299,280,298,279,297,276,297
107,25,103,25,103,26,104,27,107,28,112,28,112,26,112,25,107,25
99,18,96,19,94,20,94,21,94,21,94,23,96,24,99,25,103,25,103,23,103,21,103,21,103,20,103,18,99,18
