364,99,360,99,360,101,361,102,364,102,367,102,369,101,367,100,364,99
364,326,361,326,360,327,360,329,360,329,360,331,361,332,364,332,367,332,369,331,369,329,369,329,369,327,367,326,364,326
355,96,352,95,351,94,351,93,351,93,351,91,351,89,351,89,351,88,351,86,351,86,351,85,350,83,347,83,344,82,342,81,342,80,342,80,342,78,341,77,338,76,335,77,333,78,333,80,333,80,333,81,333,83,333,83,333,85,333,86,333,86,333,88,333,89,333,89,333,91,333,93,333,93,333,94,332,95,329,96,326,96,324,97,324,99,324,99,324,101,324,102,324,102,324,104,323,105,320,106,317,106,316,107,316,109,316,109,316,110,314,112,311,112,308,113,307,114,305,115,302,115,298,115,298,115,293,115,290,116,289,117,288,118,285,119,282,119,280,120,279,121,276,122,273,122,271,123,270,124,267,125,264,126,262,127,261,128,258,128,254,128,254,128,249,128,245,128,245,128,240,128,236,128,236,128,231,128,227,128,227,128,223,128,220,129,218,130,217,131,214,131,209,131,209,131,205,131,202,132,200,133,200,135,205,135,209,135,209,135,214,135,218,135,218,135,223,135,226,135,227,136,227,138,227,138,227,140,227,141,227,141,227,143,228,144,231,144,236,144,236,144,240,144,245,144,245,144,249,144,254,144,254,144,258,144,262,144,262,144,267,144,271,144,271,144,276,144,280,144,280,144,285,144,289,144,289,144,293,144,298,144,298,144,302,144,305,144,307,143,307,141,307,141,307,140,308,138,311,138,314,137,316,136,316,135,316,135,316,133,317,132,320,131,323,131,324,130,326,129,329,128,332,128,333,127,335,126,338,125,342,125,342,125,347,125,350,124,351,123,351,122,351,122,351,120,351,119,351,119,351,117,351,115,351,115,351,114,350,113,347,112,344,112,342,110,342,109,342,109,342,107,342,106,342,106,342,104,344,103,347,102,350,102,351,101,352,100,355,99,360,99,360,97,358,96,355,96
320,339,317,339,316,340,314,342,311,342,307,342,307,342,302,342,299,343,298,344,296,345,293,345,289,345,289,345,285,345,282,346,280,347,282,348,285,349,289,349,289,349,293,349,298,349,298,349,302,349,305,348,307,347,308,346,311,345,316,345,316,345,320,345,323,345,324,344,324,342,324,342,324,340,323,339,320,339
240,54,237,53,236,52,234,51,231,50,228,50,227,49,226,48,223,47,220,48,218,49,217,50,214,50,211,50,209,49,208,48,205,47,200,47,200,47,196,47,193,47,192,46,190,45,187,44,184,43,183,42,181,41,178,41,175,40,174,39,172,38,169,38,166,37,165,36,164,35,161,34,158,34,156,33,155,32,152,31,147,31,147,31,143,31,140,32,138,33,137,34,134,34,131,35,130,36,130,38,130,38,130,39,130,41,130,41,130,42,130,44,130,44,130,46,130,47,130,47,130,49,130,50,130,50,130,52,131,53,134,54,138,54,138,54,143,54,147,54,147,54,152,54,156,54,156,54,161,54,165,54,165,54,169,54,174,54,174,54,178,54,181,54,183,55,183,57,183,57,183,59,184,60,187,60,190,61,192,62,193,63,196,63,199,64,200,65,200,67,200,67,200,68,202,69,205,70,209,70,209,70,214,70,218,70,218,70,223,70,227,70,227,70,231,70,234,69,236,68,237,67,240,67,243,66,245,65,245,63,245,63,245,62,245,60,245,60,245,59,245,57,245,57,245,55,243,54,240,54
205,141,200,141,200,143,202,144,205,144,208,144,209,143,208,142,205,141
196,135,192,135,192,135,187,135,183,135,183,135,178,135,174,135,174,136,175,137,178,138,181,138,183,140,184,141,187,141,192,141,192,141,196,141,200,141,200,140,200,138,200,138,200,136,200,135,196,135
169,131,166,132,165,133,166,134,169,135,174,135,174,133,172,132,169,131
161,60,158,60,156,59,155,58,152,57,149,58,147,59,147,60,147,60,147,62,147,63,147,63,147,65,146,66,143,67,140,67,138,68,138,70,138,70,138,72,140,73,143,73,146,74,147,75,147,76,147,76,147,78,147,80,147,80,147,81,149,82,152,83,156,83,156,83,161,83,164,82,165,81,165,80,165,80,165,78,164,77,161,76,158,76,156,75,158,74,161,73,164,73,165,72,165,70,165,70,165,68,165,67,165,67,165,65,165,63,165,63,165,62,164,61,161,60
152,128,149,128,147,127,146,126,143,125,140,126,138,127,138,128,138,128,138,130,140,131,143,131,147,131,147,131,152,131,155,131,156,130,155,129,152,128
