630,248,626,248,626,248,621,248,618,248,617,246,615,245,612,245,609,244,608,243,608,242,608,242,608,240,606,239,603,238,599,238,599,240,599,242,599,242,599,243,599,245,599,245,599,246,600,248,603,248,606,249,608,250,608,251,608,251,608,253,608,255,608,255,608,256,609,257,612,258,615,258,617,259,618,261,621,261,626,261,626,261,630,261,630,248
595,232,590,232,590,234,590,235,590,235,590,237,592,238,595,238,599,238,599,237,599,235,599,235,599,234,598,232,595,232
586,219,583,218,581,217,581,216,581,216,581,214,581,212,581,212,581,211,581,209,581,209,581,208,581,206,581,206,581,204,580,203,577,203,574,202,572,201,571,200,568,200,565,199,564,198,564,196,564,196,564,195,562,194,559,193,555,193,555,193,550,193,547,192,546,191,544,190,541,190,537,190,537,190,533,190,528,190,528,190,524,190,521,189,519,188,518,187,515,187,510,187,510,187,506,187,502,187,502,187,497,187,494,187,493,188,491,189,488,190,484,190,484,190,479,190,476,190,475,191,474,192,471,193,466,193,466,193,462,193,457,193,457,195,456,196,453,196,448,196,448,196,444,196,441,197,440,198,440,200,440,200,440,201,440,203,440,203,440,204,438,205,435,206,432,207,431,208,431,209,431,209,431,211,431,212,431,212,431,214,432,215,435,216,438,216,440,217,441,218,444,219,447,218,448,217,450,216,453,216,457,216,457,216,462,216,465,216,466,217,468,218,471,219,474,218,475,217,476,216,479,216,484,216,484,216,488,216,493,216,493,216,497,216,500,216,502,217,503,218,506,219,510,219,510,219,515,219,519,219,519,219,524,219,528,219,528,219,533,219,537,219,537,219,541,219,544,219,546,221,547,222,550,222,553,223,555,224,556,225,559,225,564,225,564,225,568,225,571,226,572,227,574,228,577,229,580,229,581,230,583,231,586,232,590,232,590,230,590,229,590,229,590,227,590,225,590,225,590,224,590,222,590,222,590,221,589,219,586,219
453,187,450,187,448,188,448,190,448,190,448,191,450,192,453,193,457,193,457,191,457,190,457,190,457,188,456,187,453,187
435,245,431,245,431,245,426,245,422,245,422,246,422,248,422,248,422,250,422,251,422,251,422,253,422,255,422,255,422,256,422,258,422,258,422,259,423,261,426,261,429,261,431,259,432,258,435,258,438,257,440,256,440,255,440,255,440,253,438,252,435,251,432,251,431,250,432,249,435,248,438,248,440,246,438,245,435,245
426,219,423,219,422,221,422,222,422,222,422,224,422,225,426,225,429,225,431,224,431,222,431,222,431,221,429,219,426,219
417,225,414,226,413,227,414,228,417,229,420,228,422,227,422,225,417,225
417,235,413,235,413,237,413,238,413,238,413,240,413,242,413,242,413,243,414,244,417,245,422,245,422,243,422,242,422,242,422,240,422,238,422,238,422,237,420,236,417,235
409,232,404,232,404,234,406,235,409,235,413,235,413,234,412,232,409,232
400,229,397,229,395,230,397,231,400,232,404,232,404,230,403,229,400,229
