621,255,618,255,617,256,618,257,621,258,624,257,626,256,624,255,621,255
435,216,432,215,431,214,429,213,426,212,423,212,422,211,420,210,417,209,414,210,413,211,413,212,413,212,413,214,414,215,417,216,420,216,422,217,422,219,422,219,422,221,423,222,426,222,429,223,431,224,431,225,431,225,431,227,432,228,435,229,438,228,440,227,440,225,440,225,440,224,440,222,440,222,440,221,440,219,440,219,440,217,438,216,435,216
417,268,413,268,413,268,409,268,406,268,404,269,404,271,409,271,413,271,413,271,417,271,420,270,422,269,420,268,417,268
400,271,397,271,395,272,397,273,400,274,403,273,404,272,404,271,400,271
400,280,397,281,395,282,394,283,391,284,386,284,386,284,382,284,379,283,378,282,376,281,373,280,369,280,369,280,364,280,361,281,360,282,358,283,355,284,351,284,351,284,347,284,344,284,342,285,341,286,338,287,335,288,333,289,333,290,333,290,333,292,335,293,338,293,341,294,342,295,342,297,342,297,342,298,344,299,347,300,351,300,351,300,355,300,360,300,360,300,364,300,367,299,369,298,370,297,373,297,376,296,378,295,379,294,382,293,386,293,386,293,391,293,394,293,395,292,397,291,400,290,403,290,404,289,404,287,404,287,404,285,404,284,404,284,404,282,403,281,400,280
391,190,386,190,386,190,382,190,379,190,378,191,379,192,382,193,385,194,386,195,388,196,391,196,394,196,395,195,395,193,395,193,395,191,394,190,391,190
276,63,271,63,271,63,267,63,262,63,262,65,262,67,262,67,262,68,262,70,262,70,262,72,264,73,267,73,270,73,271,72,271,70,271,70,271,68,273,67,276,67,279,66,280,65,279,64,276,63
276,297,271,297,271,297,267,297,264,297,262,298,264,299,267,300,271,300,271,300,276,300,279,299,280,298,279,297,276,297
258,54,255,54,254,55,252,56,249,57,246,56,245,55,243,54,240,54,237,53,236,52,234,51,231,50,228,51,227,52,226,53,223,54,220,53,218,52,217,51,214,50,211,50,209,49,208,48,205,47,202,47,200,46,200,44,200,44,200,42,199,41,196,41,193,40,192,39,192,38,192,38,192,36,190,35,187,34,183,34,183,34,178,34,174,34,174,34,169,34,166,34,165,33,165,31,165,31,165,29,164,28,161,28,156,28,156,28,152,28,149,27,147,26,146,25,143,25,140,24,138,23,137,22,134,21,131,21,130,20,128,19,125,18,122,18,121,16,119,15,116,15,113,14,112,13,110,12,107,12,103,12,103,12,99,12,96,12,94,13,94,15,94,15,94,16,94,18,94,18,94,20,94,21,94,21,94,23,96,24,99,25,102,25,103,26,103,28,103,28,103,29,104,31,107,31,110,32,112,33,112,34,112,34,112,36,110,37,107,38,103,38,103,38,99,38,96,38,94,39,96,40,99,41,102,41,103,42,104,43,107,44,110,45,112,46,113,47,116,47,119,48,121,49,122,50,125,50,128,51,130,52,130,54,130,54,130,55,131,56,134,57,137,58,138,59,140,60,143,60,147,60,147,60,152,60,156,60,156,60,161,60,164,61,165,62,166,63,169,63,174,63,174,63,178,63,183,63,183,63,187,63,192,63,192,63,196,63,200,63,200,63,205,63,208,64,209,65,209,67,209,67,209,68,209,70,209,70,209,72,211,73,214,73,217,74,218,75,220,76,223,76,226,77,227,78,228,79,231,80,236,80,236,80,240,80,243,79,245,78,246,77,249,76,252,76,254,75,254,73,254,73,254,72,254,70,254,70,254,68,254,67,254,67,254,65,255,64,258,63,262,63,262,62,262,60,262,60,262,59,262,57,262,57,262,55,261,54,258,54
169,50,165,50,165,49,164,48,161,47,158,48,156,49,158,50,161,50,165,50,165,52,166,53,169,54,172,53,174,52,172,51,169,50
