373,323,370,323,369,324,369,326,369,326,369,327,367,329,364,329,361,330,360,331,358,332,355,332,352,333,351,334,351,336,351,336,351,337,350,338,347,339,344,339,342,340,342,342,342,342,342,344,344,345,347,345,351,345,351,345,355,345,358,345,360,344,360,342,360,342,360,340,361,339,364,339,367,338,369,337,369,336,369,336,369,334,370,333,373,332,376,332,378,331,378,329,378,329,378,327,378,326,378,326,378,324,376,323,373,323
373,342,370,343,369,344,370,345,373,345,376,345,378,344,376,343,373,342
364,349,361,349,360,350,360,352,360,352,360,353,361,354,364,355,367,354,369,353,369,352,369,352,369,350,367,349,364,349
355,122,352,121,351,120,351,119,351,119,351,117,351,115,351,115,351,114,350,113,347,112,344,112,342,110,342,109,342,109,342,107,342,106,342,106,342,104,342,102,342,102,342,101,342,99,342,99,342,97,342,96,342,96,342,94,341,93,338,93,335,93,333,94,333,96,333,96,333,97,333,99,333,99,333,101,332,102,329,102,326,103,324,104,323,105,320,106,317,106,316,107,316,109,316,109,316,110,316,112,316,112,316,114,316,115,316,115,316,117,314,118,311,119,308,119,307,120,307,122,307,122,307,123,305,124,302,125,299,126,298,127,296,128,293,128,290,129,289,130,288,131,285,131,282,132,280,133,279,134,276,135,273,135,271,136,270,137,267,138,264,139,262,140,261,141,258,141,255,142,254,143,252,144,249,144,245,144,245,144,240,144,237,145,236,146,236,148,236,148,236,149,236,151,236,151,236,153,237,154,240,154,243,155,245,156,246,157,249,157,254,157,254,157,258,157,261,158,262,159,264,160,267,161,270,160,271,159,273,158,276,157,279,157,280,156,282,155,285,154,289,154,289,154,293,154,298,154,298,154,302,154,305,154,307,153,308,151,311,151,314,150,316,149,316,148,316,148,316,146,317,145,320,144,323,144,324,143,324,141,324,141,324,140,326,138,329,138,332,137,333,136,335,135,338,135,341,134,342,133,342,131,342,131,342,130,344,129,347,128,350,128,351,127,352,126,355,125,358,124,360,123,358,122,355,122
347,83,344,83,342,85,342,86,342,86,342,88,344,89,347,89,350,89,351,88,351,86,351,86,351,85,350,83,347,83
249,54,246,54,245,55,246,56,249,57,252,56,254,55,252,54,249,54
240,60,237,60,236,59,236,57,236,57,236,55,236,54,236,54,236,52,236,50,236,50,236,49,234,48,231,47,227,47,227,47,223,47,218,47,218,47,214,47,211,47,209,46,208,45,205,44,200,44,200,44,196,44,193,43,192,42,190,41,187,41,183,41,183,41,178,41,175,40,174,39,172,38,169,38,166,38,165,39,165,41,165,41,165,42,165,44,165,44,165,46,165,47,165,47,165,49,165,50,165,50,165,52,165,54,165,54,165,55,165,57,165,57,165,59,166,60,169,60,172,61,174,62,174,63,174,63,174,65,175,66,178,67,183,67,183,67,187,67,190,67,192,68,193,69,196,70,199,70,200,72,202,73,205,73,209,73,209,73,214,73,217,73,218,72,220,70,223,70,226,69,227,68,228,67,231,67,234,66,236,65,237,64,240,63,243,63,245,62,243,61,240,60
223,144,220,145,218,146,218,148,223,148,226,147,227,146,226,145,223,144
223,151,220,150,218,149,218,148,214,148,211,148,209,149,208,150,205,151,202,151,200,153,202,154,205,154,209,154,209,154,214,154,217,155,218,156,220,157,223,157,226,157,227,156,227,154,227,154,227,153,226,151,223,151
152,148,149,148,147,149,149,150,152,151,155,150,156,149,155,148,152,148
