426,293,423,294,422,295,423,296,426,297,429,296,431,295,429,294,426,293
409,293,406,294,404,295,403,296,400,297,395,297,395,297,391,297,388,297,386,298,386,300,386,300,386,302,385,303,382,303,379,304,378,305,376,306,373,306,370,307,369,308,367,309,364,310,361,310,360,311,360,313,360,313,360,315,358,316,355,316,352,317,351,318,351,319,355,319,358,320,360,321,361,322,364,323,369,323,369,323,373,323,376,322,378,321,378,319,378,319,378,318,379,317,382,316,385,316,386,315,386,313,386,313,386,311,388,310,391,310,394,309,395,308,395,306,395,306,395,305,397,304,400,303,403,303,404,302,406,300,409,300,412,299,413,298,413,297,413,297,413,295,412,294,409,293
355,96,352,95,351,94,351,93,351,93,351,91,351,89,351,89,351,88,351,86,351,86,351,85,351,83,351,83,351,81,350,80,347,80,344,79,342,78,341,77,338,76,335,76,333,75,332,74,329,73,326,74,324,75,323,76,320,76,317,77,316,78,316,80,316,80,316,81,316,83,316,83,316,85,314,86,311,86,308,87,307,88,307,89,307,89,307,91,307,93,307,93,307,94,305,95,302,96,299,96,298,97,298,99,298,99,298,101,296,102,293,102,290,103,289,104,288,105,285,106,282,106,280,107,279,108,276,109,271,109,271,109,267,109,264,108,262,107,261,106,258,106,255,105,254,104,252,103,249,102,246,103,245,104,245,106,245,106,245,107,245,109,245,109,245,110,243,112,240,112,236,112,236,112,231,112,227,112,227,112,223,112,220,113,218,114,217,115,214,115,209,115,209,115,205,115,202,116,200,117,199,118,196,119,192,119,192,119,187,119,183,119,183,119,178,119,175,118,174,117,172,116,169,115,165,115,165,115,161,115,158,115,156,114,155,113,152,112,147,112,147,112,143,112,140,112,138,110,137,109,134,109,131,108,130,107,128,106,125,106,122,105,121,104,119,103,116,102,112,102,112,102,107,102,103,102,103,104,103,106,103,106,103,107,104,108,107,109,110,109,112,110,113,111,116,112,119,113,121,114,122,115,125,115,130,115,130,115,134,115,138,115,138,115,143,115,146,116,147,117,149,118,152,119,155,119,156,120,158,121,161,122,164,122,165,123,166,124,169,125,174,125,174,125,178,125,181,126,183,127,184,128,187,128,192,128,192,128,196,128,200,128,200,128,205,128,209,128,209,128,214,128,218,128,218,128,223,128,227,128,227,128,231,128,236,128,236,128,240,128,243,129,245,130,246,131,249,131,254,131,254,131,258,131,262,131,262,131,267,131,271,131,271,131,276,131,280,131,280,131,285,131,289,131,289,131,293,131,298,131,298,131,302,131,305,131,307,130,307,128,307,128,307,127,307,125,307,125,307,123,308,122,311,122,314,121,316,120,317,119,320,119,323,118,324,117,326,116,329,115,332,115,333,114,335,113,338,112,341,111,342,110,342,109,342,109,342,107,342,106,342,106,342,104,344,103,347,102,350,102,351,101,352,100,355,99,358,99,360,97,358,96,355,96
347,319,344,320,342,321,344,322,347,323,350,322,351,321,351,319,347,319
311,326,308,326,307,327,307,329,311,329,314,329,316,327,314,326,311,326
302,329,299,330,298,331,299,332,302,332,305,332,307,331,307,329,302,329
231,54,228,53,227,52,226,51,223,50,218,50,218,50,214,50,209,50,209,50,205,50,202,51,200,52,200,54,200,54,200,55,202,56,205,57,208,58,209,59,209,60,209,60,209,62,209,63,209,63,209,65,211,66,214,67,217,67,218,68,220,69,223,70,227,70,227,68,227,67,227,67,227,65,227,63,227,63,227,62,227,60,227,60,227,59,228,58,231,57,234,56,236,55,234,54,231,54
231,70,227,70,227,72,228,73,231,73,234,73,236,72,234,70,231,70
223,96,218,96,218,96,214,96,211,96,209,97,209,99,209,99,209,101,211,102,214,102,217,102,218,101,220,100,223,99,226,99,227,97,226,96,223,96
169,38,166,37,165,36,164,35,161,34,158,34,156,33,155,32,152,31,147,31,147,31,143,31,140,32,138,33,138,34,138,34,138,36,140,37,143,38,146,38,147,39,149,40,152,41,156,41,156,41,161,41,164,41,165,42,166,43,169,44,172,43,174,42,174,41,174,41,174,39,172,38,169,38
99,99,96,100,94,101,96,102,99,102,103,102,103,101,102,100,99,99
