471,261,466,261,466,261,462,261,459,262,457,263,457,264,457,264,457,266,459,267,462,268,465,267,466,266,468,265,471,264,474,264,475,263,474,262,471,261
373,352,370,352,369,353,369,355,373,355,376,354,378,353,376,352,373,352
364,102,361,103,360,104,361,105,364,106,367,105,369,104,367,103,364,102
364,355,361,356,360,357,361,358,364,358,367,358,369,357,369,355,364,355
355,96,351,96,351,97,352,99,355,99,358,99,360,97,358,96,355,96
355,119,352,118,351,117,351,115,351,115,351,114,350,113,347,112,344,112,342,110,342,109,342,109,342,107,342,106,342,106,342,104,342,102,342,102,342,101,342,99,342,99,342,97,344,96,347,96,351,96,351,94,351,93,351,93,351,91,351,89,351,89,351,88,350,87,347,86,344,86,342,85,342,83,342,83,342,81,342,80,342,80,342,78,341,77,338,76,333,76,333,76,329,76,324,76,324,78,326,79,329,80,332,80,333,81,333,83,333,83,333,85,333,86,333,86,333,88,333,89,333,89,333,91,332,92,329,93,326,93,324,94,324,96,324,96,324,97,324,99,324,99,324,101,324,102,324,102,324,104,324,106,324,106,324,107,324,109,324,109,324,110,324,112,324,112,324,114,324,115,324,115,324,117,324,119,324,119,324,120,324,122,324,122,324,123,324,125,324,125,324,127,324,128,324,128,324,130,324,131,324,131,324,133,323,134,320,135,317,135,316,136,316,138,316,138,316,140,316,141,316,141,316,143,314,144,311,144,308,145,307,146,307,148,307,148,307,149,308,150,311,151,314,150,316,149,317,148,320,148,323,147,324,146,326,145,329,144,332,144,333,143,333,141,333,141,333,140,335,138,338,138,341,137,342,136,344,135,347,135,350,134,351,133,352,132,355,131,358,131,360,130,360,128,360,128,360,127,360,125,360,125,360,123,360,122,360,122,360,120,358,119,355,119
320,73,317,74,316,75,317,76,320,76,324,76,324,75,323,74,320,73
302,161,299,161,298,162,298,164,302,164,305,163,307,162,305,161,302,161
293,164,290,164,289,165,289,167,289,167,289,169,290,170,293,170,296,170,298,169,298,167,298,167,298,165,298,164,293,164
223,50,218,50,218,50,214,50,211,50,209,49,208,48,205,47,200,47,200,47,196,47,192,47,192,47,187,47,183,47,183,47,178,47,175,47,174,46,172,45,169,44,165,44,165,44,161,44,158,45,156,46,156,47,156,47,156,49,155,50,152,50,149,51,147,52,146,53,143,54,140,54,138,55,138,57,138,57,138,59,137,60,134,60,131,61,130,62,128,63,125,63,122,64,121,65,121,67,121,67,121,68,121,70,125,70,128,70,130,72,130,73,130,73,130,75,130,76,130,76,130,78,128,79,125,80,122,80,121,81,121,83,121,83,121,85,121,86,121,86,121,88,122,89,125,89,128,90,130,91,130,93,130,93,130,94,131,95,134,96,138,96,138,96,143,96,146,95,147,94,147,93,147,93,147,91,147,89,147,89,147,88,147,86,147,86,147,85,147,83,147,83,147,81,147,80,147,80,147,78,147,76,147,76,147,75,149,74,152,73,156,73,156,73,161,73,165,73,165,73,169,73,172,74,174,75,175,76,178,76,183,76,183,76,187,76,190,77,192,78,193,79,196,80,199,79,200,78,200,76,200,76,200,75,202,74,205,73,209,73,209,73,214,73,217,73,218,72,220,70,223,70,226,69,227,68,227,67,227,67,227,65,227,63,227,63,227,62,227,60,227,60,227,59,227,57,227,57,227,55,227,54,227,54,227,52,226,51,223,50
116,70,113,70,112,72,113,73,116,73,119,73,121,72,121,70,116,70
