426,264,423,265,422,266,423,267,426,268,429,267,431,266,429,265,426,264
417,271,414,271,413,272,413,274,413,274,413,276,414,277,417,277,420,277,422,276,422,274,422,274,422,272,420,271,417,271
417,284,414,284,413,285,412,286,409,287,404,287,404,287,400,287,397,288,395,289,394,290,391,290,388,291,386,292,386,293,386,293,386,295,385,296,382,297,378,297,378,297,373,297,370,297,369,298,369,300,369,300,369,302,369,303,373,303,376,304,378,305,376,306,373,306,370,306,369,305,369,303,364,303,361,304,360,305,358,306,355,306,352,307,351,308,350,309,347,310,344,310,342,311,342,313,342,313,342,315,344,316,347,316,351,316,351,316,355,316,358,316,360,315,361,313,364,313,369,313,369,313,373,313,378,313,378,313,382,313,385,312,386,311,388,310,391,310,394,309,395,308,397,307,400,306,403,306,404,305,406,304,409,303,413,303,413,303,417,303,420,303,422,302,422,300,422,300,422,298,422,297,422,297,422,295,422,293,422,293,422,292,422,290,422,290,422,289,422,287,422,287,422,285,420,284,417,284
347,83,344,82,342,81,342,80,342,80,342,78,341,77,338,76,335,76,333,75,332,74,329,73,324,73,324,73,320,73,316,73,316,73,311,73,308,73,307,72,305,70,302,70,299,70,298,72,298,73,298,73,298,75,296,76,293,76,290,77,289,78,288,79,285,80,282,80,280,81,279,82,276,83,273,83,271,85,271,86,271,86,271,88,270,89,267,89,262,89,262,89,258,89,254,89,254,91,252,92,249,93,245,93,245,93,240,93,236,93,236,94,234,95,231,96,227,96,227,96,223,96,218,96,218,96,214,96,209,96,209,96,205,96,200,96,200,96,196,96,192,96,192,96,187,96,183,96,183,96,178,96,174,96,174,96,169,96,166,95,165,94,164,93,161,93,156,93,156,93,152,93,149,92,147,91,146,90,143,89,138,89,138,89,134,89,130,89,130,89,125,89,122,89,121,88,119,87,116,86,113,86,112,85,110,83,107,83,103,83,103,83,99,83,96,82,94,81,94,80,94,80,94,78,93,77,90,76,85,76,85,76,81,76,76,76,76,78,76,80,76,80,76,81,76,83,76,83,76,85,78,86,81,86,84,87,85,88,85,89,85,89,85,91,85,93,85,93,85,94,87,95,90,96,94,96,94,96,99,96,102,96,103,97,104,99,107,99,110,100,112,101,113,102,116,102,119,103,121,104,122,105,125,106,128,106,130,107,131,108,134,109,138,109,138,109,143,109,146,108,147,107,149,106,152,106,156,106,156,106,161,106,164,106,165,107,166,108,169,109,172,109,174,110,175,111,178,112,183,112,183,112,187,112,190,113,192,114,192,115,192,115,192,117,192,119,192,119,192,120,193,121,196,122,200,122,200,122,205,122,209,122,209,122,214,122,218,122,218,122,223,122,226,121,227,120,228,119,231,119,236,119,236,119,240,119,245,119,245,119,249,119,254,119,254,119,258,119,262,119,262,119,267,119,270,119,271,120,273,121,276,122,280,122,280,122,285,122,288,121,289,120,289,119,289,119,289,117,289,115,289,115,289,114,290,113,293,112,296,111,298,110,299,109,302,109,307,109,307,109,311,109,316,109,316,109,320,109,323,108,324,107,326,106,329,106,333,106,333,106,338,106,341,105,342,104,342,102,342,102,342,101,342,99,342,99,342,97,344,96,347,96,350,95,351,94,351,93,351,93,351,91,351,89,351,89,351,88,351,86,351,86,351,85,350,83,347,83
338,319,333,319,333,319,329,319,326,319,324,318,323,317,320,316,316,316,316,316,311,316,307,316,307,316,302,316,299,317,298,318,299,319,302,319,305,320,307,321,308,322,311,323,314,323,316,324,316,326,316,326,316,327,317,329,320,329,323,329,324,327,326,326,329,326,332,325,333,324,335,323,338,323,341,322,342,321,341,320,338,319
249,83,246,82,245,81,243,80,240,80,236,80,236,80,231,80,227,80,227,80,223,80,218,80,218,80,214,80,211,79,209,78,208,77,205,76,202,76,200,75,199,74,196,73,193,73,192,72,190,70,187,70,184,69,183,68,181,67,178,67,174,67,174,67,169,67,166,66,165,65,164,64,161,63,158,63,156,62,155,61,152,60,149,61,147,62,146,63,143,63,138,63,138,63,134,63,131,64,130,65,131,66,134,67,137,67,138,68,140,69,143,70,146,70,147,72,149,73,152,73,156,73,156,73,161,73,164,74,165,75,165,76,165,76,165,78,166,79,169,80,172,80,174,81,175,82,178,83,181,83,183,85,184,86,187,86,190,87,192,88,193,89,196,89,200,89,200,89,205,89,209,89,209,89,214,89,218,89,218,89,223,89,226,90,227,91,228,92,231,93,236,93,236,91,237,90,240,89,245,89,245,89,249,89,254,89,254,88,254,86,254,86,254,85,252,83,249,83
231,70,228,69,227,68,226,67,223,67,220,67,218,68,218,70,218,70,218,72,218,73,218,73,218,75,220,76,223,76,227,76,227,76,231,76,234,76,236,75,236,73,236,73,236,72,234,70,231,70
214,60,211,61,209,62,211,63,214,63,217,63,218,62,217,61,214,60
205,54,202,53,200,52,199,51,196,50,193,50,192,49,190,48,187,47,183,47,183,47,178,47,175,48,174,49,175,50,178,50,181,51,183,52,184,53,187,54,190,54,192,55,193,56,196,57,200,57,200,57,205,57,208,56,209,55,208,54,205,54
161,34,158,34,156,33,156,31,156,31,156,29,155,28,152,28,149,27,147,26,146,25,143,25,140,24,138,23,137,22,134,21,131,22,130,23,130,25,130,25,130,26,130,28,130,28,130,29,130,31,130,31,130,33,130,34,130,34,130,36,131,37,134,38,137,38,138,39,140,40,143,41,146,41,147,42,149,43,152,44,156,44,156,44,161,44,164,43,165,42,165,41,165,41,165,39,165,38,165,38,165,36,164,35,161,34
72,73,69,74,68,75,69,76,72,76,76,76,76,75,75,74,72,73
