462,219,459,219,457,221,457,222,457,222,457,224,459,225,462,225,465,225,466,224,466,222,466,222,466,221,465,219,462,219
426,271,422,271,422,272,422,274,422,274,422,276,422,277,422,277,422,279,420,280,417,280,414,281,413,282,412,283,409,284,406,284,404,285,403,286,400,287,395,287,395,287,391,287,388,288,386,289,385,290,382,290,379,291,378,292,376,293,373,293,369,293,369,293,364,293,360,293,360,293,355,293,352,294,351,295,350,296,347,297,342,297,342,297,338,297,335,297,333,298,335,299,338,300,342,300,342,300,347,300,350,300,351,302,350,303,347,303,342,303,342,303,338,303,335,304,333,305,335,306,338,306,341,307,342,308,344,309,347,310,351,310,351,310,355,310,360,310,360,310,364,310,369,310,369,310,373,310,378,310,378,310,382,310,386,310,386,310,391,310,394,309,395,308,397,307,400,306,403,306,404,305,406,304,409,303,412,303,413,302,413,300,413,300,413,298,414,297,417,297,420,296,422,295,422,293,422,293,422,292,422,290,422,290,422,289,422,287,422,287,422,285,423,284,426,284,429,283,431,282,431,280,431,280,431,279,431,277,431,277,431,276,431,274,431,274,431,272,429,271,426,271
417,264,414,265,413,266,413,268,413,268,413,269,414,270,417,271,422,271,422,269,422,268,422,268,422,266,420,265,417,264
347,83,344,83,342,85,344,86,347,86,350,86,351,85,350,83,347,83
338,76,335,76,333,75,332,74,329,73,324,73,324,73,320,73,316,73,316,73,311,73,308,73,307,72,307,70,307,70,307,68,305,67,302,67,299,66,298,65,296,64,293,63,289,63,289,63,285,63,282,64,280,65,279,66,276,67,271,67,271,67,267,67,264,67,262,68,261,69,258,70,254,70,254,70,249,70,245,70,245,70,240,70,236,70,236,70,231,70,228,69,227,68,227,67,227,67,227,65,226,64,223,63,218,63,218,63,214,63,209,63,209,63,205,63,200,63,200,65,202,66,205,67,209,67,209,67,214,67,217,67,218,68,218,70,218,70,218,72,217,73,214,73,211,74,209,75,208,76,205,76,202,76,200,75,199,74,196,73,192,73,192,73,187,73,183,73,183,73,178,73,174,73,174,73,169,73,165,73,165,73,161,73,158,73,156,72,155,70,152,70,149,69,147,68,146,67,143,67,140,66,138,65,137,64,134,63,130,63,130,63,125,63,122,63,121,62,119,61,116,60,112,60,112,60,107,60,104,60,103,59,102,58,99,57,96,56,94,55,93,54,90,54,85,54,85,54,81,54,78,54,76,55,76,57,76,57,76,59,78,60,81,60,84,61,85,62,85,63,85,63,85,65,87,66,90,67,93,67,94,68,94,70,94,70,94,72,96,73,99,73,102,74,103,75,103,76,103,76,103,78,104,79,107,80,110,80,112,81,112,83,112,83,112,85,113,86,116,86,119,87,121,88,122,89,125,89,128,90,130,91,131,92,134,93,138,93,138,93,143,93,147,93,147,93,152,93,155,92,156,91,158,90,161,89,165,89,165,89,169,89,172,90,174,91,175,92,178,93,183,93,183,93,187,93,192,93,192,93,196,93,199,93,200,94,200,96,200,96,200,97,200,99,200,99,200,101,202,102,205,102,208,103,209,104,211,105,214,106,218,106,218,106,223,106,227,106,227,106,231,106,236,106,236,106,240,106,245,106,245,106,249,106,254,106,254,106,258,106,261,105,262,104,262,102,262,102,262,101,264,100,267,99,271,99,271,99,276,99,280,99,280,99,285,99,289,99,289,99,293,99,298,99,298,99,302,99,305,99,307,97,308,96,311,96,314,95,316,94,317,93,320,93,323,92,324,91,326,90,329,89,333,89,333,88,333,86,333,86,333,85,333,83,333,83,333,81,335,80,338,80,341,79,342,78,341,77,338,76
338,89,333,89,333,91,335,92,338,93,341,92,342,91,341,90,338,89
302,316,299,317,298,318,299,319,302,319,305,319,307,318,305,317,302,316
276,319,271,319,271,319,267,319,264,320,262,321,264,322,267,323,271,323,271,323,276,323,279,322,280,321,279,320,276,319
196,47,193,47,192,46,192,44,192,44,192,42,190,41,187,41,184,40,183,39,181,38,178,38,174,38,174,38,169,38,166,37,165,36,165,34,165,34,165,33,164,32,161,31,158,31,156,29,155,28,152,28,149,27,147,26,146,25,143,25,140,24,138,23,138,21,138,21,138,20,137,19,134,18,130,18,130,18,125,18,122,18,121,16,119,15,116,15,113,14,112,13,110,12,107,12,103,12,103,12,99,12,96,12,94,13,94,15,94,15,94,16,94,18,94,18,94,20,94,21,94,21,94,23,96,24,99,25,102,25,103,26,103,28,103,28,103,29,102,31,99,31,94,31,94,31,90,31,87,32,85,33,87,34,90,34,93,35,94,36,94,38,94,38,94,39,94,41,94,41,94,42,96,43,99,44,102,45,103,46,104,47,107,47,110,48,112,49,112,50,116,50,121,50,121,50,125,50,130,50,130,50,134,50,137,51,138,52,138,54,138,54,138,55,140,56,143,57,146,58,147,59,149,60,152,60,156,60,156,60,161,60,164,61,165,62,166,63,169,63,174,63,174,63,178,63,183,63,183,63,187,63,192,63,192,63,196,63,200,63,200,62,200,60,200,60,200,59,200,57,200,57,200,55,200,54,200,54,200,52,200,50,200,50,200,49,199,48,196,47
107,50,104,51,103,52,104,53,107,54,110,53,112,52,112,50,107,50
90,47,87,48,85,49,87,50,90,50,93,50,94,49,93,48,90,47
