444,251,441,252,440,253,440,255,440,255,440,256,441,257,444,258,447,257,448,256,448,255,448,255,448,253,447,252,444,251
355,138,352,139,351,140,350,141,347,141,344,142,342,143,342,144,342,144,342,146,342,148,342,148,342,149,344,150,347,151,351,151,351,151,355,151,358,150,360,149,360,148,360,148,360,146,360,144,360,144,360,143,360,141,360,141,360,140,358,139,355,138
347,86,344,86,342,85,342,83,342,83,342,81,341,80,338,80,335,79,333,78,332,77,329,76,326,77,324,78,324,80,324,80,324,81,324,83,324,83,324,85,326,86,329,86,332,87,333,88,335,89,338,89,341,90,342,91,344,92,347,93,350,92,351,91,351,89,351,89,351,88,350,87,347,86
347,119,344,119,342,120,342,122,342,122,342,123,344,124,347,125,350,124,351,123,351,122,351,122,351,120,350,119,347,119
338,109,335,109,333,110,335,111,338,112,341,111,342,110,341,109,338,109
329,96,326,96,324,97,326,99,329,99,332,99,333,97,332,96,329,96
267,60,264,61,262,62,262,63,267,63,270,63,271,62,270,61,267,60
258,63,255,64,254,65,255,66,258,67,261,66,262,65,262,63,258,63
231,60,228,60,227,59,226,58,223,57,220,56,218,55,217,54,214,54,211,53,209,52,208,51,205,50,202,50,200,49,199,48,196,47,192,47,192,47,187,47,184,48,183,49,181,50,178,50,175,51,174,52,172,53,169,54,166,54,165,55,165,57,165,57,165,59,164,60,161,60,158,61,156,62,158,63,161,63,164,64,165,65,166,66,169,67,172,67,174,68,175,69,178,70,181,70,183,72,184,73,187,73,192,73,192,73,196,73,200,73,200,73,205,73,209,73,209,73,214,73,218,73,218,73,223,73,226,73,227,72,227,70,227,70,227,68,227,67,227,67,227,65,228,64,231,63,234,63,236,62,234,61,231,60
196,83,192,83,192,83,187,83,184,83,183,85,184,86,187,86,192,86,192,86,196,86,199,86,200,85,199,83,196,83
178,76,175,77,174,78,175,79,178,80,181,79,183,78,181,77,178,76
