621,255,618,255,617,256,617,258,617,258,617,259,617,261,617,261,617,263,618,264,621,264,624,264,626,263,626,261,626,261,626,259,626,258,626,258,626,256,624,255,621,255
435,219,431,219,431,221,432,222,435,222,438,222,440,221,438,219,435,219
426,216,422,216,422,217,423,218,426,219,431,219,431,217,429,216,426,216
417,209,414,210,413,211,413,212,413,212,413,214,414,215,417,216,422,216,422,214,422,212,422,212,422,211,420,210,417,209
400,284,395,284,395,284,391,284,388,283,386,282,385,281,382,280,378,280,378,280,373,280,370,281,369,282,367,283,364,284,360,284,360,284,355,284,351,284,351,284,347,284,344,284,342,285,341,286,338,287,335,288,333,289,332,290,329,290,326,291,324,292,326,293,329,293,332,294,333,295,333,297,333,297,333,298,335,299,338,300,341,300,342,302,342,303,342,303,342,305,344,306,347,306,351,306,351,306,355,306,358,306,360,305,361,304,364,303,367,303,369,302,370,300,373,300,378,300,378,300,382,300,385,299,386,298,388,297,391,297,394,296,395,295,395,293,395,293,395,292,397,291,400,290,403,290,404,289,404,287,404,287,404,285,403,284,400,284
391,190,388,190,386,191,388,192,391,193,394,192,395,191,394,190,391,190
293,60,290,61,289,62,289,63,289,63,289,65,290,66,293,67,296,66,298,65,298,63,298,63,298,62,296,61,293,60
293,180,290,181,289,182,290,183,293,183,296,183,298,182,296,181,293,180
276,63,273,63,271,62,270,61,267,60,264,60,262,59,262,57,262,57,262,55,261,54,258,54,254,54,254,54,249,54,245,54,245,54,240,54,236,54,236,54,231,54,227,54,227,54,223,54,220,53,218,52,217,51,214,50,209,50,209,50,205,50,200,50,200,50,196,50,193,50,192,49,192,47,192,47,192,46,192,44,192,44,192,42,192,41,192,41,192,39,190,38,187,38,183,38,183,38,178,38,174,38,174,38,169,38,166,37,165,36,165,34,165,34,165,33,165,31,165,31,165,29,164,28,161,28,156,28,156,28,152,28,149,27,147,26,146,25,143,25,140,24,138,23,138,21,138,21,138,20,137,19,134,18,131,18,130,16,128,15,125,15,121,15,121,15,116,15,113,14,112,13,110,12,107,12,104,12,103,13,103,15,103,15,103,16,102,18,99,18,96,19,94,20,94,21,94,21,94,23,96,24,99,25,103,25,103,23,104,22,107,21,110,22,112,23,110,24,107,25,103,25,103,26,104,27,107,28,110,28,112,29,112,31,112,31,112,33,113,34,116,34,119,35,121,36,119,37,116,38,112,38,112,38,107,38,103,38,103,38,99,38,96,38,94,39,94,41,94,41,94,42,96,43,99,44,102,45,103,46,104,47,107,47,110,48,112,49,112,50,112,50,112,52,113,53,116,54,119,54,121,55,121,57,121,57,121,59,122,60,125,60,128,61,130,62,131,63,134,63,137,64,138,65,140,66,143,67,147,67,147,67,152,67,155,67,156,68,158,69,161,70,165,70,165,70,169,70,174,70,174,70,178,70,181,69,183,68,184,67,187,67,192,67,192,67,196,67,199,67,200,68,200,70,200,70,200,72,200,73,200,73,200,75,202,76,205,76,208,76,209,75,211,74,214,73,217,74,218,75,218,76,218,76,218,78,218,80,218,80,218,81,220,82,223,83,227,83,227,83,231,83,236,83,236,83,240,83,243,82,245,81,246,80,249,80,252,79,254,78,255,77,258,76,262,76,262,76,267,76,270,76,271,75,273,74,276,73,279,73,280,72,280,70,280,70,280,68,280,67,280,67,280,65,279,64,276,63
178,50,175,50,174,49,172,48,169,47,166,47,165,46,164,45,161,44,158,45,156,46,156,47,156,47,156,49,158,50,161,50,164,51,165,52,166,53,169,54,174,54,174,54,178,54,181,53,183,52,181,51,178,50
276,297,271,297,271,297,267,297,264,297,262,298,264,299,267,300,271,300,271,300,276,300,279,299,280,298,279,297,276,297
