417,271,414,271,413,272,414,273,417,274,420,273,422,272,420,271,417,271
417,290,413,290,413,290,409,290,406,291,404,292,403,293,400,293,397,294,395,295,394,296,391,297,388,297,386,298,385,299,382,300,379,300,378,302,378,303,378,303,378,305,376,306,373,306,370,307,369,308,367,309,364,310,361,310,360,311,360,313,360,313,360,315,361,316,364,316,369,316,369,316,373,316,376,316,378,315,379,313,382,313,385,312,386,311,388,310,391,310,394,309,395,308,397,307,400,306,403,306,404,305,406,304,409,303,412,303,413,302,414,300,417,300,420,299,422,298,422,297,422,297,422,295,422,293,422,293,422,292,420,291,417,290
347,83,344,82,342,81,342,80,342,80,342,78,341,77,338,76,335,76,333,75,332,74,329,73,324,73,324,73,320,73,316,73,316,73,311,73,308,74,307,75,305,76,302,76,299,77,298,78,296,79,293,80,290,80,289,81,288,82,285,83,282,83,280,85,280,86,280,86,280,88,279,89,276,89,273,90,271,91,271,93,271,93,271,94,273,95,276,96,280,96,280,96,285,96,288,96,289,97,289,99,289,99,289,101,288,102,285,102,280,102,280,102,276,102,273,102,271,101,270,100,267,99,264,99,262,97,262,96,262,96,262,94,261,93,258,93,254,93,254,93,249,93,246,93,245,94,243,95,240,96,236,96,236,96,231,96,227,96,227,96,223,96,218,96,218,96,214,96,209,96,209,96,205,96,202,96,200,97,199,99,196,99,193,99,192,97,190,96,187,96,183,96,183,96,178,96,174,96,174,96,169,96,165,96,165,96,161,96,158,95,156,94,155,93,152,93,147,93,147,93,143,93,140,92,138,91,137,90,134,89,130,89,130,89,125,89,122,89,121,88,119,87,116,86,112,86,112,86,107,86,104,87,103,88,104,89,107,89,110,90,112,91,113,92,116,93,119,93,121,94,122,95,125,96,130,96,130,96,134,96,138,96,138,96,143,96,146,96,147,97,149,99,152,99,156,99,156,99,161,99,165,99,165,99,169,99,172,100,174,101,175,102,178,102,181,103,183,104,184,105,187,106,190,106,192,107,193,108,196,109,199,109,200,110,200,112,200,112,200,114,200,115,200,115,200,117,199,118,196,119,192,119,192,119,187,119,184,119,183,120,184,121,187,122,190,122,192,123,193,124,196,125,199,124,200,123,202,122,205,122,209,122,209,122,214,122,217,122,218,123,220,124,223,125,226,124,227,123,228,122,231,122,236,122,236,122,240,122,245,122,245,122,249,122,252,122,254,123,255,124,258,125,262,125,262,125,267,125,270,126,271,127,273,128,276,128,279,128,280,127,282,126,285,125,289,125,289,125,293,125,296,124,298,123,298,122,298,122,298,120,298,119,298,119,298,117,299,116,302,115,307,115,307,115,311,115,314,115,316,114,317,113,320,112,324,112,324,112,329,112,332,111,333,110,333,109,333,109,333,107,335,106,338,106,341,105,342,104,342,102,342,102,342,101,344,100,347,99,350,99,351,97,351,96,351,96,351,94,351,93,351,93,351,91,351,89,351,89,351,88,351,86,351,86,351,85,350,83,347,83
240,83,236,83,236,83,231,83,227,83,227,83,223,83,218,83,218,83,214,83,211,83,209,85,211,86,214,86,217,87,218,88,220,89,223,89,227,89,227,89,231,89,234,89,236,88,237,87,240,86,243,86,245,85,243,83,240,83
231,70,228,69,227,68,227,67,227,67,227,65,227,63,227,63,227,62,226,61,223,60,220,60,218,59,218,57,214,57,209,57,209,59,209,60,209,60,209,62,211,63,214,63,217,64,218,65,218,67,218,67,218,68,218,70,218,70,218,72,218,73,218,73,218,75,220,76,223,76,227,76,227,76,231,76,234,76,236,75,236,73,236,73,236,72,234,70,231,70
223,54,220,54,218,55,218,57,223,57,226,56,227,55,226,54,223,54
205,50,200,50,200,50,196,50,193,50,192,49,190,48,187,47,183,47,183,47,178,47,175,48,174,49,175,50,178,50,181,51,183,52,184,53,187,54,192,54,192,54,196,54,199,54,200,55,202,56,205,57,209,57,209,55,209,54,209,54,209,52,208,51,205,50
196,73,193,73,192,72,190,70,187,70,183,70,183,70,178,70,175,70,174,72,172,73,169,73,166,74,165,75,166,76,169,76,172,77,174,78,174,80,174,80,174,81,175,82,178,83,181,83,183,85,184,86,187,86,192,86,192,86,196,86,199,86,200,85,200,83,200,83,200,81,200,80,200,80,200,78,200,76,200,76,200,75,199,74,196,73
169,38,166,37,165,36,164,35,161,34,158,34,156,33,155,32,152,31,149,31,147,29,146,28,143,28,140,28,138,29,138,31,138,31,138,33,138,34,138,34,138,36,138,38,138,38,138,39,140,40,143,41,147,41,147,41,152,41,155,41,156,42,158,43,161,44,164,43,165,42,166,41,169,41,172,40,174,39,172,38,169,38
134,109,131,108,130,107,128,106,125,106,122,105,121,104,119,103,116,102,112,102,112,102,107,102,104,103,103,104,104,105,107,106,110,106,112,107,113,108,116,109,119,109,121,110,122,111,125,112,130,112,130,112,134,112,137,111,138,110,137,109,134,109
