426,293,423,294,422,295,423,296,426,297,429,296,431,295,429,294,426,293
409,290,406,291,404,292,403,293,400,293,397,294,395,295,394,296,391,297,388,297,386,298,386,300,386,300,386,302,385,303,382,303,379,304,378,305,376,306,373,306,370,307,369,308,367,309,364,310,361,310,360,311,360,313,360,313,360,315,360,316,360,316,360,318,360,319,360,319,360,321,361,322,364,323,367,322,369,321,370,320,373,319,376,319,378,318,379,317,382,316,385,316,386,315,386,313,386,313,386,311,388,310,391,310,394,309,395,308,397,307,400,306,403,306,404,305,406,304,409,303,412,303,413,302,413,300,413,300,413,298,413,297,413,297,413,295,413,293,413,293,413,292,412,291,409,290
347,80,344,79,342,78,341,77,338,76,335,76,333,75,332,74,329,73,324,73,324,73,320,73,317,74,316,75,316,76,316,76,316,78,314,79,311,80,307,80,307,80,302,80,299,80,298,81,296,82,293,83,290,83,289,85,288,86,285,86,282,87,280,88,280,89,280,89,280,91,282,92,285,93,288,92,289,91,290,90,293,89,298,89,298,89,302,89,305,90,307,91,307,93,307,93,307,94,305,95,302,96,299,96,298,97,298,99,298,99,298,101,296,102,293,102,290,103,289,104,288,105,285,106,280,106,280,106,276,106,273,106,271,107,270,108,267,109,264,108,262,107,262,106,262,106,262,104,262,102,262,102,262,101,261,100,258,99,255,100,254,101,252,102,249,102,245,102,245,102,240,102,237,102,236,101,237,100,240,99,243,99,245,97,243,96,240,96,236,96,236,96,231,96,227,96,227,96,223,96,218,96,218,96,214,96,211,96,209,97,208,99,205,99,202,100,200,101,202,102,205,102,208,103,209,104,211,105,214,106,218,106,218,106,223,106,227,106,227,106,231,106,234,106,236,107,236,109,236,109,236,110,234,112,231,112,227,112,227,112,223,112,220,113,218,114,217,115,214,115,209,115,209,115,205,115,202,116,200,117,199,118,196,119,192,119,192,119,187,119,183,119,183,119,178,119,175,119,174,120,174,122,174,122,174,123,175,124,178,125,183,125,183,125,187,125,190,126,192,127,193,128,196,128,200,128,200,128,205,128,208,128,209,127,209,125,209,125,209,123,211,122,214,122,217,122,218,123,218,125,218,125,218,127,220,128,223,128,226,128,227,127,228,126,231,125,236,125,236,125,240,125,245,125,245,125,249,125,254,125,254,125,258,125,262,125,262,125,267,125,270,126,271,127,273,128,276,128,280,128,280,128,285,128,289,128,289,128,293,128,298,128,298,128,302,128,305,128,307,127,307,125,307,125,307,123,307,122,307,122,307,120,308,119,311,119,314,118,316,117,317,116,320,115,323,115,324,114,326,113,329,112,333,112,333,112,338,112,341,111,342,110,342,109,342,109,342,107,342,106,342,106,342,104,342,102,342,102,342,101,344,100,347,99,350,99,351,97,351,96,351,96,351,94,351,93,351,93,351,91,351,89,351,89,351,88,351,86,351,86,351,85,351,83,351,83,351,81,350,80,347,80
347,319,344,320,342,321,344,322,347,323,350,322,351,321,350,320,347,319
311,326,308,326,307,327,307,329,311,329,314,329,316,327,314,326,311,326
302,329,299,330,298,331,299,332,302,332,305,332,307,331,307,329,302,329
231,70,227,70,227,72,226,73,223,73,220,74,218,75,220,76,223,76,227,76,227,76,231,76,234,76,236,75,236,73,236,73,236,72,234,70,231,70
231,83,228,83,227,85,228,86,231,86,234,86,236,85,234,83,231,83
223,50,218,50,218,50,214,50,209,50,209,50,205,50,200,50,200,50,196,50,192,50,192,52,193,53,196,54,199,54,200,55,202,56,205,57,208,58,209,59,209,60,209,60,209,62,209,63,209,63,209,65,211,66,214,67,217,67,218,68,220,69,223,70,227,70,227,68,227,67,227,67,227,65,227,63,227,63,227,62,226,61,223,60,220,60,218,59,220,58,223,57,226,56,227,55,227,54,227,54,227,52,226,51,223,50
187,47,184,48,183,49,184,50,187,50,192,50,192,49,190,48,187,47
187,83,184,83,183,85,184,86,187,86,190,86,192,85,190,83,187,83
178,76,175,77,174,78,175,79,178,80,181,79,183,78,181,77,178,76
169,38,166,37,165,36,164,35,161,34,158,34,156,33,155,32,152,31,147,31,147,31,143,31,140,32,138,33,138,34,138,34,138,36,138,38,138,38,138,39,140,40,143,41,147,41,147,41,152,41,155,41,156,42,158,43,161,44,165,44,165,44,169,44,172,43,174,42,174,41,174,41,174,39,172,38,169,38
161,115,158,115,156,114,155,113,152,112,147,112,147,112,143,112,140,112,138,110,137,109,134,109,131,108,130,107,128,106,125,106,122,105,121,104,119,103,116,102,112,102,112,102,107,102,104,103,103,104,104,105,107,106,110,106,112,107,112,109,112,109,112,110,113,111,116,112,121,112,121,112,125,112,128,113,130,114,131,115,134,115,138,115,138,115,143,115,146,116,147,117,149,118,152,119,156,119,156,119,161,119,164,118,165,117,164,116,161,115
143,93,138,93,138,94,140,95,143,96,146,95,147,94,146,93,143,93
134,89,130,89,130,89,125,89,122,89,121,88,119,87,116,86,113,87,112,88,112,89,112,89,112,91,113,92,116,93,121,93,121,93,125,93,130,93,130,93,134,93,138,93,138,91,137,90,134,89
