630,374,627,374,626,373,624,372,621,371,618,372,617,373,617,374,617,374,617,376,617,378,617,378,617,379,617,381,617,381,617,383,617,384,617,384,617,386,617,387,617,387,617,389,617,391,617,391,617,392,618,393,621,394,624,394,626,395,627,397,630,397,630,374
417,212,414,212,413,211,413,209,413,209,413,208,413,206,413,206,413,204,413,203,413,203,413,201,412,200,409,200,406,199,404,198,404,196,404,196,404,195,404,193,404,193,404,191,403,190,400,190,397,189,395,188,394,187,391,187,388,186,386,185,385,184,382,183,378,183,378,183,373,183,369,183,369,185,369,187,369,187,369,188,370,189,373,190,376,190,378,191,378,193,378,193,378,195,379,196,382,196,385,197,386,198,386,200,386,200,386,201,388,202,391,203,394,203,395,204,395,206,395,206,395,208,397,209,400,209,403,210,404,211,404,212,404,212,404,214,404,216,404,216,404,217,404,219,404,219,404,221,404,222,404,222,404,224,406,225,409,225,413,225,413,225,417,225,420,225,422,224,422,222,422,222,422,221,422,219,422,219,422,217,422,216,422,216,422,214,420,213,417,212
409,238,406,239,404,240,406,241,409,242,412,241,413,240,412,239,409,238
400,264,395,264,395,264,391,264,388,265,386,266,385,267,382,268,379,267,378,266,378,264,378,264,378,263,378,261,373,261,370,262,369,263,367,264,364,264,361,265,360,266,358,267,355,268,352,268,351,269,350,270,347,271,342,271,342,271,338,271,333,271,333,271,329,271,326,271,324,272,323,273,320,274,317,275,316,276,316,277,316,277,316,279,317,280,320,280,323,281,324,282,326,283,329,284,332,284,333,285,333,287,333,287,333,289,335,290,338,290,342,290,342,290,347,290,351,290,351,290,355,290,360,290,360,290,364,290,367,290,369,289,370,288,373,287,376,286,378,285,379,284,382,284,386,284,386,284,391,284,394,283,395,282,395,280,395,280,395,279,395,277,395,277,395,276,397,275,400,274,403,273,404,272,404,271,404,271,404,269,404,268,404,268,404,266,403,265,400,264
382,258,379,258,378,259,378,261,382,261,385,261,386,259,385,258,382,258
364,180,361,181,360,182,361,183,364,183,369,183,369,182,367,181,364,180
347,170,344,171,342,172,341,173,338,174,335,174,333,175,335,176,338,177,342,177,342,177,347,177,350,176,351,175,351,174,351,174,351,172,350,171,347,170
293,277,289,277,289,277,285,277,280,277,280,277,276,277,273,278,271,279,273,280,276,280,279,281,280,282,282,283,285,284,288,283,289,282,290,281,293,280,296,280,298,279,296,278,293,277
240,277,237,278,236,279,236,280,236,280,236,282,237,283,240,284,243,283,245,282,245,280,245,280,245,279,243,278,240,277
196,41,193,40,192,39,192,38,192,38,192,36,190,35,187,34,184,34,183,33,181,32,178,31,175,31,174,29,172,28,169,28,165,28,165,28,161,28,156,28,156,28,152,28,149,27,147,26,146,25,143,25,140,24,138,23,138,21,138,21,138,20,137,19,134,18,131,18,130,16,128,15,125,15,121,15,121,15,116,15,112,15,112,15,107,15,104,15,103,16,102,18,99,18,96,19,94,20,96,21,99,21,103,21,103,21,107,21,110,22,112,23,112,25,112,25,112,26,113,27,116,28,119,28,121,29,121,31,121,31,121,33,122,34,125,34,128,35,130,36,131,37,134,38,137,38,138,39,140,40,143,41,147,41,147,41,152,41,155,41,156,42,156,44,156,44,156,46,158,47,161,47,164,48,165,49,166,50,169,50,172,51,174,52,175,53,178,54,183,54,183,54,187,54,192,54,192,54,196,54,199,53,200,52,200,50,200,50,200,49,200,47,200,47,200,46,200,44,200,44,200,42,199,41,196,41
143,12,140,12,138,13,140,14,143,15,146,14,147,13,146,12,143,12
143,293,140,294,138,295,140,296,143,297,146,296,147,295,146,294,143,293
