621,251,618,252,617,253,617,255,617,255,617,256,617,258,617,258,617,259,617,261,617,261,617,263,617,264,617,264,617,266,617,268,617,268,617,269,618,270,621,271,624,270,626,269,626,268,626,268,626,266,626,264,626,264,626,263,626,261,626,261,626,259,626,258,626,258,626,256,626,255,626,255,626,253,624,252,621,251
462,232,459,231,457,230,457,229,457,229,457,227,456,226,453,225,448,225,448,227,448,229,448,229,448,230,448,232,448,232,448,234,450,235,453,235,457,235,457,235,462,235,465,235,466,234,465,232,462,232
444,219,441,219,440,221,440,222,440,222,440,224,441,225,444,225,448,225,448,224,448,222,448,222,448,221,447,219,444,219
409,287,406,286,404,285,403,284,400,284,395,284,395,284,391,284,388,283,386,282,385,281,382,280,379,281,378,282,376,283,373,284,369,284,369,284,364,284,361,284,360,285,358,286,355,287,352,286,351,285,350,284,347,284,344,284,342,285,341,286,338,287,335,288,333,289,332,290,329,290,326,291,324,292,324,293,329,293,332,294,333,295,332,296,329,297,326,296,324,295,324,293,320,293,317,294,316,295,316,297,316,297,316,298,316,300,316,300,316,302,317,303,320,303,323,304,324,305,326,306,329,306,333,306,333,306,338,306,342,306,342,306,347,306,351,306,351,306,355,306,360,306,360,306,364,306,367,306,369,305,370,304,373,303,378,303,378,303,382,303,386,303,386,303,391,303,394,303,395,302,397,300,400,300,403,299,404,298,404,297,404,297,404,295,406,294,409,293,412,293,413,292,413,290,413,290,413,289,412,288,409,287
302,86,299,87,298,88,299,89,302,89,305,89,307,88,305,87,302,86
293,60,290,61,289,62,288,63,285,63,280,63,280,63,276,63,273,63,271,62,270,61,267,60,264,60,262,59,262,57,262,57,262,55,261,54,258,54,254,54,254,54,249,54,245,54,245,54,240,54,236,54,236,54,231,54,227,54,227,54,223,54,220,53,218,52,217,51,214,50,211,51,209,52,208,53,205,54,200,54,200,54,196,54,193,53,192,52,190,51,187,50,184,51,183,52,181,53,178,54,174,54,174,54,169,54,166,53,165,52,164,51,161,50,158,50,156,49,156,47,156,47,156,46,156,44,156,44,156,42,155,41,152,41,149,40,147,39,149,38,152,38,155,37,156,36,156,34,156,34,156,33,156,31,156,31,156,29,155,28,152,28,149,27,147,26,147,25,147,25,147,23,147,21,147,21,147,20,147,18,147,18,147,16,147,15,147,15,147,13,146,12,143,12,138,12,138,12,134,12,130,12,130,12,125,12,121,12,121,12,116,12,112,12,112,12,107,12,104,12,103,13,103,15,103,15,103,16,104,18,107,18,110,19,112,20,112,21,112,21,112,23,112,25,116,25,119,25,121,26,121,28,125,28,128,28,130,29,130,31,130,31,130,33,128,34,125,34,122,35,121,36,121,38,125,38,130,38,130,38,134,38,137,38,138,39,137,40,134,41,130,41,130,41,125,41,122,40,121,39,121,38,116,38,112,38,112,38,107,38,103,38,103,38,99,38,96,37,94,36,93,35,90,34,85,34,85,36,85,38,85,38,85,39,87,40,90,41,93,41,94,42,94,44,94,44,94,46,96,47,99,47,102,48,103,49,103,50,103,50,103,52,104,53,107,54,110,54,112,55,112,57,112,57,112,59,113,60,116,60,119,61,121,62,121,63,121,63,121,65,122,66,125,67,130,67,130,67,134,67,137,67,138,68,140,69,143,70,146,70,147,72,149,73,152,73,155,74,156,75,158,76,161,76,165,76,165,76,169,76,174,76,174,76,178,76,181,76,183,75,183,73,183,73,183,72,184,70,187,70,192,70,192,70,196,70,199,70,200,72,200,73,200,73,200,75,200,76,200,76,200,78,199,79,196,80,193,80,192,81,192,83,192,83,192,85,193,86,196,86,199,87,200,88,202,89,205,89,208,90,209,91,211,92,214,93,217,92,218,91,220,90,223,89,227,89,227,89,231,89,234,89,236,88,237,87,240,86,243,86,245,85,245,83,245,83,245,81,246,80,249,80,254,80,254,80,258,80,261,79,262,78,264,77,267,76,270,77,271,78,271,80,271,80,271,81,273,82,276,83,280,83,280,83,285,83,289,83,289,83,293,83,296,82,298,81,298,80,298,80,298,78,298,76,298,76,298,75,298,73,298,73,298,72,298,70,298,70,298,68,298,67,298,67,298,65,298,63,298,63,298,62,296,61,293,60
214,73,211,74,209,75,209,76,209,76,209,78,211,79,214,80,217,79,218,78,218,76,218,76,218,75,217,74,214,73
205,60,202,61,200,62,202,63,205,63,208,63,209,62,208,61,205,60
293,180,290,181,289,182,289,183,289,183,289,185,290,186,293,187,296,186,298,185,298,183,298,183,298,182,296,181,293,180
276,297,271,297,271,297,267,297,264,297,262,298,264,299,267,300,271,300,271,300,276,300,279,299,280,298,279,297,276,297
258,306,254,306,254,306,249,306,246,307,245,308,246,309,249,310,254,310,254,310,258,310,261,309,262,308,261,307,258,306
116,28,112,28,112,29,113,31,116,31,119,31,121,29,121,28,116,28
107,25,104,25,103,26,104,27,107,28,112,28,112,26,112,25,107,25
81,31,78,32,76,33,78,34,81,34,85,34,85,33,84,32,81,31
