630,381,626,381,626,383,626,384,626,384,626,386,627,387,630,387,630,381
621,378,618,378,617,379,618,380,621,381,626,381,626,379,624,378,621,378
409,216,406,216,404,217,404,219,404,219,404,221,406,222,409,222,412,222,413,221,413,219,413,219,413,217,412,216,409,216
400,193,397,192,395,191,395,190,395,190,395,188,394,187,391,187,388,186,386,185,385,184,382,183,379,184,378,185,378,187,378,187,378,188,378,190,378,190,378,191,378,193,378,193,378,195,379,196,382,196,385,197,386,198,386,200,386,200,386,201,388,202,391,203,394,203,395,204,395,206,395,206,395,208,397,209,400,209,403,209,404,208,404,206,404,206,404,204,404,203,404,203,404,201,404,200,404,200,404,198,404,196,404,196,404,195,403,194,400,193
391,264,388,265,386,266,388,267,391,268,394,267,395,266,394,265,391,264
382,258,379,258,378,259,378,261,382,261,385,261,386,259,385,258,382,258
382,271,379,271,378,272,376,273,373,274,370,273,369,272,369,271,369,271,369,269,369,268,369,268,369,266,369,264,364,264,361,265,360,266,358,267,355,268,351,268,351,268,347,268,344,268,342,269,341,270,338,271,333,271,333,271,329,271,326,271,324,272,323,273,320,274,317,275,316,276,317,277,320,277,324,277,324,277,329,277,332,278,333,279,333,280,333,280,333,282,335,283,338,284,341,284,342,285,344,286,347,287,351,287,351,287,355,287,360,287,360,287,364,287,367,286,369,285,369,284,369,284,369,282,370,281,373,280,376,280,378,279,379,278,382,277,385,277,386,276,386,274,386,274,386,272,385,271,382,271
373,261,370,262,369,263,369,264,373,264,376,264,378,263,378,261,373,261
276,277,273,278,271,279,273,280,276,280,279,280,280,279,279,278,276,277
187,41,184,40,183,39,181,38,178,38,175,37,174,36,172,35,169,34,165,34,165,34,161,34,158,34,156,33,155,32,152,31,149,31,147,29,146,28,143,28,138,28,138,28,134,28,130,28,130,29,130,31,130,31,130,33,131,34,134,34,137,35,138,36,140,37,143,38,147,38,147,38,152,38,155,38,156,39,158,40,161,41,164,41,165,42,166,43,169,44,174,44,174,44,178,44,183,44,183,44,187,44,190,43,192,42,190,41,187,41
169,28,166,28,165,29,166,31,169,31,172,31,174,29,172,28,169,28
134,21,130,21,130,23,130,25,134,25,137,24,138,23,137,22,134,21
125,18,121,18,121,18,116,18,113,19,112,20,113,21,116,21,121,21,121,21,125,21,130,21,130,20,128,19,125,18
125,25,122,25,121,26,122,27,125,28,130,28,130,26,130,25,125,25
