273.8940830096474,362.7557568522359,256.8940830096474,360.7557568522359,248.89408300964737,346.7557568522359,255.89408300964737,330.7557568522359,277.8940830096474,330.7557568522359,273.8940830096474,362.7557568522359
346.84270976214844,228.2133669135815,318.84270976214844,209.2133669135815,325.84270976214844,182.2133669135815,361.84270976214844,180.2133669135815,346.84270976214844,228.2133669135815
268.6110771116725,298.7353122486601,222.6110771116725,141.73531224866005,326.6110771116725,117.73531224866005,268.6110771116725,298.7353122486601
555.8890574694645,446.4111984818467,543.8890574694645,431.4111984818467,547.8890574694645,417.4111984818467,573.8890574694645,417.4111984818467,555.8890574694645,446.4111984818467
428.858622350166,209.65818190514545,417.858622350166,200.65818190514545,428.858622350166,185.65818190514545,428.858622350166,209.65818190514545
10.704497500282756,384.0692711735844,0.0,367.0692711735844,0.0,339.0692711735844,24.704497500282756,339.0692711735844,35.704497500282756,357.0692711735844,10.704497500282756,384.0692711735844
86.55024668509547,459.61767990985635,32.55024668509547,455.61767990985635,28.550246685095473,419.61767990985635,60.55024668509547,397.61767990985635,97.55024668509547,427.61767990985635,86.55024668509547,459.61767990985635
403.4352675148884,145.4297159547889,317.4352675148884,137.4297159547889,296.4352675148884,26.429715954788875,438.4352675148884,26.429715954788875,403.4352675148884,145.4297159547889
344.98432564713215,382.43285013161807,330.98432564713215,367.43285013161807,351.98432564713215,353.43285013161807,344.98432564713215,382.43285013161807
546.1772257842455,144.98785799019402,493.1772257842455,58.987857990194016,578.1772257842455,0.0,546.1772257842455,144.98785799019402
