373,297,370,297,369,298,369,300,369,300,369,302,370,303,373,303,376,303,378,302,378,300,378,300,378,298,376,297,373,297
302,76,299,76,298,75,298,73,298,73,298,72,298,70,298,70,298,68,296,67,293,67,289,67,289,67,285,67,280,67,280,67,276,67,273,67,271,68,271,70,271,70,271,72,270,73,267,73,262,73,262,73,258,73,255,73,254,72,252,70,249,70,245,70,245,70,240,70,236,70,236,70,231,70,228,70,227,72,226,73,223,73,220,74,218,75,218,76,218,76,218,78,217,79,214,80,211,80,209,81,208,82,205,83,202,82,200,81,199,80,196,80,193,80,192,81,192,83,192,83,192,85,192,86,192,86,192,88,193,89,196,89,199,90,200,91,202,92,205,93,208,93,209,94,211,95,214,96,217,95,218,94,220,93,223,93,226,93,227,94,228,95,231,96,234,95,236,94,236,93,236,93,236,91,237,90,240,89,243,89,245,88,245,86,245,86,245,85,245,83,245,83,245,81,246,80,249,80,252,80,254,81,255,82,258,83,261,83,262,85,264,86,267,86,270,86,271,85,271,83,271,83,271,81,273,80,276,80,280,80,280,80,285,80,288,80,289,81,290,82,293,83,296,82,298,81,299,80,302,80,305,79,307,78,305,77,302,76
223,60,220,61,218,62,217,63,214,63,211,64,209,65,211,66,214,67,218,67,218,67,223,67,226,66,227,65,227,63,227,63,227,62,226,61,223,60
187,54,184,54,183,55,181,56,178,57,174,57,174,59,175,60,178,60,183,60,183,60,187,60,190,60,192,59,192,57,192,57,192,55,190,54,187,54
178,76,174,76,174,76,169,76,166,76,165,75,164,74,161,73,156,73,156,73,152,73,149,74,147,75,149,76,152,76,155,77,156,78,158,79,161,80,165,80,165,80,169,80,174,80,174,80,178,80,181,79,183,78,181,77,178,76
169,54,165,54,165,55,166,56,169,57,174,57,174,55,172,54,169,54
161,50,156,50,156,50,152,50,147,50,147,52,149,53,152,54,156,54,156,54,161,54,165,54,165,52,164,51,161,50
143,47,140,48,138,49,140,50,143,50,147,50,147,49,146,48,143,47
125,41,122,41,121,42,122,43,125,44,128,43,130,42,128,41,125,41
125,63,122,64,121,65,122,66,125,67,128,66,130,65,128,64,125,63
