475,10,474,11,471,12,468,11,466,10,238,10,10,10,10,240,10,470,68,470,69,469,72,468,75,469,76,470,351,470,350,469,347,468,342,468,342,468,338,468,335,468,333,467,335,466,338,465,342,465,342,465,347,465,351,465,351,465,355,465,358,466,360,467,360,468,360,468,360,470,495,470,630,470,630,361,627,361,626,360,624,359,621,358,618,359,617,360,615,361,612,361,609,361,608,360,606,359,603,358,600,358,599,357,598,356,595,355,590,355,590,355,586,355,583,354,581,353,580,352,577,352,574,351,572,350,572,349,572,349,572,347,574,346,577,345,581,345,581,345,586,345,589,345,590,344,592,343,595,342,599,342,599,342,603,342,606,343,608,344,609,345,612,345,615,346,617,347,618,348,621,349,624,349,626,350,626,352,626,352,626,353,627,354,630,355,630,271,627,270,626,269,626,268,621,268,618,267,617,266,617,264,612,264,609,264,608,263,608,261,603,261,600,261,599,259,599,258,595,258,592,257,590,256,592,255,595,255,598,255,599,256,599,258,603,258,606,258,608,259,608,261,612,261,615,262,617,263,617,264,621,264,624,265,626,266,626,268,630,268,630,248,627,248,626,246,626,245,626,245,626,243,626,242,626,242,626,240,627,239,630,238,630,161,626,161,626,161,621,161,617,161,617,161,612,161,609,160,608,159,609,158,612,157,615,157,617,156,618,155,621,154,626,154,626,154,630,154,630,82,630,10,475,10
612,115,609,116,608,117,609,118,612,119,615,118,617,117,615,116,612,115
586,125,583,126,581,127,581,128,581,128,581,130,583,131,586,131,589,131,590,130,590,128,590,128,590,127,589,126,586,125
577,251,572,251,572,251,568,251,564,251,564,251,559,251,555,251,555,251,550,251,546,251,546,251,541,251,538,252,537,253,538,254,541,255,544,255,546,256,547,257,550,258,555,258,555,258,559,258,562,257,564,256,565,255,568,255,572,255,572,255,577,255,580,254,581,253,580,252,577,251
568,34,565,35,564,36,565,37,568,38,571,37,572,36,571,35,568,34
568,119,565,119,564,120,565,121,568,122,571,121,572,120,571,119,568,119
568,125,565,126,564,127,564,128,564,128,564,130,564,131,564,131,564,133,565,134,568,135,571,134,572,133,572,131,572,131,572,130,572,128,572,128,572,127,571,126,568,125
550,31,546,31,546,31,541,31,538,31,537,29,536,28,533,28,528,28,528,28,524,28,521,28,519,29,519,31,519,31,519,33,519,34,519,34,519,36,521,37,524,38,527,38,528,39,528,41,528,41,528,42,530,43,533,44,537,44,537,44,541,44,544,45,546,46,547,47,550,47,553,47,555,46,555,44,555,44,555,42,555,41,555,41,555,39,555,38,555,38,555,36,555,34,555,34,555,33,553,32,550,31
533,128,530,129,528,130,530,131,533,131,536,131,537,130,536,129,533,128
524,144,521,145,519,146,519,148,519,148,519,149,519,151,519,151,519,153,519,154,519,154,519,156,519,157,519,157,519,159,521,160,524,161,527,160,528,159,528,157,528,157,528,156,528,154,528,154,528,153,528,151,528,151,528,149,528,148,528,148,528,146,527,145,524,144
488,21,484,21,484,20,482,19,479,18,476,19,475,20,476,21,479,21,484,21,484,23,484,25,484,25,484,26,484,28,484,28,484,29,484,31,484,31,484,33,484,34,484,34,484,36,484,38,484,38,484,39,485,40,488,41,491,40,493,39,493,38,493,38,493,36,493,34,493,34,493,33,493,31,493,31,493,29,493,28,493,28,493,26,493,25,493,25,493,23,491,22,488,21
471,170,468,171,466,172,468,173,471,174,474,173,475,172,474,171,471,170
462,99,457,99,457,97,456,96,453,96,450,95,448,94,447,93,444,93,441,93,440,94,440,96,440,96,440,97,440,99,440,99,440,101,440,102,440,102,440,104,440,106,440,106,440,107,440,109,440,109,440,110,441,112,444,112,447,112,448,110,448,109,448,109,448,107,448,106,448,106,448,104,448,102,448,102,448,101,450,100,453,99,457,99,457,101,457,102,457,102,457,104,457,106,457,106,457,107,457,109,457,109,457,110,457,112,457,112,457,114,457,115,457,115,457,117,457,119,457,119,457,120,457,122,457,122,457,123,457,125,457,125,457,127,457,128,457,128,457,130,457,131,457,131,457,133,459,134,462,135,465,134,466,133,466,131,466,131,466,130,466,128,466,128,466,127,466,125,466,125,466,123,466,122,466,122,466,120,466,119,466,119,466,117,466,115,466,115,466,114,466,112,466,112,466,110,466,109,466,109,466,107,466,106,466,106,466,104,466,102,466,102,466,101,465,100,462,99
453,70,450,70,448,72,450,73,453,73,456,73,457,72,456,70,453,70
426,70,423,70,422,72,423,73,426,73,429,73,431,72,429,70,426,70
417,102,414,103,413,104,413,106,413,106,413,107,414,108,417,109,420,108,422,107,422,106,422,106,422,104,420,103,417,102
347,67,342,67,342,67,338,67,335,67,333,68,335,69,338,70,341,70,342,72,344,73,347,73,350,73,351,72,351,70,351,70,351,68,350,67,347,67
338,455,335,456,333,457,335,458,338,459,341,458,342,457,341,456,338,455
320,368,316,368,316,366,316,365,316,365,316,363,314,362,311,361,307,361,307,360,305,359,302,358,298,358,298,357,296,356,293,355,290,356,289,357,290,358,293,358,298,358,298,360,299,361,302,361,307,361,307,363,307,365,307,365,307,366,308,367,311,368,316,368,316,370,317,371,320,371,323,371,324,370,323,368,320,368
320,452,317,452,316,451,314,449,311,449,308,448,307,447,305,446,302,446,299,445,298,444,296,443,293,442,290,442,289,441,288,440,285,439,280,439,280,439,276,439,273,439,271,438,270,437,267,436,264,435,262,434,262,433,262,433,262,431,261,430,258,430,255,429,254,428,252,427,249,426,245,426,245,426,240,426,236,426,236,426,231,426,228,426,227,425,226,424,223,423,218,423,218,423,214,423,211,422,209,421,208,420,205,420,202,419,200,418,199,417,196,417,193,416,192,415,190,414,187,413,184,414,183,415,183,417,183,417,183,418,184,419,187,420,190,420,192,421,193,422,196,423,199,424,200,425,202,426,205,426,208,427,209,428,211,429,214,430,217,430,218,431,220,432,223,433,227,433,227,433,231,433,234,433,236,434,237,435,240,436,243,437,245,438,246,439,249,439,254,439,254,439,258,439,261,440,262,441,264,442,267,442,270,443,271,444,271,446,271,446,271,447,273,448,276,449,279,449,280,451,282,452,285,452,289,452,289,452,293,452,296,453,298,454,299,455,302,455,307,455,307,455,311,455,316,455,316,455,320,455,323,455,324,454,323,453,320,452
285,164,282,163,280,162,280,161,280,161,280,159,279,158,276,157,271,157,271,157,267,157,264,157,262,156,261,155,258,154,255,154,254,153,252,151,249,151,246,150,245,149,243,148,240,148,236,148,236,148,231,148,227,148,227,148,223,148,220,148,218,149,218,151,218,151,218,153,217,154,214,154,211,155,209,156,209,157,209,157,209,159,209,161,209,161,209,162,209,164,209,164,209,165,211,167,214,167,217,168,218,169,220,170,223,170,226,170,227,169,228,168,231,167,236,167,236,167,240,167,245,167,245,167,249,167,252,168,254,169,255,170,258,170,261,170,262,169,264,168,267,167,271,167,271,167,276,167,280,167,280,167,285,167,288,167,289,165,288,164,285,164
214,391,211,391,209,392,208,393,205,394,202,393,200,392,199,391,196,391,193,390,192,389,190,388,187,387,184,387,183,386,181,385,178,384,174,384,174,384,169,384,166,385,165,386,166,387,169,387,172,388,174,389,175,390,178,391,181,391,183,392,184,393,187,394,190,394,192,395,192,397,192,397,192,399,193,400,196,400,200,400,200,400,205,400,208,400,209,399,211,398,214,397,217,397,218,395,218,394,218,394,218,392,217,391,214,391
214,404,211,404,209,405,211,406,214,407,217,406,218,405,217,404,214,404
205,125,200,125,200,125,196,125,193,124,192,123,190,122,187,122,184,121,183,120,183,119,183,119,183,117,183,115,183,115,183,114,181,113,178,112,175,111,174,110,175,109,178,109,181,108,183,107,183,106,183,106,183,104,181,103,178,102,174,102,174,102,169,102,166,103,165,104,165,106,165,106,165,107,164,108,161,109,156,109,156,107,155,106,152,106,149,105,147,104,149,103,152,102,155,102,156,101,158,100,161,99,164,99,165,97,166,96,169,96,172,95,174,94,174,93,174,93,174,91,172,90,169,89,165,89,165,89,161,89,156,89,156,89,152,89,149,90,147,91,147,93,147,93,147,94,146,95,143,96,140,96,138,97,138,99,138,99,138,101,138,102,138,102,138,104,138,106,138,106,138,107,138,109,138,109,138,110,138,112,138,112,138,114,138,115,138,115,138,117,138,119,138,119,138,120,138,122,138,122,138,123,138,125,138,125,138,127,138,128,138,128,138,130,138,131,138,131,138,133,138,135,138,135,138,136,140,137,143,138,146,139,147,140,149,141,152,141,156,141,156,143,158,144,161,144,164,144,165,143,165,141,169,141,172,141,174,140,175,139,178,138,181,139,183,140,183,141,183,141,183,143,183,144,183,144,183,146,184,147,187,148,190,147,192,146,192,144,192,144,192,143,193,142,196,141,199,141,200,140,202,139,205,138,208,137,209,136,209,135,209,135,209,133,209,131,209,131,209,130,209,128,209,128,209,127,208,126,205,125
178,378,175,377,174,376,172,375,169,374,166,374,165,373,164,372,161,371,158,371,156,370,155,368,152,368,149,368,147,370,147,371,147,371,147,373,149,374,152,374,155,375,156,376,158,377,161,378,164,378,165,379,166,380,169,381,174,381,174,381,178,381,181,380,183,379,181,378,178,378
107,284,104,284,103,285,104,286,107,287,110,286,112,285,110,284,107,284
81,274,78,275,76,276,78,277,81,277,84,277,85,276,84,275,81,274
54,261,50,261,50,259,48,258,45,258,42,258,41,259,42,261,45,261,50,261,50,263,51,264,54,264,57,264,59,263,57,262,54,261
37,251,34,252,32,253,34,254,37,255,40,254,41,253,40,252,37,251
28,245,23,245,23,243,22,242,19,242,16,242,14,243,16,244,19,245,23,245,23,246,25,248,28,248,31,248,32,246,31,245,28,245
161,135,158,135,156,136,156,138,156,138,156,140,156,141,161,141,165,141,165,140,165,138,165,138,165,136,164,135,161,135
152,109,149,109,147,110,149,111,152,112,155,111,156,110,156,109,152,109
152,122,149,122,147,123,149,124,152,125,155,124,156,123,155,122,152,122
