537,10,536,11,533,12,530,12,528,13,528,15,528,15,528,16,527,18,524,18,519,18,519,18,515,18,512,18,510,16,509,15,506,15,502,15,502,15,497,15,494,14,493,13,494,12,497,12,502,12,502,12,506,12,510,12,510,12,515,12,518,11,519,10,265,10,10,10,10,232,13,232,14,234,16,235,19,235,22,236,23,237,25,238,28,238,31,238,32,237,32,235,32,235,32,234,32,232,32,232,32,230,34,229,37,229,40,229,41,230,42,231,45,232,48,231,50,230,51,229,54,229,57,229,59,230,59,232,59,232,59,234,59,235,59,235,59,237,59,238,59,238,59,240,59,242,59,242,59,243,59,245,59,245,59,246,59,248,59,248,59,250,59,251,59,251,59,253,59,255,59,255,59,256,57,257,54,258,51,258,50,259,48,261,45,261,41,261,41,261,37,261,34,262,32,263,32,264,32,264,32,266,32,268,32,268,32,269,31,270,28,271,25,271,23,272,23,274,23,274,23,276,23,277,23,277,23,279,22,280,19,280,16,281,14,282,13,283,10,284,10,323,13,323,14,324,14,326,14,326,14,327,13,329,10,329,10,336,13,336,14,337,16,338,19,339,22,339,23,340,23,342,23,342,23,344,25,345,28,345,31,346,32,347,32,349,32,349,32,350,34,351,37,352,40,352,41,353,42,354,45,355,48,356,50,357,51,358,54,358,57,359,59,360,59,361,59,361,59,363,60,364,63,365,66,365,68,366,69,367,72,368,75,368,76,370,76,371,76,371,76,373,78,374,81,374,84,375,85,376,87,377,90,378,93,378,94,379,96,380,99,381,103,381,103,381,107,381,110,381,112,383,110,384,107,384,104,385,103,386,102,387,99,387,94,387,94,387,90,387,85,387,85,387,81,387,78,387,76,386,75,385,72,384,69,384,68,383,68,381,68,381,68,379,66,378,63,378,60,377,59,376,57,375,54,374,50,374,50,374,45,374,42,374,41,373,41,371,41,371,41,370,40,369,37,368,34,367,32,366,32,365,32,365,32,363,32,361,32,361,32,360,31,359,28,358,25,358,23,357,23,355,23,355,23,353,22,352,19,352,16,351,14,350,14,349,14,349,14,347,14,345,14,345,14,344,13,343,10,342,10,406,10,470,537,470,537,468,537,468,537,467,537,465,537,465,537,464,537,462,537,462,537,460,536,459,533,459,530,458,528,457,528,455,528,455,528,454,530,453,533,452,537,452,537,452,541,452,544,453,546,454,546,455,546,455,546,457,546,459,546,459,546,460,547,461,550,462,553,462,555,464,555,465,555,465,555,467,555,468,555,468,555,470,592,470,630,470,630,248,627,248,626,246,627,245,630,245,630,167,626,167,626,167,621,167,618,167,617,165,615,164,612,164,609,163,608,162,606,161,603,161,599,161,599,161,595,161,590,161,590,161,586,161,581,161,581,161,577,161,572,161,572,161,568,161,564,161,564,161,559,161,556,161,555,162,553,163,550,164,546,164,546,164,541,164,538,163,537,162,536,161,533,161,528,161,528,161,524,161,521,160,519,159,519,157,519,157,519,156,521,155,524,154,527,154,528,153,530,151,533,151,537,151,537,149,537,148,537,148,537,146,537,144,537,144,537,143,536,142,533,141,530,141,528,140,527,139,524,138,521,139,519,140,518,141,515,141,512,141,510,140,510,138,510,138,510,136,509,135,506,135,503,134,502,133,503,132,506,131,510,131,510,131,515,131,518,131,519,130,521,129,524,128,527,128,528,127,528,125,528,125,528,123,530,122,533,122,536,121,537,120,537,119,537,119,537,117,538,116,541,115,546,115,546,115,550,115,553,116,555,117,556,118,559,119,562,118,564,117,565,116,568,115,571,116,572,117,572,119,572,119,572,120,574,121,577,122,580,122,581,123,583,124,586,125,589,126,590,127,590,128,590,128,590,130,589,131,586,131,583,131,581,130,580,129,577,128,574,129,572,130,572,131,572,131,572,133,571,134,568,135,565,135,564,136,562,137,559,138,556,139,555,140,555,141,555,141,555,143,556,144,559,144,562,145,564,146,565,147,568,148,572,148,572,148,577,148,581,148,581,148,586,148,589,148,590,149,590,151,590,151,590,153,592,154,595,154,599,154,599,154,603,154,608,154,608,154,612,154,615,154,617,153,618,151,621,151,626,151,626,151,630,151,630,80,630,10,537,10
612,115,609,116,608,117,609,118,612,119,615,118,617,117,615,116,612,115
586,326,583,326,581,327,581,329,581,329,581,331,581,332,581,332,581,334,583,335,586,336,589,335,590,334,590,332,590,332,590,331,590,329,590,329,590,327,589,326,586,326
515,144,512,145,510,146,512,147,515,148,518,147,519,146,518,145,515,144
488,465,485,466,484,467,485,468,488,468,491,468,493,467,491,466,488,465
479,12,475,12,475,12,471,12,468,12,466,13,466,15,466,15,466,16,466,18,466,18,466,20,468,21,471,21,474,21,475,20,475,18,475,18,475,16,476,15,479,15,482,14,484,13,482,12,479,12
373,290,370,291,369,292,370,293,373,293,376,293,378,292,376,291,373,290
311,109,308,109,307,110,308,112,311,112,314,112,316,110,314,109,311,109
267,102,264,103,262,104,264,105,267,106,270,105,271,104,270,103,267,102
231,452,228,453,227,454,228,455,231,455,234,455,236,454,234,453,231,452
223,410,220,410,218,408,217,407,214,407,211,406,209,405,208,404,205,404,200,404,200,404,196,404,193,403,192,402,190,401,187,400,183,400,183,400,178,400,174,400,174,400,169,400,165,400,165,400,161,400,156,400,156,400,152,400,147,400,147,400,143,400,140,401,138,402,140,403,143,404,146,404,147,405,149,406,152,407,156,407,156,407,161,407,165,407,165,407,169,407,172,407,174,408,175,410,178,410,181,411,183,412,184,413,187,413,192,413,192,413,196,413,200,413,200,413,205,413,208,414,209,415,211,416,214,417,218,417,218,417,223,417,226,416,227,415,227,413,227,413,227,412,226,411,223,410
143,420,140,420,138,421,140,422,143,423,146,422,147,421,146,420,143,420
134,387,130,387,130,387,125,387,122,388,121,389,121,391,121,391,121,392,122,393,125,394,128,393,130,392,131,391,134,391,137,390,138,389,137,388,134,387
63,313,60,313,59,315,60,316,63,316,66,316,68,315,66,313,63,313
45,423,41,423,41,423,37,423,34,424,32,425,34,426,37,426,41,426,41,426,45,426,48,426,50,425,48,424,45,423
541,151,537,151,537,153,538,154,541,154,544,154,546,153,544,151,541,151
