475,10,475,12,475,12,475,13,475,15,475,15,475,16,475,18,475,18,475,20,474,21,471,21,468,21,466,20,465,19,462,18,457,18,457,18,453,18,448,18,448,18,444,18,440,18,440,18,435,18,431,18,431,18,426,18,423,18,422,16,420,15,417,15,414,14,413,13,413,12,413,12,413,10,404,10,404,12,404,12,404,13,403,14,400,15,397,15,395,16,394,18,391,18,388,18,386,16,386,15,386,15,386,13,385,12,382,12,378,12,378,13,378,15,378,15,378,16,376,18,373,18,370,19,369,20,367,21,364,21,361,22,360,23,360,25,360,25,360,26,358,27,355,28,352,27,351,26,351,25,351,25,351,23,350,22,347,21,344,21,342,20,342,18,342,18,342,16,341,15,338,15,335,15,333,16,333,18,333,18,333,20,333,21,333,21,333,23,333,25,333,25,333,26,333,28,333,28,333,29,333,31,333,31,333,33,332,34,329,34,326,34,324,33,324,31,324,31,324,29,324,28,324,28,324,26,324,25,324,25,324,23,323,22,320,21,317,22,316,23,316,25,316,25,316,26,314,27,311,28,308,28,307,29,307,31,307,31,307,33,305,34,302,34,299,35,298,36,296,37,293,38,290,37,289,36,288,35,285,34,280,34,280,34,276,34,273,35,271,36,270,37,267,38,262,38,262,38,258,38,255,37,254,36,252,35,249,34,246,35,245,36,243,37,240,38,236,38,236,38,231,38,228,37,227,36,226,35,223,34,220,35,218,36,217,37,214,38,211,37,209,36,208,35,205,34,202,34,200,33,199,32,196,31,193,31,192,29,190,28,187,28,184,27,183,26,183,25,183,25,183,23,184,22,187,21,190,21,192,20,192,18,192,18,192,16,190,15,187,15,183,15,183,16,181,18,178,18,175,18,174,16,175,15,178,15,183,15,183,13,183,12,183,12,183,10,96,10,10,10,10,131,13,132,14,133,13,134,10,135,10,302,10,470,316,470,316,468,316,468,316,467,316,465,316,465,316,464,317,462,320,462,323,461,324,460,326,459,329,459,332,459,333,460,335,461,338,462,341,462,342,464,342,465,342,465,342,467,342,468,342,468,342,470,386,470,386,468,386,468,386,467,385,466,382,465,379,465,378,464,378,462,378,462,378,460,378,459,378,459,378,457,378,455,378,455,378,454,378,452,378,452,378,451,376,449,373,449,370,448,369,447,369,446,369,446,369,444,369,442,369,442,369,441,370,440,373,439,376,440,378,441,379,442,382,442,385,443,386,444,386,446,386,446,386,447,386,449,386,449,386,451,386,452,386,452,386,454,388,455,391,455,394,456,395,457,395,459,395,459,395,460,395,462,395,462,395,464,395,465,395,465,395,467,397,468,400,468,403,468,404,467,404,465,404,465,404,464,404,462,404,462,404,460,404,459,404,459,404,457,406,456,409,455,412,456,413,457,414,458,417,459,420,459,422,460,422,462,422,462,422,464,422,465,422,465,422,467,420,468,417,468,414,469,413,470,522,470,630,470,630,242,627,241,626,240,626,238,626,238,626,237,627,236,630,235,630,123,630,10,475,10
550,151,547,150,546,149,546,148,546,148,546,146,546,144,546,144,546,143,546,141,546,141,546,140,544,138,541,138,537,138,537,138,533,138,530,138,528,140,528,141,528,141,528,143,528,144,524,144,521,144,519,143,518,142,515,141,512,142,510,143,510,144,510,144,510,146,512,147,515,148,518,148,519,149,521,150,524,151,528,151,528,153,530,154,533,154,537,154,537,154,541,154,546,154,546,154,550,154,553,154,555,153,553,151,550,151
524,12,519,12,519,12,515,12,510,12,510,12,506,12,502,12,502,12,497,12,493,12,493,12,488,12,485,12,484,13,484,15,484,15,484,16,485,18,488,18,493,18,493,18,497,18,500,19,502,20,502,21,502,21,502,23,503,24,506,25,510,25,510,25,515,25,518,24,519,23,519,21,519,21,519,20,521,19,524,18,527,18,528,16,528,15,528,15,528,13,527,12,524,12
462,144,459,145,457,146,459,147,462,148,465,147,466,146,465,145,462,144
462,151,459,151,457,153,459,154,462,154,465,154,466,153,465,151,462,151
462,225,459,225,457,224,457,222,457,222,457,221,456,219,453,219,450,218,448,217,447,216,444,216,440,216,440,214,438,213,435,212,432,213,431,214,432,215,435,216,440,216,440,217,440,219,440,219,440,221,440,222,440,222,440,224,438,225,435,225,432,226,431,227,431,229,431,229,431,230,432,231,435,232,440,232,440,232,444,232,448,232,448,232,453,232,457,232,457,232,462,232,465,231,466,230,466,229,466,229,466,227,465,226,462,225
453,235,450,236,448,237,450,238,453,238,456,238,457,237,456,236,453,235
426,80,423,80,422,81,423,82,426,83,429,82,431,81,429,80,426,80
426,387,422,387,422,387,417,387,414,388,413,389,412,390,409,391,406,391,404,392,406,393,409,394,413,394,413,394,417,394,420,393,422,392,423,391,426,391,429,390,431,389,429,388,426,387
409,106,404,106,404,106,400,106,397,106,395,107,395,109,391,109,388,109,386,110,388,112,391,112,394,112,395,110,395,109,400,109,403,109,404,110,406,112,409,112,412,112,413,110,413,109,413,109,413,107,412,106,409,106
409,374,406,375,404,376,404,378,400,378,397,378,395,379,397,380,400,381,403,380,404,379,404,378,409,378,412,377,413,376,412,375,409,374
400,70,395,70,395,70,391,70,388,70,386,72,388,73,391,73,394,74,395,75,397,76,400,76,403,76,404,75,404,73,404,73,404,72,403,70,400,70
382,57,378,57,378,57,373,57,369,57,369,57,364,57,361,58,360,59,361,60,364,60,369,60,369,60,373,60,378,60,378,60,382,60,385,60,386,59,385,58,382,57
382,374,379,375,378,376,376,377,373,378,369,378,369,378,364,378,360,378,360,378,355,378,351,378,351,378,347,378,342,378,342,378,338,378,335,378,333,379,332,380,329,381,324,381,324,381,320,381,316,381,316,381,311,381,307,381,307,381,302,381,299,381,298,383,296,384,293,384,290,385,289,386,289,387,289,387,289,389,289,391,285,391,282,391,280,392,282,393,285,394,288,393,289,392,289,391,293,391,298,391,298,391,302,391,305,390,307,389,308,388,311,387,316,387,316,387,320,387,323,387,324,386,326,385,329,384,333,384,333,384,338,384,342,384,342,384,347,384,350,384,351,383,352,381,355,381,360,381,360,381,364,381,369,381,369,381,373,381,378,381,378,381,382,381,385,380,386,379,386,378,386,378,386,376,385,375,382,374
364,106,361,106,360,107,361,108,364,109,367,108,369,107,367,106,364,106
355,31,352,32,351,33,351,34,351,34,351,36,352,37,355,38,358,37,360,36,360,34,360,34,360,33,358,32,355,31
338,112,335,113,333,114,335,115,338,115,341,115,342,114,341,113,338,112
311,67,307,67,307,65,305,64,302,63,299,64,298,65,299,66,302,67,307,67,307,68,308,69,311,70,314,69,316,68,314,67,311,67
293,41,290,41,289,42,290,43,293,44,296,43,298,42,296,41,293,41
293,50,289,50,289,49,288,48,285,47,280,47,280,47,276,47,273,47,271,46,271,44,276,44,279,43,280,42,279,41,276,41,273,41,271,42,271,44,267,44,262,44,262,42,261,41,258,41,254,41,254,41,249,41,246,41,245,42,246,43,249,44,254,44,254,44,258,44,262,44,262,46,262,47,262,47,262,49,264,50,267,50,271,50,271,50,276,50,280,50,280,50,285,50,289,50,289,52,289,54,289,54,289,55,289,57,289,57,289,59,290,60,293,60,296,60,298,59,298,57,298,57,298,55,298,54,298,54,298,52,296,51,293,50
267,70,264,70,262,72,264,73,267,73,270,73,271,72,270,70,267,70
249,54,246,54,245,55,246,56,249,57,252,56,254,55,252,54,249,54
214,41,211,41,209,42,211,43,214,44,217,43,218,42,217,41,214,41
116,332,113,332,112,331,112,329,112,329,112,327,110,326,107,326,104,326,103,327,103,329,103,329,103,331,103,332,103,332,103,334,103,336,103,336,103,337,103,339,103,339,103,340,104,342,107,342,110,343,112,344,113,345,116,345,119,345,121,344,121,342,121,342,121,340,121,339,121,339,121,337,121,336,121,336,121,334,119,333,116,332
360,10,360,12,360,12,360,13,360,15,364,15,367,14,369,13,370,12,373,12,378,12,378,10,360,10
333,10,335,11,338,12,341,11,342,10,333,10
533,144,528,144,528,146,528,148,528,148,528,149,528,151,533,151,536,150,537,149,537,148,537,148,537,146,536,145,533,144
355,15,352,15,351,16,352,18,355,18,358,18,360,16,360,15,355,15
285,18,282,19,280,20,282,21,285,21,288,21,289,20,288,19,285,18
258,25,255,25,254,26,254,28,258,28,261,27,262,26,261,25,258,25
249,28,246,28,245,29,246,31,249,31,252,31,254,29,254,28,249,28
