10,225,13,226,14,227,13,228,10,229,10,349,10,470,502,470,503,469,506,468,509,469,510,470,519,470,521,469,524,468,528,468,528,468,533,468,536,469,537,470,584,470,630,470,630,240,630,10,320,10,10,10,10,225
621,109,618,109,617,110,617,112,617,112,617,114,615,115,612,115,609,116,608,117,606,118,603,119,600,119,599,120,599,122,595,122,592,122,590,123,589,124,586,125,583,126,581,127,580,128,577,128,572,128,572,128,568,128,564,128,564,128,559,128,556,129,555,130,553,131,550,131,547,132,546,133,546,135,546,135,546,136,546,138,546,138,546,140,547,141,550,141,553,141,555,140,555,138,555,138,555,136,556,135,559,135,564,135,564,136,565,137,568,138,571,137,572,136,572,135,577,135,580,134,581,133,583,132,586,131,590,131,590,131,595,131,599,131,599,131,603,131,606,131,608,130,609,129,612,128,615,128,617,127,618,126,621,125,624,124,626,123,626,122,626,122,626,120,626,119,626,119,626,117,626,115,626,115,626,114,626,112,626,112,626,110,624,109,621,109
586,106,583,106,581,107,581,109,577,109,574,109,572,110,574,112,577,112,580,112,581,110,581,109,586,109,589,108,590,107,589,106,586,106
559,109,556,109,555,110,553,111,550,112,547,113,546,114,544,115,541,115,538,116,537,117,538,118,541,119,546,119,546,119,550,119,553,118,555,117,556,116,559,115,562,115,564,114,564,112,564,112,564,110,562,109,559,109
524,57,521,58,519,59,521,60,524,60,527,60,528,59,527,58,524,57
515,31,512,32,510,33,512,34,515,34,518,34,519,33,518,32,515,31
515,238,510,238,510,238,506,238,502,238,502,238,497,238,494,239,493,240,494,241,497,242,500,242,502,243,503,244,506,245,510,245,510,245,515,245,518,244,519,243,519,242,519,242,519,240,518,239,515,238
506,106,503,105,502,104,502,102,502,102,502,101,500,100,497,99,494,100,493,101,493,102,493,102,493,104,493,106,493,106,493,107,493,109,493,109,493,110,491,111,488,112,485,113,484,114,485,115,488,115,493,115,493,115,497,115,502,115,502,115,506,115,509,115,510,114,510,112,510,112,510,110,510,109,510,109,510,107,509,106,506,106
497,21,493,21,493,20,491,19,488,18,485,18,484,16,482,15,479,15,476,15,475,16,475,18,475,18,475,20,476,21,479,21,484,21,484,21,488,21,493,21,493,23,494,24,497,25,500,24,502,23,500,22,497,21
453,106,450,106,448,107,450,108,453,109,456,108,457,107,456,106,453,106
444,93,441,93,440,94,440,96,435,96,432,96,431,97,431,99,431,99,431,101,431,102,431,102,431,104,431,106,431,106,431,107,431,109,431,109,431,110,432,112,435,112,438,112,440,110,440,109,440,109,440,107,440,106,440,106,440,104,440,102,440,102,440,101,440,99,440,99,440,97,440,96,444,96,447,95,448,94,447,93,444,93
435,60,431,60,431,60,426,60,423,61,422,62,422,63,422,63,422,65,422,67,422,67,422,68,422,70,422,70,422,72,422,73,417,73,414,74,413,75,414,76,417,76,420,76,422,75,422,73,426,73,429,73,431,72,431,70,431,70,431,68,432,67,435,67,438,66,440,65,440,63,440,63,440,62,438,61,435,60
435,452,432,452,431,451,429,449,426,449,422,449,422,449,417,449,413,449,413,449,409,449,404,449,404,449,400,449,395,449,395,449,391,449,386,449,386,449,382,449,378,449,378,449,373,449,369,449,369,449,364,449,361,448,360,447,358,446,355,446,352,445,351,444,350,443,347,442,344,442,342,441,341,440,338,439,333,439,333,439,329,439,326,439,324,438,323,437,320,436,317,435,316,434,314,433,311,433,307,433,307,433,302,433,299,432,298,431,296,430,293,430,289,430,289,430,285,430,280,430,280,430,276,430,273,429,271,428,270,427,267,426,264,426,262,425,261,424,258,423,255,422,254,421,252,420,249,420,245,420,245,420,240,420,237,419,236,418,236,417,236,417,236,415,234,414,231,413,227,413,227,413,223,413,218,413,218,413,214,413,209,413,209,413,205,413,202,413,200,412,199,411,196,410,193,410,192,408,193,407,196,407,199,406,200,405,200,404,200,404,200,402,200,400,200,400,200,399,200,397,200,397,200,395,200,394,200,394,200,392,199,391,196,391,192,391,192,391,187,391,183,391,183,391,178,391,175,391,174,392,175,393,178,394,181,394,183,395,184,397,187,397,190,398,192,399,192,400,192,400,192,402,190,403,187,404,183,404,183,404,178,404,174,404,174,404,169,404,166,404,165,405,166,406,169,407,172,407,174,408,175,410,178,410,181,411,183,412,184,413,187,413,190,414,192,415,192,417,192,417,192,418,192,420,192,420,192,421,193,422,196,423,199,424,200,425,202,426,205,426,209,426,209,426,214,426,218,426,218,426,223,426,227,426,227,426,231,426,236,426,236,426,240,426,243,427,245,428,245,430,245,430,245,431,246,432,249,433,252,433,254,434,255,435,258,436,262,436,262,436,267,436,271,436,271,436,276,436,280,436,280,436,285,436,288,437,289,438,290,439,293,439,296,440,298,441,299,442,302,442,307,442,307,442,311,442,314,443,316,444,316,446,316,446,316,447,317,448,320,449,323,449,324,451,326,452,329,452,333,452,333,452,338,452,342,452,342,452,347,452,350,453,351,454,352,455,355,455,360,455,360,455,364,455,369,455,369,455,373,455,378,455,378,455,382,455,386,455,386,455,391,455,395,455,395,455,400,455,403,456,404,457,404,459,404,459,404,460,404,462,404,462,404,464,406,465,409,465,412,465,413,464,414,462,417,462,420,461,422,460,423,459,426,459,429,458,431,457,432,456,435,455,438,455,440,454,438,453,435,452
426,80,422,80,422,80,417,80,414,80,413,81,413,83,413,83,413,85,414,86,417,86,422,86,422,88,422,89,422,89,422,91,423,92,426,93,429,92,431,91,431,89,431,89,431,88,429,87,426,86,422,86,422,85,423,83,426,83,429,82,431,81,429,80,426,80
417,99,414,100,413,101,413,102,409,102,406,103,404,104,403,105,400,106,395,106,395,106,391,106,388,106,386,107,385,108,382,109,379,109,378,110,378,112,378,112,378,114,378,115,378,115,378,117,378,119,378,119,378,120,378,122,378,122,378,123,379,124,382,125,386,125,386,127,386,128,382,128,379,129,378,130,379,131,382,131,385,131,386,130,386,128,391,128,394,129,395,130,395,131,395,131,395,133,397,134,400,135,403,134,404,133,406,132,409,131,412,131,413,130,413,128,413,128,413,127,412,126,409,125,406,124,404,123,403,122,400,122,395,122,395,120,395,119,395,119,395,117,394,116,391,115,388,115,386,114,388,113,391,112,394,112,395,110,397,109,400,109,404,109,404,109,409,109,412,108,413,107,413,106,413,106,413,104,413,102,417,102,420,102,422,101,420,100,417,99
400,73,397,74,395,75,397,76,400,76,403,76,404,75,403,74,400,73
373,141,370,142,369,143,370,144,373,144,376,144,378,143,376,142,373,141
364,54,360,54,360,54,355,54,352,54,351,55,352,56,355,57,360,57,360,57,364,57,367,56,369,55,367,54,364,54
347,326,344,326,342,327,344,329,347,329,350,329,351,327,350,326,347,326
338,18,335,19,333,20,333,21,333,21,333,23,333,25,333,25,333,26,333,28,333,28,333,29,333,31,333,31,333,33,333,34,333,34,333,36,335,37,338,38,341,37,342,36,342,34,342,34,342,33,342,31,342,31,342,29,342,28,342,28,342,26,342,25,342,25,342,23,342,21,342,21,342,20,341,19,338,18
329,70,324,70,324,70,320,70,317,70,316,72,317,73,320,73,324,73,324,73,329,73,332,73,333,72,332,70,329,70
320,125,316,125,316,125,311,125,308,126,307,127,307,128,307,128,307,130,308,131,311,131,316,131,316,131,320,131,323,131,324,130,324,128,324,128,324,127,323,126,320,125
293,44,289,44,289,44,285,44,282,45,280,46,280,47,280,47,280,49,282,50,285,50,288,50,289,49,290,48,293,47,296,47,298,46,296,45,293,44
267,34,262,34,262,34,258,34,255,35,254,36,252,37,249,38,246,38,245,39,246,40,249,41,254,41,254,41,258,41,261,40,262,39,264,38,267,38,270,37,271,36,270,35,267,34
267,106,262,106,262,106,258,106,254,106,254,106,249,106,246,105,245,104,245,102,245,102,245,101,243,100,240,99,237,99,236,97,236,96,236,96,236,94,234,93,231,93,228,93,227,94,226,95,223,96,218,96,218,96,214,96,211,96,209,97,209,99,209,99,209,101,211,102,214,102,217,103,218,104,220,105,223,106,226,106,227,107,228,108,231,109,234,109,236,110,236,112,236,112,236,114,236,115,236,115,236,117,237,118,240,119,243,119,245,120,246,121,249,122,254,122,254,122,258,122,262,122,262,122,267,122,270,121,271,120,271,119,271,119,271,117,271,115,271,115,271,114,271,112,271,112,271,110,271,109,271,109,271,107,270,106,267,106
178,99,175,100,174,101,175,102,178,102,181,102,183,101,181,100,178,99
178,381,175,380,174,379,174,378,174,378,174,376,172,375,169,374,166,374,165,373,164,372,161,371,158,371,156,370,156,368,156,368,156,366,155,365,152,365,149,365,147,366,147,368,147,368,147,370,147,371,147,371,147,373,146,374,143,374,138,374,138,374,134,374,131,375,130,376,131,377,134,378,137,378,138,379,140,380,143,381,146,381,147,383,149,384,152,384,156,384,156,384,161,384,165,384,165,384,169,384,174,384,174,384,178,384,181,384,183,383,181,381,178,381
169,271,165,271,165,269,164,268,161,268,158,268,156,269,158,270,161,271,165,271,165,272,166,273,169,274,172,273,174,272,172,271,169,271
161,122,158,121,156,120,156,119,156,119,156,117,156,115,156,115,156,114,156,112,156,112,156,110,155,109,152,109,149,108,147,107,147,106,147,106,147,104,147,102,147,102,147,101,147,99,147,99,147,97,147,96,147,96,147,94,147,93,147,93,147,91,147,89,147,89,147,88,147,86,147,86,147,85,147,83,147,83,147,81,147,80,147,80,147,78,147,76,147,76,147,75,147,73,147,73,147,72,147,70,147,70,147,68,146,67,143,67,140,67,138,68,138,70,138,70,138,72,138,73,138,73,138,75,137,76,134,76,131,77,130,78,130,80,130,80,130,81,130,83,130,83,130,85,130,86,130,86,130,88,130,89,130,89,130,91,130,93,130,93,130,94,130,96,130,96,130,97,130,99,130,99,130,101,131,102,134,102,137,103,138,104,138,106,138,106,138,107,138,109,138,109,138,110,138,112,138,112,138,114,138,115,138,115,138,117,140,118,143,119,146,119,147,120,147,122,147,122,147,123,147,125,147,125,147,127,149,128,152,128,155,129,156,130,158,131,161,131,164,131,165,130,165,128,165,128,165,127,165,125,165,125,165,123,164,122,161,122
143,355,138,355,138,355,134,355,131,356,130,357,131,358,134,358,138,358,138,358,143,358,146,358,147,357,146,356,143,355
45,238,41,238,41,237,40,236,37,235,32,235,32,234,31,232,28,232,25,232,23,234,25,235,28,235,32,235,32,237,34,238,37,238,41,238,41,240,42,241,45,242,48,241,50,240,48,239,45,238
603,122,599,122,599,123,600,124,603,125,606,124,608,123,606,122,603,122
568,131,565,132,564,133,564,135,568,135,572,135,572,133,571,132,568,131
391,122,388,122,386,123,386,125,391,125,394,124,395,123,395,122,391,122
