546,10,544,11,541,12,538,11,537,10,528,10,528,12,528,12,528,13,528,15,528,15,528,16,528,18,528,18,528,20,528,21,528,21,528,23,527,24,524,25,519,25,519,25,515,25,512,24,510,23,510,21,510,21,510,20,510,18,510,18,510,16,509,15,506,15,502,15,502,15,497,15,493,15,493,15,488,15,485,15,484,16,482,18,479,18,476,19,475,20,474,21,471,21,466,21,466,21,462,21,459,22,457,23,456,24,453,25,448,25,448,25,444,25,440,25,440,25,435,25,432,24,431,23,432,22,435,21,438,21,440,20,438,19,435,18,431,18,431,18,426,18,422,18,422,18,417,18,414,19,413,20,413,21,413,21,413,23,412,24,409,25,406,24,404,23,404,21,404,21,404,20,404,18,404,18,404,16,404,15,404,15,404,13,403,12,400,12,397,12,395,13,395,15,395,15,395,16,394,18,391,18,388,19,386,20,386,21,386,21,386,23,385,24,382,25,378,25,378,25,373,25,369,25,369,25,364,25,361,25,360,26,360,28,360,28,360,29,360,31,360,31,360,33,360,34,360,34,360,36,360,38,360,38,360,39,360,41,360,41,360,42,358,43,355,44,352,43,351,42,351,41,351,41,351,39,351,38,351,38,351,36,351,34,351,34,351,33,351,31,351,31,351,29,351,28,351,28,351,26,350,25,347,25,344,24,342,23,341,22,338,21,335,22,333,23,333,25,333,25,333,26,333,28,333,28,333,29,332,31,329,31,326,32,324,33,323,34,320,34,316,34,316,34,311,34,307,34,307,34,302,34,299,35,298,36,296,37,293,38,290,37,289,36,288,35,285,34,282,34,280,33,279,32,276,31,271,31,271,31,267,31,262,31,262,31,258,31,255,32,254,33,254,34,258,34,261,35,262,36,261,37,258,38,255,37,254,36,254,34,249,34,245,34,245,34,240,34,237,35,236,36,234,37,231,38,228,38,227,39,226,40,223,41,220,40,218,39,217,38,214,38,211,37,209,36,208,35,205,34,202,34,200,33,200,31,200,31,200,29,200,28,200,28,200,26,199,25,196,25,193,24,192,23,192,21,192,21,192,20,192,18,192,18,192,16,190,15,187,15,184,14,183,13,183,12,183,12,183,10,96,10,10,10,10,240,10,470,386,470,386,468,386,468,386,467,386,465,386,465,386,464,386,462,386,462,386,460,386,459,386,459,386,457,386,455,386,455,386,454,386,452,386,452,386,451,386,449,386,449,386,447,386,446,386,446,386,444,388,443,391,442,394,443,395,444,395,446,395,446,395,447,395,449,395,449,395,451,397,452,400,452,403,453,404,454,404,455,404,455,404,457,406,458,409,459,412,459,413,460,414,461,417,462,420,462,422,464,422,465,422,465,422,467,422,468,422,468,422,470,608,470,608,468,608,468,608,467,608,465,608,465,608,464,608,462,608,462,608,460,609,459,612,459,615,458,617,457,618,456,621,455,624,456,626,457,626,459,626,459,626,460,626,462,626,462,626,464,624,465,621,465,618,466,617,467,617,468,617,468,617,470,623,470,630,470,630,248,627,248,626,246,627,245,630,245,630,242,627,241,626,240,627,239,630,238,630,124,630,10,546,10
612,115,609,116,608,117,608,119,603,119,600,119,599,120,600,121,603,122,606,121,608,120,608,119,612,119,615,118,617,117,615,116,612,115
612,290,609,291,608,292,609,293,612,293,615,293,617,292,615,291,612,290
603,144,599,144,599,144,595,144,592,145,590,146,589,147,586,148,581,148,581,148,577,148,574,148,572,149,572,151,572,151,572,153,574,154,577,154,581,154,581,154,586,154,590,154,590,154,595,154,598,154,599,153,599,151,599,151,599,149,600,148,603,148,606,147,608,146,606,145,603,144
568,34,565,35,564,36,565,37,568,38,571,37,572,36,571,35,568,34
568,128,565,129,564,130,564,131,559,131,556,132,555,133,556,134,559,135,562,134,564,133,564,131,568,131,571,131,572,130,571,129,568,128
541,138,537,138,537,138,533,138,528,138,528,136,527,135,524,135,521,135,519,136,519,138,515,138,512,138,510,140,510,141,510,141,510,143,512,144,515,144,518,145,519,146,519,148,519,148,519,149,521,150,524,151,527,150,528,149,530,148,533,148,536,148,537,149,538,150,541,151,544,150,546,149,546,148,546,148,546,146,546,144,546,144,546,143,546,141,546,141,546,140,544,138,541,138
497,47,494,47,493,46,491,45,488,44,484,44,484,44,479,44,476,45,475,46,476,47,479,47,482,48,484,49,484,50,484,50,484,52,485,53,488,54,491,53,493,52,494,51,497,50,500,50,502,49,500,48,497,47
444,89,441,90,440,91,441,92,444,93,447,92,448,91,447,90,444,89
444,365,440,365,440,365,435,365,431,365,431,365,426,365,422,365,422,365,417,365,414,365,413,366,412,367,409,368,404,368,404,368,400,368,395,368,395,368,391,368,388,368,386,370,388,371,391,371,395,371,395,371,400,371,404,371,404,371,409,371,413,371,413,371,417,371,420,372,422,373,423,374,426,374,431,374,431,374,435,374,438,374,440,373,440,371,440,371,440,370,441,369,444,368,447,367,448,366,447,365,444,365
435,83,431,83,431,81,431,80,431,80,431,78,429,77,426,76,422,76,422,76,417,76,413,76,413,75,412,74,409,73,406,73,404,72,403,70,400,70,397,69,395,68,394,67,391,67,388,67,386,68,386,70,386,70,386,72,388,73,391,73,394,74,395,75,397,76,400,76,404,76,404,76,409,76,413,76,413,78,414,79,417,80,420,80,422,81,423,82,426,83,431,83,431,85,432,86,435,86,438,86,440,85,438,83,435,83
426,63,423,64,422,65,423,66,426,67,429,66,431,65,429,64,426,63
426,209,422,209,422,208,420,207,417,206,413,206,413,206,409,206,406,207,404,208,406,209,409,209,413,209,413,209,417,209,422,209,422,211,423,212,426,212,429,212,431,211,429,210,426,209
417,99,414,100,413,101,413,102,413,102,413,104,414,105,417,106,420,105,422,104,422,102,422,102,422,101,420,100,417,99
391,206,386,206,386,204,385,203,382,203,379,203,378,204,379,205,382,206,386,206,386,208,388,209,391,209,394,209,395,208,394,207,391,206
382,54,379,53,378,52,376,51,373,50,370,51,369,52,369,54,369,54,369,55,367,56,364,57,361,58,360,59,361,60,364,60,369,60,369,60,373,60,378,60,378,60,382,60,385,60,386,59,386,57,386,57,386,55,385,54,382,54
364,361,360,361,360,361,355,361,352,362,351,363,350,364,347,365,344,365,342,366,341,367,338,368,335,367,333,366,332,365,329,365,326,365,324,366,323,367,320,368,317,368,316,370,316,371,316,371,316,373,314,374,311,374,308,375,307,376,307,378,307,378,307,379,308,380,311,381,314,380,316,379,317,378,320,378,323,377,324,376,326,375,329,374,332,374,333,373,335,372,338,371,342,371,342,371,347,371,350,371,351,370,352,369,355,368,358,367,360,366,361,365,364,365,367,364,369,363,367,362,364,361
355,76,351,76,351,76,347,76,342,76,342,75,342,73,342,73,342,72,341,70,338,70,333,70,333,70,329,70,324,70,324,70,320,70,316,70,316,70,311,70,308,70,307,72,308,73,311,73,316,73,316,73,320,73,324,73,324,73,329,73,332,74,333,75,335,76,338,76,342,76,342,78,344,79,347,80,351,80,351,80,355,80,358,79,360,78,358,77,355,76
338,54,333,54,333,54,329,54,326,54,324,55,326,56,329,57,333,57,333,57,338,57,341,56,342,55,341,54,338,54
320,76,316,76,316,76,311,76,308,77,307,78,308,79,311,80,316,80,316,80,320,80,323,79,324,78,323,77,320,76
125,339,122,338,121,337,121,336,121,336,121,334,119,333,116,332,112,332,112,332,107,332,104,333,103,334,103,336,103,336,103,337,103,339,103,339,103,340,104,342,107,342,110,343,112,344,112,345,112,345,112,347,113,348,116,349,121,349,121,349,125,349,128,348,130,347,130,345,130,345,130,344,130,342,130,342,130,340,128,339,125,339
369,10,370,11,373,12,376,11,378,10,369,10
524,138,519,138,519,140,521,141,524,141,527,141,528,140,528,138,524,138
338,15,335,15,333,16,335,18,338,18,341,18,342,16,341,15,338,15
