475,10,475,12,475,12,475,13,476,14,479,15,482,14,484,13,485,12,488,12,493,12,493,12,497,12,502,12,502,12,506,12,510,12,510,12,515,12,518,12,519,13,521,14,524,15,527,15,528,16,527,18,524,18,521,19,519,20,519,21,519,21,519,23,518,24,515,25,510,25,510,25,506,25,502,25,502,25,497,25,493,25,493,25,488,25,484,25,484,25,479,25,475,25,475,25,471,25,468,25,466,26,465,27,462,28,459,27,457,26,457,25,457,25,457,23,457,21,457,21,457,20,456,19,453,18,448,18,448,18,444,18,440,18,440,18,435,18,431,18,431,18,426,18,423,18,422,16,420,15,417,15,414,14,413,13,413,12,413,12,413,10,404,10,403,11,400,12,397,12,395,13,395,15,395,15,395,16,395,18,395,18,395,20,394,21,391,21,388,21,386,20,386,18,386,18,386,16,386,15,386,15,386,13,386,12,386,12,386,10,360,10,361,11,364,12,367,12,369,13,369,15,369,15,369,16,367,18,364,18,361,18,360,16,358,15,355,15,352,14,351,13,350,12,347,12,344,11,342,10,333,10,333,12,333,12,333,13,333,15,333,15,333,16,333,18,333,18,333,20,333,21,333,21,333,23,333,25,333,25,333,26,333,28,333,28,333,29,333,31,333,31,333,33,332,34,329,34,326,34,324,33,324,31,324,31,324,29,324,28,324,28,324,26,324,25,324,25,324,23,323,22,320,21,317,21,316,20,314,19,311,18,308,19,307,20,307,21,307,21,307,23,305,24,302,25,299,25,298,26,299,27,302,28,305,28,307,29,307,31,307,31,307,33,305,34,302,34,298,34,298,34,293,34,289,34,289,34,285,34,280,34,280,34,276,34,273,35,271,36,270,37,267,38,262,38,262,38,258,38,255,37,254,36,252,35,249,34,245,34,245,34,240,34,236,34,236,34,231,34,228,34,227,33,228,32,231,31,236,31,236,31,240,31,245,31,245,31,249,31,252,31,254,29,255,28,258,28,262,28,262,28,267,28,270,27,271,26,271,25,271,25,271,23,271,21,267,21,262,21,262,21,258,21,255,21,254,20,252,19,249,18,245,18,245,18,240,18,236,18,236,18,231,18,227,18,227,18,223,18,218,18,218,18,214,18,211,18,209,16,209,15,209,15,209,13,209,12,205,12,202,12,200,13,199,14,196,15,193,14,192,13,190,12,187,12,184,11,183,10,96,10,10,10,10,240,10,470,85,470,87,469,90,468,93,469,94,470,324,470,323,469,320,468,317,468,316,467,316,465,316,465,316,464,316,462,316,462,316,460,317,459,320,459,324,459,324,459,329,459,333,459,333,459,338,459,341,458,342,457,344,456,347,455,350,455,351,454,351,452,351,452,351,451,351,449,351,449,351,447,352,446,355,446,358,445,360,444,360,442,360,442,360,441,361,440,364,439,369,439,369,439,373,439,376,440,378,441,378,442,378,442,378,444,379,445,382,446,385,446,386,447,386,449,386,449,386,451,386,452,386,452,386,454,386,455,386,455,386,457,386,459,386,459,386,460,388,461,391,462,394,462,395,464,395,465,395,465,395,467,395,468,395,468,395,470,404,470,404,468,404,468,404,467,404,465,404,465,404,464,404,462,404,462,404,460,404,459,404,459,404,457,406,456,409,455,413,455,413,455,417,455,420,456,422,457,422,459,422,459,422,460,422,462,422,462,422,464,422,465,422,465,422,467,422,468,422,468,422,470,526,470,630,470,630,229,627,228,626,227,627,226,630,225,630,118,630,10,475,10
612,115,609,116,608,117,609,118,612,119,615,118,617,117,615,116,612,115
524,148,519,148,519,146,519,144,519,144,519,143,518,142,515,141,512,142,510,143,510,144,510,144,510,146,512,147,515,148,519,148,519,149,521,150,524,151,527,150,528,149,527,148,524,148
497,31,494,32,493,33,494,34,497,34,500,34,502,33,500,32,497,31
462,222,459,222,457,221,456,219,453,219,450,218,448,217,447,216,444,216,440,216,440,214,438,213,435,212,432,213,431,214,432,215,435,216,440,216,440,217,440,219,440,219,440,221,441,222,444,222,447,223,448,224,448,225,448,225,448,227,448,229,448,229,448,230,450,231,453,232,457,232,457,232,462,232,465,231,466,230,466,229,466,229,466,227,466,225,466,225,466,224,465,223,462,222
435,400,432,400,431,399,431,397,431,397,431,395,429,394,426,394,423,393,422,392,420,391,417,391,413,391,413,391,409,391,404,391,404,391,400,391,397,391,395,392,395,394,395,394,395,395,395,397,395,397,395,399,397,400,400,400,404,400,404,400,409,400,412,401,413,402,414,403,417,404,422,404,422,404,426,404,429,404,431,405,432,406,435,407,438,406,440,405,440,404,440,404,440,402,438,401,435,400
409,76,406,76,404,75,403,74,400,73,397,73,395,72,394,70,391,70,388,70,386,72,386,73,386,73,386,75,388,76,391,76,394,77,395,78,397,79,400,80,404,80,404,80,409,80,412,79,413,78,412,77,409,76
409,109,404,109,404,107,403,106,400,106,395,106,395,106,391,106,388,105,386,104,385,103,382,102,378,102,378,102,373,102,370,103,369,104,367,105,364,106,360,106,360,104,358,103,355,102,351,102,351,102,347,102,344,103,342,104,344,105,347,106,351,106,351,106,355,106,360,106,360,107,360,109,355,109,351,109,351,109,347,109,342,109,342,109,338,109,335,109,333,110,333,112,333,112,333,114,335,115,338,115,341,115,342,114,344,113,347,112,351,112,351,112,355,112,358,112,360,110,360,109,364,109,369,109,369,109,373,109,376,109,378,110,379,112,382,112,386,112,386,112,391,112,394,112,395,110,397,109,400,109,404,109,404,110,406,112,409,112,412,112,413,110,412,109,409,109
409,439,406,440,404,441,406,442,409,442,412,442,413,441,412,440,409,439
391,381,388,381,386,383,386,384,382,384,379,385,378,386,378,387,378,387,378,389,379,390,382,391,385,390,386,389,386,387,386,387,386,386,386,384,391,384,394,384,395,383,394,381,391,381
382,57,378,57,378,57,373,57,369,57,369,57,364,57,360,57,360,55,358,54,355,54,351,54,351,54,347,54,344,54,342,55,344,56,347,57,351,57,351,57,355,57,360,57,360,59,361,60,364,60,369,60,369,60,373,60,378,60,378,60,382,60,385,60,386,59,385,58,382,57
364,378,361,378,360,379,358,380,355,381,351,381,351,381,347,381,342,381,342,381,338,381,333,381,333,381,329,381,324,381,324,381,320,381,317,381,316,383,314,384,311,384,308,385,307,386,305,387,302,387,298,387,298,387,293,387,290,388,289,389,288,390,285,391,282,391,280,392,280,394,280,394,280,395,282,397,285,397,288,397,289,395,290,394,293,394,298,394,298,394,302,394,307,394,307,394,311,394,314,393,316,392,317,391,320,391,324,391,324,391,329,391,332,390,333,389,335,388,338,387,342,387,342,387,347,387,350,387,351,386,352,385,355,384,360,384,360,384,364,384,367,384,369,383,369,381,369,381,369,379,367,378,364,378
311,67,308,67,307,68,308,69,311,70,314,69,316,68,314,67,311,67
276,41,271,41,271,41,267,41,262,41,262,41,258,41,254,41,254,41,249,41,246,41,245,42,246,43,249,44,254,44,254,44,258,44,261,45,262,46,264,47,267,47,270,47,271,46,273,45,276,44,279,43,280,42,279,41,276,41
249,54,245,54,245,52,243,51,240,50,237,51,236,52,237,53,240,54,245,54,245,55,246,56,249,57,252,56,254,55,252,54,249,54
231,25,227,25,227,23,226,22,223,21,220,22,218,23,220,24,223,25,227,25,227,26,228,27,231,28,234,27,236,26,234,25,231,25
214,44,209,44,209,42,208,41,205,41,202,41,200,42,202,43,205,44,209,44,209,46,211,47,214,47,217,47,218,46,217,45,214,44
205,25,200,25,200,25,196,25,193,24,192,23,190,22,187,21,184,22,183,23,183,25,183,25,183,26,184,27,187,28,190,28,192,29,193,31,196,31,200,31,200,33,202,34,205,34,208,34,209,33,208,32,205,31,200,31,200,29,202,28,205,28,208,27,209,26,208,25,205,25
178,15,174,15,174,13,172,12,169,12,166,12,165,13,166,14,169,15,174,15,174,16,175,18,178,18,181,18,183,16,181,15,178,15
116,329,113,329,112,327,110,326,107,326,104,326,103,327,103,329,103,329,103,331,103,332,103,332,103,334,103,336,103,336,103,337,104,338,107,339,110,339,112,340,113,342,116,342,119,342,121,340,121,339,121,339,121,337,121,336,121,336,121,334,121,332,121,332,121,331,119,330,116,329
457,10,457,12,457,12,457,13,459,14,462,15,465,14,466,13,466,12,466,12,466,10,457,10
236,10,237,11,240,12,243,11,245,10,236,10
209,10,209,12,214,12,217,12,218,13,220,14,223,15,226,14,227,13,227,12,227,12,227,10,209,10
285,18,280,18,280,18,276,18,271,18,271,20,271,21,276,21,280,21,280,21,285,21,288,21,289,20,288,19,285,18
276,12,273,12,271,13,271,15,276,15,279,14,280,13,279,12,276,12
267,15,264,15,262,16,264,18,267,18,271,18,271,16,271,15,267,15
