546,10,546,12,546,12,546,13,547,14,550,15,553,15,555,16,555,18,555,18,555,20,555,21,555,21,555,23,555,25,555,25,555,26,555,28,555,28,555,29,555,31,555,31,555,33,555,34,559,34,562,35,564,36,562,37,559,38,556,37,555,36,555,34,550,34,547,35,546,36,546,38,546,38,546,39,546,41,546,41,546,42,544,43,541,44,538,45,537,46,537,47,537,47,537,49,536,50,533,50,530,50,528,49,527,48,524,47,521,47,519,46,521,45,524,44,527,43,528,42,527,41,524,41,519,41,519,41,515,41,512,41,510,42,509,43,506,44,502,44,502,44,497,44,494,43,493,42,493,41,493,41,493,39,493,38,493,38,493,36,493,34,493,34,493,33,493,31,493,31,493,29,493,28,493,28,493,26,494,25,497,25,500,24,502,23,503,22,506,21,510,21,510,21,515,21,518,22,519,23,519,25,519,25,519,26,521,27,524,28,527,27,528,26,528,25,528,25,528,23,528,21,528,21,528,20,528,18,528,18,528,16,527,15,524,15,521,14,519,13,519,12,519,12,519,10,298,10,296,11,293,12,290,11,289,10,254,10,254,12,254,12,254,13,252,14,249,15,245,15,245,15,240,15,237,14,236,13,234,12,231,12,227,12,227,12,223,12,218,12,218,12,214,12,211,11,209,10,110,10,10,10,10,60,13,61,14,62,13,63,10,63,10,267,10,470,320,470,630,470,630,446,627,446,626,447,624,448,621,449,618,448,617,447,617,446,617,446,617,444,618,443,621,442,624,442,626,441,626,439,626,439,626,438,626,436,626,436,626,434,626,433,626,433,626,431,626,430,626,430,626,428,626,426,626,426,626,425,626,423,626,423,626,421,626,420,626,420,626,418,627,417,630,417,630,213,630,10,546,10
612,109,609,108,608,107,608,106,608,106,608,104,606,103,603,102,599,102,599,102,595,102,592,102,590,101,590,99,590,99,590,97,590,96,590,96,590,94,590,93,590,93,590,91,589,90,586,89,583,89,581,88,581,86,581,86,581,85,580,83,577,83,572,83,572,83,568,83,565,82,564,81,562,80,559,80,556,79,555,78,556,77,559,76,562,76,564,75,562,74,559,73,556,73,555,72,553,70,550,70,547,69,546,68,546,67,546,67,546,65,546,63,546,63,546,62,546,60,546,60,546,59,544,58,541,57,537,57,537,57,533,57,530,58,528,59,528,60,528,60,528,62,528,63,528,63,528,65,530,66,533,67,536,67,537,68,537,70,537,70,537,72,536,73,533,73,530,74,528,75,530,76,533,76,536,77,537,78,537,80,537,80,537,81,537,83,537,83,537,85,537,86,537,86,537,88,538,89,541,89,544,90,546,91,547,92,550,93,553,93,555,94,555,96,555,96,555,97,556,99,559,99,562,100,564,101,564,102,564,102,564,104,562,105,559,106,556,106,555,107,555,109,555,109,555,110,555,112,555,112,555,114,553,115,550,115,546,115,546,115,541,115,538,116,537,117,538,118,541,119,544,119,546,120,547,121,550,122,553,122,555,123,556,124,559,125,562,126,564,127,565,128,568,128,571,129,572,130,574,131,577,131,581,131,581,131,586,131,590,131,590,133,592,134,595,135,599,135,599,135,603,135,606,134,608,133,608,131,612,131,615,131,617,130,615,129,612,128,609,129,608,130,608,131,603,131,599,131,599,131,595,131,590,131,590,130,592,129,595,128,598,128,599,127,600,126,603,125,606,124,608,123,609,122,612,122,615,121,617,120,615,119,612,119,608,119,608,119,603,119,600,119,599,120,598,121,595,122,590,122,590,122,586,122,583,121,581,120,581,119,581,119,581,117,583,116,586,115,589,115,590,114,592,113,595,112,599,112,599,112,603,112,608,112,608,112,612,112,615,112,617,110,615,109,612,109
603,268,599,268,599,268,595,268,592,268,590,269,590,271,590,271,590,272,590,274,590,274,590,276,590,277,590,277,590,279,592,280,595,280,599,280,599,280,603,280,606,280,608,279,608,277,608,277,608,276,608,274,608,274,608,272,608,271,608,271,608,269,606,268,603,268
515,63,512,64,510,65,510,67,510,67,510,68,512,69,515,70,518,69,519,68,519,67,519,67,519,65,518,64,515,63
488,50,485,51,484,52,485,53,488,54,491,53,493,52,491,51,488,50
444,89,441,90,440,91,440,93,440,93,440,94,441,95,444,96,447,95,448,94,448,93,448,93,448,91,447,90,444,89
444,99,441,100,440,101,441,102,444,102,447,102,448,101,447,100,444,99
444,128,441,129,440,130,441,131,444,131,447,131,448,130,447,129,444,128
444,332,441,332,440,331,438,330,435,329,431,329,431,327,431,326,431,326,431,324,431,323,431,323,431,321,432,320,435,319,438,319,440,318,440,316,440,316,440,315,438,313,435,313,432,312,431,311,429,310,426,310,422,310,422,310,417,310,414,310,413,311,413,313,413,313,413,315,413,316,413,316,413,318,413,319,413,319,413,321,413,323,413,323,413,324,414,325,417,326,420,326,422,327,423,329,426,329,431,329,431,331,431,332,431,332,431,334,431,336,431,336,431,337,431,339,431,339,431,340,432,342,435,342,438,342,440,340,440,339,440,339,440,337,441,336,444,336,447,335,448,334,447,333,444,332
435,12,432,12,431,13,431,15,431,15,431,16,432,18,435,18,438,18,440,16,440,15,440,15,440,13,438,12,435,12
435,83,431,83,431,81,431,80,431,80,431,78,429,77,426,76,423,77,422,78,422,80,422,80,422,81,423,82,426,83,431,83,431,85,432,86,435,86,438,86,440,85,438,83,435,83
417,12,414,12,413,13,414,14,417,15,420,14,422,13,420,12,417,12
417,413,414,414,413,415,413,417,413,417,413,418,413,420,413,420,413,421,413,423,409,423,406,424,404,425,404,426,404,426,404,428,404,430,404,430,404,431,406,432,409,433,412,432,413,431,413,430,413,430,413,428,413,426,413,426,413,425,413,423,417,423,420,422,422,421,422,420,422,420,422,418,422,417,422,417,422,415,420,414,417,413
400,67,395,67,395,67,391,67,388,67,386,68,388,69,391,70,395,70,395,70,400,70,403,69,404,68,403,67,400,67
400,436,397,437,395,438,397,439,400,439,403,439,404,438,403,437,400,436
382,21,379,22,378,23,378,25,378,25,378,26,378,28,378,28,378,29,378,31,378,31,378,33,378,34,373,34,370,35,369,36,369,38,369,38,369,39,369,41,369,41,369,42,369,44,369,44,369,46,369,47,369,47,369,49,369,50,369,50,369,52,370,53,373,54,378,54,378,55,379,56,382,57,385,56,386,55,385,54,382,54,378,54,378,52,378,50,378,50,378,49,378,47,378,47,378,46,378,44,378,44,378,42,378,41,378,41,378,39,378,38,378,38,378,36,378,34,382,34,385,34,386,33,386,31,386,31,386,29,386,28,386,28,386,26,386,25,386,25,386,23,385,22,382,21
382,316,379,317,378,318,379,319,382,319,385,319,386,318,385,317,382,316
373,12,370,12,369,13,369,15,364,15,361,15,360,16,361,18,364,18,367,18,369,16,369,15,373,15,376,14,378,13,376,12,373,12
355,190,351,190,351,190,347,190,342,190,342,188,341,187,338,187,333,187,333,185,332,184,329,183,326,184,324,185,326,186,329,187,333,187,333,188,335,189,338,190,342,190,342,191,344,192,347,193,350,194,351,195,352,196,355,196,358,196,360,195,360,193,360,193,360,191,358,190,355,190
347,12,344,12,342,13,342,15,342,15,342,16,342,18,342,18,342,20,342,21,342,21,342,23,342,25,338,25,335,25,333,26,333,28,333,28,333,29,335,31,338,31,342,31,342,31,347,31,350,31,351,29,350,28,347,28,344,27,342,26,342,25,347,25,350,24,351,23,351,21,351,21,351,20,351,18,351,18,351,16,351,15,351,15,351,13,350,12,347,12
293,60,290,61,289,62,290,63,293,63,296,63,298,62,296,61,293,60
134,326,131,325,130,324,130,323,130,323,130,321,128,320,125,319,122,319,121,318,119,317,116,316,112,316,112,316,107,316,103,316,103,316,99,316,96,317,94,318,94,319,94,319,94,321,94,323,94,323,94,324,96,325,99,326,102,326,103,327,104,329,107,329,110,330,112,331,112,332,112,332,112,334,113,335,116,336,119,336,121,337,122,338,125,339,128,339,130,340,131,342,134,342,137,342,138,340,138,339,138,339,138,337,138,336,138,336,138,334,138,332,138,332,138,331,138,329,138,329,138,327,137,326,134,326
37,47,34,48,32,49,34,50,37,50,40,50,41,49,40,48,37,47
515,31,512,32,510,33,512,34,515,34,518,34,519,33,518,32,515,31
