484,10,482,11,479,12,476,12,475,13,476,14,479,15,484,15,484,15,488,15,491,14,493,13,494,12,497,12,502,12,502,12,506,12,510,12,510,12,515,12,518,12,519,13,519,15,519,15,519,16,521,18,524,18,527,19,528,20,527,21,524,21,521,22,519,23,519,25,519,25,519,26,519,28,519,28,519,29,518,31,515,31,512,31,510,29,510,28,510,28,510,26,509,25,506,25,503,25,502,26,500,27,497,28,494,27,493,26,491,25,488,25,484,25,484,25,479,25,476,25,475,26,474,27,471,28,466,28,466,28,462,28,457,28,457,28,453,28,450,27,448,26,447,25,444,25,440,25,440,25,435,25,432,24,431,23,429,22,426,21,422,21,422,21,417,21,414,22,413,23,412,24,409,25,406,24,404,23,403,22,400,21,395,21,395,21,391,21,386,21,386,23,388,24,391,25,394,25,395,26,395,28,395,28,395,29,394,31,391,31,386,31,386,33,386,34,386,34,386,36,386,38,391,38,394,38,395,39,395,41,400,41,403,41,404,42,403,43,400,44,395,44,395,46,394,47,391,47,388,47,386,46,388,45,391,44,395,44,395,42,395,41,391,41,388,40,386,39,386,38,382,38,378,38,378,39,376,40,373,41,370,41,369,42,370,43,373,44,376,45,378,46,378,47,378,47,378,49,376,50,373,50,370,50,369,49,367,48,364,47,361,47,360,46,360,44,360,44,360,42,360,41,360,41,360,39,358,38,355,38,352,37,351,36,351,34,351,34,351,33,351,31,351,31,351,29,351,28,351,28,351,26,352,25,355,25,358,24,360,23,358,22,355,21,352,21,351,20,351,18,351,18,351,16,351,15,351,15,351,13,351,12,351,12,351,10,333,10,335,11,338,12,341,12,342,13,341,14,338,15,335,15,333,16,333,18,333,18,333,20,333,21,333,21,333,23,333,25,333,25,333,26,333,28,333,28,333,29,333,31,333,31,333,33,333,34,333,34,333,36,333,38,333,38,333,39,332,40,329,41,326,40,324,39,323,38,320,38,316,38,316,38,311,38,308,37,307,36,305,35,302,34,299,35,298,36,296,37,293,38,290,38,289,39,288,40,285,41,280,41,280,42,279,43,276,44,273,45,271,46,270,47,267,47,264,47,262,46,262,44,262,44,262,42,261,41,258,41,255,40,254,39,254,38,254,38,254,36,255,35,258,34,261,34,262,33,262,31,262,31,262,29,264,28,267,28,270,27,271,26,270,25,267,25,264,24,262,23,261,22,258,21,255,22,254,23,252,24,249,25,246,24,245,23,243,22,240,21,237,21,236,20,236,18,236,18,236,16,234,15,231,15,228,14,227,13,227,12,227,12,227,10,218,10,218,12,218,12,218,13,218,15,218,15,218,16,218,18,223,18,226,19,227,20,226,21,223,21,220,21,218,20,218,18,214,18,211,18,209,16,209,15,209,15,209,13,209,12,209,12,209,10,110,10,10,10,10,240,10,470,85,470,87,469,90,468,93,469,94,470,333,470,332,469,329,468,326,468,324,467,324,465,324,465,324,464,324,462,324,462,324,460,324,459,324,459,324,457,326,456,329,455,332,455,333,454,333,452,333,452,333,451,335,449,338,449,341,448,342,447,344,446,347,446,350,445,351,444,352,443,355,442,360,442,360,442,364,442,367,443,369,444,369,446,369,446,369,447,370,448,373,449,376,449,378,451,378,452,378,452,378,454,378,455,378,455,378,457,379,458,382,459,385,459,386,460,386,462,386,462,386,464,388,465,391,465,394,466,395,467,395,468,395,468,395,470,404,470,404,468,404,468,404,467,404,465,404,465,404,464,404,462,404,462,404,460,406,459,409,459,413,459,413,459,417,459,420,459,422,460,422,462,422,462,422,464,422,465,422,465,422,467,422,468,422,468,422,470,526,470,630,470,630,225,626,225,626,225,621,225,618,225,617,224,617,222,617,222,617,221,618,219,621,219,626,219,626,219,630,219,630,63,627,63,626,62,626,60,626,60,626,59,624,58,621,57,618,56,617,55,617,54,617,54,617,52,617,50,617,50,617,49,618,48,621,47,624,48,626,49,626,50,626,50,626,52,627,53,630,54,630,32,630,10,484,10
612,63,609,64,608,65,608,67,608,67,608,68,609,69,612,70,615,69,617,68,617,67,617,67,617,65,615,64,612,63
612,112,609,113,608,114,608,115,608,115,608,117,608,119,603,119,600,118,599,117,598,116,595,115,590,115,590,115,586,115,581,115,581,114,580,113,577,112,574,113,572,114,574,115,577,115,581,115,581,117,583,118,586,119,589,119,590,120,592,121,595,122,599,122,599,122,603,122,606,121,608,120,608,119,612,119,615,118,617,117,617,115,617,115,617,114,615,113,612,112
595,63,590,63,590,63,586,63,583,64,581,65,583,66,586,67,589,67,590,68,592,69,595,70,598,69,599,68,599,67,599,67,599,65,598,64,595,63
559,15,556,15,555,16,555,18,555,18,555,20,556,21,559,21,562,21,564,20,564,18,564,18,564,16,562,15,559,15
541,47,538,48,537,49,537,50,533,50,530,51,528,52,528,54,524,54,521,53,519,52,519,50,519,50,519,49,518,48,515,47,512,48,510,49,509,50,506,50,503,51,502,52,503,53,506,54,509,54,510,55,510,57,510,57,510,59,510,60,510,60,510,62,509,63,506,63,503,64,502,65,502,67,497,67,494,67,493,68,494,69,497,70,500,69,502,68,502,67,506,67,510,67,510,67,515,67,518,66,519,65,519,63,519,63,519,62,521,61,524,60,527,60,528,59,528,57,528,57,528,55,528,54,533,54,536,53,537,52,537,50,541,50,544,50,546,49,544,48,541,47
506,34,503,34,502,33,500,32,497,31,494,32,493,33,493,34,493,34,493,36,493,38,493,38,493,39,493,41,493,41,493,42,493,44,493,44,493,46,493,47,488,47,485,48,484,49,485,50,488,50,491,50,493,49,493,47,497,47,500,47,502,46,503,45,506,44,509,43,510,42,510,41,510,41,510,39,510,38,510,38,510,36,509,35,506,34
479,235,476,236,475,237,474,238,471,238,468,239,466,240,468,241,471,242,475,242,475,242,479,242,482,241,484,240,484,238,484,238,484,237,482,236,479,235
471,229,468,229,466,230,468,231,471,232,474,231,475,230,474,229,471,229
462,222,459,223,457,224,459,225,462,225,465,225,466,224,465,223,462,222
444,50,441,51,440,52,441,53,444,54,447,53,448,52,447,51,444,50
444,216,441,216,440,217,441,218,444,219,447,218,448,217,447,216,444,216
435,144,432,145,431,146,429,147,426,148,422,148,422,146,420,145,417,144,414,145,413,146,414,147,417,148,422,148,422,149,422,151,422,151,422,153,423,154,426,154,429,154,431,153,432,151,435,151,438,150,440,149,440,148,440,148,440,146,438,145,435,144
426,67,423,67,422,68,422,70,422,70,422,72,423,73,426,73,429,73,431,72,431,70,431,70,431,68,429,67,426,67
426,400,423,401,422,402,423,403,426,404,429,403,431,402,429,401,426,400
417,57,414,58,413,59,414,60,417,60,420,60,422,59,420,58,417,57
417,394,413,394,413,394,409,394,406,393,404,392,403,391,400,391,397,390,395,389,394,388,391,387,388,388,386,389,385,390,382,391,379,391,378,392,376,393,373,394,370,394,369,395,369,397,369,397,369,399,367,400,364,400,361,401,360,402,361,403,364,404,369,404,369,404,373,404,378,404,378,404,382,404,386,404,386,404,391,404,395,404,395,404,400,404,403,403,404,402,406,401,409,400,412,400,413,399,414,398,417,397,420,397,422,395,420,394,417,394
409,76,406,77,404,78,406,79,409,80,412,79,413,78,412,77,409,76
400,430,397,430,395,431,397,432,400,433,403,432,404,431,403,430,400,430
391,60,388,60,386,59,385,58,382,57,378,57,378,57,373,57,370,58,369,59,369,60,369,60,369,62,369,63,369,63,369,65,369,67,369,67,369,68,370,69,373,70,376,69,378,68,378,67,378,67,378,65,379,64,382,63,385,64,386,65,386,67,386,67,386,68,386,70,386,70,386,72,388,73,391,73,394,73,395,72,395,70,395,70,395,68,395,67,395,67,395,65,395,63,395,63,395,62,394,61,391,60
391,106,388,105,386,104,385,103,382,102,379,103,378,104,378,106,378,106,378,107,378,109,373,109,369,109,369,107,367,106,364,106,360,106,360,104,358,103,355,102,351,102,351,102,347,102,344,103,342,104,342,106,338,106,335,106,333,107,332,108,329,109,326,109,324,110,324,112,324,112,324,114,326,115,329,115,333,115,333,115,338,115,341,116,342,117,344,118,347,119,351,119,351,119,355,119,358,119,360,120,361,121,364,122,367,122,369,123,369,125,369,125,369,127,370,128,373,128,376,128,378,127,378,125,378,125,378,123,378,122,378,122,378,120,376,119,373,119,370,118,369,117,369,115,369,115,369,114,369,112,373,112,376,112,378,110,378,109,382,109,386,109,386,109,391,109,394,108,395,107,394,106,391,106
382,76,378,76,378,76,373,76,370,77,369,78,370,79,373,80,378,80,378,80,382,80,385,79,386,78,385,77,382,76
364,83,360,83,360,81,360,80,360,80,360,78,358,77,355,76,352,77,351,78,351,80,351,80,351,81,352,82,355,83,360,83,360,85,360,86,360,86,360,88,361,89,364,89,367,89,369,88,369,86,369,86,369,85,367,83,364,83
355,57,351,57,351,57,347,57,344,58,342,59,344,60,347,60,351,60,351,60,355,60,358,60,360,59,358,58,355,57
355,63,352,64,351,65,352,66,355,67,358,66,360,65,358,64,355,63
347,384,342,384,342,384,338,384,333,384,333,384,329,384,326,385,324,386,323,387,320,387,316,387,316,387,311,387,307,387,307,387,302,387,299,388,298,389,296,390,293,391,290,391,289,392,288,393,285,394,282,394,280,395,279,397,276,397,273,398,271,399,273,400,276,400,280,400,280,400,285,400,288,400,289,399,290,398,293,397,298,397,298,397,302,397,307,397,307,397,311,397,314,397,316,395,317,394,320,394,324,394,324,394,329,394,332,393,333,392,335,391,338,391,342,391,342,391,347,391,350,390,351,389,351,387,351,387,351,386,350,385,347,384
329,47,326,48,324,49,326,50,329,50,332,50,333,49,332,48,329,47
329,54,326,54,324,55,326,56,329,57,332,56,333,55,332,54,329,54
320,60,316,60,316,60,311,60,308,61,307,62,308,63,311,63,316,63,316,63,320,63,323,63,324,62,323,61,320,60
240,31,237,31,236,29,234,28,231,28,228,28,227,29,227,31,227,31,227,33,227,34,227,34,227,36,228,37,231,38,234,37,236,36,237,35,240,34,243,34,245,33,243,32,240,31
205,44,200,44,200,42,200,41,200,41,200,39,199,38,196,38,193,37,192,36,190,35,187,34,184,34,183,33,183,31,183,31,183,29,181,28,178,28,174,28,174,28,169,28,166,28,165,29,166,31,169,31,172,32,174,33,174,34,174,34,174,36,175,37,178,38,181,38,183,39,184,40,187,41,190,41,192,42,193,43,196,44,200,44,200,46,202,47,205,47,208,47,209,46,208,45,205,44
187,12,184,12,183,13,184,14,187,15,190,14,192,13,190,12,187,12
125,342,121,342,121,340,121,339,121,339,121,337,121,336,121,336,121,334,121,332,121,332,121,331,119,330,116,329,113,329,112,327,110,326,107,326,104,326,103,327,103,329,103,329,103,331,103,332,103,332,103,334,103,336,103,336,103,337,104,338,107,339,110,339,112,340,113,342,116,342,121,342,121,344,122,345,125,345,128,345,130,344,128,343,125,342
37,203,34,203,32,204,34,205,37,206,40,205,41,204,40,203,37,203
28,161,23,161,23,159,22,158,19,157,16,158,14,159,16,160,19,161,23,161,23,162,25,163,28,164,31,163,32,162,31,161,28,161
28,180,25,181,23,182,25,183,28,183,31,183,32,182,31,181,28,180
431,10,431,12,431,12,431,13,432,14,435,15,440,15,440,15,444,15,447,15,448,16,450,18,453,18,456,18,457,16,457,15,457,15,457,13,456,12,453,12,450,11,448,10,431,10
404,10,406,11,409,12,413,12,413,12,417,12,420,11,422,10,404,10
378,10,376,11,373,12,370,12,369,13,369,15,369,15,369,16,369,18,369,18,369,20,369,21,369,21,369,23,370,24,373,25,376,24,378,23,379,22,382,21,386,21,386,20,386,18,386,18,386,16,388,15,391,15,394,14,395,13,395,12,395,12,395,10,378,10
236,10,237,11,240,12,243,12,245,13,246,14,249,15,252,14,254,13,254,12,254,12,254,10,236,10
364,109,360,109,360,110,361,111,364,112,369,112,369,110,369,109,364,109
355,106,351,106,351,106,347,106,342,106,342,107,344,108,347,109,351,109,351,109,355,109,360,109,360,107,360,106,355,106
382,28,379,28,378,29,379,31,382,31,386,31,386,29,385,28,382,28
373,34,370,35,369,36,370,37,373,38,378,38,378,36,376,35,373,34
276,18,273,19,271,20,273,21,276,21,279,21,280,20,279,19,276,18
276,34,273,35,271,36,271,38,271,38,271,39,273,40,276,41,280,41,280,39,280,38,280,38,280,36,279,35,276,34
