386,10,386,12,386,12,386,13,386,15,386,15,386,16,385,18,382,18,379,18,378,16,376,15,373,15,370,14,369,13,370,12,373,12,376,11,378,10,351,10,352,11,355,12,358,12,360,13,360,15,360,15,360,16,358,18,355,18,351,18,351,20,351,21,351,21,351,23,350,24,347,25,344,24,342,23,342,21,342,21,342,20,344,19,347,18,351,18,351,16,350,15,347,15,344,14,342,13,342,12,342,12,342,10,289,10,288,11,285,12,280,12,280,13,279,14,276,15,271,15,271,15,267,15,262,15,262,16,262,18,262,18,262,20,264,21,267,21,270,22,271,23,270,24,267,25,264,25,262,26,261,27,258,28,255,27,254,26,254,25,254,25,254,23,254,21,254,21,254,20,254,18,254,18,254,16,255,15,258,15,262,15,262,13,264,12,267,12,271,12,271,12,276,12,280,12,280,10,145,10,10,10,10,240,10,470,484,470,484,468,484,468,484,467,485,466,488,465,491,466,493,467,493,468,493,468,493,470,561,470,630,470,630,89,627,90,626,91,624,92,621,93,618,93,617,94,615,95,612,96,609,95,608,94,608,93,608,93,608,91,609,90,612,89,615,89,617,88,618,87,621,86,624,86,626,85,626,83,626,83,626,81,627,80,630,80,630,76,627,76,626,75,626,73,626,73,626,72,626,70,626,70,626,68,626,67,626,67,626,65,626,63,626,63,626,62,627,61,630,60,630,35,630,10,386,10
612,63,609,63,608,62,606,61,603,60,599,60,599,60,595,60,592,61,590,62,589,63,586,63,583,64,581,65,581,67,581,67,581,68,580,69,577,70,574,70,572,72,572,73,572,73,572,75,571,76,568,76,565,77,564,78,565,79,568,80,572,80,572,80,577,80,581,80,581,80,586,80,589,79,590,78,590,76,590,76,590,75,590,73,590,73,590,72,592,70,595,70,598,69,599,68,600,67,603,67,608,67,608,67,612,67,615,66,617,65,615,64,612,63
603,102,599,102,599,102,595,102,592,103,590,104,592,105,595,106,599,106,599,106,603,106,606,105,608,104,606,103,603,102
603,119,600,119,599,120,599,122,595,122,592,122,590,123,590,125,586,125,583,126,581,127,581,128,577,128,572,128,572,127,571,126,568,125,564,125,564,125,559,125,556,126,555,127,555,128,555,128,555,130,556,131,559,131,562,131,564,130,565,129,568,128,572,128,572,130,574,131,577,131,580,131,581,130,581,128,586,128,589,128,590,127,590,125,595,125,598,124,599,123,599,122,603,122,606,121,608,120,606,119,603,119
577,86,574,86,572,85,571,83,568,83,564,83,564,83,559,83,556,82,555,81,555,80,555,80,555,78,553,77,550,76,546,76,546,76,541,76,537,76,537,76,533,76,530,77,528,78,527,79,524,80,521,80,519,81,519,83,519,83,519,85,521,86,524,86,527,87,528,88,530,89,533,89,537,89,537,91,538,92,541,93,546,93,546,93,550,93,555,93,555,93,559,93,562,93,564,94,564,96,564,96,564,97,562,99,559,99,555,99,555,99,550,99,547,100,546,101,547,102,550,102,555,102,555,102,559,102,562,103,564,104,565,105,568,106,572,106,572,106,577,106,580,105,581,104,581,102,581,102,581,101,581,99,581,99,581,97,581,96,581,96,581,94,581,93,581,93,581,91,581,89,581,89,581,88,580,87,577,86
541,235,538,235,537,234,536,232,533,232,528,232,528,232,524,232,519,232,519,232,515,232,510,232,510,232,506,232,503,232,502,234,500,235,497,235,493,235,493,235,488,235,484,235,484,234,482,232,479,232,475,232,475,232,471,232,466,232,466,230,465,229,462,229,459,229,457,230,459,231,462,232,466,232,466,234,468,235,471,235,475,235,475,235,479,235,484,235,484,237,485,238,488,238,493,238,493,238,497,238,500,239,502,240,503,241,506,242,510,242,510,242,515,242,519,242,519,242,524,242,528,242,528,242,533,242,536,241,537,240,538,239,541,238,544,238,546,237,544,236,541,235
524,18,519,18,519,18,515,18,510,18,510,18,506,18,503,19,502,20,500,21,497,21,493,21,493,21,488,21,484,21,484,21,479,21,476,22,475,23,475,25,475,25,475,26,474,27,471,28,468,27,466,26,465,25,462,25,459,25,457,26,456,27,453,28,450,28,448,29,448,31,448,31,448,33,448,34,448,34,448,36,447,37,444,38,441,38,440,39,438,40,435,41,432,41,431,42,429,43,426,44,423,45,422,46,423,47,426,47,431,47,431,47,435,47,440,47,440,49,440,50,435,50,431,50,431,50,426,50,423,51,422,52,422,54,422,54,422,55,422,57,417,57,413,57,413,57,409,57,404,57,404,57,400,57,395,57,395,57,391,57,388,58,386,59,388,60,391,60,395,60,395,60,400,60,404,60,404,60,409,60,413,60,413,60,417,60,420,60,422,59,422,57,426,57,431,57,431,57,435,57,438,56,440,55,440,54,440,54,440,52,440,50,444,50,447,50,448,49,447,48,444,47,440,47,440,46,441,45,444,44,448,44,448,44,453,44,456,43,457,42,459,41,462,41,465,41,466,42,468,43,471,44,475,44,475,44,479,44,482,43,484,42,484,41,484,41,484,39,485,38,488,38,493,38,493,38,497,38,500,37,502,36,503,35,506,34,509,34,510,33,510,31,510,31,510,29,512,28,515,28,518,27,519,26,519,25,519,25,519,23,521,22,524,21,527,21,528,20,527,19,524,18
524,459,519,459,519,459,515,459,510,459,510,459,506,459,502,459,502,459,497,459,494,459,493,460,494,461,497,462,500,462,502,464,503,465,506,465,509,465,510,464,512,462,515,462,519,462,519,462,524,462,527,461,528,460,527,459,524,459
497,96,494,96,493,97,493,99,493,99,493,101,494,102,497,102,500,102,502,101,502,99,502,99,502,97,500,96,497,96
497,106,494,106,493,107,493,109,493,109,493,110,494,112,497,112,500,112,502,110,502,109,502,109,502,107,500,106,497,106
479,57,475,57,475,57,471,57,468,58,466,59,468,60,471,60,475,60,475,60,479,60,482,60,484,59,482,58,479,57
471,83,468,83,466,85,468,86,471,86,474,86,475,85,474,83,471,83
435,67,431,67,431,67,426,67,422,67,422,67,417,67,414,67,413,68,414,69,417,70,422,70,422,70,426,70,429,70,431,72,431,73,426,73,423,74,422,75,420,76,417,76,413,76,413,75,412,74,409,73,406,74,404,75,406,76,409,76,413,76,413,78,413,80,413,80,413,81,414,82,417,83,422,83,422,83,426,83,429,83,431,85,431,86,426,86,423,87,422,88,420,89,417,89,413,89,413,89,409,89,406,90,404,91,406,92,409,93,413,93,413,93,417,93,420,93,422,94,423,95,426,96,429,95,431,94,431,93,431,93,431,91,431,89,431,89,431,88,431,86,435,86,438,86,440,85,440,83,440,83,440,81,440,80,440,80,440,78,438,77,435,76,432,76,431,75,431,73,435,73,438,73,440,72,440,70,440,70,440,68,438,67,435,67
435,102,432,103,431,104,432,105,435,106,438,105,440,104,438,103,435,102
426,449,422,449,422,449,417,449,414,448,413,447,412,446,409,446,404,446,404,446,400,446,397,445,395,444,394,443,391,442,388,442,386,441,385,440,382,439,379,439,378,438,376,437,373,436,370,435,369,434,369,433,369,433,369,431,369,430,369,430,369,428,369,426,369,426,369,425,370,424,373,423,376,422,378,421,376,420,373,420,369,420,369,420,364,420,360,420,360,420,355,420,351,420,351,420,347,420,344,419,342,418,341,417,338,417,335,416,333,415,332,414,329,413,324,413,324,413,320,413,317,413,316,412,314,411,311,410,307,410,307,410,302,410,298,410,298,410,293,410,289,410,289,410,285,410,282,410,280,408,279,407,276,407,271,407,271,407,267,407,262,407,262,407,258,407,254,407,254,407,249,407,246,407,245,408,243,410,240,410,237,411,236,412,234,413,231,413,228,414,227,415,228,416,231,417,236,417,236,417,240,417,245,417,245,417,249,417,252,417,254,418,255,419,258,420,262,420,262,420,267,420,271,420,271,420,276,420,280,420,280,420,285,420,289,420,289,420,293,420,298,420,298,420,302,420,307,420,307,420,311,420,314,420,316,421,314,422,311,423,307,423,307,423,302,423,298,423,298,423,293,423,290,424,289,425,290,426,293,426,298,426,298,426,302,426,307,426,307,426,311,426,314,427,316,428,317,429,320,430,324,430,324,430,329,430,333,430,333,430,338,430,342,430,342,430,347,430,351,430,351,430,355,430,358,430,360,431,358,432,355,433,352,433,351,434,352,435,355,436,358,437,360,438,360,439,360,439,360,441,358,442,355,442,352,443,351,444,350,445,347,446,342,446,342,446,338,446,333,446,333,446,329,446,326,446,324,447,324,449,324,449,324,451,324,452,324,452,324,454,326,455,329,455,333,455,333,455,338,455,341,455,342,454,344,453,347,452,350,453,351,454,352,455,355,455,360,455,360,455,364,455,367,455,369,454,370,453,373,452,378,452,378,452,382,452,385,453,386,454,388,455,391,455,394,455,395,454,397,453,400,452,403,453,404,454,406,455,409,455,413,455,413,455,417,455,420,455,422,454,423,453,426,452,429,452,431,451,429,449,426,449
417,25,414,25,413,26,412,27,409,28,406,28,404,29,404,31,404,31,404,33,403,34,400,34,397,35,395,36,395,38,395,38,395,39,397,40,400,41,403,40,404,39,406,38,409,38,412,37,413,36,413,34,413,34,413,33,414,32,417,31,420,31,422,29,422,28,422,28,422,26,420,25,417,25
417,99,414,100,413,101,414,102,417,102,420,102,422,101,420,100,417,99
400,63,395,63,395,63,391,63,388,64,386,65,388,66,391,67,395,67,395,67,400,67,403,66,404,65,403,64,400,63
400,106,395,106,395,106,391,106,386,106,386,104,385,103,382,102,379,103,378,104,379,105,382,106,386,106,386,107,386,109,386,109,386,110,386,112,382,112,379,113,378,114,379,115,382,115,385,115,386,114,386,112,391,112,394,112,395,110,397,109,400,109,403,108,404,107,403,106,400,106
382,28,379,28,378,29,378,31,373,31,370,32,369,33,370,34,373,34,378,34,378,36,378,38,373,38,370,38,369,39,370,40,373,41,376,40,378,39,378,38,382,38,385,37,386,36,385,35,382,34,378,34,378,33,378,31,382,31,385,31,386,29,385,28,382,28
364,73,361,74,360,75,360,76,360,76,360,78,361,79,364,80,367,79,369,78,369,76,369,76,369,75,367,74,364,73
355,54,351,54,351,54,347,54,344,53,342,52,341,51,338,50,333,50,333,49,332,48,329,47,326,48,324,49,324,50,320,50,316,50,316,50,311,50,307,50,307,50,302,50,299,51,298,52,299,53,302,54,305,54,307,55,308,56,311,57,314,56,316,55,317,54,320,54,323,53,324,52,324,50,329,50,333,50,333,52,333,54,333,54,333,55,332,56,329,57,326,58,324,59,324,60,324,60,324,62,326,63,329,63,333,63,333,65,332,66,329,67,326,67,324,68,324,70,324,70,324,72,326,73,329,73,333,73,333,73,338,73,342,73,342,73,347,73,350,73,351,72,351,70,351,70,351,68,350,67,347,67,344,66,342,65,341,64,338,63,333,63,333,62,335,61,338,60,342,60,342,60,347,60,351,60,351,60,355,60,358,60,360,59,360,57,360,57,360,55,358,54,355,54
347,28,344,28,342,29,344,31,347,31,350,31,351,29,350,28,347,28
347,38,342,38,342,38,338,38,333,38,333,36,332,35,329,34,326,34,324,33,326,32,329,31,332,31,333,29,332,28,329,28,324,28,324,28,320,28,316,28,316,28,311,28,307,28,307,26,307,25,307,25,307,23,305,22,302,21,298,21,298,21,293,21,289,21,289,21,285,21,282,22,280,23,282,24,285,25,289,25,289,25,293,25,296,25,298,26,299,27,302,28,307,28,307,29,307,31,307,31,307,33,308,34,311,34,314,35,316,36,314,37,311,38,308,38,307,39,307,41,307,41,307,42,305,43,302,44,299,45,298,46,299,47,302,47,307,47,307,47,311,47,314,47,316,46,317,45,320,44,323,43,324,42,324,41,324,41,324,39,326,38,329,38,333,38,333,39,335,40,338,41,342,41,342,41,347,41,350,40,351,39,350,38,347,38
347,106,344,106,342,107,344,108,347,109,350,108,351,107,350,106,347,106
329,21,326,22,324,23,326,24,329,25,332,24,333,23,332,22,329,21
285,31,282,32,280,33,280,34,280,34,280,36,279,37,276,38,273,38,271,39,271,41,271,41,271,42,271,44,271,44,271,46,271,47,271,47,271,49,273,50,276,50,279,50,280,49,280,47,280,47,280,46,280,44,280,44,280,42,282,41,285,41,288,40,289,39,289,38,289,38,289,36,289,34,289,34,289,33,288,32,285,31
240,21,237,22,236,23,237,24,240,25,243,24,245,23,243,22,240,21
187,57,184,56,183,55,183,54,183,54,183,52,183,50,183,50,183,49,181,48,178,47,175,47,174,46,174,44,174,44,174,42,172,41,169,41,166,40,165,39,165,38,165,38,165,36,164,35,161,34,158,34,156,33,155,32,152,31,149,32,147,33,147,34,147,34,147,36,147,38,147,38,147,39,146,40,143,41,140,41,138,42,138,44,138,44,138,46,138,47,138,47,138,49,140,50,143,50,146,51,147,52,147,54,147,54,147,55,149,56,152,57,155,58,156,59,158,60,161,60,164,61,165,62,165,63,165,63,165,65,166,66,169,67,174,67,174,67,178,67,183,67,183,67,187,67,190,66,192,65,192,63,192,63,192,62,192,60,192,60,192,59,190,58,187,57
152,355,149,354,147,353,147,352,147,352,147,350,147,349,147,349,147,347,146,346,143,345,140,345,138,344,138,342,138,342,138,340,137,339,134,339,131,338,130,337,128,336,125,336,122,336,121,337,121,339,121,339,121,340,121,342,121,342,121,344,121,345,121,345,121,347,121,349,121,349,121,350,121,352,121,352,121,353,121,355,121,355,121,357,122,358,125,358,128,359,130,360,130,361,130,361,130,363,130,365,130,365,130,366,131,367,134,368,137,369,138,370,140,371,143,371,146,371,147,370,149,369,152,368,155,367,156,366,156,365,156,365,156,363,156,361,156,361,156,360,156,358,156,358,156,357,155,356,152,355
541,80,538,80,537,81,537,83,537,83,537,85,537,86,537,86,537,88,537,89,541,89,544,89,546,88,546,86,546,86,546,85,546,83,546,83,546,81,544,80,541,80
