316,10,314,11,311,12,308,11,307,10,76,10,75,11,72,12,68,12,68,12,63,12,60,11,59,10,34,10,10,10,10,323,13,323,14,324,14,326,14,326,14,327,14,329,14,329,14,331,16,332,19,332,22,333,23,334,23,336,23,336,23,337,23,339,23,339,23,340,23,342,23,342,23,344,25,345,28,345,31,346,32,347,34,348,37,349,40,349,41,350,41,352,41,352,41,353,41,355,41,355,41,357,42,358,45,358,48,359,50,360,50,361,50,361,50,363,50,365,50,365,50,366,51,367,54,368,57,368,59,370,60,371,63,371,66,372,68,373,68,374,68,374,68,376,69,377,72,378,75,378,76,379,76,381,76,381,76,383,78,384,81,384,84,385,85,386,87,387,90,387,93,388,94,389,96,390,99,391,102,391,103,392,103,394,103,394,103,395,104,397,107,397,110,398,112,399,113,400,116,400,119,401,121,402,122,403,125,404,128,404,130,405,131,406,134,407,138,407,138,407,143,407,146,407,147,408,149,410,152,410,155,411,156,412,155,413,152,413,147,413,147,413,143,413,140,413,138,412,137,411,134,410,130,410,130,410,125,410,122,410,121,408,119,407,116,407,112,407,112,407,107,407,103,407,103,407,99,407,96,406,94,405,94,404,94,404,94,402,93,401,90,400,87,400,85,399,85,397,85,397,85,395,84,394,81,394,78,393,76,392,76,391,76,391,76,389,75,388,72,387,69,387,68,386,66,385,63,384,60,384,59,383,57,381,54,381,51,380,50,379,50,378,50,378,50,376,48,375,45,374,42,374,41,373,40,372,37,371,32,371,32,371,28,371,25,371,23,370,23,368,23,368,23,366,22,365,19,365,16,364,14,363,14,361,14,361,14,360,14,358,14,358,14,357,13,356,10,355,10,413,10,470,94,470,96,469,99,468,102,469,103,470,112,470,113,469,116,468,119,468,121,467,122,466,125,465,128,466,130,467,131,468,134,468,138,468,138,468,143,468,146,469,147,470,389,470,630,470,630,258,627,257,626,256,627,255,630,255,630,174,626,174,626,174,621,174,617,174,617,174,612,174,608,174,608,174,603,174,600,173,599,172,598,171,595,170,592,170,590,169,589,168,586,167,583,167,581,165,580,164,577,164,572,164,572,164,568,164,565,163,564,162,562,161,559,161,556,160,555,159,555,157,555,157,555,156,556,155,559,154,564,154,564,154,568,154,572,154,572,154,577,154,580,155,581,156,583,157,586,157,589,158,590,159,592,160,595,161,599,161,599,161,603,161,606,161,608,162,609,163,612,164,617,164,617,164,621,164,626,164,626,164,630,164,630,87,630,10,316,10
586,355,583,356,581,357,581,358,581,358,581,360,583,361,586,361,589,361,590,360,590,358,590,358,590,357,589,356,586,355
577,128,572,128,572,128,568,128,564,128,564,128,559,128,555,128,555,128,550,128,547,128,546,127,546,125,546,125,546,123,546,122,550,122,553,121,555,120,553,119,550,119,547,119,546,120,546,122,541,122,538,122,537,123,537,125,537,125,537,127,537,128,537,128,537,130,537,131,537,131,537,133,537,135,537,135,537,136,538,137,541,138,546,138,546,138,550,138,553,137,555,136,556,135,559,135,562,134,564,133,565,132,568,131,572,131,572,131,577,131,580,131,581,130,580,129,577,128
577,349,574,349,572,350,574,351,577,352,580,351,581,350,580,349,577,349
568,339,565,339,564,340,565,342,568,342,571,342,572,340,571,339,568,339
559,34,556,35,555,36,555,38,550,38,547,37,546,36,544,35,541,34,538,35,537,36,537,38,537,38,537,39,536,40,533,41,530,41,528,42,530,43,533,44,537,44,537,44,541,44,544,43,546,42,547,41,550,41,555,41,555,42,556,43,559,44,562,43,564,42,562,41,559,41,555,41,555,39,555,38,559,38,562,37,564,36,562,35,559,34
559,345,556,345,555,344,555,342,555,342,555,340,555,339,555,339,555,337,553,336,550,336,546,336,546,334,544,333,541,332,538,333,537,334,538,335,541,336,546,336,546,337,546,339,546,339,546,340,546,342,546,342,546,344,546,345,546,345,546,347,547,348,550,349,553,349,555,350,555,352,555,352,555,353,556,354,559,355,562,354,564,353,564,352,564,352,564,350,564,349,564,349,564,347,562,346,559,345
533,154,528,154,528,154,524,154,521,155,519,156,519,157,519,157,519,159,519,161,515,161,512,161,510,162,512,163,515,164,518,163,519,162,519,161,524,161,527,160,528,159,530,158,533,157,536,157,537,156,536,155,533,154
497,25,494,25,493,26,494,27,497,28,500,27,502,26,500,25,497,25
497,41,494,41,493,42,493,44,493,44,493,46,494,47,497,47,500,47,502,46,502,44,502,44,502,42,500,41,497,41
497,63,494,64,493,65,493,67,493,67,493,68,494,69,497,70,500,69,502,68,502,67,502,67,502,65,500,64,497,63
471,99,468,100,466,101,468,102,471,102,474,102,475,101,474,100,471,99
391,284,388,284,386,285,388,286,391,287,394,286,395,285,394,284,391,284
373,41,370,41,369,42,370,43,373,44,376,43,378,42,376,41,373,41
329,439,326,440,324,441,324,442,324,442,324,444,324,446,324,446,324,447,326,448,329,449,332,448,333,447,333,446,333,446,333,444,333,442,333,442,333,441,332,440,329,439
302,209,298,209,298,209,293,209,290,210,289,211,288,212,285,212,282,213,280,214,280,216,280,216,280,217,282,218,285,219,288,218,289,217,290,216,293,216,296,215,298,214,299,213,302,212,305,212,307,211,305,210,302,209
285,167,282,168,280,169,282,170,285,170,288,170,289,169,288,168,285,167
249,430,246,429,245,428,243,427,240,426,237,426,236,425,236,423,236,423,236,421,234,420,231,420,227,420,227,420,223,420,220,420,218,421,217,422,214,423,209,423,209,423,205,423,202,424,200,425,199,426,196,426,193,427,192,428,192,430,192,430,192,431,192,433,192,433,192,434,190,435,187,436,184,437,183,438,183,439,183,439,183,441,183,442,183,442,183,444,184,445,187,446,192,446,192,446,196,446,200,446,200,446,205,446,208,446,209,447,211,448,214,449,217,449,218,451,220,452,223,452,227,452,227,452,231,452,234,453,236,454,237,455,240,455,243,455,245,454,245,452,245,452,245,451,243,449,240,449,237,448,236,447,234,446,231,446,228,445,227,444,227,442,227,442,227,441,228,440,231,439,234,439,236,438,237,437,240,436,245,436,245,436,249,436,252,435,254,434,254,433,254,433,254,431,252,430,249,430
240,96,237,96,236,97,237,99,240,99,243,99,245,97,243,96,240,96
134,245,131,244,130,243,128,242,125,242,121,242,121,242,116,242,112,242,112,242,107,242,103,242,103,242,99,242,94,242,94,242,90,242,85,242,85,242,81,242,78,241,76,240,76,238,81,238,84,238,85,237,84,236,81,235,78,236,76,237,76,238,72,238,68,238,68,238,63,238,59,238,59,238,54,238,50,238,50,238,45,238,41,238,41,238,37,238,32,238,32,238,28,238,23,238,23,238,19,238,16,239,14,240,14,242,14,242,14,243,14,245,14,245,14,246,14,248,14,248,14,250,14,251,14,251,14,253,14,255,14,255,14,256,14,258,14,258,14,259,16,261,19,261,23,261,23,261,28,261,31,262,32,263,34,264,37,264,41,264,41,264,45,264,48,265,50,266,50,268,50,268,50,269,50,271,50,271,50,272,51,273,54,274,57,273,59,272,59,271,59,271,59,269,59,268,59,268,59,266,59,264,59,264,59,263,60,262,63,261,66,261,68,259,69,258,72,258,75,257,76,256,78,255,81,255,85,255,85,255,90,255,94,255,94,255,99,255,102,254,103,253,104,252,107,251,112,251,112,251,116,251,121,251,121,251,125,251,130,251,130,251,134,251,137,251,138,250,138,248,138,248,138,246,137,245,134,245
72,423,68,423,68,423,63,423,60,424,59,425,60,426,63,426,68,426,68,426,72,426,75,426,76,425,75,424,72,423
63,323,60,322,59,321,57,320,54,319,51,319,50,318,48,317,45,316,42,317,41,318,41,319,41,319,41,321,42,322,45,323,48,323,50,324,50,326,50,326,50,327,51,329,54,329,57,330,59,331,60,332,63,332,66,332,68,331,68,329,68,329,68,327,68,326,68,326,68,324,66,323,63,323
37,12,34,12,32,13,31,14,28,15,23,15,23,15,19,15,16,15,14,16,16,18,19,18,23,18,23,18,28,18,32,18,32,18,37,18,40,18,41,16,41,15,41,15,41,13,40,12,37,12
