280,10,282,11,285,12,288,12,289,13,288,14,285,15,282,15,280,16,279,18,276,18,271,18,271,18,267,18,262,18,262,18,258,18,255,18,254,16,255,15,258,15,262,15,262,15,267,15,270,14,271,13,271,12,271,12,271,10,165,10,165,12,169,12,172,12,174,13,172,14,169,15,165,15,165,16,164,18,161,18,158,18,156,16,156,15,152,15,149,14,147,13,147,12,147,12,147,10,59,10,57,11,54,12,51,11,50,10,30,10,10,10,10,240,10,470,121,470,122,469,125,468,130,468,130,468,134,468,137,469,138,470,156,470,158,469,161,468,165,468,165,468,169,468,172,469,174,470,519,470,518,469,515,468,510,468,510,468,506,468,503,468,502,467,502,465,502,465,502,464,503,462,506,462,510,462,510,462,515,462,519,462,519,462,524,462,527,462,528,464,530,465,533,465,536,465,537,464,538,462,541,462,544,462,546,464,546,465,546,465,546,467,546,468,546,468,546,470,588,470,630,470,630,248,627,248,626,246,627,245,630,245,630,235,627,236,626,237,624,238,621,238,618,238,617,237,617,235,617,235,617,234,617,232,617,232,617,230,618,229,621,229,626,229,626,229,630,229,630,119,630,10,280,10
612,242,609,242,608,243,608,245,608,245,608,246,609,248,612,248,615,248,617,246,617,245,617,245,617,243,615,242,612,242
603,41,600,40,599,39,599,38,599,38,599,36,599,34,599,34,599,33,599,31,599,31,599,29,598,28,595,28,592,27,590,26,590,25,590,25,590,23,589,22,586,21,583,21,581,20,580,19,577,18,574,19,572,20,572,21,572,21,572,23,574,24,577,25,580,25,581,26,581,28,581,28,581,29,581,31,581,31,581,33,583,34,586,34,589,35,590,36,590,38,590,38,590,39,590,41,590,41,590,42,589,43,586,44,583,45,581,46,581,47,581,47,581,49,581,50,581,50,581,52,583,53,586,54,589,54,590,55,592,56,595,57,599,57,599,57,603,57,606,56,608,55,608,54,608,54,608,52,608,50,608,50,608,49,608,47,608,47,608,46,608,44,608,44,608,42,606,41,603,41
603,119,600,119,599,120,598,121,595,122,592,122,590,123,592,124,595,125,599,125,599,125,603,125,606,124,608,123,608,122,608,122,608,120,606,119,603,119
586,141,581,141,581,140,580,138,577,138,572,138,572,136,571,135,568,135,564,135,564,135,559,135,556,135,555,136,556,137,559,138,564,138,564,138,568,138,572,138,572,140,574,141,577,141,581,141,581,143,583,144,586,144,589,144,590,143,589,142,586,141
577,190,574,190,572,191,572,193,572,193,572,195,574,196,577,196,580,196,581,195,581,193,581,193,581,191,580,190,577,190
568,167,565,167,564,165,562,164,559,164,556,163,555,162,553,161,550,161,547,161,546,162,544,163,541,164,538,164,537,165,538,167,541,167,544,168,546,169,547,170,550,170,555,170,555,170,559,170,562,171,564,172,564,174,564,174,564,175,565,176,568,177,571,176,572,175,572,174,572,174,572,172,572,170,572,170,572,169,571,168,568,167
541,138,537,138,537,138,533,138,530,138,528,140,530,141,533,141,536,142,537,143,537,144,533,144,530,145,528,146,528,148,528,148,528,149,530,150,533,151,536,150,537,149,537,148,537,148,537,146,537,144,541,144,544,144,546,143,546,141,546,141,546,140,544,138,541,138
533,131,530,132,528,133,530,134,533,135,536,134,537,133,536,132,533,131
533,430,530,430,528,431,528,433,528,433,528,434,528,436,528,436,528,438,530,439,533,439,536,439,537,438,537,436,537,436,537,434,537,433,537,433,537,431,536,430,533,430
524,106,519,106,519,106,515,106,512,106,510,107,510,109,510,109,510,110,510,112,510,112,510,114,510,115,510,115,510,117,512,118,515,119,518,118,519,117,519,115,519,115,519,114,521,113,524,112,527,112,528,110,528,109,528,109,528,107,527,106,524,106
524,125,521,126,519,127,521,128,524,128,527,128,528,127,527,126,524,125
524,157,521,158,519,159,521,160,524,161,527,160,528,159,527,158,524,157
515,436,512,437,510,438,510,439,510,439,510,441,512,442,515,442,518,442,519,441,519,439,519,439,519,438,518,437,515,436
497,67,494,67,493,68,494,69,497,70,500,69,502,68,500,67,497,67
462,99,457,99,457,97,456,96,453,96,450,95,448,94,447,93,444,93,441,93,440,94,440,96,440,96,440,97,440,99,440,99,440,101,440,102,440,102,440,104,438,105,435,106,432,106,431,107,432,108,435,109,440,109,440,109,444,109,447,108,448,107,448,106,448,106,448,104,448,102,448,102,448,101,450,100,453,99,457,99,457,101,457,102,457,102,457,104,457,106,457,106,457,107,457,109,457,109,457,110,457,112,457,112,457,114,457,115,457,115,457,117,457,119,453,119,450,119,448,120,450,121,453,122,456,121,457,120,457,119,462,119,465,118,466,117,466,115,466,115,466,114,466,112,466,112,466,110,466,109,466,109,466,107,466,106,466,106,466,104,466,102,466,102,466,101,465,100,462,99
462,128,459,129,457,130,459,131,462,131,465,131,466,130,465,129,462,128
444,80,441,80,440,81,441,82,444,83,447,82,448,81,447,80,444,80
444,86,441,87,440,88,441,89,444,89,447,89,448,88,447,87,444,86
426,67,423,67,422,68,423,69,426,70,429,69,431,68,429,67,426,67
400,436,397,437,395,438,395,439,395,439,395,441,397,442,400,442,403,442,404,441,404,439,404,439,404,438,403,437,400,436
382,261,378,261,378,261,373,261,370,262,369,263,369,264,369,264,369,266,370,267,373,268,376,268,378,269,378,271,378,271,378,272,378,274,378,274,378,276,379,277,382,277,385,277,386,276,386,274,386,274,386,272,386,271,386,271,386,269,386,268,386,268,386,266,386,264,386,264,386,263,385,262,382,261
373,426,370,427,369,428,369,430,369,430,369,431,370,432,373,433,376,432,378,431,378,430,378,430,378,428,376,427,373,426
373,442,370,443,369,444,370,445,373,446,376,445,378,444,376,443,373,442
355,12,351,12,351,12,347,12,344,12,342,13,344,14,347,15,351,15,351,15,355,15,358,14,360,13,358,12,355,12
249,128,246,129,245,130,246,131,249,131,252,131,254,130,252,129,249,128
231,12,228,12,227,13,228,14,231,15,234,14,236,13,234,12,231,12
169,21,166,22,165,23,166,24,169,25,172,24,174,23,172,22,169,21
152,306,149,306,147,305,146,304,143,303,140,303,138,302,138,300,138,300,138,298,137,297,134,297,130,297,130,297,125,297,121,297,121,297,116,297,113,296,112,295,110,294,107,293,103,293,103,293,99,293,96,294,94,295,94,297,94,297,94,298,94,300,94,300,94,302,96,303,99,303,102,304,103,305,104,306,107,306,110,307,112,308,113,309,116,310,121,310,121,310,125,310,130,310,130,310,134,310,138,310,138,310,143,310,147,310,147,310,152,310,155,309,156,308,155,307,152,306
72,18,69,19,68,20,69,21,72,21,75,21,76,20,75,19,72,18
63,423,60,424,59,425,60,426,63,426,66,426,68,425,66,424,63,423
45,280,42,281,41,282,42,283,45,284,48,283,50,282,48,281,45,280
37,371,32,371,32,370,32,368,32,368,32,366,32,365,32,365,32,363,32,361,32,361,32,360,31,359,28,358,25,358,23,357,23,355,23,355,23,353,22,352,19,352,16,352,14,353,14,355,14,355,14,357,14,358,14,358,14,360,16,361,19,361,22,362,23,363,23,365,23,365,23,366,23,368,23,368,23,370,25,371,28,371,32,371,32,373,32,374,32,374,32,376,34,377,37,378,40,377,41,376,41,374,41,374,41,373,40,372,37,371
537,470,536,469,533,468,530,469,528,470,537,470
161,12,158,12,156,13,156,15,161,15,165,15,165,13,165,12,161,12
