630,80,627,79,626,78,626,76,626,76,626,75,627,74,630,73,630,42,630,10,320,10,10,10,10,240,10,470,320,470,630,470,630,80
612,106,609,105,608,104,606,103,603,102,599,102,599,102,595,102,592,102,590,101,589,100,586,99,583,99,581,97,581,96,581,96,581,94,580,93,577,93,572,93,572,93,568,93,565,92,564,91,562,90,559,89,556,90,555,91,553,92,550,93,547,93,546,94,546,96,546,96,546,97,544,99,541,99,537,99,537,99,533,99,530,100,528,101,528,102,528,102,528,104,528,106,528,106,528,107,530,108,533,109,537,109,537,109,541,109,544,109,546,110,547,112,550,112,553,112,555,110,556,109,559,109,564,109,564,109,568,109,571,109,572,110,574,112,577,112,581,112,581,112,586,112,590,112,590,112,595,112,599,112,599,112,603,112,608,112,608,112,612,112,615,112,617,110,617,109,617,109,617,107,615,106,612,106
603,122,599,122,599,122,595,122,592,122,590,123,589,124,586,125,583,126,581,127,581,128,577,128,572,128,572,128,568,128,564,128,564,128,559,128,556,129,555,130,555,131,555,131,555,133,556,134,559,135,564,135,564,135,568,135,571,134,572,133,574,132,577,131,580,131,581,130,581,128,586,128,590,128,590,128,595,128,598,128,599,127,600,126,603,125,606,124,608,123,606,122,603,122
568,83,565,83,564,85,565,86,568,86,571,86,572,85,571,83,568,83
541,232,537,232,537,232,533,232,528,232,528,232,524,232,521,232,519,234,518,235,515,235,510,235,510,235,506,235,502,235,502,235,497,235,493,235,493,235,488,235,484,235,484,235,479,235,476,236,475,237,476,238,479,238,484,238,484,238,488,238,493,238,493,238,497,238,502,238,502,238,506,238,509,239,510,240,512,241,515,242,519,242,519,242,524,242,527,241,528,240,530,239,533,238,536,238,537,237,538,236,541,235,544,235,546,234,544,232,541,232
533,131,530,132,528,133,530,134,533,135,536,134,537,133,536,132,533,131
515,21,510,21,510,21,506,21,502,21,502,21,497,21,494,22,493,23,493,25,493,25,493,26,494,27,497,28,500,28,502,29,503,31,506,31,509,31,510,29,510,28,510,28,510,26,512,25,515,25,518,24,519,23,518,22,515,21
515,93,510,93,510,93,506,93,503,92,502,91,500,90,497,89,494,89,493,88,493,86,493,86,493,85,491,83,488,83,485,82,484,81,484,80,488,80,491,79,493,78,491,77,488,76,485,77,484,78,484,80,479,80,476,80,475,81,474,82,471,83,468,83,466,85,465,86,462,86,457,86,457,86,453,86,448,86,448,86,444,86,441,87,440,88,441,89,444,89,447,90,448,91,448,93,448,93,448,94,450,95,453,96,456,96,457,97,457,99,457,99,457,101,457,102,457,102,457,104,457,106,457,106,457,107,459,108,462,109,465,109,466,110,468,112,471,112,475,112,475,112,479,112,482,113,484,114,485,115,488,115,493,115,493,115,497,115,502,115,502,117,503,118,506,119,510,119,510,119,515,119,518,118,519,117,518,116,515,115,510,115,510,115,506,115,502,115,502,114,502,112,502,112,502,110,502,109,502,109,502,107,502,106,502,106,502,104,503,103,506,102,509,102,510,101,512,100,515,99,518,99,519,97,519,96,519,96,519,94,518,93,515,93
444,38,441,38,440,39,440,41,435,41,432,41,431,42,432,43,435,44,438,43,440,42,440,41,444,41,447,40,448,39,447,38,444,38
444,67,441,67,440,68,441,69,444,70,447,69,448,68,447,67,444,67
444,455,440,455,440,455,435,455,432,455,431,454,431,452,431,452,431,451,429,449,426,449,422,449,422,449,417,449,413,449,413,449,409,449,406,448,404,447,403,446,400,446,395,446,395,446,391,446,386,446,386,446,382,446,379,445,378,444,376,443,373,442,370,442,369,441,367,440,364,439,361,439,360,438,360,436,360,436,360,434,358,433,355,433,351,433,351,433,347,433,342,433,342,433,338,433,335,432,333,431,332,430,329,430,326,429,324,428,324,426,324,426,324,425,323,424,320,423,316,423,316,423,311,423,308,422,307,421,305,420,302,420,298,420,298,420,293,420,289,420,289,420,285,420,280,420,280,420,276,420,273,419,271,418,270,417,267,417,264,416,262,415,261,414,258,413,255,413,254,412,254,410,254,410,254,408,252,407,249,407,245,407,245,407,240,407,236,407,236,407,231,407,227,407,227,407,223,407,220,406,218,405,217,404,214,404,209,404,209,404,205,404,200,404,200,404,196,404,192,404,192,404,187,404,184,404,183,405,184,406,187,407,190,407,192,408,193,410,196,410,200,410,200,410,205,410,208,411,209,412,209,413,209,413,209,415,208,416,205,417,202,417,200,418,202,419,205,420,209,420,209,420,214,420,217,420,218,421,220,422,223,423,226,424,227,425,228,426,231,426,236,426,236,426,240,426,243,426,245,425,246,424,249,423,254,423,254,423,258,423,262,423,262,423,267,423,270,424,271,425,271,426,271,426,271,428,273,429,276,430,280,430,280,430,285,430,288,430,289,431,290,432,293,433,298,433,298,433,302,433,307,433,307,433,311,433,314,433,316,434,316,436,316,436,316,438,317,439,320,439,324,439,324,439,329,439,333,439,333,439,338,439,341,440,342,441,342,442,342,442,342,444,341,445,338,446,333,446,333,446,329,446,326,446,324,447,326,448,329,449,333,449,333,449,338,449,341,449,342,451,344,452,347,452,351,452,351,452,355,452,360,452,360,452,364,452,369,452,369,452,373,452,378,452,378,452,382,452,386,452,386,452,391,452,395,452,395,452,400,452,404,452,404,452,409,452,412,453,413,454,413,455,413,455,413,457,413,459,413,459,413,460,414,461,417,462,422,462,422,462,426,462,431,462,431,462,435,462,438,461,440,460,441,459,444,459,447,458,448,457,447,456,444,455
435,57,432,58,431,59,432,60,435,60,438,60,440,59,438,58,435,57
435,96,432,95,431,94,431,93,431,93,431,91,431,89,431,89,431,88,431,86,431,86,431,85,431,83,431,83,431,81,431,80,431,80,431,78,429,77,426,76,422,76,422,76,417,76,414,76,413,75,412,74,409,73,404,73,404,72,404,70,404,70,404,68,403,67,400,67,395,67,395,65,395,63,395,63,395,62,397,61,400,60,403,60,404,59,403,58,400,57,397,56,395,55,394,54,391,54,386,54,386,54,382,54,379,54,378,55,379,56,382,57,385,58,386,59,386,60,386,60,386,62,386,63,386,63,386,65,388,66,391,67,395,67,395,68,395,70,395,70,395,72,397,73,400,73,404,73,404,75,404,76,404,76,404,78,406,79,409,80,412,80,413,81,414,82,417,83,420,83,422,85,420,86,417,86,414,87,413,88,412,89,409,89,404,89,404,89,400,89,395,89,395,89,391,89,388,89,386,88,385,87,382,86,379,86,378,85,376,83,373,83,370,82,369,81,369,80,369,80,369,78,369,76,369,76,369,75,367,74,364,73,361,73,360,72,358,70,355,70,352,69,351,68,351,67,351,67,351,65,351,63,351,63,351,62,351,60,351,60,351,59,351,57,351,57,351,55,351,54,351,54,351,52,350,51,347,50,342,50,342,50,338,50,335,50,333,49,333,47,333,47,333,46,333,44,338,44,341,43,342,42,342,41,342,41,342,39,341,38,338,38,335,38,333,39,333,41,333,41,333,42,333,44,329,44,326,45,324,46,324,47,324,47,324,49,323,50,320,50,317,50,316,49,314,48,311,47,308,47,307,46,307,44,307,44,307,42,305,41,302,41,299,40,298,39,298,38,298,38,298,36,298,34,298,34,298,33,296,32,293,31,289,31,289,31,285,31,280,31,280,29,279,28,276,28,273,27,271,26,271,25,271,25,271,23,270,22,267,21,264,22,262,23,261,24,258,25,255,25,254,26,254,28,254,28,254,29,255,31,258,31,262,31,262,31,267,31,271,31,271,31,276,31,280,31,280,33,282,34,285,34,288,35,289,36,288,37,285,38,282,38,280,39,280,41,280,41,280,42,282,43,285,44,288,45,289,46,290,47,293,47,296,48,298,49,298,50,298,50,298,52,298,54,298,54,298,55,298,57,298,57,298,59,299,60,302,60,305,61,307,62,308,63,311,63,316,63,316,63,320,63,323,64,324,65,323,66,320,67,316,67,316,67,311,67,308,67,307,68,307,70,307,70,307,72,307,73,307,73,307,75,308,76,311,76,316,76,316,76,320,76,323,76,324,75,326,74,329,73,332,74,333,75,335,76,338,76,341,77,342,78,344,79,347,80,350,80,351,81,351,83,351,83,351,85,352,86,355,86,358,87,360,88,360,89,360,89,360,91,360,93,360,93,360,94,361,95,364,96,367,96,369,97,369,99,369,99,369,101,369,102,369,102,369,104,367,105,364,106,360,106,360,106,355,106,351,106,351,106,347,106,344,106,342,107,342,109,342,109,342,110,344,112,347,112,350,113,351,114,352,115,355,115,360,115,360,115,364,115,367,115,369,114,370,113,373,112,376,113,378,114,379,115,382,115,385,115,386,114,388,113,391,112,394,112,395,110,397,109,400,109,404,109,404,109,409,109,412,108,413,107,414,106,417,106,420,106,422,107,422,109,422,109,422,110,423,112,426,112,429,113,431,114,432,115,435,115,438,115,440,114,440,112,440,112,440,110,440,109,440,109,440,107,440,106,440,106,440,104,440,102,440,102,440,101,440,99,440,99,440,97,438,96,435,96
426,47,423,48,422,49,423,50,426,50,429,50,431,49,429,48,426,47
417,21,414,22,413,23,414,24,417,25,420,24,422,23,420,22,417,21
400,12,397,12,395,13,395,15,395,15,395,16,394,18,391,18,388,19,386,20,386,21,386,21,386,23,386,25,386,25,386,26,386,28,386,28,386,29,386,31,386,31,386,33,388,34,391,34,394,34,395,33,397,32,400,31,403,31,404,29,404,28,404,28,404,26,404,25,404,25,404,23,404,21,404,21,404,20,404,18,404,18,404,16,404,15,404,15,404,13,403,12,400,12
400,38,395,38,395,38,391,38,388,38,386,39,385,40,382,41,378,41,378,41,373,41,370,41,369,42,370,43,373,44,378,44,378,44,382,44,386,44,386,44,391,44,395,44,395,44,400,44,403,43,404,42,404,41,404,41,404,39,403,38,400,38
373,34,370,35,369,36,370,37,373,38,376,37,378,36,376,35,373,34
347,21,344,22,342,23,344,24,347,25,350,24,351,23,350,22,347,21
338,15,335,15,333,16,335,18,338,18,341,18,342,16,341,15,338,15
311,34,308,35,307,36,308,37,311,38,314,37,316,36,314,35,311,34
178,63,175,63,174,62,174,60,174,60,174,59,172,58,169,57,166,56,165,55,164,54,161,54,158,53,156,52,156,50,156,50,156,49,155,48,152,47,149,47,147,46,146,45,143,44,140,45,138,46,138,47,138,47,138,49,138,50,138,50,138,52,140,53,143,54,146,54,147,55,147,57,147,57,147,59,147,60,147,60,147,62,147,63,147,63,147,65,147,67,147,67,147,68,147,70,147,70,147,72,147,73,147,73,147,75,147,76,147,76,147,78,149,79,152,80,155,80,156,81,156,83,156,83,156,85,156,86,156,86,156,88,156,89,156,89,156,91,158,92,161,93,164,92,165,91,165,89,165,89,165,88,165,86,165,86,165,85,165,83,165,83,165,81,165,80,165,80,165,78,164,77,161,76,158,76,156,75,158,74,161,73,164,73,165,72,166,70,169,70,172,69,174,68,175,67,178,67,181,66,183,65,181,64,178,63
169,374,166,374,165,373,165,371,165,371,165,370,165,368,165,368,165,366,164,365,161,365,158,364,156,363,156,361,156,361,156,360,155,359,152,358,149,358,147,357,147,355,147,355,147,353,147,352,147,352,147,350,146,349,143,349,140,348,138,347,137,346,134,345,131,346,130,347,130,349,130,349,130,350,128,351,125,352,122,352,121,353,121,355,121,355,121,357,121,358,121,358,121,360,122,361,125,361,128,362,130,363,130,365,130,365,130,366,131,367,134,368,138,368,138,368,143,368,146,369,147,370,147,371,147,371,147,373,149,374,152,374,155,375,156,376,158,377,161,378,164,378,165,379,166,380,169,381,172,380,174,379,174,378,174,378,174,376,172,375,169,374
54,420,51,420,50,421,51,422,54,423,57,422,59,421,57,420,54,420
19,206,16,207,14,208,16,209,19,209,22,209,23,208,22,207,19,206
320,57,317,58,316,59,317,60,320,60,323,60,324,59,323,58,320,57
