10,225,13,226,14,227,13,228,10,229,10,349,10,470,519,470,521,469,524,468,528,468,528,468,533,468,536,469,537,470,584,470,630,470,630,240,630,10,320,10,10,10,10,225
621,112,618,113,617,114,615,115,612,115,609,116,608,117,606,118,603,119,600,119,599,120,599,122,595,122,592,122,590,123,589,124,586,125,583,126,581,127,580,128,577,128,574,129,572,130,572,131,572,131,572,133,572,135,568,135,564,135,564,133,564,131,564,131,564,130,562,129,559,128,556,129,555,130,553,131,550,131,547,132,546,133,546,135,546,135,546,136,547,137,550,138,553,137,555,136,556,135,559,135,564,135,564,136,565,137,568,138,571,137,572,136,572,135,577,135,580,134,581,133,583,132,586,131,590,131,590,131,595,131,599,131,599,131,603,131,606,131,608,130,608,128,612,128,615,128,617,127,617,125,621,125,624,124,626,123,624,122,621,122,617,122,617,120,618,119,621,119,624,118,626,117,626,115,626,115,626,114,624,113,621,112
586,106,583,106,581,107,583,108,586,109,589,108,590,107,589,106,586,106
559,109,556,109,555,110,553,111,550,112,547,113,546,114,547,115,550,115,555,115,555,115,559,115,562,115,564,114,564,112,564,112,564,110,562,109,559,109
524,57,521,58,519,59,521,60,524,60,527,60,528,59,527,58,524,57
515,115,510,115,510,114,510,112,510,112,510,110,510,109,510,109,510,107,509,106,506,106,503,105,502,104,502,102,502,102,502,101,500,100,497,99,494,100,493,101,493,102,493,102,493,104,493,106,493,106,493,107,493,109,493,109,493,110,491,111,488,112,485,113,484,114,485,115,488,115,493,115,493,115,497,115,502,115,502,115,506,115,510,115,510,117,512,118,515,119,518,118,519,117,518,116,515,115
515,238,510,238,510,238,506,238,503,239,502,240,502,242,502,242,502,243,503,244,506,245,510,245,510,245,515,245,518,244,519,243,519,242,519,242,519,240,518,239,515,238
488,18,485,18,484,16,482,15,479,15,476,15,475,16,475,18,475,18,475,20,476,21,479,21,484,21,484,21,488,21,491,21,493,20,491,19,488,18
444,93,441,93,440,94,440,96,435,96,432,96,431,97,431,99,431,99,431,101,431,102,431,102,431,104,431,106,431,106,431,107,431,109,431,109,431,110,432,112,435,112,438,112,440,110,440,109,440,109,440,107,440,106,440,106,440,104,440,102,440,102,440,101,440,99,440,99,440,97,440,96,444,96,447,95,448,94,447,93,444,93
426,63,423,64,422,65,422,67,422,67,422,68,422,70,422,70,422,72,422,73,417,73,414,74,413,75,414,76,417,76,420,76,422,75,422,73,426,73,429,73,431,72,431,70,431,70,431,68,431,67,431,67,431,65,429,64,426,63
426,80,422,80,422,80,417,80,414,80,413,81,413,83,413,83,413,85,414,86,417,86,422,86,422,88,422,89,422,89,422,91,423,92,426,93,429,92,431,91,431,89,431,89,431,88,429,87,426,86,422,86,422,85,423,83,426,83,429,82,431,81,429,80,426,80
426,452,423,452,422,451,420,449,417,449,413,449,413,449,409,449,404,449,404,449,400,449,395,449,395,449,391,449,386,449,386,449,382,449,378,449,378,449,373,449,369,449,369,449,364,449,361,448,360,447,358,446,355,446,352,445,351,444,350,443,347,442,344,442,342,441,341,440,338,439,333,439,333,439,329,439,326,439,324,438,323,437,320,436,316,436,316,436,311,436,308,435,307,434,305,433,302,433,298,433,298,433,293,433,290,432,289,431,288,430,285,430,280,430,280,430,276,430,273,429,271,428,270,427,267,426,264,426,262,425,261,424,258,423,254,423,254,423,249,423,246,422,245,421,243,420,240,420,237,419,236,418,236,417,236,417,236,415,234,414,231,413,227,413,227,413,223,413,218,413,218,413,214,413,209,413,209,413,205,413,202,413,200,412,199,411,196,410,193,410,192,408,193,407,196,407,199,406,200,405,199,404,196,404,192,404,192,404,187,404,183,404,183,404,178,404,175,404,174,405,174,407,174,407,174,408,175,410,178,410,181,411,183,412,184,413,187,413,190,414,192,415,192,417,192,417,192,418,192,420,192,420,192,421,193,422,196,423,200,423,200,423,205,423,208,424,209,425,211,426,214,426,218,426,218,426,223,426,227,426,227,426,231,426,236,426,236,426,240,426,243,427,245,428,245,430,245,430,245,431,245,433,245,433,245,434,246,435,249,436,254,436,254,436,258,436,262,436,262,436,267,436,271,436,271,436,276,436,279,437,280,438,282,439,285,439,288,440,289,441,290,442,293,442,298,442,298,442,302,442,305,443,307,444,308,445,311,446,314,446,316,447,317,448,320,449,323,449,324,451,326,452,329,452,333,452,333,452,338,452,342,452,342,452,347,452,350,453,351,454,352,455,355,455,360,455,360,455,364,455,369,455,369,455,373,455,378,455,378,455,382,455,386,455,386,455,391,455,395,455,395,455,400,455,403,456,404,457,404,459,404,459,404,460,403,461,400,462,397,462,395,464,397,465,400,465,404,465,404,465,409,465,412,465,413,464,414,462,417,462,420,461,422,460,422,459,422,459,422,457,423,456,426,455,429,455,431,454,429,453,426,452
417,99,414,100,413,101,413,102,409,102,406,103,404,104,404,106,400,106,397,106,395,107,395,109,391,109,388,109,386,110,386,112,382,112,379,113,378,114,379,115,382,115,386,115,386,117,386,119,386,119,386,120,386,122,382,122,379,122,378,123,379,124,382,125,386,125,386,127,388,128,391,128,394,129,395,130,395,131,395,131,395,133,397,134,400,135,403,134,404,133,406,132,409,131,412,131,413,130,412,129,409,128,406,128,404,127,403,126,400,125,395,125,395,125,391,125,386,125,386,123,386,122,391,122,394,121,395,120,395,119,395,119,395,117,394,116,391,115,386,115,386,114,386,112,391,112,394,112,395,110,395,109,400,109,403,108,404,107,404,106,409,106,412,105,413,104,413,102,417,102,420,102,422,101,420,100,417,99
400,73,397,74,395,75,397,76,400,76,403,76,404,75,403,74,400,73
373,141,370,142,369,143,370,144,373,144,376,144,378,143,376,142,373,141
355,54,352,54,351,55,352,56,355,57,358,56,360,55,358,54,355,54
338,21,335,22,333,23,333,25,333,25,333,26,333,28,333,28,333,29,333,31,333,31,333,33,335,34,338,34,341,34,342,33,342,31,342,31,342,29,342,28,342,28,342,26,342,25,342,25,342,23,341,22,338,21
329,70,324,70,324,70,320,70,317,70,316,72,317,73,320,73,324,73,324,73,329,73,332,73,333,72,332,70,329,70
311,125,308,126,307,127,307,128,307,128,307,130,308,131,311,131,314,131,316,130,316,128,316,128,316,127,314,126,311,125
293,44,289,44,289,44,285,44,282,45,280,46,280,47,280,47,280,49,282,50,285,50,288,50,289,49,290,48,293,47,296,47,298,46,296,45,293,44
267,34,262,34,262,34,258,34,255,35,254,36,254,38,254,38,254,39,255,40,258,41,261,40,262,39,264,38,267,38,270,37,271,36,270,35,267,34
267,109,262,109,262,109,258,109,254,109,254,109,249,109,246,108,245,107,243,106,240,106,237,105,236,104,236,102,236,102,236,101,236,99,236,99,236,97,234,96,231,96,227,96,227,96,223,96,218,96,218,96,214,96,211,96,209,97,209,99,209,99,209,101,211,102,214,102,217,103,218,104,220,105,223,106,226,106,227,107,228,108,231,109,234,109,236,110,236,112,236,112,236,114,236,115,236,115,236,117,237,118,240,119,245,119,245,119,249,119,252,119,254,120,255,121,258,122,261,121,262,120,264,119,267,119,270,118,271,117,271,115,271,115,271,114,271,112,271,112,271,110,270,109,267,109
196,96,193,96,192,97,193,99,196,99,199,99,200,97,199,96,196,96
196,391,192,391,192,391,187,391,183,391,183,391,178,391,175,391,174,392,175,393,178,394,181,394,183,395,184,397,187,397,192,397,192,397,196,397,199,397,200,395,200,394,200,394,200,392,199,391,196,391
178,99,175,100,174,101,175,102,178,102,181,102,183,101,181,100,178,99
178,381,175,380,174,379,174,378,174,378,174,376,172,375,169,374,166,374,165,373,165,371,165,371,165,370,164,368,161,368,158,367,156,366,155,365,152,365,149,364,147,363,146,362,143,361,138,361,138,360,140,359,143,358,146,358,147,357,146,356,143,355,138,355,138,355,134,355,131,356,130,357,130,358,130,358,130,360,131,361,134,361,138,361,138,363,138,365,138,365,138,366,140,367,143,368,146,369,147,370,147,371,147,371,147,373,146,374,143,374,140,375,138,376,140,377,143,378,146,378,147,379,147,381,147,381,147,383,149,384,152,384,156,384,156,384,161,384,165,384,165,384,169,384,174,384,174,384,178,384,181,384,183,383,181,381,178,381
152,112,149,111,147,110,147,109,147,109,147,107,147,106,147,106,147,104,147,102,147,102,147,101,147,99,147,99,147,97,147,96,147,96,147,94,147,93,147,93,147,91,147,89,147,89,147,88,147,86,147,86,147,85,147,83,147,83,147,81,147,80,147,80,147,78,147,76,147,76,147,75,147,73,147,73,147,72,147,70,147,70,147,68,146,67,143,67,140,67,138,68,138,70,138,70,138,72,138,73,138,73,138,75,137,76,134,76,131,77,130,78,130,80,130,80,130,81,130,83,130,83,130,85,130,86,130,86,130,88,130,89,130,89,130,91,130,93,130,93,130,94,130,96,130,96,130,97,130,99,130,99,130,101,130,102,130,102,130,104,131,105,134,106,137,106,138,107,138,109,138,109,138,110,138,112,138,112,138,114,138,115,138,115,138,117,138,119,138,119,138,120,140,121,143,122,146,122,147,123,147,125,147,125,147,127,149,128,152,128,155,128,156,127,156,125,156,125,156,123,156,122,156,122,156,120,156,119,156,119,156,117,156,115,156,115,156,114,155,113,152,112
45,238,41,238,41,237,40,236,37,235,32,235,32,234,31,232,28,232,25,232,23,234,25,235,28,235,32,235,32,237,34,238,37,238,41,238,41,240,42,241,45,242,48,241,50,240,48,239,45,238
612,122,608,122,608,122,603,122,599,122,599,123,599,125,599,125,599,127,600,128,603,128,608,128,608,127,609,126,612,125,617,125,617,123,617,122,612,122
