528,10,527,11,524,12,521,11,519,10,475,10,475,12,475,12,475,13,474,14,471,15,468,14,466,13,466,12,466,12,466,10,238,10,10,10,10,190,13,190,14,191,16,192,19,193,23,193,23,193,28,193,31,192,32,191,34,190,37,190,40,190,41,191,42,192,45,193,48,194,50,195,50,196,50,196,50,198,51,199,54,200,57,200,59,201,59,203,59,203,59,204,60,205,63,206,68,206,68,206,72,206,75,207,76,208,78,209,81,209,84,210,85,211,87,212,90,212,93,213,94,214,93,215,90,216,87,216,85,217,84,218,81,219,78,218,76,217,75,216,72,216,69,215,68,214,66,213,63,212,60,212,59,211,57,210,54,209,51,210,50,211,48,212,45,212,42,213,41,214,41,216,41,216,41,217,40,218,37,219,34,218,32,217,32,216,32,216,32,214,31,213,28,212,23,212,23,214,23,216,23,216,23,217,23,219,23,219,23,221,23,222,23,222,23,224,23,225,23,225,23,227,23,229,23,229,23,230,25,231,28,232,31,232,32,234,32,235,32,235,32,237,31,238,28,238,25,239,23,240,22,241,19,242,16,241,14,240,14,238,14,238,14,237,13,236,10,235,10,313,13,313,14,315,14,316,14,316,14,318,14,319,14,319,14,321,16,322,19,323,22,323,23,324,23,326,23,326,23,327,23,329,23,329,23,331,22,332,19,332,14,332,14,332,10,332,10,401,10,470,94,470,96,469,99,468,102,469,103,470,112,470,113,469,116,468,119,469,121,470,165,470,165,468,165,468,165,467,166,466,169,465,172,466,174,467,175,468,178,468,181,469,183,470,406,470,630,470,630,141,627,142,626,143,626,144,626,144,626,146,624,147,621,148,618,148,617,149,615,150,612,151,609,151,608,153,608,154,608,154,608,156,606,157,603,157,600,158,599,159,598,160,595,161,590,161,590,161,586,161,583,160,581,159,581,157,581,157,581,156,581,154,581,154,581,153,581,151,581,151,581,149,580,148,577,148,574,147,572,146,574,145,577,144,580,144,581,143,583,142,586,141,589,141,590,140,592,138,595,138,598,138,599,140,600,141,603,141,606,141,608,140,609,138,612,138,615,137,617,136,618,135,621,135,626,135,626,135,630,135,630,72,630,10,528,10
621,112,618,113,617,114,617,115,612,115,608,115,608,115,603,115,599,115,599,115,595,115,592,116,590,117,589,118,586,119,581,119,581,119,577,119,572,119,572,119,568,119,564,119,564,119,559,119,555,119,555,117,553,116,550,115,547,116,546,117,547,118,550,119,555,119,555,120,553,121,550,122,546,122,546,122,541,122,538,122,537,123,537,125,537,125,537,127,537,128,537,128,537,130,537,131,537,131,537,133,537,135,537,135,537,136,536,137,533,138,530,138,528,140,530,141,533,141,536,142,537,143,538,144,541,144,546,144,546,144,550,144,553,144,555,143,555,141,555,141,555,140,555,138,555,138,555,136,556,135,559,135,562,135,564,136,565,137,568,138,572,138,572,138,577,138,580,137,581,136,583,135,586,135,589,134,590,133,590,131,590,131,590,130,590,128,590,128,590,127,592,126,595,125,598,126,599,127,600,128,603,128,606,128,608,127,608,125,608,125,608,123,608,122,608,122,608,120,609,119,612,119,615,118,617,117,617,115,621,115,624,115,626,114,624,113,621,112
577,316,572,316,572,315,572,313,572,313,572,311,572,310,572,310,572,308,571,307,568,306,565,307,564,308,564,310,564,310,564,311,564,313,564,313,564,315,565,316,568,316,572,316,572,318,572,319,572,319,572,321,572,323,572,323,572,324,572,326,572,326,572,327,572,329,572,329,572,331,574,332,577,332,580,332,581,331,581,329,581,329,581,327,581,326,581,326,581,324,581,323,581,323,581,321,581,319,581,319,581,318,580,317,577,316
568,161,565,160,564,159,564,157,564,157,564,156,562,155,559,154,556,155,555,156,553,157,550,157,546,157,546,157,541,157,538,157,537,156,537,154,537,154,537,153,536,151,533,151,530,151,528,153,527,154,524,154,521,154,519,153,518,151,515,151,512,151,510,153,510,154,510,154,510,156,510,157,510,157,510,159,510,161,510,161,510,162,510,164,510,164,510,165,512,167,515,167,518,167,519,165,519,164,519,164,519,162,521,161,524,161,528,161,528,161,533,161,536,161,537,162,538,163,541,164,544,164,546,165,546,167,546,167,546,169,547,170,550,170,555,170,555,170,559,170,562,170,564,169,564,167,564,167,564,165,565,164,568,164,571,163,572,162,571,161,568,161
533,430,528,430,528,430,524,430,521,430,519,431,519,433,519,433,519,434,518,435,515,436,512,437,510,438,510,439,510,439,510,441,512,442,515,442,518,443,519,444,519,446,519,446,519,447,521,448,524,449,527,448,528,447,530,446,533,446,536,445,537,444,537,442,537,442,537,441,537,439,537,439,537,438,537,436,537,436,537,434,537,433,537,433,537,431,536,430,533,430
382,271,379,271,378,272,376,273,373,274,370,275,369,276,367,277,364,277,361,278,360,279,360,280,360,280,360,282,361,283,364,284,369,284,369,284,373,284,376,283,378,282,379,281,382,280,385,280,386,279,386,277,386,277,386,276,386,274,386,274,386,272,385,271,382,271
302,93,299,93,298,94,298,96,293,96,290,96,289,97,290,99,293,99,296,99,298,97,298,96,302,96,305,95,307,94,305,93,302,93
169,381,165,381,165,381,161,381,158,380,156,379,155,378,152,378,147,378,147,378,143,378,138,378,138,378,134,378,131,377,130,376,128,375,125,374,122,374,121,373,119,372,116,371,113,371,112,370,110,368,107,368,103,368,103,368,99,368,96,367,94,366,93,365,90,365,87,364,85,363,84,362,81,361,78,361,76,360,75,359,72,358,69,358,68,357,66,356,63,355,59,355,59,355,54,355,51,354,50,353,48,352,45,352,42,352,41,353,41,355,41,355,41,357,41,358,41,358,41,360,42,361,45,361,48,362,50,363,51,364,54,365,57,365,59,366,59,368,59,368,59,370,60,371,63,371,66,372,68,373,69,374,72,374,76,374,76,374,81,374,84,375,85,376,87,377,90,378,94,378,94,378,99,378,102,378,103,379,104,380,107,381,112,381,112,381,116,381,119,381,121,383,122,384,125,384,130,384,130,384,134,384,138,384,138,384,143,384,146,385,147,386,149,387,152,387,156,387,156,387,161,387,164,387,165,386,166,385,169,384,172,384,174,383,172,381,169,381
54,423,51,424,50,425,51,426,54,426,57,426,59,425,57,424,54,423
28,339,25,339,23,340,25,342,28,342,31,342,32,340,31,339,28,339
568,122,565,122,564,123,565,124,568,125,571,124,572,123,571,122,568,122
550,125,547,126,546,127,547,128,550,128,553,128,555,127,553,126,550,125
19,196,16,197,14,198,16,199,19,200,22,199,23,198,22,197,19,196
19,206,16,207,14,208,14,209,14,209,14,211,16,212,19,212,23,212,23,211,23,209,23,209,23,208,22,207,19,206
