10,222,13,223,14,224,14,225,14,225,14,227,13,228,10,229,10,349,10,470,320,470,630,470,630,240,630,10,320,10,10,10,10,222
621,109,617,109,617,109,612,109,609,108,608,107,606,106,603,106,599,106,599,106,595,106,590,106,590,106,586,106,583,105,581,104,580,103,577,102,572,102,572,102,568,102,565,103,564,104,564,106,564,106,564,107,564,109,559,109,555,109,555,109,550,109,547,109,546,110,546,112,546,112,546,114,547,115,550,115,555,115,555,115,559,115,562,115,564,114,564,112,564,112,564,110,564,109,568,109,571,109,572,110,574,112,577,112,581,112,581,112,586,112,590,112,590,112,595,112,599,112,599,112,603,112,608,112,608,112,612,112,617,112,617,112,621,112,624,112,626,110,624,109,621,109
621,115,617,115,617,115,612,115,609,116,608,117,606,118,603,119,600,119,599,120,598,121,595,122,592,122,590,123,589,124,586,125,583,126,581,127,581,128,577,128,574,129,572,130,574,131,577,131,580,131,581,130,581,128,586,128,590,128,590,128,595,128,599,128,599,128,603,128,606,128,608,127,609,126,612,125,615,124,617,123,617,122,617,122,617,120,618,119,621,119,624,118,626,117,624,116,621,115
515,115,510,115,510,114,510,112,510,112,510,110,510,109,510,109,510,107,510,106,510,106,510,104,510,102,510,102,510,101,509,100,506,99,503,99,502,97,500,96,497,96,493,96,493,96,488,96,485,95,484,94,482,93,479,93,476,92,475,91,475,89,479,89,482,89,484,88,484,86,484,86,484,85,482,83,479,83,476,83,475,85,475,86,475,86,475,88,475,89,471,89,468,90,466,91,465,92,462,93,457,93,457,93,453,93,450,93,448,94,450,95,453,96,456,96,457,97,457,99,457,99,457,101,457,102,457,102,457,104,457,106,457,106,457,107,459,108,462,109,465,109,466,110,468,112,471,112,475,112,475,112,479,112,482,113,484,114,485,115,488,115,493,115,493,115,497,115,502,115,502,115,506,115,510,115,510,117,512,118,515,119,518,118,519,117,518,116,515,115
515,238,512,238,510,237,509,236,506,235,503,236,502,237,502,238,502,238,502,240,503,241,506,242,510,242,510,242,515,242,518,241,519,240,518,239,515,238
497,21,493,21,493,20,491,19,488,18,485,19,484,20,485,21,488,21,493,21,493,23,494,24,497,25,500,24,502,23,500,22,497,21
444,109,441,108,440,107,440,106,440,106,440,104,440,102,440,102,440,101,440,99,440,99,440,97,438,96,435,96,432,95,431,94,431,93,431,93,431,91,431,89,431,89,431,88,429,87,426,86,423,87,422,88,422,89,422,89,422,91,422,93,422,93,422,94,420,95,417,96,414,96,413,97,412,99,409,99,404,99,404,99,400,99,395,99,395,99,391,99,388,99,386,97,385,96,382,96,379,96,378,97,378,99,378,99,378,101,378,102,378,102,378,104,378,106,378,106,378,107,378,109,378,109,378,110,378,112,378,112,378,114,379,115,382,115,386,115,386,117,386,119,386,119,386,120,386,122,382,122,379,122,378,123,379,124,382,125,385,124,386,123,386,122,391,122,394,121,395,120,395,119,395,119,395,117,394,116,391,115,386,115,386,114,388,113,391,112,394,112,395,110,397,109,400,109,404,109,404,109,409,109,412,108,413,107,413,106,413,106,413,104,414,103,417,102,420,103,422,104,422,106,422,106,422,107,422,109,422,109,422,110,423,112,426,112,431,112,431,112,435,112,438,113,440,114,441,115,444,115,447,115,448,114,448,112,448,112,448,110,447,109,444,109
444,119,441,119,440,120,441,121,444,122,447,121,448,120,447,119,444,119
435,57,432,58,431,59,432,60,435,60,438,60,440,59,438,58,435,57
435,452,432,452,431,451,429,449,426,449,422,449,422,449,417,449,413,449,413,449,409,449,404,449,404,449,400,449,395,449,395,449,391,449,386,449,386,449,382,449,379,448,378,447,376,446,373,446,370,445,369,444,367,443,364,442,360,442,360,442,355,442,352,442,351,441,350,440,347,439,344,439,342,438,341,437,338,436,335,435,333,434,332,433,329,433,326,432,324,431,323,430,320,430,316,430,316,430,311,430,307,430,307,430,302,430,298,430,298,430,293,430,290,429,289,428,289,426,289,426,289,425,288,424,285,423,280,423,280,423,276,423,273,422,271,421,270,420,267,420,264,419,262,418,261,417,258,417,254,417,254,417,249,417,245,417,245,417,240,417,237,416,236,415,236,413,236,413,236,412,236,410,236,410,236,408,234,407,231,407,227,407,227,407,223,407,220,407,218,408,217,410,214,410,211,410,209,408,209,407,209,407,209,405,208,404,205,404,200,404,200,404,196,404,192,404,192,404,187,404,183,404,183,404,178,404,175,404,174,405,175,406,178,407,181,407,183,408,184,410,187,410,190,411,192,412,192,413,192,413,192,415,192,417,192,417,192,418,193,419,196,420,199,420,200,421,202,422,205,423,208,424,209,425,211,426,214,426,217,427,218,428,220,429,223,430,226,429,227,428,228,427,231,426,236,426,236,426,240,426,243,427,245,428,246,429,249,430,252,430,254,431,254,433,254,433,254,434,255,435,258,436,262,436,262,436,267,436,271,436,271,436,276,436,280,436,280,436,285,436,289,436,289,436,293,436,296,437,298,438,299,439,302,439,307,439,307,439,311,439,314,440,316,441,316,442,316,442,316,444,316,446,316,446,316,447,317,448,320,449,324,449,324,449,329,449,332,449,333,451,335,452,338,452,342,452,342,452,347,452,351,452,351,452,355,452,360,452,360,452,364,452,369,452,369,452,373,452,378,452,378,452,382,452,386,452,386,452,391,452,395,452,395,452,400,452,403,453,404,454,406,455,409,455,412,456,413,457,413,459,413,459,413,460,413,462,409,462,406,462,404,464,406,465,409,465,412,465,413,464,413,462,417,462,422,462,422,462,426,462,429,461,431,460,432,459,435,459,438,458,440,457,440,455,440,455,440,454,438,453,435,452
426,63,423,64,422,65,422,67,422,67,422,68,423,69,426,70,429,69,431,68,431,67,431,67,431,65,429,64,426,63
426,80,423,79,422,78,420,77,417,76,413,76,413,75,412,74,409,73,406,73,404,72,404,70,404,70,404,68,403,67,400,67,397,67,395,68,395,70,395,70,395,72,395,73,395,73,395,75,397,76,400,76,404,76,404,76,409,76,413,76,413,78,413,80,413,80,413,81,414,82,417,83,422,83,422,83,426,83,429,82,431,81,429,80,426,80
391,54,388,54,386,55,388,56,391,57,394,56,395,55,394,54,391,54
364,54,361,54,360,55,361,56,364,57,367,56,369,55,367,54,364,54
364,106,360,106,360,106,355,106,352,106,351,107,351,109,351,109,351,110,351,112,351,112,351,114,352,115,355,115,360,115,360,115,364,115,367,115,369,114,369,112,369,112,369,110,369,109,369,109,369,107,367,106,364,106
355,73,352,73,351,72,350,70,347,70,342,70,342,70,338,70,335,69,333,68,332,67,329,67,324,67,324,67,320,67,317,67,316,68,316,70,316,70,316,72,317,73,320,73,324,73,324,73,329,73,333,73,333,73,338,73,341,74,342,75,344,76,347,76,350,77,351,78,352,79,355,80,358,79,360,78,360,76,360,76,360,75,358,74,355,73
338,21,335,22,333,23,333,25,333,25,333,26,335,27,338,28,341,27,342,26,342,25,342,25,342,23,341,22,338,21
329,60,326,61,324,62,326,63,329,63,332,63,333,62,332,61,329,60
302,31,299,32,298,33,299,34,302,34,305,34,307,33,305,32,302,31
293,41,289,41,289,41,285,41,282,41,280,42,280,44,280,44,280,46,280,47,280,47,280,49,282,50,285,50,289,50,289,50,293,50,296,50,298,49,298,47,298,47,298,46,298,44,298,44,298,42,296,41,293,41
285,31,282,32,280,33,282,34,285,34,288,34,289,33,288,32,285,31
267,28,264,28,262,29,264,31,267,31,270,31,271,29,270,28,267,28
267,34,264,35,262,36,264,37,267,38,270,37,271,36,270,35,267,34
196,391,192,391,192,391,187,391,184,391,183,392,183,394,183,394,183,395,184,397,187,397,192,397,192,397,196,397,199,397,200,395,200,394,200,394,200,392,199,391,196,391
178,374,175,374,174,373,172,372,169,371,166,371,165,370,165,368,165,368,165,366,164,365,161,365,158,364,156,363,155,362,152,361,147,361,147,361,143,361,140,361,138,360,138,358,138,358,138,357,137,356,134,355,131,356,130,357,130,358,130,358,130,360,130,361,130,361,130,363,131,364,134,365,137,365,138,366,140,367,143,368,146,369,147,370,147,371,147,371,147,373,146,374,143,374,140,375,138,376,140,377,143,378,146,378,147,379,147,381,147,381,147,383,149,384,152,384,156,384,156,384,161,384,165,384,165,384,169,384,174,384,174,384,178,384,181,384,183,383,183,381,183,381,183,379,183,378,183,378,183,376,181,375,178,374
161,25,158,25,156,26,158,27,161,28,164,27,165,26,164,25,161,25
152,67,147,67,147,67,143,67,140,67,138,68,138,70,138,70,138,72,138,73,138,73,138,75,138,76,138,76,138,78,138,80,138,80,138,81,138,83,138,83,138,85,138,86,138,86,138,88,138,89,138,89,138,91,138,93,138,93,138,94,138,96,138,96,138,97,138,99,138,99,138,101,140,102,143,102,146,102,147,101,147,99,147,99,147,97,147,96,147,96,147,94,147,93,147,93,147,91,147,89,147,89,147,88,147,86,147,86,147,85,147,83,147,83,147,81,147,80,147,80,147,78,149,77,152,76,155,76,156,75,156,73,156,73,156,72,156,70,156,70,156,68,155,67,152,67
54,420,51,420,50,421,51,422,54,423,57,422,59,421,57,420,54,420
45,235,42,235,41,234,40,232,37,232,34,231,32,230,31,229,28,229,25,229,23,230,23,232,23,232,23,234,25,235,28,235,31,236,32,237,34,238,37,238,40,239,41,240,42,241,45,242,48,241,50,240,50,238,50,238,50,237,48,236,45,235
