475,10,474,11,471,12,468,11,466,10,238,10,10,10,10,238,13,239,14,240,14,242,19,242,22,242,23,243,23,245,28,245,31,245,32,246,31,248,28,248,25,248,23,246,23,245,19,245,16,244,14,243,14,242,10,242,10,356,10,470,68,470,69,469,72,468,75,469,76,470,353,470,630,470,630,271,627,270,626,269,626,268,621,268,618,267,617,266,618,265,621,264,624,265,626,266,626,268,630,268,630,248,627,248,626,246,626,245,626,245,626,243,626,242,626,242,626,240,627,239,630,238,630,124,630,10,475,10
612,115,609,116,608,117,609,118,612,119,615,118,617,117,615,116,612,115
603,258,599,258,599,256,598,255,595,255,592,255,590,256,592,257,595,258,599,258,599,259,600,261,603,261,606,261,608,259,606,258,603,258
603,349,600,348,599,347,598,346,595,345,590,345,590,345,586,345,583,346,581,347,580,348,577,349,574,349,572,350,574,351,577,352,581,352,581,352,586,352,590,352,590,352,595,352,599,352,599,352,603,352,606,351,608,350,606,349,603,349
586,125,583,126,581,127,581,128,581,128,581,130,583,131,586,131,589,131,590,130,590,128,590,128,590,127,589,126,586,125
568,122,565,122,564,123,564,125,564,125,564,127,564,128,564,128,564,130,564,131,564,131,564,133,565,134,568,135,571,134,572,133,572,131,572,131,572,130,572,128,572,128,572,127,572,125,572,125,572,123,571,122,568,122
568,251,565,252,564,253,565,254,568,255,571,254,572,253,571,252,568,251
550,34,547,34,546,33,544,32,541,31,538,31,537,29,536,28,533,28,528,28,528,28,524,28,521,28,519,29,519,31,519,31,519,33,521,34,524,34,527,35,528,36,528,38,528,38,528,39,528,41,528,41,528,42,530,43,533,44,536,43,537,42,538,41,541,41,546,41,546,41,550,41,553,40,555,39,555,38,555,38,555,36,553,35,550,34
533,128,530,129,528,130,528,131,528,131,528,133,530,134,533,135,536,134,537,133,537,131,537,131,537,130,536,129,533,128
524,144,521,145,519,146,519,148,519,148,519,149,521,150,524,151,527,150,528,149,528,148,528,148,528,146,527,145,524,144
524,154,521,155,519,156,519,157,519,157,519,159,521,160,524,161,527,160,528,159,528,157,528,157,528,156,527,155,524,154
515,18,512,19,510,20,512,21,515,21,518,21,519,20,518,19,515,18
515,138,512,138,510,140,512,141,515,141,518,141,519,140,518,138,515,138
462,99,457,99,457,97,457,96,457,96,457,94,456,93,453,93,450,92,448,91,447,90,444,89,441,90,440,91,440,93,440,93,440,94,440,96,440,96,440,97,440,99,440,99,440,101,440,102,440,102,440,104,440,106,440,106,440,107,441,108,444,109,447,108,448,107,448,106,448,106,448,104,448,102,448,102,448,101,450,100,453,99,457,99,457,101,457,102,457,102,457,104,457,106,457,106,457,107,457,109,457,109,457,110,457,112,457,112,457,114,457,115,457,115,457,117,457,119,457,119,457,120,457,122,457,122,457,123,457,125,457,125,457,127,459,128,462,128,465,128,466,127,466,125,466,125,466,123,466,122,466,122,466,120,466,119,466,119,466,117,466,115,466,115,466,114,466,112,466,112,466,110,466,109,466,109,466,107,466,106,466,106,466,104,466,102,466,102,466,101,465,100,462,99
426,70,423,70,422,72,423,73,426,73,429,73,431,72,429,70,426,70
417,102,414,103,413,104,413,106,413,106,413,107,414,108,417,109,420,108,422,107,422,106,422,106,422,104,420,103,417,102
364,83,360,83,360,81,358,80,355,80,351,80,351,78,351,76,351,76,351,75,351,73,351,73,351,72,351,70,351,70,351,68,350,67,347,67,344,67,342,68,342,70,342,70,342,72,342,73,342,73,342,75,342,76,342,76,342,78,344,79,347,80,351,80,351,81,352,82,355,83,360,83,360,85,361,86,364,86,367,86,369,85,367,83,364,83
355,465,351,465,351,465,347,465,344,466,342,467,344,468,347,468,351,468,351,468,355,468,358,468,360,467,358,466,355,465
347,455,342,455,342,455,338,455,333,455,333,454,332,453,329,452,326,452,324,451,323,449,320,449,316,449,316,449,311,449,308,448,307,447,305,446,302,446,299,445,298,444,296,443,293,442,290,442,289,441,288,440,285,439,282,439,280,438,279,437,276,436,273,435,271,434,270,433,267,433,264,432,262,431,261,430,258,430,255,429,254,428,252,427,249,426,245,426,245,426,240,426,236,426,236,426,231,426,228,426,227,425,226,424,223,423,218,423,218,423,214,423,211,422,209,421,208,420,205,420,202,419,200,418,199,417,196,417,193,416,192,415,190,414,187,413,184,414,183,415,183,417,183,417,183,418,184,419,187,420,190,420,192,421,193,422,196,423,199,424,200,425,202,426,205,426,208,427,209,428,211,429,214,430,217,430,218,431,220,432,223,433,226,433,227,434,228,435,231,436,236,436,236,436,240,436,243,437,245,438,246,439,249,439,252,440,254,441,255,442,258,442,262,442,262,442,267,442,270,443,271,444,273,445,276,446,279,446,280,447,282,448,285,449,288,449,289,451,290,452,293,452,298,452,298,452,302,452,305,453,307,454,308,455,311,455,316,455,316,455,320,455,324,455,324,455,329,455,333,455,333,457,335,458,338,459,342,459,342,459,347,459,350,458,351,457,350,456,347,455
276,161,273,160,271,159,270,158,267,157,264,157,262,156,262,154,262,154,262,153,261,151,258,151,255,150,254,149,252,148,249,148,245,148,245,148,240,148,236,148,236,148,231,148,228,148,227,149,226,150,223,151,220,151,218,153,218,154,218,154,218,156,218,157,218,157,218,159,218,161,218,161,218,162,220,163,223,164,227,164,227,164,231,164,234,163,236,162,237,161,240,161,243,161,245,162,246,163,249,164,254,164,254,164,258,164,262,164,262,164,267,164,271,164,271,164,276,164,279,163,280,162,279,161,276,161
214,391,211,391,209,392,208,393,205,394,202,393,200,392,199,391,196,391,192,391,192,389,190,388,187,387,183,387,183,386,183,384,183,384,183,383,183,381,183,381,183,379,181,378,178,378,175,377,174,376,172,375,169,374,166,374,165,373,164,372,161,371,158,371,156,370,155,368,152,368,149,368,147,370,147,371,147,371,147,373,149,374,152,374,155,375,156,376,158,377,161,378,164,378,165,379,165,381,161,381,158,381,156,383,158,384,161,384,165,384,165,386,166,387,169,387,174,387,174,387,178,387,183,387,183,389,184,390,187,391,192,391,192,392,192,394,192,394,192,395,193,397,196,397,199,398,200,399,202,400,205,400,208,400,209,399,211,398,214,397,217,397,218,395,218,394,218,394,218,392,217,391,214,391
205,125,202,124,200,123,199,122,196,122,193,121,192,120,192,119,192,119,192,117,190,116,187,115,184,115,183,114,183,112,183,112,183,110,183,109,183,109,183,107,183,106,183,106,183,104,181,103,178,102,175,103,174,104,172,105,169,106,166,106,165,107,165,109,165,109,165,110,165,112,165,112,165,114,164,115,161,115,158,115,156,114,155,113,152,112,149,111,147,110,147,109,147,109,147,107,147,106,147,106,147,104,147,102,147,102,147,101,147,99,147,99,147,97,147,96,152,96,155,95,156,94,158,93,161,93,164,92,165,91,164,90,161,89,156,89,156,89,152,89,149,90,147,91,147,93,147,93,147,94,147,96,143,96,140,96,138,97,138,99,138,99,138,101,138,102,138,102,138,104,138,106,138,106,138,107,138,109,138,109,138,110,138,112,138,112,138,114,138,115,138,115,138,117,138,119,138,119,138,120,138,122,138,122,138,123,138,125,138,125,138,127,138,128,138,128,138,130,138,131,138,131,138,133,138,135,138,135,138,136,138,138,138,138,138,140,140,141,143,141,146,141,147,140,149,139,152,138,155,137,156,136,156,135,156,135,156,133,156,131,156,131,156,130,155,129,152,128,149,128,147,127,147,125,147,125,147,123,149,122,152,122,155,121,156,120,158,119,161,119,164,119,165,120,165,122,165,122,165,123,165,125,165,125,165,127,165,128,165,128,165,130,165,131,165,131,165,133,165,135,165,135,165,136,165,138,165,138,165,140,165,141,161,141,158,142,156,143,158,144,161,144,164,144,165,143,165,141,169,141,172,141,174,140,175,139,178,138,181,139,183,140,183,141,183,141,183,143,184,144,187,144,190,144,192,143,193,142,196,141,199,141,200,140,202,139,205,138,208,137,209,136,209,135,209,135,209,133,209,131,209,131,209,130,209,128,209,128,209,127,208,126,205,125
152,361,149,362,147,363,149,364,152,365,155,364,156,363,155,362,152,361
54,261,50,261,50,259,48,258,45,258,42,258,41,259,42,261,45,261,50,261,50,263,51,264,54,264,57,264,59,263,57,262,54,261
37,251,34,252,32,253,34,254,37,255,40,254,41,253,40,252,37,251
169,381,165,381,165,383,165,384,169,384,172,384,174,383,172,381,169,381
