10,187,13,186,14,185,16,184,19,183,22,184,23,185,25,186,28,187,31,186,32,185,34,184,37,183,41,183,41,183,45,183,48,184,50,185,51,186,54,187,59,187,59,187,63,187,66,187,68,188,69,189,72,190,76,190,76,190,81,190,85,190,85,190,90,190,94,190,94,190,99,190,103,190,103,190,107,190,112,190,112,190,116,190,121,190,121,190,125,190,130,190,130,190,134,190,138,190,138,190,143,190,147,190,147,190,152,190,156,190,156,190,161,190,165,190,165,190,169,190,174,190,174,190,178,190,183,190,183,190,187,190,190,189,192,188,193,187,196,187,200,187,200,187,205,187,209,187,209,187,214,187,217,186,218,185,220,184,223,183,227,183,227,183,231,183,236,183,236,183,240,183,245,183,245,183,249,183,252,184,254,185,252,186,249,187,245,187,245,187,240,187,237,187,236,188,234,189,231,190,228,190,227,191,226,192,223,193,218,193,218,193,214,193,209,193,209,193,205,193,202,194,200,195,199,196,196,196,192,196,192,196,187,196,183,196,183,196,178,196,174,196,174,196,169,196,166,197,165,198,164,199,161,200,156,200,156,200,152,200,147,200,147,200,143,200,138,200,138,200,134,200,130,200,130,200,125,200,122,200,121,201,119,202,116,203,113,203,112,204,110,205,107,206,104,207,103,208,102,209,99,209,94,209,94,209,90,209,85,209,85,209,81,209,78,209,76,208,76,206,76,206,76,204,75,203,72,203,68,203,68,203,63,203,60,203,59,204,57,205,54,206,51,207,50,208,48,209,45,209,42,210,41,211,40,212,37,212,34,212,32,211,31,210,28,209,25,209,23,208,23,206,23,206,23,204,23,203,23,203,23,201,22,200,19,200,16,200,14,201,14,203,14,203,14,204,14,206,14,206,14,208,14,209,14,209,14,211,16,212,19,212,22,213,23,214,23,216,23,216,23,217,23,219,23,219,23,221,23,222,23,222,23,224,23,225,23,225,23,227,23,229,23,229,23,230,23,232,23,232,23,234,22,235,19,235,14,235,14,235,10,235,10,310,13,310,14,311,14,313,14,313,14,315,14,316,14,316,14,318,13,319,10,319,10,323,13,323,14,324,16,325,19,326,22,326,23,327,23,329,23,329,23,331,22,332,19,332,14,332,14,332,10,332,10,401,10,470,94,470,96,469,99,468,102,469,103,470,112,470,113,469,116,468,121,468,121,468,125,468,128,469,130,470,165,470,165,468,165,468,165,467,165,465,161,465,158,465,156,464,156,462,156,462,156,460,158,459,161,459,164,459,165,460,165,462,165,462,165,464,165,465,169,465,174,465,174,465,178,465,181,466,183,467,183,468,183,468,183,470,484,470,485,469,488,468,491,469,493,470,561,470,630,470,630,141,627,142,626,143,624,144,621,144,618,145,617,146,615,147,612,148,609,148,608,149,608,151,608,151,608,153,608,154,608,154,608,156,606,157,603,157,600,158,599,159,599,161,599,161,599,162,598,163,595,164,590,164,590,164,586,164,583,164,581,165,580,167,577,167,574,168,572,169,572,170,572,170,572,172,571,173,568,174,565,174,564,175,562,176,559,177,556,176,555,175,553,174,550,174,547,173,546,172,546,170,546,170,546,169,546,167,546,167,546,165,546,164,546,164,546,162,547,161,550,161,553,160,555,159,556,158,559,157,562,157,564,156,565,155,568,154,571,154,572,153,572,151,572,151,572,149,572,148,572,148,572,146,574,145,577,144,580,144,581,143,581,141,581,141,581,140,581,138,577,138,574,137,572,136,572,135,572,135,572,133,574,132,577,131,581,131,581,131,586,131,589,132,590,133,589,134,586,135,583,135,581,136,581,138,586,138,589,138,590,140,592,141,595,141,599,141,599,141,603,141,606,141,608,140,609,138,612,138,615,137,617,136,617,135,617,135,617,133,618,132,621,131,624,131,626,130,626,128,626,128,626,127,627,126,630,125,630,67,630,10,320,10,10,10,10,187
621,63,618,64,617,65,618,66,621,67,624,66,626,65,624,64,621,63
621,112,617,112,617,112,612,112,608,112,608,112,603,112,600,113,599,114,598,115,595,115,592,116,590,117,589,118,586,119,581,119,581,119,577,119,572,119,572,119,568,119,565,119,564,120,565,121,568,122,571,122,572,123,572,125,572,125,572,127,574,128,577,128,581,128,581,128,586,128,590,128,590,128,595,128,599,128,599,128,603,128,606,128,608,127,608,125,608,125,608,123,609,122,612,122,615,121,617,120,617,119,617,119,617,117,618,116,621,115,624,115,626,114,624,113,621,112
568,290,565,291,564,292,564,293,564,293,564,295,564,297,564,297,564,298,564,300,564,300,564,302,564,303,564,303,564,305,564,306,564,306,564,308,564,310,564,310,564,311,564,313,564,313,564,315,564,316,564,316,564,318,564,319,564,319,564,321,564,323,564,323,564,324,564,326,564,326,564,327,564,329,564,329,564,331,564,332,564,332,564,334,565,335,568,336,571,335,572,334,572,332,572,332,572,331,572,329,572,329,572,327,572,326,572,326,572,324,572,323,572,323,572,321,572,319,572,319,572,318,572,316,572,316,572,315,572,313,572,313,572,311,572,310,572,310,572,308,572,306,572,306,572,305,572,303,572,303,572,302,572,300,572,300,572,298,572,297,572,297,572,295,572,293,572,293,572,292,571,291,568,290
550,112,547,113,546,114,547,115,550,115,553,115,555,114,553,113,550,112
550,128,547,128,546,127,546,125,546,125,546,123,544,122,541,122,537,122,537,122,533,122,530,122,528,123,530,124,533,125,536,126,537,127,537,128,537,128,537,130,537,131,537,131,537,133,537,135,537,135,537,136,537,138,537,138,537,140,538,141,541,141,546,141,546,141,550,141,553,141,555,140,555,138,555,138,555,136,555,135,555,135,555,133,555,131,555,131,555,130,553,129,550,128
533,426,528,426,528,426,524,426,521,427,519,428,518,429,515,430,512,430,510,431,510,433,510,433,510,434,510,436,510,436,510,438,510,439,510,439,510,441,510,442,510,442,510,444,510,446,510,446,510,447,512,448,515,449,518,449,519,451,521,452,524,452,527,452,528,451,528,449,528,449,528,447,528,446,528,446,528,444,528,442,528,442,528,441,528,439,528,439,528,438,528,436,528,436,528,434,530,433,533,433,536,432,537,431,537,430,537,430,537,428,536,427,533,426
515,161,512,161,510,162,510,164,510,164,510,165,512,167,515,167,518,167,519,165,519,164,519,164,519,162,518,161,515,161
506,141,503,142,502,143,503,144,506,144,509,144,510,143,509,142,506,141
409,144,406,145,404,146,406,147,409,148,412,147,413,146,412,145,409,144
391,232,388,232,386,234,388,235,391,235,394,235,395,234,394,232,391,232
382,271,378,271,378,271,373,271,370,271,369,272,367,273,364,274,361,275,360,276,358,277,355,277,352,278,351,279,350,280,347,280,344,281,342,282,341,283,338,284,335,284,333,285,332,286,329,287,326,288,324,289,323,290,320,290,317,291,316,292,316,293,316,293,316,295,317,296,320,297,324,297,324,297,329,297,332,296,333,295,335,294,338,293,341,293,342,292,344,291,347,290,350,290,351,289,352,288,355,287,358,286,360,285,361,284,364,284,367,283,369,282,370,281,373,280,376,280,378,279,379,278,382,277,385,277,386,276,386,274,386,274,386,272,385,271,382,271
302,99,298,99,298,99,293,99,289,99,289,99,285,99,282,100,280,101,279,102,276,102,273,103,271,104,271,106,271,106,271,107,273,108,276,109,279,108,280,107,282,106,285,106,289,106,289,106,293,106,296,105,298,104,299,103,302,102,305,102,307,101,305,100,302,99
293,54,290,54,289,55,289,57,289,57,289,59,290,60,293,60,296,60,298,59,298,57,298,57,298,55,296,54,293,54
178,378,174,378,174,378,169,378,165,378,165,378,161,378,158,377,156,376,155,375,152,374,147,374,147,374,143,374,140,374,138,373,137,372,134,371,130,371,130,371,125,371,122,371,121,370,119,368,116,368,113,367,112,366,110,365,107,365,103,365,103,365,99,365,96,364,94,363,93,362,90,361,85,361,85,361,81,361,78,361,76,360,75,359,72,358,69,358,68,357,66,356,63,355,60,354,59,353,57,352,54,352,51,352,50,353,50,355,50,355,50,357,50,358,50,358,50,360,51,361,54,361,57,362,59,363,60,364,63,365,66,365,68,366,68,368,68,368,68,370,69,371,72,371,75,372,76,373,78,374,81,374,85,374,85,374,90,374,94,374,94,374,99,374,102,375,103,376,104,377,107,378,112,378,112,378,116,378,119,378,121,379,122,380,125,381,130,381,130,381,134,381,137,381,138,383,140,384,143,384,147,384,147,384,152,384,156,384,156,384,161,384,165,384,165,384,169,384,174,384,174,384,178,384,181,384,183,383,183,381,183,381,183,379,181,378,178,378
63,423,60,424,59,425,60,426,63,426,66,426,68,425,66,424,63,423
37,339,32,339,32,337,31,336,28,336,25,336,23,337,25,338,28,339,32,339,32,340,34,342,37,342,40,342,41,340,40,339,37,339
