10,219,13,219,14,221,14,222,14,222,14,224,16,225,19,225,22,226,23,227,25,228,28,229,31,229,32,230,34,231,37,232,40,232,41,234,42,235,45,235,48,236,50,237,50,238,50,238,50,240,48,241,45,242,42,241,41,240,40,239,37,238,34,238,32,237,31,236,28,235,25,235,23,234,22,232,19,232,16,231,14,230,13,229,10,229,10,349,10,470,320,470,630,470,630,240,630,10,320,10,10,10,10,219
621,109,617,109,617,109,612,109,609,108,608,107,606,106,603,106,599,106,599,106,595,106,590,106,590,106,586,106,583,105,581,104,580,103,577,102,572,102,572,102,568,102,564,102,564,102,559,102,556,103,555,104,555,106,555,106,555,107,553,108,550,109,547,109,546,110,546,112,546,112,546,114,547,115,550,115,555,115,555,115,559,115,562,115,564,114,565,113,568,112,572,112,572,112,577,112,581,112,581,112,586,112,590,112,590,112,595,112,599,112,599,112,603,112,608,112,608,112,612,112,617,112,617,112,621,112,624,112,626,110,624,109,621,109
612,119,608,119,608,119,603,119,600,119,599,120,598,121,595,122,592,122,590,123,589,124,586,125,583,126,581,127,581,128,577,128,574,129,572,130,574,131,577,131,580,131,581,130,581,128,586,128,590,128,590,128,595,128,599,128,599,128,603,128,606,128,608,127,609,126,612,125,615,124,617,123,617,122,617,122,617,120,615,119,612,119
524,31,521,32,519,33,521,34,524,34,527,34,528,33,527,32,524,31
515,115,510,115,510,115,506,115,502,115,502,114,502,112,502,112,502,110,503,109,506,109,509,108,510,107,510,106,510,106,510,104,510,102,510,102,510,101,510,99,510,99,510,97,509,96,506,96,503,95,502,94,500,93,497,93,494,92,493,91,493,89,493,89,493,88,491,87,488,86,485,86,484,85,484,83,484,83,484,81,482,80,479,80,476,80,475,81,475,83,475,83,475,85,475,86,475,86,475,88,474,89,471,89,466,89,466,89,462,89,457,89,457,89,453,89,450,90,448,91,448,93,448,93,448,94,450,95,453,96,456,96,457,97,457,99,457,99,457,101,457,102,457,102,457,104,457,106,457,106,457,107,457,109,457,109,457,110,459,112,462,112,466,112,466,112,471,112,475,112,475,112,479,112,482,113,484,114,485,115,488,115,493,115,493,115,497,115,502,115,502,117,503,118,506,119,510,119,510,119,515,119,518,118,519,117,518,116,515,115
515,235,510,235,510,235,506,235,502,235,502,235,497,235,494,236,493,237,494,238,497,238,500,239,502,240,503,241,506,242,509,241,510,240,512,239,515,238,518,238,519,237,518,236,515,235
444,38,441,38,440,39,440,41,435,41,432,41,431,42,432,43,435,44,438,43,440,42,440,41,444,41,447,40,448,39,447,38,444,38
444,109,441,108,440,107,440,106,440,106,440,104,440,102,440,102,440,101,440,99,440,99,440,97,438,96,435,96,432,95,431,94,431,93,431,93,431,91,431,89,431,89,431,88,429,87,426,86,423,87,422,88,422,89,422,89,422,91,422,93,422,93,422,94,420,95,417,96,414,96,413,97,412,99,409,99,406,99,404,97,403,96,400,96,395,96,395,96,391,96,388,95,386,94,385,93,382,93,379,93,378,94,378,96,378,96,378,97,378,99,378,99,378,101,376,102,373,102,370,103,369,104,367,105,364,106,360,106,360,106,355,106,352,106,351,107,350,108,347,109,344,109,342,110,344,112,347,112,350,113,351,114,352,115,355,115,358,116,360,117,361,118,364,119,367,118,369,117,369,115,369,115,369,114,369,112,369,112,369,110,370,109,373,109,376,109,378,110,378,112,378,112,378,114,379,115,382,115,386,115,386,117,386,119,386,119,386,120,388,121,391,122,394,121,395,120,395,119,395,119,395,117,394,116,391,115,386,115,386,114,388,113,391,112,394,112,395,110,397,109,400,109,403,109,404,110,406,112,409,112,412,112,413,110,413,109,413,109,413,107,413,106,413,106,413,104,414,103,417,102,420,103,422,104,422,106,422,106,422,107,422,109,422,109,422,110,423,112,426,112,431,112,431,112,435,112,438,113,440,114,440,115,440,115,440,117,440,119,440,119,440,120,441,121,444,122,447,121,448,120,448,119,448,119,448,117,448,115,448,115,448,114,448,112,448,112,448,110,447,109,444,109
435,57,432,58,431,59,432,60,435,60,438,60,440,59,438,58,435,57
435,452,432,452,431,451,429,449,426,449,422,449,422,449,417,449,413,449,413,449,409,449,404,449,404,449,400,449,395,449,395,449,391,449,388,448,386,447,385,446,382,446,378,446,378,446,373,446,370,445,369,444,367,443,364,442,361,442,360,441,358,440,355,439,352,439,351,438,350,437,347,436,344,435,342,434,341,433,338,433,333,433,333,433,329,433,326,432,324,431,323,430,320,430,316,430,316,430,311,430,307,430,307,430,302,430,299,429,298,428,299,427,302,426,305,426,307,425,305,424,302,423,298,423,298,423,293,423,289,423,289,423,285,423,282,422,280,421,279,420,276,420,271,420,271,420,267,420,264,419,262,418,261,417,258,417,254,417,254,417,249,417,245,417,245,417,240,417,237,416,236,415,236,413,236,413,236,412,237,411,240,410,243,410,245,408,243,407,240,407,236,407,236,407,231,407,227,407,227,407,223,407,218,407,218,407,214,407,211,406,209,405,208,404,205,404,200,404,200,404,196,404,192,404,192,404,187,404,183,404,183,404,178,404,175,404,174,405,175,406,178,407,181,407,183,408,184,410,187,410,190,411,192,412,192,413,192,413,192,415,192,417,192,417,192,418,193,419,196,420,199,420,200,421,202,422,205,423,209,423,209,423,214,423,217,424,218,425,218,426,218,426,218,428,220,429,223,430,227,430,227,430,231,430,234,429,236,428,237,427,240,426,243,427,245,428,246,429,249,430,252,430,254,431,255,432,258,433,261,433,262,434,264,435,267,436,271,436,271,436,276,436,280,436,280,436,285,436,289,436,289,436,293,436,298,436,298,436,302,436,305,437,307,438,308,439,311,439,314,440,316,441,316,442,316,442,316,444,316,446,316,446,316,447,317,448,320,449,324,449,324,449,329,449,332,449,333,451,335,452,338,452,342,452,342,452,347,452,351,452,351,452,355,452,360,452,360,452,364,452,369,452,369,452,373,452,378,452,378,452,382,452,386,452,386,452,391,452,395,452,395,452,400,452,403,453,404,454,406,455,409,455,412,456,413,457,413,459,413,459,413,460,413,462,409,462,406,462,404,464,406,465,409,465,412,465,413,464,413,462,417,462,422,462,422,462,426,462,431,462,431,462,435,462,438,461,440,460,440,459,440,459,440,457,440,455,440,455,440,454,438,453,435,452
426,63,423,64,422,65,422,67,422,67,422,68,423,69,426,70,429,69,431,68,431,67,431,67,431,65,429,64,426,63
426,80,423,79,422,78,420,77,417,76,413,76,413,75,412,74,409,73,406,73,404,72,404,70,404,70,404,68,403,67,400,67,395,67,395,65,395,63,395,63,395,62,395,60,395,60,395,59,395,57,395,57,395,55,394,54,391,54,388,54,386,55,386,57,386,57,386,59,386,60,386,60,386,62,386,63,386,63,386,65,388,66,391,67,395,67,395,68,395,70,395,70,395,72,395,73,395,73,395,75,397,76,400,76,404,76,404,76,409,76,413,76,413,78,413,80,413,80,413,81,414,82,417,83,422,83,422,83,426,83,429,82,431,81,429,80,426,80
373,86,369,86,369,85,369,83,369,83,369,81,367,80,364,80,361,79,360,78,360,76,360,76,360,75,358,74,355,73,352,73,351,72,351,70,351,70,351,68,350,67,347,67,344,67,342,68,341,69,338,70,335,69,333,68,332,67,329,67,324,67,324,67,320,67,317,67,316,68,314,69,311,70,308,70,307,72,307,73,307,73,307,75,308,76,311,76,316,76,316,76,320,76,323,76,324,75,326,74,329,73,333,73,333,73,338,73,341,74,342,75,342,76,342,76,342,78,344,79,347,80,350,80,351,81,352,82,355,83,358,83,360,85,361,86,364,86,369,86,369,88,370,89,373,89,376,89,378,88,376,87,373,86
364,54,361,54,360,55,361,56,364,57,367,56,369,55,367,54,364,54
338,115,335,116,333,117,335,118,338,119,341,118,342,117,341,116,338,115
329,47,326,48,324,49,326,50,329,50,332,50,333,49,332,48,329,47
329,60,324,60,324,60,320,60,317,61,316,62,317,63,320,63,324,63,324,63,329,63,332,63,333,62,332,61,329,60
311,50,308,51,307,52,308,53,311,54,314,53,316,52,314,51,311,50
302,31,298,31,298,31,293,31,289,31,289,31,285,31,282,32,280,33,280,34,280,34,280,36,280,38,280,38,280,39,280,41,280,41,280,42,280,44,280,44,280,46,280,47,280,47,280,49,282,50,285,50,289,50,289,50,293,50,296,50,298,49,299,48,302,47,305,47,307,46,307,44,307,44,307,42,305,41,302,41,298,41,298,41,293,41,290,40,289,39,290,38,293,38,296,37,298,36,299,35,302,34,305,34,307,33,305,32,302,31
285,102,282,103,280,104,282,105,285,106,288,105,289,104,288,103,285,102
267,25,264,25,262,26,262,28,262,28,262,29,264,31,267,31,270,31,271,29,271,28,271,28,271,26,270,25,267,25
267,34,264,35,262,36,264,37,267,38,270,37,271,36,270,35,267,34
196,387,193,388,192,389,190,390,187,391,184,391,183,392,184,393,187,394,190,394,192,395,193,397,196,397,199,397,200,395,200,394,200,394,200,392,200,391,200,391,200,389,199,388,196,387
178,374,175,374,174,373,172,372,169,371,166,371,165,370,165,368,165,368,165,366,164,365,161,365,158,364,156,363,155,362,152,361,147,361,147,361,143,361,140,361,138,360,138,358,138,358,138,357,137,356,134,355,130,355,130,355,125,355,122,356,121,357,122,358,125,358,128,359,130,360,130,361,130,361,130,363,130,365,130,365,130,366,131,367,134,368,138,368,138,368,143,368,146,369,147,370,147,371,147,371,147,373,146,374,143,374,140,375,138,376,140,377,143,378,146,378,147,379,149,380,152,381,155,381,156,383,158,384,161,384,165,384,165,384,169,384,174,384,174,384,178,384,181,384,183,383,183,381,183,381,183,379,183,378,183,378,183,376,181,375,178,374
161,25,158,25,156,26,158,27,161,28,164,27,165,26,164,25,161,25
161,63,158,64,156,65,155,66,152,67,147,67,147,67,143,67,140,67,138,68,138,70,138,70,138,72,138,73,138,73,138,75,138,76,138,76,138,78,138,80,138,80,138,81,138,83,138,83,138,85,138,86,138,86,138,88,138,89,138,89,138,91,138,93,138,93,138,94,140,95,143,96,147,96,147,96,152,96,155,95,156,94,156,93,156,93,156,91,155,90,152,89,149,89,147,88,147,86,147,86,147,85,147,83,147,83,147,81,147,80,147,80,147,78,149,77,152,76,155,76,156,75,156,73,156,73,156,72,158,70,161,70,164,69,165,68,165,67,165,67,165,65,164,64,161,63
54,420,51,420,50,421,51,422,54,423,57,422,59,421,57,420,54,420
