10,193,13,194,14,195,14,196,14,196,14,198,13,199,10,200,10,303,13,304,14,305,13,306,10,306,10,313,13,313,14,315,16,316,19,316,23,316,23,316,28,316,31,317,32,318,32,319,32,319,32,321,32,323,32,323,32,324,32,326,32,326,32,327,31,329,28,329,25,330,23,331,22,332,19,332,14,332,14,332,10,332,10,401,10,470,94,470,96,469,99,468,103,468,103,468,107,468,112,468,112,468,116,468,121,468,121,468,125,468,130,468,130,468,134,468,137,469,138,470,484,470,485,469,488,468,491,469,493,470,561,470,630,470,630,240,630,10,320,10,10,10,10,193
612,67,609,66,608,65,608,63,608,63,608,62,606,61,603,60,599,60,599,60,595,60,592,60,590,59,589,58,586,57,583,56,581,55,580,54,577,54,574,54,572,55,571,56,568,57,565,58,564,59,564,60,564,60,564,62,562,63,559,63,555,63,555,63,550,63,546,63,546,63,541,63,538,64,537,65,538,66,541,67,544,67,546,68,547,69,550,70,553,70,555,72,555,73,555,73,555,75,555,76,550,76,547,77,546,78,546,80,546,80,546,81,547,82,550,83,555,83,555,85,556,86,559,86,564,86,564,86,568,86,571,86,572,85,574,83,577,83,580,83,581,85,583,86,586,86,589,86,590,85,592,83,595,83,598,82,599,81,599,80,603,80,606,79,608,78,606,77,603,76,600,77,599,78,599,80,595,80,592,79,590,78,590,76,590,76,590,75,592,74,595,73,598,73,599,72,600,70,603,70,606,70,608,72,609,73,612,73,615,73,617,72,617,70,617,70,617,68,615,67,612,67
603,109,600,108,599,107,598,106,595,106,590,106,590,106,586,106,581,106,581,106,577,106,574,106,572,107,571,108,568,109,565,109,564,110,565,112,568,112,572,112,572,112,577,112,581,112,581,112,586,112,590,112,590,112,595,112,599,112,599,112,603,112,606,112,608,110,606,109,603,109
586,31,583,31,581,29,581,28,581,28,581,26,580,25,577,25,574,24,572,23,571,22,568,21,565,21,564,20,562,19,559,18,556,19,555,20,555,21,555,21,555,23,555,25,555,25,555,26,555,28,555,28,555,29,556,31,559,31,564,31,564,31,568,31,571,32,572,33,574,34,577,34,581,34,581,34,586,34,589,34,590,33,589,32,586,31
586,47,583,48,581,49,583,50,586,50,589,50,590,49,589,48,586,47
577,41,574,41,572,42,574,43,577,44,580,43,581,42,580,41,577,41
577,93,574,92,572,91,571,90,568,89,564,89,564,89,559,89,556,90,555,91,555,93,555,93,555,94,556,95,559,96,562,96,564,97,562,99,559,99,556,100,555,101,553,102,550,102,547,103,546,104,546,106,546,106,546,107,547,108,550,109,553,108,555,107,556,106,559,106,562,105,564,104,565,103,568,102,571,102,572,101,574,100,577,99,580,99,581,97,581,96,581,96,581,94,580,93,577,93
568,119,565,119,564,120,565,121,568,122,571,121,572,120,571,119,568,119
559,128,556,129,555,130,555,131,555,131,555,133,556,134,559,135,562,134,564,133,564,131,564,131,564,130,562,129,559,128
559,174,556,173,555,172,555,170,555,170,555,169,555,167,555,167,555,165,553,164,550,164,547,163,546,162,544,161,541,161,538,160,537,159,537,157,537,157,537,156,537,154,537,154,537,153,537,151,537,151,537,149,537,148,537,148,537,146,537,144,537,144,537,143,537,141,537,141,537,140,536,138,533,138,530,137,528,136,527,135,524,135,521,134,519,133,519,131,524,131,527,131,528,130,527,129,524,128,519,128,519,127,521,126,524,125,527,124,528,123,528,122,528,122,528,120,528,119,533,119,536,119,537,120,537,122,537,122,537,123,537,125,537,125,537,127,538,128,541,128,544,128,546,127,546,125,546,125,546,123,546,122,546,122,546,120,547,119,550,119,553,118,555,117,553,116,550,115,546,115,546,115,541,115,538,115,537,114,537,112,537,112,537,110,537,109,537,109,537,107,537,106,537,106,537,104,537,102,537,102,537,101,536,100,533,99,530,100,528,101,527,102,524,102,521,103,519,104,518,105,515,106,512,106,510,107,510,109,510,109,510,110,510,112,510,112,510,114,509,115,506,115,503,116,502,117,502,119,502,119,502,120,502,122,502,122,502,123,502,125,502,125,502,127,500,128,497,128,493,128,493,128,488,128,485,128,484,127,484,125,484,125,484,123,485,122,488,122,491,121,493,120,493,119,493,119,493,117,493,115,493,115,493,114,493,112,493,112,493,110,494,109,497,109,500,108,502,107,500,106,497,106,494,105,493,104,493,102,497,102,500,102,502,101,502,99,502,99,502,97,500,96,497,96,494,95,493,94,493,93,493,93,493,91,493,89,493,89,493,88,493,86,493,86,493,85,493,83,493,83,493,81,493,80,493,80,493,78,493,76,493,76,493,75,491,74,488,73,484,73,484,73,479,73,476,74,475,75,475,76,475,76,475,78,475,80,475,80,475,81,475,83,475,83,475,85,474,86,471,86,468,87,466,88,466,89,462,89,459,90,457,91,459,92,462,93,466,93,466,94,466,96,466,96,466,97,465,99,462,99,459,100,457,101,457,102,457,102,457,104,457,106,457,106,457,107,457,109,457,109,457,110,457,112,457,112,457,114,457,115,457,115,457,117,457,119,457,119,457,120,457,122,457,122,457,123,457,125,457,125,457,127,457,128,457,128,457,130,457,131,457,131,457,133,457,135,457,135,457,136,459,137,462,138,465,139,466,140,466,141,466,141,466,143,468,144,471,144,475,144,475,146,475,148,475,148,475,149,475,151,475,151,475,153,475,154,475,154,475,156,476,157,479,157,482,158,484,159,484,161,484,161,484,162,485,163,488,164,491,164,493,165,493,167,493,167,493,169,494,170,497,170,502,170,502,170,506,170,510,170,510,170,515,170,518,170,519,169,521,168,524,167,527,168,528,169,530,170,533,170,537,170,537,170,541,170,544,171,546,172,546,174,546,174,546,175,546,177,546,177,546,178,547,180,550,180,553,181,555,182,556,183,559,183,562,183,564,182,564,180,564,180,564,178,564,177,564,177,564,175,562,174,559,174
541,284,538,284,537,285,537,287,537,287,537,289,537,290,537,290,537,292,537,293,537,293,537,295,537,297,537,297,537,298,538,299,541,300,544,299,546,298,546,297,546,297,546,295,546,293,546,293,546,292,546,290,546,290,546,289,546,287,546,287,546,285,544,284,541,284
515,436,512,437,510,438,512,439,515,439,518,439,519,438,518,437,515,436
506,397,502,397,502,395,502,394,502,394,502,392,500,391,497,391,494,391,493,392,493,394,493,394,493,395,494,397,497,397,502,397,502,399,502,400,502,400,502,402,503,403,506,404,509,403,510,402,510,400,510,400,510,399,509,398,506,397
506,417,503,416,502,415,502,413,502,413,502,412,502,410,502,410,502,408,500,407,497,407,494,407,493,408,493,410,493,410,493,412,493,413,493,413,493,415,493,417,493,417,493,418,494,419,497,420,500,420,502,421,502,423,502,423,502,425,502,426,502,426,502,428,502,430,502,430,502,431,503,432,506,433,509,432,510,431,510,430,510,430,510,428,510,426,510,426,510,425,510,423,510,423,510,421,510,420,510,420,510,418,509,417,506,417
497,63,494,64,493,65,494,66,497,67,500,66,502,65,500,64,497,63
479,21,476,22,475,23,475,25,475,25,475,26,475,28,471,28,468,28,466,29,468,31,471,31,474,31,475,29,475,28,479,28,482,27,484,26,484,25,484,25,484,23,482,22,479,21
462,446,459,445,457,444,457,442,457,442,457,441,457,439,457,439,457,438,457,436,457,436,457,434,457,433,457,433,457,431,456,430,453,430,448,430,448,428,448,426,448,426,448,425,447,424,444,423,441,424,440,425,440,426,440,426,440,428,441,429,444,430,448,430,448,431,448,433,448,433,448,434,447,435,444,436,441,435,440,434,438,433,435,433,432,432,431,431,431,430,431,430,431,428,431,426,431,426,431,425,429,424,426,423,423,424,422,425,420,426,417,426,414,427,413,428,413,430,413,430,413,431,413,433,413,433,413,434,414,435,417,436,420,437,422,438,422,439,422,439,422,441,422,442,422,442,422,444,423,445,426,446,429,446,431,447,431,449,431,449,431,451,431,452,431,452,431,454,432,455,435,455,440,455,440,455,444,455,448,455,448,455,453,455,456,456,457,457,459,458,462,459,465,458,466,457,466,455,466,455,466,454,466,452,466,452,466,451,466,449,466,449,466,447,465,446,462,446
453,161,450,161,448,162,450,163,453,164,456,163,457,162,456,161,453,161
444,119,441,119,440,120,440,122,440,122,440,123,441,124,444,125,447,124,448,123,448,122,448,122,448,120,447,119,444,119
435,102,432,103,431,104,432,105,435,106,438,105,440,104,438,103,435,102
417,225,414,226,413,227,414,228,417,229,420,228,422,227,420,226,417,225
400,138,397,138,395,140,397,141,400,141,403,141,404,140,403,138,400,138
391,222,386,222,386,222,382,222,379,223,378,224,379,225,382,225,386,225,386,225,391,225,394,225,395,224,394,223,391,222
382,135,378,135,378,133,378,131,378,131,378,130,376,129,373,128,370,129,369,130,369,131,369,131,369,133,370,134,373,135,378,135,378,136,376,137,373,138,370,138,369,140,370,141,373,141,376,142,378,143,379,144,382,144,385,144,386,143,386,141,386,141,386,140,386,138,386,138,386,136,385,135,382,135
382,258,378,258,378,258,373,258,369,258,369,256,367,255,364,255,361,254,360,253,358,252,355,251,352,252,351,253,350,254,347,255,342,255,342,255,338,255,335,255,333,256,333,258,333,258,333,259,335,261,338,261,342,261,342,261,347,261,351,261,351,261,355,261,358,261,360,259,361,258,364,258,369,258,369,259,370,261,373,261,378,261,378,261,382,261,385,261,386,259,385,258,382,258
276,361,271,361,271,361,267,361,262,361,262,361,258,361,254,361,254,361,249,361,245,361,245,361,240,361,237,362,236,363,234,364,231,365,227,365,227,365,223,365,220,364,218,363,217,362,214,361,211,361,209,360,208,359,205,358,200,358,200,358,196,358,193,359,192,360,193,361,196,361,199,362,200,363,202,364,205,365,208,365,209,366,209,368,209,368,209,370,211,371,214,371,218,371,218,371,223,371,226,371,227,370,228,369,231,368,236,368,236,368,240,368,245,368,245,368,249,368,254,368,254,368,258,368,262,368,262,368,267,368,271,368,271,368,276,368,279,367,280,366,280,365,280,365,280,363,279,362,276,361
231,465,228,466,227,467,228,468,231,468,234,468,236,467,234,466,231,465
178,358,175,358,174,357,172,356,169,355,165,355,165,355,161,355,156,355,156,355,152,355,147,355,147,355,143,355,138,355,138,355,134,355,130,355,130,355,125,355,122,354,121,353,119,352,116,352,112,352,112,352,107,352,103,352,103,352,99,352,94,352,94,352,90,352,87,352,85,353,85,355,85,355,85,357,85,358,85,358,85,360,85,361,85,361,85,363,87,364,90,365,94,365,94,365,99,365,103,365,103,365,107,365,112,365,112,365,116,365,119,365,121,366,122,367,125,368,130,368,130,368,134,368,137,367,138,366,140,365,143,365,146,364,147,363,149,362,152,361,155,362,156,363,156,365,156,365,156,366,158,367,161,368,164,367,165,366,166,365,169,365,172,364,174,363,175,362,178,361,181,361,183,360,181,359,178,358
178,426,175,427,174,428,172,429,169,430,166,430,165,431,165,433,165,433,165,434,164,435,161,436,158,437,156,438,155,439,152,439,149,440,147,441,149,442,152,442,156,442,156,442,161,442,164,442,165,441,166,440,169,439,174,439,174,439,178,439,181,439,183,438,183,436,183,436,183,434,183,433,183,433,183,431,183,430,183,430,183,428,181,427,178,426
63,423,59,423,59,423,54,423,51,424,50,425,51,426,54,426,59,426,59,426,63,426,66,426,68,425,66,424,63,423
568,76,564,76,564,76,559,76,555,76,555,78,555,80,555,80,555,81,555,83,559,83,562,82,564,81,565,80,568,80,571,79,572,78,571,77,568,76
524,112,521,113,519,114,519,115,519,115,519,117,521,118,524,119,528,119,528,117,528,115,528,115,528,114,527,113,524,112
515,128,512,129,510,130,510,131,515,131,519,131,519,130,519,128,515,128
515,144,512,145,510,146,512,147,515,148,518,147,519,146,518,145,515,144
506,131,502,131,502,131,497,131,494,132,493,133,493,135,497,135,500,135,502,136,503,137,506,138,509,137,510,136,510,135,510,135,510,133,510,131,506,131
488,99,485,100,484,101,485,102,488,102,493,102,493,101,491,100,488,99
488,135,484,135,484,135,479,135,476,135,475,136,476,137,479,138,484,138,484,138,488,138,491,137,493,136,493,135,488,135
479,141,476,142,475,143,475,144,479,144,482,144,484,143,482,142,479,141
471,89,466,89,466,91,466,93,471,93,474,92,475,91,474,90,471,89
