10,219,13,219,14,221,14,222,14,222,14,224,14,225,14,225,14,227,14,229,19,229,22,229,23,230,23,232,28,232,31,232,32,234,34,235,37,235,40,236,41,237,42,238,45,238,48,239,50,240,48,241,45,242,41,242,41,242,37,242,34,241,32,240,31,239,28,238,25,238,23,237,23,235,23,235,23,234,23,232,19,232,16,231,14,230,14,229,10,229,10,271,13,271,14,272,13,273,10,274,10,372,10,470,519,470,521,469,524,468,527,469,528,470,579,470,630,470,630,240,630,10,320,10,10,10,10,219
621,112,618,113,617,114,615,115,612,115,609,116,608,117,606,118,603,119,599,119,599,119,595,119,592,119,590,120,590,122,590,122,590,123,590,125,586,125,583,126,581,127,581,128,577,128,572,128,572,127,571,126,568,125,564,125,564,125,559,125,556,126,555,127,555,128,555,128,555,130,555,131,550,131,547,132,546,133,546,135,546,135,546,136,547,137,550,138,553,137,555,136,555,135,555,135,555,133,555,131,559,131,562,131,564,130,565,129,568,128,572,128,572,130,572,131,572,131,572,133,574,134,577,135,580,134,581,133,581,131,581,131,581,130,581,128,586,128,589,128,590,127,590,125,595,125,598,124,599,123,600,122,603,122,608,122,608,122,612,122,615,121,617,120,618,119,621,119,624,118,626,117,626,115,626,115,626,114,624,113,621,112
524,57,521,58,519,59,521,60,524,60,527,60,528,59,527,58,524,57
515,115,510,115,510,115,506,115,503,115,502,114,502,112,502,112,502,110,502,109,502,109,502,107,502,106,502,106,502,104,500,103,497,102,494,103,493,104,493,106,493,106,493,107,493,109,493,109,493,110,491,111,488,112,485,113,484,114,484,115,484,115,484,117,484,119,479,119,476,119,475,120,475,122,475,122,475,123,476,124,479,125,482,124,484,123,484,122,484,122,484,120,484,119,488,119,491,119,493,120,494,121,497,122,502,122,502,122,506,122,509,122,510,123,512,124,515,125,518,124,519,123,519,122,519,122,519,120,519,119,519,119,519,117,518,116,515,115
506,242,503,242,502,243,502,245,502,245,502,246,503,248,506,248,509,248,510,246,510,245,510,245,510,243,509,242,506,242
488,18,485,18,484,16,482,15,479,15,476,15,475,16,475,18,475,18,475,20,476,21,479,21,484,21,484,21,488,21,491,21,493,20,491,19,488,18
444,93,441,93,440,94,440,96,435,96,432,96,431,97,431,99,431,99,431,101,431,102,431,102,431,104,431,106,431,106,431,107,431,109,431,109,431,110,432,112,435,112,438,112,440,110,440,109,440,109,440,107,440,106,440,106,440,104,440,102,440,102,440,101,440,99,440,99,440,97,440,96,444,96,447,95,448,94,447,93,444,93
426,80,422,80,422,80,417,80,414,80,413,81,413,83,413,83,413,85,414,86,417,86,422,86,422,88,422,89,422,89,422,91,423,92,426,93,429,92,431,91,431,89,431,89,431,88,429,87,426,86,422,86,422,85,423,83,426,83,429,82,431,81,429,80,426,80
417,99,414,100,413,101,414,102,417,102,420,102,422,101,420,100,417,99
417,452,413,452,413,452,409,452,406,452,404,451,403,449,400,449,395,449,395,449,391,449,386,449,386,449,382,449,378,449,378,449,373,449,369,449,369,449,364,449,361,448,360,447,358,446,355,446,352,445,351,444,350,443,347,442,342,442,342,442,338,442,335,442,333,441,332,440,329,439,326,439,324,438,323,437,320,436,316,436,316,436,311,436,307,436,307,436,302,436,299,435,298,434,296,433,293,433,290,432,289,431,288,430,285,430,280,430,280,430,276,430,273,429,271,428,270,427,267,426,264,426,262,425,261,424,258,423,254,423,254,423,249,423,245,423,245,423,240,423,237,422,236,421,236,420,236,420,236,418,236,417,236,417,236,415,234,414,231,413,227,413,227,413,223,413,218,413,218,413,214,413,209,413,209,413,205,413,202,413,200,412,199,411,196,410,193,410,192,408,192,407,192,407,192,405,190,404,187,404,183,404,183,404,178,404,175,404,174,405,174,407,174,407,174,408,175,410,178,410,181,411,183,412,183,413,183,413,183,415,183,417,183,417,183,418,184,419,187,420,190,420,192,421,193,422,196,423,200,423,200,423,205,423,208,424,209,425,211,426,214,426,218,426,218,426,223,426,227,426,227,426,231,426,234,427,236,428,237,429,240,430,243,430,245,431,245,433,245,433,245,434,246,435,249,436,254,436,254,436,258,436,262,436,262,436,267,436,270,437,271,438,273,439,276,439,279,440,280,441,282,442,285,442,289,442,289,442,293,442,296,443,298,444,299,445,302,446,305,446,307,447,308,448,311,449,316,449,316,449,320,449,323,449,324,451,326,452,329,452,333,452,333,452,338,452,341,453,342,454,344,455,347,455,351,455,351,455,355,455,360,455,360,455,364,455,369,455,369,455,373,455,378,455,378,455,382,455,386,455,386,455,391,455,394,456,395,457,395,459,395,459,395,460,394,461,391,462,388,462,386,464,386,465,386,465,386,467,388,468,391,468,395,468,395,468,400,468,403,468,404,467,404,465,404,465,404,464,406,462,409,462,412,461,413,460,413,459,413,459,413,457,414,456,417,455,420,455,422,454,420,453,417,452
400,106,397,106,395,107,397,108,400,109,403,108,404,107,403,106,400,106
382,112,379,113,378,114,379,115,382,115,385,115,386,114,385,113,382,112
373,141,370,142,369,143,370,144,373,144,376,144,378,143,376,142,373,141
338,73,333,73,333,72,332,70,329,70,326,70,324,72,326,73,329,73,333,73,333,75,335,76,338,76,341,76,342,75,341,74,338,73
293,44,289,44,289,44,285,44,282,45,280,46,280,47,280,47,280,49,282,50,285,50,289,50,289,50,293,50,296,50,298,49,298,47,298,47,298,46,296,45,293,44
267,34,262,34,262,34,258,34,255,35,254,36,254,38,254,38,254,39,255,40,258,41,261,40,262,39,264,38,267,38,270,37,271,36,270,35,267,34
223,96,220,96,218,97,218,99,218,99,218,101,217,102,214,102,211,103,209,104,208,105,205,106,202,106,200,107,200,109,200,109,200,110,202,112,205,112,208,113,209,114,211,115,214,115,218,115,218,115,223,115,226,115,227,114,227,112,227,112,227,110,227,109,227,109,227,107,227,106,227,106,227,104,227,102,227,102,227,101,227,99,227,99,227,97,226,96,223,96
196,96,193,96,192,97,193,99,196,99,199,99,200,97,199,96,196,96
187,381,183,381,183,381,178,381,175,380,174,379,172,378,169,378,165,378,165,378,161,378,158,377,156,376,158,375,161,374,164,374,165,373,165,371,165,371,165,370,164,368,161,368,158,367,156,366,155,365,152,365,149,364,147,363,147,361,147,361,147,360,147,358,147,358,147,357,146,356,143,355,138,355,138,355,134,355,131,356,130,357,130,358,130,358,130,360,130,361,130,361,130,363,130,365,130,365,130,366,131,367,134,368,138,368,138,368,143,368,146,369,147,370,147,371,147,371,147,373,146,374,143,374,140,375,138,376,140,377,143,378,146,378,147,379,149,380,152,381,155,381,156,383,158,384,161,384,165,384,165,384,169,384,174,384,174,384,178,384,183,384,183,384,187,384,190,384,192,383,190,381,187,381
187,394,184,394,183,395,184,397,187,397,190,397,192,395,190,394,187,394
178,96,175,96,174,97,174,99,174,99,174,101,174,102,174,102,174,104,175,105,178,106,181,105,183,104,183,102,183,102,183,101,183,99,183,99,183,97,181,96,178,96
152,112,149,111,147,110,147,109,147,109,147,107,147,106,147,106,147,104,147,102,147,102,147,101,147,99,147,99,147,97,147,96,147,96,147,94,147,93,147,93,147,91,147,89,147,89,147,88,147,86,147,86,147,85,147,83,147,83,147,81,147,80,147,80,147,78,147,76,147,76,147,75,147,73,147,73,147,72,147,70,147,70,147,68,146,67,143,67,140,67,138,68,138,70,138,70,138,72,138,73,138,73,138,75,137,76,134,76,131,77,130,78,130,80,130,80,130,81,130,83,130,83,130,85,130,86,130,86,130,88,131,89,134,89,137,90,138,91,137,92,134,93,131,93,130,94,130,96,130,96,130,97,130,99,130,99,130,101,130,102,130,102,130,104,130,106,130,106,130,107,131,108,134,109,137,109,138,110,138,112,138,112,138,114,138,115,138,115,138,117,138,119,138,119,138,120,140,121,143,122,146,122,147,123,147,125,147,125,147,127,149,128,152,128,155,128,156,127,156,125,156,125,156,123,156,122,156,122,156,120,156,119,156,119,156,117,156,115,156,115,156,114,155,113,152,112
