386,10,385,11,382,12,379,11,378,10,289,10,289,12,289,12,289,13,289,15,289,15,289,16,288,18,285,18,282,19,280,20,279,21,276,21,273,22,271,23,270,24,267,25,264,25,262,26,261,27,258,28,254,28,254,29,254,31,254,31,254,33,252,34,249,34,245,34,245,34,240,34,237,34,236,33,237,32,240,31,243,31,245,29,246,28,249,28,254,28,254,26,254,25,254,25,254,23,254,21,254,21,254,20,254,18,254,18,254,16,254,15,254,15,254,13,255,12,258,12,261,11,262,10,165,10,165,12,169,12,172,12,174,13,172,14,169,15,165,15,165,16,164,18,161,18,158,18,156,16,156,15,152,15,149,14,147,13,147,12,147,12,147,10,59,10,57,11,54,12,51,11,50,10,30,10,10,10,10,41,13,41,14,42,14,44,14,44,14,46,13,47,10,47,10,259,10,470,103,470,104,469,107,468,112,468,112,468,116,468,121,468,121,468,125,468,130,468,130,468,134,468,137,469,138,470,156,470,158,469,161,468,164,469,165,470,519,470,518,469,515,468,510,468,510,468,506,468,503,468,502,467,502,465,502,465,502,464,503,462,506,462,510,462,510,462,515,462,519,462,519,462,524,462,527,462,528,464,528,465,528,465,528,467,530,468,533,468,536,468,537,467,537,465,537,465,537,464,538,462,541,462,544,461,546,460,547,459,550,459,553,459,555,460,555,462,555,462,555,464,553,465,550,465,547,466,546,467,546,468,546,468,546,470,588,470,630,470,630,248,627,248,626,246,627,245,630,245,630,232,627,232,626,234,626,235,626,235,626,237,624,238,621,238,618,239,617,240,617,242,617,242,617,243,617,245,617,245,617,246,617,248,617,248,617,250,617,251,617,251,617,253,617,255,617,255,617,256,615,257,612,258,609,257,608,256,608,255,608,255,608,253,608,251,608,251,608,250,608,248,608,248,608,246,608,245,608,245,608,243,608,242,608,242,608,240,608,238,608,238,608,237,608,235,608,235,608,234,608,232,608,232,608,230,608,229,608,229,608,227,609,226,612,225,617,225,617,225,621,225,624,226,626,227,627,228,630,229,630,119,630,10,386,10
612,44,609,43,608,42,608,41,608,41,608,39,606,38,603,38,600,37,599,36,599,34,599,34,599,33,599,31,599,31,599,29,598,28,595,28,592,27,590,26,590,25,590,25,590,23,589,22,586,21,581,21,581,20,580,19,577,18,574,19,572,20,574,21,577,21,581,21,581,23,581,25,581,25,581,26,581,28,581,28,581,29,581,31,581,31,581,33,583,34,586,34,589,35,590,36,590,38,590,38,590,39,590,41,590,41,590,42,589,43,586,44,583,45,581,46,581,47,581,47,581,49,581,50,581,50,581,52,583,53,586,54,589,54,590,55,590,57,590,57,590,59,590,60,590,60,590,62,592,63,595,63,599,63,599,63,603,63,606,63,608,62,609,61,612,60,615,60,617,59,617,57,617,57,617,55,617,54,617,54,617,52,617,50,617,50,617,49,617,47,617,47,617,46,615,45,612,44
603,119,600,119,599,120,598,121,595,122,592,122,590,123,592,124,595,125,599,125,599,125,603,125,606,124,608,123,608,122,608,122,608,120,606,119,603,119
586,141,581,141,581,140,580,138,577,138,572,138,572,136,571,135,568,135,564,135,564,135,559,135,556,135,555,136,556,137,559,138,564,138,564,138,568,138,572,138,572,140,574,141,577,141,581,141,581,143,583,144,586,144,589,144,590,143,589,142,586,141
586,193,583,192,581,191,580,190,577,190,572,190,572,190,568,190,565,190,564,191,565,192,568,193,571,194,572,195,574,196,577,196,580,197,581,198,583,199,586,200,589,199,590,198,590,196,590,196,590,195,589,194,586,193
568,167,565,167,564,165,562,164,559,164,556,163,555,162,553,161,550,161,547,161,546,162,546,164,546,164,546,165,546,167,546,167,546,169,547,170,550,170,555,170,555,170,559,170,562,171,564,172,564,174,564,174,564,175,565,176,568,177,571,176,572,175,572,174,572,174,572,172,572,170,572,170,572,169,571,168,568,167
541,138,537,138,537,138,533,138,530,138,528,140,530,141,533,141,536,142,537,143,538,144,541,144,544,144,546,143,546,141,546,141,546,140,544,138,541,138
533,131,530,132,528,133,530,134,533,135,536,134,537,133,536,132,533,131
533,148,530,148,528,149,530,150,533,151,536,150,537,149,536,148,533,148
533,426,530,427,528,428,528,430,528,430,528,431,527,432,524,433,521,433,519,434,518,435,515,436,512,437,510,438,509,439,506,439,503,440,502,441,503,442,506,442,509,443,510,444,512,445,515,446,518,445,519,444,521,443,524,442,528,442,528,442,533,442,536,442,537,441,537,439,537,439,537,438,537,436,537,436,537,434,537,433,537,433,537,431,537,430,537,430,537,428,536,427,533,426
524,109,519,109,519,109,515,109,512,109,510,110,512,112,515,112,519,112,519,112,524,112,527,112,528,110,527,109,524,109
524,125,521,126,519,127,521,128,524,128,527,128,528,127,527,126,524,125
524,157,521,158,519,159,521,160,524,161,527,160,528,159,527,158,524,157
515,115,512,116,510,117,512,118,515,119,518,118,519,117,518,116,515,115
462,102,459,103,457,104,457,106,457,106,457,107,457,109,457,109,457,110,457,112,457,112,457,114,459,115,462,115,465,115,466,114,466,112,466,112,466,110,466,109,466,109,466,107,466,106,466,106,466,104,465,103,462,102
462,128,459,129,457,130,459,131,462,131,465,131,466,130,465,129,462,128
453,96,450,95,448,94,447,93,444,93,441,93,440,94,440,96,440,96,440,97,440,99,440,99,440,101,440,102,440,102,440,104,438,105,435,106,432,106,431,107,432,108,435,109,440,109,440,109,444,109,447,108,448,107,448,106,448,106,448,104,448,102,448,102,448,101,450,100,453,99,456,99,457,97,456,96,453,96
453,119,450,119,448,120,450,121,453,122,456,121,457,120,456,119,453,119
444,80,440,80,440,80,435,80,432,80,431,81,432,82,435,83,438,83,440,85,440,86,440,86,440,88,441,89,444,89,447,89,448,88,448,86,448,86,448,85,448,83,448,83,448,81,447,80,444,80
426,67,423,67,422,68,423,69,426,70,429,69,431,68,429,67,426,67
409,433,404,433,404,433,400,433,395,433,395,433,391,433,386,433,386,431,386,430,386,430,386,428,385,427,382,426,378,426,378,426,373,426,370,427,369,428,369,430,369,430,369,431,370,432,373,433,378,433,378,433,382,433,386,433,386,434,385,435,382,436,379,437,378,438,378,439,373,439,370,440,369,441,369,442,369,442,369,444,370,445,373,446,376,445,378,444,378,442,378,442,378,441,378,439,382,439,386,439,386,439,391,439,394,440,395,441,397,442,400,442,403,442,404,441,406,440,409,439,412,439,413,438,413,436,413,436,413,434,412,433,409,433
400,329,397,330,395,331,394,332,391,332,388,333,386,334,388,335,391,336,395,336,395,336,400,336,403,335,404,334,404,332,404,332,404,331,403,330,400,329
391,258,386,258,386,258,382,258,379,258,378,259,376,261,373,261,370,262,369,263,369,264,369,264,369,266,369,268,369,268,369,269,369,271,369,271,369,272,370,273,373,274,376,275,378,276,378,277,378,277,378,279,379,280,382,280,385,280,386,279,386,277,386,277,386,276,386,274,386,274,386,272,386,271,386,271,386,269,386,268,386,268,386,266,386,264,386,264,386,263,388,262,391,261,394,261,395,259,394,258,391,258
382,18,379,19,378,20,379,21,382,21,385,21,386,20,385,19,382,18
364,12,360,12,360,12,355,12,351,12,351,12,347,12,344,12,342,13,344,14,347,15,351,15,351,15,355,15,360,15,360,15,364,15,367,14,369,13,367,12,364,12
364,21,361,22,360,23,360,25,355,25,352,25,351,26,352,27,355,28,358,27,360,26,360,25,364,25,367,24,369,23,367,22,364,21
347,18,344,19,342,20,344,21,347,21,350,21,351,20,350,19,347,18
347,264,344,265,342,266,342,268,338,268,335,268,333,269,335,270,338,271,341,270,342,269,342,268,347,268,350,267,351,266,350,265,347,264
258,131,254,131,254,130,252,129,249,128,246,129,245,130,246,131,249,131,254,131,254,133,255,134,258,135,261,134,262,133,261,132,258,131
231,12,228,12,227,13,228,14,231,15,234,14,236,13,234,12,231,12
169,21,166,22,165,23,166,24,169,25,172,24,174,23,172,22,169,21
161,306,158,306,156,305,155,304,152,303,149,303,147,302,146,300,143,300,140,299,138,298,137,297,134,297,130,297,130,297,125,297,121,297,121,297,116,297,113,296,112,295,110,294,107,293,103,293,103,293,99,293,96,294,94,295,94,297,94,297,94,298,94,300,94,300,94,302,94,303,94,303,94,305,96,306,99,306,103,306,103,306,107,306,110,307,112,308,113,309,116,310,119,310,121,311,122,312,125,313,130,313,130,313,134,313,138,313,138,313,143,313,146,312,147,311,149,310,152,310,156,310,156,310,161,310,164,309,165,308,164,307,161,306
81,18,78,18,76,16,75,15,72,15,68,15,68,15,63,15,60,15,59,16,59,18,59,18,59,20,60,21,63,21,68,21,68,21,72,21,76,21,76,21,81,21,84,21,85,20,84,19,81,18
81,413,78,414,76,415,78,416,81,417,84,416,85,415,84,414,81,413
63,423,60,424,59,425,60,426,63,426,66,426,68,425,66,424,63,423
28,358,25,358,23,357,23,355,23,355,23,353,22,352,19,352,16,352,14,353,14,355,14,355,14,357,14,358,14,358,14,360,16,361,19,361,22,362,23,363,23,365,23,365,23,366,23,368,23,368,23,370,25,371,28,371,31,371,32,370,32,368,32,368,32,366,32,365,32,365,32,363,32,361,32,361,32,360,31,359,28,358
161,12,158,12,156,13,156,15,161,15,165,15,165,13,165,12,161,12
