537,10,536,11,533,12,528,12,528,12,524,12,521,11,519,10,475,10,475,12,475,12,475,13,475,15,475,15,475,16,474,18,471,18,468,18,466,16,465,15,462,15,459,14,457,13,457,12,457,12,457,10,234,10,10,10,10,193,13,194,14,195,14,196,14,196,14,198,16,199,19,200,22,199,23,198,25,197,28,196,31,196,32,195,34,194,37,193,40,194,41,195,42,196,45,196,48,197,50,198,50,200,50,200,50,201,51,202,54,203,57,203,59,204,60,205,63,206,68,206,68,206,72,206,75,207,76,208,78,209,81,209,84,210,85,211,87,212,90,212,94,212,94,212,99,212,103,212,103,212,107,212,112,212,112,212,116,212,121,212,121,212,125,212,128,212,130,211,131,210,134,209,138,209,138,209,143,209,146,210,147,211,146,212,143,212,140,213,138,214,137,215,134,216,130,216,130,216,125,216,122,216,121,217,119,218,116,219,113,219,112,221,110,222,107,222,103,222,103,222,99,222,94,222,94,222,90,222,87,223,85,224,84,225,81,225,76,225,76,225,72,225,69,225,68,224,66,223,63,222,60,222,59,221,59,219,59,219,59,217,57,216,54,216,51,216,50,217,48,218,45,219,42,219,41,221,41,222,41,222,41,224,40,225,37,225,34,226,32,227,32,229,32,229,32,230,32,232,32,232,32,234,32,235,32,235,32,237,32,238,32,238,32,240,32,242,32,242,32,243,32,245,32,245,32,246,31,248,28,248,25,248,23,246,23,245,23,245,23,243,22,242,19,242,16,241,14,240,14,238,14,238,14,237,13,236,10,235,10,316,13,317,14,318,14,319,14,319,14,321,16,322,19,323,22,323,23,324,23,326,23,326,23,327,23,329,23,329,23,331,22,332,19,332,14,332,14,332,10,332,10,401,10,470,94,470,94,468,90,468,87,468,85,467,87,466,90,465,93,466,94,467,94,468,99,468,102,469,103,470,112,470,112,468,112,468,112,467,113,466,116,465,119,466,121,467,121,468,121,468,121,470,156,470,156,468,156,468,156,467,158,466,161,465,165,465,165,465,169,465,172,466,174,467,174,468,174,468,174,470,402,470,630,470,630,148,627,148,626,149,624,150,621,151,618,151,617,153,615,154,612,154,609,155,608,156,606,157,603,157,600,158,599,159,598,160,595,161,592,160,590,159,589,158,586,157,583,157,581,156,581,154,581,154,581,153,581,151,581,151,581,149,580,148,577,148,574,148,572,149,572,151,572,151,572,153,571,154,568,154,565,155,564,156,564,157,564,157,564,159,562,160,559,161,556,161,555,162,555,164,555,164,555,165,553,167,550,167,546,167,546,167,541,167,538,167,537,165,536,164,533,164,528,164,528,164,524,164,521,164,519,165,518,167,515,167,512,167,510,165,510,164,510,164,510,162,510,161,510,161,510,159,510,157,510,157,510,156,510,154,510,154,510,153,512,151,515,151,518,151,519,153,521,154,524,154,527,154,528,153,530,151,533,151,536,151,537,153,538,154,541,154,546,154,546,154,550,154,553,154,555,153,555,151,555,151,555,149,555,148,555,148,555,146,553,145,550,144,546,144,546,144,541,144,538,144,537,143,536,142,533,141,530,141,528,140,528,138,528,138,528,136,530,135,533,135,536,134,537,133,537,131,537,131,537,130,537,128,537,128,537,127,537,125,537,125,537,123,538,122,541,122,544,121,546,120,546,119,546,119,546,117,547,116,550,115,553,116,555,117,556,118,559,119,564,119,564,119,568,119,572,119,572,119,577,119,581,119,581,119,586,119,589,119,590,120,590,122,590,122,590,123,590,125,590,125,590,127,590,128,590,128,590,130,590,131,590,131,590,133,590,135,590,135,590,136,590,138,595,138,599,138,599,138,603,138,606,138,608,140,609,141,612,141,615,141,617,140,618,138,621,138,626,138,626,138,630,138,630,74,630,10,537,10
612,115,608,115,608,115,603,115,600,116,599,117,599,119,599,119,599,120,600,121,603,122,606,121,608,120,609,119,612,119,615,118,617,117,615,116,612,115
603,125,600,126,599,127,600,128,603,128,606,128,608,127,606,126,603,125
577,313,574,313,572,315,572,316,572,316,572,318,572,319,572,319,572,321,572,323,572,323,572,324,572,326,572,326,572,327,572,329,572,329,572,331,572,332,572,332,572,334,574,335,577,336,580,335,581,334,581,332,581,332,581,331,581,329,581,329,581,327,581,326,581,326,581,324,581,323,581,323,581,321,581,319,581,319,581,318,581,316,581,316,581,315,580,313,577,313
533,430,530,430,528,431,527,432,524,433,521,433,519,434,519,436,519,436,519,438,519,439,519,439,519,441,519,442,519,442,519,444,521,445,524,446,528,446,528,446,533,446,536,445,537,444,537,442,537,442,537,441,537,439,537,439,537,438,537,436,537,436,537,434,537,433,537,433,537,431,536,430,533,430
515,138,512,138,510,140,512,141,515,141,518,141,519,140,518,138,515,138
382,271,379,271,378,272,376,273,373,274,370,275,369,276,369,277,369,277,369,279,367,280,364,280,361,281,360,282,360,284,360,284,360,285,360,287,360,287,360,289,358,290,355,290,352,291,351,292,352,293,355,293,360,293,360,293,364,293,367,293,369,292,369,290,369,290,369,289,369,287,369,287,369,285,370,284,373,284,376,283,378,282,379,281,382,280,385,280,386,279,386,277,386,277,386,276,386,274,386,274,386,272,385,271,382,271
311,89,307,89,307,89,302,89,299,90,298,91,296,92,293,93,289,93,289,93,285,93,280,93,280,93,276,93,273,93,271,94,271,96,267,96,264,96,262,97,264,99,267,99,270,99,271,97,271,96,276,96,280,96,280,96,285,96,288,96,289,97,290,99,293,99,296,99,298,97,299,96,302,96,305,95,307,94,308,93,311,93,314,92,316,91,314,90,311,89
267,187,264,187,262,188,262,190,258,190,254,190,254,190,249,190,245,190,245,190,240,190,237,190,236,191,234,192,231,193,228,194,227,195,226,196,223,196,220,197,218,198,218,200,214,200,211,200,209,201,211,202,214,203,217,202,218,201,218,200,223,200,227,200,227,200,231,200,234,199,236,198,237,197,240,196,245,196,245,196,249,196,252,196,254,195,255,194,258,193,261,192,262,191,262,190,267,190,270,189,271,188,270,187,267,187
223,404,220,404,218,405,220,406,223,407,226,406,227,405,226,404,223,404
196,397,192,397,192,397,187,397,184,398,183,399,184,400,187,400,190,401,192,402,193,403,196,404,199,403,200,402,200,400,200,400,200,399,199,398,196,397
169,384,166,384,165,383,164,381,161,381,156,381,156,381,152,381,147,381,147,381,143,381,140,380,138,379,137,378,134,378,130,378,130,378,125,378,122,377,121,376,119,375,116,374,113,374,112,373,110,372,107,371,104,371,103,370,102,368,99,368,94,368,94,368,90,368,87,367,85,366,84,365,81,365,78,364,76,363,75,362,72,361,69,361,68,360,66,359,63,358,60,358,59,357,57,356,54,355,51,354,50,353,48,352,45,352,42,351,41,350,41,349,41,349,41,347,40,346,37,345,34,345,32,344,32,342,32,342,32,340,31,339,28,339,25,338,23,337,22,336,19,336,16,336,14,337,14,339,14,339,14,340,14,342,14,342,14,344,16,345,19,345,22,346,23,347,23,349,23,349,23,350,25,351,28,352,31,352,32,353,32,355,32,355,32,357,34,358,37,358,40,359,41,360,42,361,45,361,48,362,50,363,50,365,50,365,50,366,51,367,54,368,57,369,59,370,59,371,59,371,59,373,60,374,63,374,68,374,68,374,72,374,75,375,76,376,78,377,81,378,85,378,85,378,90,378,93,378,94,379,96,380,99,381,103,381,103,381,107,381,110,381,112,383,113,384,116,384,121,384,121,384,125,384,130,384,130,384,134,384,137,385,138,386,140,387,143,387,146,388,147,389,147,391,147,391,147,392,149,393,152,394,155,393,156,392,158,391,161,391,164,390,165,389,166,388,169,387,172,387,174,386,172,385,169,384
54,423,51,424,50,425,51,426,54,426,57,426,59,425,57,424,54,423
19,206,16,207,14,208,14,209,14,209,14,211,16,212,19,212,22,212,23,211,23,209,23,209,23,208,22,207,19,206
586,138,581,138,581,138,577,138,574,139,572,140,571,141,568,141,565,142,564,143,565,144,568,144,572,144,572,144,577,144,580,144,581,143,583,142,586,141,589,141,590,140,590,138,586,138
577,131,574,132,572,133,574,134,577,135,580,134,581,133,580,132,577,131
568,122,565,122,564,123,565,124,568,125,571,124,572,123,571,122,568,122
