10,219,13,219,14,221,14,222,14,222,14,224,14,225,14,225,14,227,16,228,19,229,22,229,23,230,25,231,28,232,31,232,32,234,34,235,37,235,40,236,41,237,42,238,45,238,48,239,50,240,50,242,50,242,50,243,48,244,45,245,42,244,41,243,40,242,37,242,34,241,32,240,31,239,28,238,25,238,23,237,22,236,19,235,16,235,14,234,13,232,10,232,10,268,13,268,14,269,16,270,19,271,22,271,23,272,22,273,19,274,14,274,14,274,10,274,10,372,10,470,378,470,378,468,378,468,378,467,379,466,382,465,385,465,386,464,386,462,386,462,386,460,386,459,386,459,386,457,385,456,382,455,378,455,378,455,373,455,369,455,369,455,364,455,360,455,360,455,355,455,351,455,351,455,347,455,342,455,342,455,338,455,335,455,333,454,332,453,329,452,326,452,324,451,323,449,320,449,316,449,316,449,311,449,308,448,307,447,305,446,302,446,298,446,298,446,293,446,290,445,289,444,288,443,285,442,282,442,280,441,279,440,276,439,273,439,271,438,270,437,267,436,262,436,262,436,258,436,254,436,254,436,249,436,246,435,245,434,245,433,245,433,245,431,243,430,240,430,237,429,236,428,234,427,231,426,228,426,227,425,226,424,223,423,218,423,218,423,214,423,209,423,209,423,205,423,200,423,200,423,196,423,193,422,192,421,190,420,187,420,184,419,183,418,183,417,183,417,183,415,183,413,183,413,183,412,181,411,178,410,175,410,174,408,174,407,174,407,174,405,174,404,174,404,174,402,175,401,178,400,181,401,183,402,183,404,183,404,183,405,184,406,187,407,190,407,192,408,193,410,196,410,199,411,200,412,202,413,205,413,209,413,209,413,214,413,218,413,218,413,223,413,227,413,227,413,231,413,234,414,236,415,234,416,231,417,228,417,227,418,228,419,231,420,234,420,236,421,237,422,240,423,245,423,245,423,249,423,254,423,254,423,258,423,261,424,262,425,264,426,267,426,270,427,271,428,273,429,276,430,280,430,280,430,285,430,288,430,289,431,290,432,293,433,296,433,298,434,299,435,302,436,307,436,307,436,311,436,314,437,316,438,317,439,320,439,324,439,324,439,329,439,332,440,333,441,335,442,338,442,341,443,342,444,344,445,347,446,350,446,351,447,352,448,355,449,360,449,360,449,364,449,369,449,369,449,373,449,378,449,378,449,382,449,386,449,386,449,391,449,394,449,395,451,397,452,400,452,404,452,404,452,409,452,412,453,413,454,413,455,413,455,413,457,413,459,413,459,413,460,412,461,409,462,406,462,404,464,404,465,404,465,404,467,404,468,404,468,404,470,519,470,521,469,524,468,527,469,528,470,579,470,630,470,630,240,630,10,320,10,10,10,10,219
621,112,618,113,617,114,615,115,612,115,609,116,608,117,606,118,603,119,599,119,599,119,595,119,592,119,590,120,589,121,586,122,583,122,581,123,580,124,577,125,572,125,572,125,568,125,565,124,564,123,562,122,559,122,556,122,555,123,555,125,555,125,555,127,555,128,555,128,555,130,556,131,559,131,562,131,564,130,565,129,568,128,572,128,572,128,577,128,581,128,581,128,586,128,589,128,590,127,592,126,595,125,598,124,599,123,600,122,603,122,608,122,608,122,612,122,615,121,617,120,618,119,621,119,624,118,626,117,626,115,626,115,626,114,624,113,621,112
541,144,538,145,537,146,538,147,541,148,544,147,546,146,544,145,541,144
524,57,521,58,519,59,521,60,524,60,527,60,528,59,527,58,524,57
515,115,510,115,510,115,506,115,503,115,502,114,502,112,502,112,502,110,502,109,502,109,502,107,500,106,497,106,494,106,493,107,493,109,493,109,493,110,491,111,488,112,485,113,484,114,484,115,484,115,484,117,482,118,479,119,476,119,475,120,475,122,475,122,475,123,476,124,479,125,484,125,484,125,488,125,491,124,493,123,494,122,497,122,502,122,502,122,506,122,509,122,510,123,512,124,515,125,518,124,519,123,519,122,519,122,519,120,519,119,519,119,519,117,518,116,515,115
506,242,503,242,502,243,500,244,497,245,494,245,493,246,494,248,497,248,502,248,502,248,506,248,509,248,510,246,510,245,510,245,510,243,509,242,506,242
488,18,485,18,484,16,482,15,479,15,476,15,475,16,475,18,475,18,475,20,476,21,479,21,484,21,484,21,488,21,491,21,493,20,491,19,488,18
471,135,468,135,466,136,468,137,471,138,474,137,475,136,474,135,471,135
462,102,459,103,457,104,459,105,462,106,465,105,466,104,465,103,462,102
444,89,441,90,440,91,440,93,440,93,440,94,440,96,435,96,432,96,431,97,431,99,431,99,431,101,431,102,431,102,431,104,431,106,431,106,431,107,431,109,431,109,431,110,432,112,435,112,438,112,440,110,440,109,440,109,440,107,440,106,440,106,440,104,440,102,440,102,440,101,440,99,440,99,440,97,440,96,444,96,447,95,448,94,448,93,448,93,448,91,447,90,444,89
435,83,431,83,431,81,429,80,426,80,422,80,422,80,417,80,414,80,413,81,414,82,417,83,422,83,422,83,426,83,431,83,431,85,431,86,426,86,423,87,422,88,422,89,422,89,422,91,423,92,426,93,429,92,431,91,431,89,431,89,431,88,431,86,435,86,438,86,440,85,438,83,435,83
417,99,414,100,413,101,414,102,417,102,420,102,422,101,420,100,417,99
409,345,406,346,404,347,404,349,404,349,404,350,406,351,409,352,412,351,413,350,413,349,413,349,413,347,412,346,409,345
373,141,370,142,369,143,367,144,364,144,361,145,360,146,361,147,364,148,369,148,369,148,373,148,376,147,378,146,378,144,378,144,378,143,376,142,373,141
347,73,342,73,342,73,338,73,333,73,333,72,332,70,329,70,326,70,324,72,326,73,329,73,333,73,333,75,335,76,338,76,342,76,342,76,347,76,350,76,351,75,350,74,347,73
293,44,290,43,289,42,288,41,285,41,282,41,280,42,280,44,280,44,280,46,280,47,280,47,280,49,282,50,285,50,289,50,289,50,293,50,296,50,298,49,298,47,298,47,298,46,296,45,293,44
267,34,264,34,262,33,261,32,258,31,255,32,254,33,254,34,254,34,254,36,254,38,254,38,254,39,255,40,258,41,261,40,262,39,264,38,267,38,270,37,271,36,270,35,267,34
240,34,237,35,236,36,237,37,240,38,243,37,245,36,243,35,240,34
231,112,228,111,227,110,227,109,227,109,227,107,227,106,227,106,227,104,226,103,223,102,218,102,218,102,214,102,209,102,209,102,205,102,202,103,200,104,199,105,196,106,192,106,192,106,187,106,183,106,183,104,183,102,183,102,183,101,183,99,183,99,183,97,181,96,178,96,175,96,174,97,174,99,174,99,174,101,174,102,174,102,174,104,175,105,178,106,183,106,183,107,184,108,187,109,190,109,192,110,193,112,196,112,199,113,200,114,200,115,200,115,200,117,202,118,205,119,209,119,209,119,214,119,218,119,218,119,223,119,226,118,227,117,228,116,231,115,234,115,236,114,234,113,231,112
196,96,193,96,192,97,193,99,196,99,199,99,200,97,199,96,196,96
187,381,183,381,183,381,178,381,175,380,174,379,172,378,169,378,165,378,165,378,161,378,158,377,156,376,158,375,161,374,165,374,165,374,169,374,172,374,174,373,172,372,169,371,166,371,165,370,164,368,161,368,158,367,156,366,155,365,152,365,149,364,147,363,147,361,147,361,147,360,147,358,147,358,147,357,146,356,143,355,138,355,138,355,134,355,131,356,130,357,130,358,130,358,130,360,130,361,130,361,130,363,130,365,130,365,130,366,131,367,134,368,137,369,138,370,140,371,143,371,146,372,147,373,146,374,143,374,140,375,138,376,140,377,143,378,146,378,147,379,149,380,152,381,155,381,156,383,158,384,161,384,165,384,165,384,169,384,172,385,174,386,175,387,178,387,181,387,183,386,184,385,187,384,190,384,192,383,190,381,187,381
161,280,158,281,156,282,158,283,161,284,164,283,165,282,164,281,161,280
152,112,149,111,147,110,147,109,147,109,147,107,147,106,147,106,147,104,147,102,147,102,147,101,147,99,147,99,147,97,147,96,147,96,147,94,147,93,147,93,147,91,147,89,147,89,147,88,147,86,147,86,147,85,147,83,147,83,147,81,147,80,147,80,147,78,147,76,147,76,147,75,147,73,147,73,147,72,147,70,147,70,147,68,146,67,143,67,140,67,138,68,138,70,138,70,138,72,138,73,138,73,138,75,138,76,138,76,138,78,137,79,134,80,131,80,130,81,130,83,130,83,130,85,130,86,130,86,130,88,131,89,134,89,137,90,138,91,137,92,134,93,131,93,130,94,130,96,130,96,130,97,130,99,130,99,130,101,130,102,130,102,130,104,130,106,130,106,130,107,131,108,134,109,137,109,138,110,138,112,138,112,138,114,138,115,138,115,138,117,138,119,138,119,138,120,140,121,143,122,146,122,147,123,147,125,147,125,147,127,149,128,152,128,155,128,156,127,156,125,156,125,156,123,156,122,156,122,156,120,156,119,156,119,156,117,156,115,156,115,156,114,155,113,152,112
81,261,78,262,76,263,78,264,81,264,84,264,85,263,84,262,81,261
