475,10,475,12,475,12,475,13,476,14,479,15,482,14,484,13,485,12,488,12,493,12,493,12,497,12,502,12,502,12,506,12,510,12,510,12,515,12,518,12,519,13,521,14,524,15,527,15,528,16,527,18,524,18,521,19,519,20,519,21,519,21,519,23,518,24,515,25,510,25,510,25,506,25,503,25,502,26,500,27,497,28,494,27,493,26,491,25,488,25,484,25,484,25,479,25,476,25,475,26,474,27,471,28,466,28,466,28,462,28,459,27,457,26,457,25,457,25,457,23,457,21,457,21,457,20,456,19,453,18,448,18,448,18,444,18,440,18,440,18,435,18,431,18,431,18,426,18,422,18,422,18,417,18,413,18,413,18,409,18,406,18,404,16,404,15,400,15,397,15,395,16,395,18,395,18,395,20,394,21,391,21,388,21,386,20,386,18,386,18,386,16,386,15,386,15,386,13,386,12,386,12,386,10,360,10,361,11,364,12,367,12,369,13,369,15,369,15,369,16,367,18,364,18,361,18,360,16,358,15,355,15,352,14,351,13,350,12,347,12,344,11,342,10,333,10,333,12,333,12,333,13,333,15,333,15,333,16,333,18,333,18,333,20,333,21,333,21,333,23,333,25,333,25,333,26,333,28,333,28,333,29,333,31,333,31,333,33,333,34,333,34,333,36,332,37,329,38,326,37,324,36,323,35,320,34,316,34,316,34,311,34,307,34,307,34,302,34,299,35,298,36,296,37,293,38,289,38,289,38,285,38,282,37,280,36,279,35,276,34,273,35,271,36,270,37,267,38,262,38,262,38,258,38,255,37,254,36,252,35,249,34,245,34,245,34,240,34,236,34,236,34,231,34,228,34,227,33,228,32,231,31,236,31,236,31,240,31,245,31,245,31,249,31,252,31,254,29,255,28,258,28,262,28,262,28,267,28,270,27,271,26,270,25,267,25,264,24,262,23,261,22,258,21,254,21,254,21,249,21,246,21,245,20,243,19,240,18,236,18,236,18,231,18,228,18,227,16,227,15,227,15,227,13,227,12,227,12,227,10,209,10,209,12,214,12,217,12,218,13,218,15,218,15,218,16,217,18,214,18,211,18,209,16,209,15,209,15,209,13,209,12,205,12,202,12,200,13,199,14,196,15,193,14,192,13,190,12,187,12,184,11,183,10,96,10,10,10,10,240,10,470,85,470,87,469,90,468,93,469,94,470,324,470,324,468,324,468,324,467,323,466,320,465,317,465,316,464,317,462,320,462,323,461,324,460,326,459,329,459,332,458,333,457,335,456,338,455,341,455,342,454,342,452,342,452,342,451,344,449,347,449,350,448,351,447,352,446,355,446,358,445,360,444,361,443,364,442,367,442,369,441,370,440,373,439,376,440,378,441,378,442,378,442,378,444,379,445,382,446,385,446,386,447,386,449,386,449,386,451,386,452,386,452,386,454,386,455,386,455,386,457,386,459,386,459,386,460,388,461,391,462,394,462,395,464,395,465,395,465,395,467,395,468,395,468,395,470,404,470,404,468,404,468,404,467,404,465,404,465,404,464,404,462,404,462,404,460,406,459,409,459,413,459,413,459,417,459,420,459,422,460,422,462,422,462,422,464,422,465,422,465,422,467,422,468,422,468,422,470,526,470,630,470,630,60,627,60,626,59,627,58,630,57,630,33,630,10,475,10
612,115,609,116,608,117,609,118,612,119,615,118,617,117,615,116,612,115
524,148,519,148,519,146,518,145,515,144,512,145,510,146,512,147,515,148,519,148,519,149,521,150,524,151,527,150,528,149,527,148,524,148
497,31,494,32,493,33,493,34,493,34,493,36,494,37,497,38,500,37,502,36,502,34,502,34,502,33,500,32,497,31
462,222,459,222,457,221,456,219,453,219,448,219,448,217,447,216,444,216,441,216,440,217,441,218,444,219,448,219,448,221,448,222,448,222,448,224,450,225,453,225,456,226,457,227,459,228,462,229,465,228,466,227,466,225,466,225,466,224,465,223,462,222
435,400,431,400,431,400,426,400,423,400,422,399,422,397,422,397,422,395,420,394,417,394,413,394,413,394,409,394,406,393,404,392,403,391,400,391,395,391,395,391,391,391,388,391,386,392,386,394,386,394,386,395,386,397,386,397,386,399,388,400,391,400,395,400,395,400,400,400,404,400,404,400,409,400,412,401,413,402,414,403,417,404,422,404,422,404,426,404,429,404,431,405,432,406,435,407,438,406,440,405,440,404,440,404,440,402,438,401,435,400
409,76,404,76,404,75,403,74,400,73,397,73,395,72,394,70,391,70,388,70,386,72,386,73,386,73,386,75,388,76,391,76,395,76,395,76,400,76,404,76,404,78,406,79,409,80,412,79,413,78,412,77,409,76
400,106,395,106,395,106,391,106,388,105,386,104,385,103,382,102,378,102,378,102,373,102,370,103,369,104,369,106,364,106,360,106,360,104,358,103,355,102,351,102,351,102,347,102,344,103,342,104,344,105,347,106,351,106,351,106,355,106,360,106,360,107,360,109,355,109,351,109,351,109,347,109,342,109,342,109,338,109,335,109,333,110,332,111,329,112,326,113,324,114,326,115,329,115,333,115,333,115,338,115,341,115,342,114,344,113,347,112,351,112,351,112,355,112,358,112,360,110,360,109,364,109,367,108,369,107,369,106,373,106,376,106,378,107,379,108,382,109,385,109,386,110,388,112,391,112,394,112,395,110,397,109,400,109,403,108,404,107,403,106,400,106
382,57,378,57,378,57,373,57,369,57,369,57,364,57,360,57,360,55,358,54,355,54,352,54,351,55,352,56,355,57,360,57,360,59,361,60,364,60,367,61,369,62,370,63,373,63,376,63,378,62,379,61,382,60,385,60,386,59,385,58,382,57
364,25,361,25,360,26,360,28,360,28,360,29,360,31,355,31,352,32,351,33,352,34,355,34,358,34,360,33,360,31,364,31,367,31,369,29,369,28,369,28,369,26,367,25,364,25
364,41,361,41,360,42,360,44,360,44,360,46,361,47,364,47,367,47,369,46,369,44,369,44,369,42,367,41,364,41
355,381,351,381,351,381,347,381,342,381,342,381,338,381,333,381,333,381,329,381,326,381,324,383,323,384,320,384,316,384,316,384,311,384,308,385,307,386,305,387,302,387,299,388,298,389,296,390,293,391,290,391,289,392,288,393,285,394,282,394,280,395,282,397,285,397,289,397,289,397,293,397,296,397,298,395,299,394,302,394,307,394,307,394,311,394,314,393,316,392,317,391,320,391,324,391,324,391,329,391,332,390,333,389,335,388,338,387,342,387,342,387,347,387,350,387,351,386,352,385,355,384,358,384,360,383,358,381,355,381
311,67,308,67,307,68,308,69,311,70,314,69,316,68,314,67,311,67
276,41,271,41,271,41,267,41,262,41,262,41,258,41,254,41,254,41,249,41,246,41,245,42,246,43,249,44,254,44,254,44,258,44,261,45,262,46,264,47,267,47,270,47,271,46,273,45,276,44,279,43,280,42,279,41,276,41
231,25,227,25,227,23,226,22,223,21,220,22,218,23,220,24,223,25,227,25,227,26,228,27,231,28,234,27,236,26,234,25,231,25
214,44,211,43,209,42,208,41,205,41,202,41,200,42,200,44,200,44,200,46,202,47,205,47,209,47,209,47,214,47,217,47,218,46,217,45,214,44
205,31,200,31,200,29,199,28,196,28,192,28,192,26,190,25,187,25,184,25,183,26,184,27,187,28,192,28,192,29,193,31,196,31,200,31,200,33,202,34,205,34,208,34,209,33,208,32,205,31
178,15,175,15,174,16,175,18,178,18,181,18,183,16,181,15,178,15
125,342,121,342,121,340,121,339,121,339,121,337,121,336,121,336,121,334,121,332,121,332,121,331,119,330,116,329,113,329,112,327,110,326,107,326,104,326,103,327,103,329,103,329,103,331,103,332,103,332,103,334,103,336,103,336,103,337,104,338,107,339,110,339,112,340,113,342,116,342,121,342,121,344,122,345,125,345,128,345,130,344,128,343,125,342
457,10,459,11,462,12,465,11,466,10,457,10
404,10,404,12,404,12,404,13,404,15,409,15,412,14,413,13,413,12,413,12,413,10,404,10
236,10,237,11,240,12,245,12,245,12,249,12,252,11,254,10,236,10
311,21,308,22,307,23,308,24,311,25,314,24,316,23,314,22,311,21
285,18,280,18,280,18,276,18,273,19,271,20,273,21,276,21,280,21,280,21,285,21,288,21,289,20,288,19,285,18
