555,10,556,11,559,12,562,12,564,13,564,15,564,15,564,16,565,18,568,18,571,19,572,20,572,21,572,21,572,23,574,24,577,25,580,25,581,26,583,27,586,28,589,28,590,29,590,31,590,31,590,33,590,34,590,34,590,36,590,38,590,38,590,39,589,40,586,41,581,41,581,42,581,44,586,44,589,45,590,46,590,47,590,47,590,49,590,50,590,50,590,52,590,54,590,54,590,55,592,56,595,57,598,58,599,59,598,60,595,60,592,61,590,62,589,63,586,63,581,63,581,63,577,63,574,64,572,65,572,67,577,67,580,67,581,68,580,69,577,70,574,69,572,68,572,67,568,67,565,67,564,68,564,70,564,70,564,72,562,73,559,73,556,73,555,72,553,70,550,70,546,70,546,70,541,70,538,69,537,68,536,67,533,67,530,66,528,65,530,64,533,63,536,63,537,62,537,60,537,60,537,59,537,57,537,57,537,55,537,54,537,54,537,52,537,50,537,50,537,49,537,47,537,47,537,46,537,44,537,44,537,42,538,41,541,41,544,40,546,39,546,38,546,38,546,36,544,35,541,34,538,34,537,33,537,31,533,31,530,31,528,29,530,28,533,28,536,28,537,29,537,31,541,31,544,31,546,29,546,28,546,28,546,26,546,25,546,25,546,23,546,21,546,21,546,20,546,18,546,18,546,16,546,15,546,15,546,13,544,12,541,12,538,11,537,10,273,10,10,10,10,313,14,313,14,313,19,313,23,313,23,313,28,313,31,313,32,315,32,316,32,316,32,318,32,319,32,319,32,321,31,322,28,323,25,323,23,324,23,326,23,326,23,327,22,329,19,329,16,330,14,331,13,332,10,332,10,401,10,470,103,470,104,469,107,468,112,468,112,468,116,468,121,468,121,468,125,468,128,469,130,470,484,470,484,468,484,468,484,467,485,466,488,465,491,466,493,467,494,468,497,468,500,469,502,470,566,470,630,470,630,240,630,10,555,10
621,86,618,87,617,88,618,89,621,89,624,89,626,88,624,87,621,86
603,86,600,87,599,88,600,89,603,89,606,89,608,88,606,87,603,86
595,102,592,102,590,101,590,99,590,99,590,97,589,96,586,96,583,96,581,97,581,99,581,99,581,101,581,102,581,102,581,104,581,106,581,106,581,107,581,109,581,109,581,110,581,112,581,112,581,114,583,115,586,115,589,115,590,114,592,113,595,112,598,112,599,110,599,109,599,109,599,107,599,106,599,106,599,104,598,103,595,102
586,76,583,77,581,78,581,80,581,80,581,81,583,82,586,83,589,82,590,81,590,80,590,80,590,78,589,77,586,76
568,83,564,83,564,83,559,83,556,83,555,85,556,86,559,86,564,86,564,86,568,86,571,86,572,85,571,83,568,83
568,115,565,116,564,117,562,118,559,119,556,119,555,120,555,122,555,122,555,123,555,125,555,125,555,127,555,128,555,128,555,130,555,131,555,131,555,133,556,134,559,135,562,134,564,133,565,132,568,131,571,131,572,130,572,128,572,128,572,127,571,126,568,125,565,124,564,123,565,122,568,122,571,121,572,120,572,119,572,119,572,117,571,116,568,115
568,167,565,167,564,165,564,164,564,164,564,162,562,161,559,161,556,160,555,159,553,158,550,157,546,157,546,157,541,157,538,157,537,156,536,155,533,154,530,154,528,153,527,151,524,151,519,151,519,151,515,151,510,151,510,149,510,148,510,148,510,146,510,144,510,144,510,143,510,141,510,141,510,140,510,138,515,138,518,139,519,140,519,141,519,141,519,143,519,144,519,144,519,146,521,147,524,148,528,148,528,148,533,148,536,147,537,146,538,145,541,144,544,144,546,143,546,141,546,141,546,140,544,138,541,138,538,137,537,136,537,135,537,135,537,133,537,131,537,131,537,130,538,129,541,128,544,128,546,127,546,125,546,125,546,123,544,122,541,122,538,121,537,120,536,119,533,119,530,118,528,117,528,115,528,115,528,114,527,113,524,112,519,112,519,112,515,112,512,113,510,114,512,115,515,115,518,116,519,117,519,119,519,119,519,120,519,122,519,122,519,123,521,124,524,125,527,126,528,127,527,128,524,128,521,129,519,130,518,131,515,131,512,131,510,130,510,128,510,128,510,127,509,126,506,125,503,126,502,127,502,128,502,128,502,130,500,131,497,131,493,131,493,131,488,131,484,131,484,131,479,131,476,131,475,130,475,128,475,128,475,127,475,125,479,125,484,125,484,125,488,125,491,124,493,123,491,122,488,122,485,121,484,120,484,119,488,119,491,118,493,117,493,115,493,115,493,114,491,113,488,112,485,113,484,114,484,115,484,115,484,117,484,119,479,119,476,119,475,120,475,122,475,122,475,123,475,125,471,125,466,125,466,123,466,122,466,122,466,120,466,119,466,119,466,117,466,115,466,115,466,114,466,112,466,112,466,110,468,109,471,109,474,108,475,107,475,106,475,106,475,104,474,103,471,102,468,103,466,104,465,105,462,106,459,106,457,107,457,109,457,109,457,110,457,112,457,112,457,114,457,115,457,115,457,117,457,119,457,119,457,120,457,122,457,122,457,123,459,124,462,125,466,125,466,127,466,128,466,128,466,130,465,131,462,131,459,132,457,133,457,135,457,135,457,136,459,137,462,138,465,137,466,136,468,135,471,135,475,135,475,135,479,135,484,135,484,135,488,135,493,135,493,135,497,135,502,135,502,135,506,135,509,135,510,136,510,138,506,138,503,138,502,140,502,141,502,141,502,143,502,144,502,144,502,146,502,148,502,148,502,149,502,151,497,151,494,150,493,149,491,148,488,148,485,148,484,149,484,151,484,151,484,153,485,154,488,154,493,154,493,154,497,154,500,154,502,153,502,151,506,151,510,151,510,153,510,154,510,154,510,156,510,157,510,157,510,159,510,161,510,161,510,162,510,164,506,164,503,164,502,165,503,167,506,167,509,167,510,165,510,164,515,164,518,164,519,165,521,167,524,167,528,167,528,167,533,167,537,167,537,167,541,167,544,168,546,169,546,170,546,170,546,172,547,173,550,174,555,174,555,174,559,174,562,174,564,175,565,176,568,177,571,176,572,175,572,174,572,174,572,172,572,170,572,170,572,169,571,168,568,167
559,106,556,106,555,107,556,108,559,109,562,108,564,107,562,106,559,106
533,268,530,268,528,269,528,271,528,271,528,272,528,274,528,274,528,276,528,277,528,277,528,279,528,280,528,280,528,282,528,284,528,284,528,285,530,286,533,287,536,286,537,285,537,284,537,284,537,282,537,280,537,280,537,279,537,277,537,277,537,276,537,274,537,274,537,272,537,271,537,271,537,269,536,268,533,268
515,21,512,22,510,23,512,24,515,25,518,24,519,23,518,22,515,21
515,433,512,433,510,434,512,435,515,436,518,435,519,434,518,433,515,433
506,420,502,420,502,418,502,417,502,417,502,415,502,413,502,413,502,412,500,411,497,410,493,410,493,408,493,407,493,407,493,405,493,404,493,404,493,402,491,401,488,400,485,401,484,402,484,404,484,404,484,405,484,407,484,407,484,408,485,410,488,410,493,410,493,412,493,413,493,413,493,415,493,417,493,417,493,418,494,419,497,420,502,420,502,421,502,423,502,423,502,425,502,426,502,426,502,428,503,429,506,430,509,429,510,428,510,426,510,426,510,425,510,423,510,423,510,421,509,420,506,420
497,47,493,47,493,47,488,47,485,48,484,49,482,50,479,50,476,51,475,52,476,53,479,54,484,54,484,54,488,54,491,54,493,55,494,56,497,57,500,56,502,55,502,54,502,54,502,52,502,50,502,50,502,49,500,48,497,47
497,106,494,106,493,107,494,108,497,109,500,108,502,107,500,106,497,106
488,141,484,141,484,141,479,141,475,141,475,141,471,141,468,142,466,143,468,144,471,144,475,144,475,144,479,144,484,144,484,144,488,144,491,144,493,143,491,142,488,141
488,381,484,381,484,379,484,378,484,378,484,376,482,375,479,374,476,375,475,376,475,378,475,378,475,379,476,380,479,381,484,381,484,383,484,384,484,384,484,386,484,387,484,387,484,389,485,390,488,391,491,390,493,389,493,387,493,387,493,386,493,384,493,384,493,383,491,381,488,381
479,41,476,40,475,39,474,38,471,38,468,38,466,39,466,41,466,41,466,42,465,43,462,44,459,45,457,46,459,47,462,47,466,47,466,47,471,47,474,47,475,46,476,45,479,44,482,43,484,42,482,41,479,41
471,459,468,458,466,457,465,456,462,455,459,455,457,454,456,453,453,452,450,452,448,451,447,449,444,449,441,448,440,447,438,446,435,446,432,445,431,444,431,442,431,442,431,441,431,439,431,439,431,438,429,437,426,436,423,435,422,434,420,433,417,433,413,433,413,433,409,433,406,433,404,434,406,435,409,436,412,437,413,438,413,439,413,439,413,441,413,442,413,442,413,444,414,445,417,446,420,446,422,447,422,449,422,449,422,451,423,452,426,452,429,453,431,454,431,455,431,455,431,457,432,458,435,459,438,459,440,460,440,462,440,462,440,464,440,465,440,465,440,467,441,468,444,468,448,468,448,468,453,468,456,468,457,467,459,466,462,465,466,465,466,465,471,465,474,465,475,464,475,462,475,462,475,460,474,459,471,459
462,439,459,440,457,441,457,442,457,442,457,444,459,445,462,446,465,445,466,444,466,442,466,442,466,441,465,440,462,439
453,28,450,28,448,29,450,31,453,31,456,31,457,29,456,28,453,28
453,430,450,430,448,431,450,432,453,433,456,432,457,431,456,430,453,430
444,34,441,35,440,36,441,37,444,38,447,37,448,36,447,35,444,34
444,44,441,45,440,46,441,47,444,47,447,47,448,46,447,45,444,44
444,119,440,119,440,119,435,119,432,119,431,120,431,122,431,122,431,123,432,124,435,125,440,125,440,125,444,125,447,124,448,123,448,122,448,122,448,120,447,119,444,119
444,423,441,424,440,425,441,426,444,426,447,426,448,425,447,424,444,423
426,38,423,38,422,39,422,41,422,41,422,42,423,43,426,44,429,43,431,42,431,41,431,41,431,39,429,38,426,38
426,112,423,113,422,114,423,115,426,115,429,115,431,114,429,113,426,112
417,31,414,32,413,33,414,34,417,34,420,34,422,33,420,32,417,31
409,242,406,241,404,240,403,239,400,238,397,238,395,237,394,236,391,235,388,235,386,234,385,232,382,232,379,232,378,234,378,235,378,235,378,237,379,238,382,238,385,239,386,240,388,241,391,242,394,242,395,243,397,244,400,245,403,245,404,246,404,248,404,248,404,250,406,251,409,251,412,251,413,250,413,248,413,248,413,246,413,245,413,245,413,243,412,242,409,242
373,125,370,124,369,123,369,122,369,122,369,120,367,119,364,119,361,119,360,120,360,122,360,122,360,123,360,125,360,125,360,127,360,128,360,128,360,130,360,131,360,131,360,133,361,134,364,135,367,134,369,133,369,131,369,131,369,130,370,129,373,128,376,128,378,127,376,126,373,125
355,112,352,113,351,114,352,115,355,115,358,115,360,114,358,113,355,112
338,248,333,248,333,248,329,248,326,249,324,250,326,251,329,251,333,251,333,251,338,251,341,251,342,250,341,249,338,248
293,358,289,358,289,358,285,358,280,358,280,358,276,358,271,358,271,358,267,358,262,358,262,358,258,358,254,358,254,358,249,358,245,358,245,358,240,358,237,358,236,357,234,356,231,355,227,355,227,355,223,355,218,355,218,355,214,355,211,354,209,353,208,352,205,352,200,352,200,352,196,352,192,352,192,352,187,352,183,352,183,352,178,352,174,352,174,352,169,352,165,352,165,352,161,352,156,352,156,352,152,352,147,352,147,352,143,352,138,352,138,352,134,352,131,351,130,350,128,349,125,349,121,349,121,349,116,349,113,348,112,347,110,346,107,345,104,346,103,347,102,348,99,349,96,349,94,350,94,352,94,352,94,353,94,355,94,355,94,357,94,358,94,358,94,360,94,361,94,361,94,363,96,364,99,365,103,365,103,365,107,365,110,364,112,363,113,362,116,361,119,361,121,360,122,359,125,358,128,359,130,360,131,361,134,361,138,361,138,361,143,361,147,361,147,361,152,361,156,361,156,361,161,361,164,361,165,360,166,359,169,358,172,359,174,360,175,361,178,361,183,361,183,361,187,361,192,361,192,361,196,361,199,361,200,360,202,359,205,358,209,358,209,358,214,358,217,359,218,360,220,361,223,361,226,362,227,363,228,364,231,365,236,365,236,365,240,365,245,365,245,365,249,365,254,365,254,365,258,365,262,365,262,365,267,365,271,365,271,365,276,365,279,364,280,363,282,362,285,361,289,361,289,361,293,361,296,361,298,360,296,359,293,358
196,131,192,131,192,131,187,131,183,131,183,131,178,131,174,131,174,131,169,131,165,131,165,131,161,131,156,131,156,131,152,131,147,131,147,131,143,131,140,132,138,133,138,135,138,135,138,136,140,137,143,138,147,138,147,138,152,138,156,138,156,138,161,138,165,138,165,138,169,138,174,138,174,138,178,138,183,138,183,138,187,138,192,138,192,138,196,138,199,137,200,136,200,135,200,135,200,133,199,132,196,131
196,417,193,417,192,418,192,420,192,420,192,421,192,423,187,423,184,424,183,425,183,426,183,426,183,428,183,430,178,430,174,430,174,430,169,430,166,430,165,431,165,433,161,433,158,433,156,434,155,435,152,436,147,436,147,436,143,436,138,436,138,436,134,436,130,436,130,436,125,436,121,436,121,436,116,436,113,437,112,438,113,439,116,439,121,439,121,439,125,439,128,440,130,441,131,442,134,442,138,442,138,442,143,442,147,442,147,442,152,442,156,442,156,442,161,442,165,442,165,442,169,442,172,442,174,441,172,440,169,439,166,439,165,438,165,436,165,436,165,434,165,433,169,433,174,433,174,433,178,433,181,432,183,431,183,430,187,430,190,429,192,428,192,426,192,426,192,425,192,423,196,423,199,422,200,421,200,420,200,420,200,418,199,417,196,417
116,131,113,131,112,130,110,129,107,128,104,129,103,130,102,131,99,131,94,131,94,131,90,131,85,131,85,131,81,131,76,131,76,131,72,131,69,132,68,133,69,134,72,135,76,135,76,135,81,135,84,135,85,136,87,137,90,138,94,138,94,138,99,138,103,138,103,138,107,138,110,137,112,136,113,135,116,135,119,134,121,133,119,132,116,131
524,157,521,158,519,159,521,160,524,161,527,160,528,159,527,158,524,157
577,38,574,38,572,39,572,41,577,41,581,41,581,39,580,38,577,38
577,44,574,43,572,42,572,41,568,41,564,41,564,41,559,41,556,41,555,42,556,43,559,44,562,45,564,46,565,47,568,47,571,48,572,49,574,50,577,50,580,50,581,49,581,47,581,47,581,46,581,44,577,44
568,31,565,31,564,29,562,28,559,28,556,28,555,29,555,31,555,31,555,33,556,34,559,34,564,34,564,34,568,34,571,34,572,33,571,32,568,31
