519,10,521,11,524,12,527,12,528,13,528,15,528,15,528,16,530,18,533,18,536,19,537,20,536,21,533,21,530,22,528,23,527,24,524,25,521,25,519,26,518,27,515,28,512,27,510,26,510,25,510,25,510,23,510,21,510,21,510,20,510,18,510,18,510,16,509,15,506,15,502,15,502,15,497,15,493,15,493,15,488,15,485,15,484,16,482,18,479,18,476,19,475,20,474,21,471,21,468,21,466,20,465,19,462,18,459,19,457,20,456,21,453,21,448,21,448,21,444,21,441,21,440,20,440,18,440,18,440,16,438,15,435,15,432,15,431,16,429,18,426,18,423,18,422,16,420,15,417,15,414,15,413,16,413,18,413,18,413,20,413,21,413,21,413,23,412,24,409,25,406,24,404,23,404,21,404,21,404,20,404,18,404,18,404,16,404,15,404,15,404,13,403,12,400,12,397,12,395,13,394,14,391,15,388,15,386,16,386,18,386,18,386,20,386,21,386,21,386,23,385,24,382,25,378,25,378,25,373,25,369,25,369,25,364,25,361,25,360,26,358,27,355,28,352,27,351,26,351,25,351,25,351,23,350,22,347,21,342,21,342,21,338,21,335,22,333,23,333,25,333,25,333,26,333,28,333,28,333,29,332,31,329,31,326,32,324,33,323,34,320,34,316,34,316,34,311,34,308,34,307,33,305,32,302,31,299,32,298,33,298,34,298,34,298,36,296,37,293,38,290,37,289,36,288,35,285,34,282,34,280,33,279,32,276,31,273,31,271,29,270,28,267,28,262,28,262,28,258,28,255,28,254,29,254,31,254,31,254,33,254,34,258,34,261,35,262,36,261,37,258,38,255,37,254,36,254,34,249,34,245,34,245,34,240,34,237,35,236,36,234,37,231,38,227,38,227,38,223,38,218,38,218,38,214,38,211,37,209,36,209,34,209,34,209,33,208,32,205,31,202,31,200,29,200,28,200,28,200,26,199,25,196,25,193,24,192,23,192,21,192,21,192,20,192,18,192,18,192,16,190,15,187,15,184,14,183,13,183,12,183,12,183,10,96,10,10,10,10,240,10,470,386,470,386,468,386,468,386,467,386,465,386,465,386,464,386,462,386,462,386,460,386,459,386,459,386,457,386,455,386,455,386,454,386,452,386,452,386,451,386,449,386,449,386,447,386,446,386,446,386,444,386,442,386,442,386,441,388,440,391,439,394,440,395,441,395,442,395,442,395,444,397,445,400,446,403,446,404,447,403,448,400,449,397,449,395,451,397,452,400,452,403,453,404,454,404,455,404,455,404,457,406,458,409,459,413,459,413,459,417,459,420,459,422,460,422,462,422,462,422,464,422,465,422,465,422,467,422,468,422,468,422,470,608,470,608,468,608,468,608,467,608,465,608,465,608,464,608,462,608,462,608,460,609,459,612,459,615,458,617,457,617,455,617,455,617,454,618,453,621,452,624,453,626,454,626,455,626,455,626,457,626,459,626,459,626,460,624,461,621,462,618,462,617,464,617,465,617,465,617,467,617,468,617,468,617,470,623,470,630,470,630,248,627,248,626,246,627,245,630,245,630,127,630,10,519,10
612,115,609,116,608,117,608,119,603,119,600,119,599,120,600,121,603,122,606,121,608,120,608,119,612,119,615,118,617,117,615,116,612,115
612,287,609,288,608,289,608,290,608,290,608,292,609,293,612,293,615,293,617,292,617,290,617,290,617,289,615,288,612,287
603,144,599,144,599,144,595,144,592,145,590,146,589,147,586,148,581,148,581,148,577,148,574,148,572,149,572,151,572,151,572,153,574,154,577,154,581,154,581,154,586,154,590,154,590,154,595,154,598,154,599,153,600,151,603,151,606,150,608,149,608,148,608,148,608,146,606,145,603,144
577,34,572,34,572,34,568,34,565,35,564,36,565,37,568,38,572,38,572,38,577,38,580,37,581,36,580,35,577,34
541,135,537,135,537,135,533,135,528,135,528,135,524,135,519,135,519,135,515,135,512,135,510,136,510,138,510,138,510,140,510,141,510,141,510,143,512,144,515,144,518,145,519,146,519,148,519,148,519,149,521,150,524,151,527,150,528,149,530,148,533,148,537,148,537,148,541,148,544,147,546,146,546,144,546,144,546,143,546,141,546,141,546,140,546,138,546,138,546,136,544,135,541,135
515,31,512,32,510,33,512,34,515,34,518,34,519,33,518,32,515,31
497,44,494,43,493,42,491,41,488,41,484,41,484,41,479,41,476,41,475,42,475,44,475,44,475,46,474,47,471,47,468,48,466,49,466,50,466,50,466,52,466,54,466,54,466,55,468,56,471,57,475,57,475,57,479,57,482,58,484,59,485,60,488,60,491,60,493,59,493,57,493,57,493,55,493,54,493,54,493,52,494,51,497,50,500,50,502,49,502,47,502,47,502,46,500,45,497,44
497,63,494,64,493,65,494,66,497,67,500,66,502,65,500,64,497,63
497,99,494,100,493,101,494,102,497,102,500,102,502,101,500,100,497,99
488,76,484,76,484,76,479,76,476,77,475,78,476,79,479,80,484,80,484,80,488,80,491,79,493,78,491,77,488,76
453,47,448,47,448,46,447,45,444,44,441,45,440,46,441,47,444,47,448,47,448,49,450,50,453,50,456,50,457,49,456,48,453,47
444,67,441,67,440,68,440,70,440,70,440,72,440,73,440,73,440,75,441,76,444,76,447,76,448,75,448,73,448,73,448,72,448,70,448,70,448,68,447,67,444,67
444,89,441,90,440,91,441,92,444,93,447,92,448,91,447,90,444,89
444,365,440,365,440,365,435,365,431,365,431,365,426,365,422,365,422,365,417,365,414,365,413,366,412,367,409,368,406,368,404,370,406,371,409,371,413,371,413,371,417,371,422,371,422,371,426,371,431,371,431,371,435,371,438,371,440,370,441,369,444,368,447,367,448,366,447,365,444,365
426,70,423,70,422,72,422,73,422,73,422,75,420,76,417,76,413,76,413,75,412,74,409,73,406,73,404,72,403,70,400,70,397,69,395,68,394,67,391,67,386,67,386,65,385,64,382,63,378,63,378,62,379,61,382,60,385,60,386,59,386,57,386,57,386,55,385,54,382,54,379,53,378,52,376,51,373,50,370,51,369,52,369,54,369,54,369,55,367,56,364,57,361,58,360,59,361,60,364,60,367,61,369,62,370,63,373,63,378,63,378,65,379,66,382,67,386,67,386,68,386,70,386,70,386,72,388,73,391,73,394,74,395,75,397,76,400,76,404,76,404,76,409,76,413,76,413,78,414,79,417,80,422,80,422,80,426,80,429,79,431,78,431,76,431,76,431,75,431,73,431,73,431,72,429,70,426,70
426,209,422,209,422,208,420,207,417,206,413,206,413,206,409,206,404,206,404,206,400,206,395,206,395,206,391,206,388,205,386,204,385,203,382,203,379,203,378,204,378,206,378,206,378,208,379,209,382,209,385,210,386,211,388,212,391,212,394,212,395,211,397,210,400,209,404,209,404,209,409,209,413,209,413,209,417,209,422,209,422,211,423,212,426,212,429,212,431,211,429,210,426,209
417,99,414,100,413,101,413,102,413,102,413,104,414,105,417,106,420,105,422,104,422,102,422,102,422,101,420,100,417,99
400,358,397,359,395,360,395,361,395,361,395,363,397,364,400,365,403,364,404,363,404,361,404,361,404,360,403,359,400,358
382,358,378,358,378,358,373,358,369,358,369,358,364,358,361,359,360,360,358,361,355,361,351,361,351,361,347,361,342,361,342,361,338,361,335,362,333,363,332,364,329,365,324,365,324,365,320,365,317,365,316,366,316,368,316,368,316,370,316,371,316,371,316,373,316,374,311,374,308,375,307,376,308,377,311,378,314,377,316,376,316,374,320,374,323,374,324,373,326,372,329,371,332,371,333,370,335,369,338,368,342,368,342,368,347,368,351,368,351,368,355,368,358,367,360,366,361,365,364,365,369,365,369,365,373,365,376,364,378,363,379,362,382,361,385,361,386,360,385,359,382,358
364,44,360,44,360,42,360,41,360,41,360,39,360,38,360,38,360,36,358,35,355,34,352,35,351,36,351,38,351,38,351,39,351,41,351,41,351,42,352,43,355,44,360,44,360,46,361,47,364,47,367,47,369,46,367,45,364,44
355,76,352,76,351,75,350,74,347,73,344,73,342,72,341,70,338,70,333,70,333,70,329,70,326,69,324,68,323,67,320,67,317,67,316,68,314,69,311,70,308,70,307,72,308,73,311,73,316,73,316,73,320,73,324,73,324,73,329,73,332,74,333,75,335,76,338,76,341,77,342,78,344,79,347,80,350,80,351,81,352,82,355,83,358,82,360,81,360,80,360,80,360,78,358,77,355,76
338,54,333,54,333,54,329,54,326,54,324,55,326,56,329,57,333,57,333,57,338,57,341,56,342,55,341,54,338,54
320,76,316,76,316,76,311,76,308,77,307,78,308,79,311,80,316,80,316,80,320,80,323,79,324,78,323,77,320,76
125,339,122,338,121,337,121,336,121,336,121,334,119,333,116,332,113,333,112,334,110,335,107,336,104,336,103,337,103,339,103,339,103,340,104,342,107,342,110,343,112,344,112,345,112,345,112,347,113,348,116,349,121,349,121,349,125,349,128,348,130,347,130,345,130,345,130,344,130,342,130,342,130,340,128,339,125,339
369,10,370,11,373,12,376,11,378,10,369,10
245,10,246,11,249,12,252,11,254,10,245,10
524,138,521,139,519,140,521,141,524,141,527,141,528,140,527,139,524,138
338,15,335,15,333,16,335,18,338,18,341,18,342,16,341,15,338,15
