475,10,475,12,475,12,475,13,476,14,479,15,484,15,484,15,488,15,493,15,493,15,497,15,500,14,502,13,503,12,506,12,510,12,510,12,515,12,518,12,519,13,519,15,519,15,519,16,519,18,519,18,519,20,519,21,519,21,519,23,519,25,519,25,519,26,519,28,519,28,519,29,518,31,515,31,512,31,510,29,510,28,510,28,510,26,509,25,506,25,503,25,502,26,500,27,497,28,494,27,493,26,491,25,488,25,485,25,484,26,482,27,479,28,476,28,475,29,474,31,471,31,466,31,466,31,462,31,459,31,457,29,456,28,453,28,450,27,448,26,447,25,444,25,440,25,440,25,435,25,432,24,431,23,429,22,426,21,422,21,422,21,417,21,414,22,413,23,412,24,409,25,406,24,404,23,403,22,400,21,395,21,395,21,391,21,386,21,386,23,388,24,391,25,394,25,395,26,395,28,395,28,395,29,394,31,391,31,386,31,386,33,386,34,386,34,386,36,386,38,391,38,394,38,395,39,395,41,400,41,403,41,404,42,403,43,400,44,395,44,395,46,394,47,391,47,388,47,386,46,388,45,391,44,395,44,395,42,395,41,391,41,388,40,386,39,386,38,382,38,378,38,378,39,376,40,373,41,370,41,369,42,370,43,373,44,376,45,378,46,378,47,378,47,378,49,376,50,373,50,370,50,369,49,367,48,364,47,361,47,360,46,360,44,360,44,360,42,358,41,355,41,352,40,351,39,351,38,351,38,351,36,351,34,351,34,351,33,351,31,351,31,351,29,352,28,355,28,358,27,360,26,360,25,360,25,360,23,358,22,355,21,351,21,351,21,347,21,344,21,342,20,344,19,347,18,350,18,351,16,351,15,351,15,351,13,351,12,351,12,351,10,342,10,342,12,342,12,342,13,341,14,338,15,335,15,333,16,333,18,333,18,333,20,333,21,333,21,333,23,333,25,333,25,333,26,333,28,333,28,333,29,333,31,333,31,333,33,333,34,333,34,333,36,333,38,333,38,333,39,332,40,329,41,326,40,324,39,323,38,320,38,316,38,316,38,311,38,308,37,307,36,305,35,302,34,299,35,298,36,296,37,293,38,290,38,289,39,288,40,285,41,282,40,280,39,280,38,280,38,280,36,279,35,276,34,273,35,271,36,271,38,271,38,271,39,271,41,271,41,271,42,271,44,271,44,271,46,270,47,267,47,264,47,262,46,262,44,262,44,262,42,261,41,258,41,255,40,254,39,254,38,254,38,254,36,255,35,258,34,261,34,262,33,262,31,262,31,262,29,261,28,258,28,254,28,254,28,249,28,246,27,245,26,245,25,245,25,245,23,243,22,240,21,237,21,236,20,236,18,236,18,236,16,234,15,231,15,228,14,227,13,227,12,227,12,227,10,218,10,217,11,214,12,211,11,209,10,110,10,10,10,10,240,10,470,85,470,87,469,90,468,93,469,94,470,333,470,333,468,333,468,333,467,332,466,329,465,326,465,324,464,324,462,324,462,324,460,324,459,324,459,324,457,324,455,324,455,324,454,326,453,329,452,332,452,333,451,335,449,338,449,341,448,342,447,344,446,347,446,350,445,351,444,352,443,355,442,358,443,360,444,361,445,364,446,367,446,369,447,370,448,373,449,376,449,378,451,378,452,378,452,378,454,378,455,378,455,378,457,379,458,382,459,385,459,386,460,386,462,386,462,386,464,388,465,391,465,394,466,395,467,395,468,395,468,395,470,404,470,404,468,404,468,404,467,404,465,404,465,404,464,404,462,404,462,404,460,406,459,409,459,413,459,413,459,417,459,420,459,422,460,422,462,422,462,422,464,422,465,422,465,422,467,422,468,422,468,422,470,526,470,630,470,630,222,626,222,626,222,621,222,618,222,617,221,618,219,621,219,626,219,626,219,630,219,630,63,627,63,626,62,624,61,621,60,618,60,617,59,617,57,617,57,617,55,617,54,617,54,617,52,617,50,617,50,617,49,617,47,617,47,617,46,618,45,621,44,624,45,626,46,626,47,626,47,626,49,627,50,630,50,630,30,630,10,475,10
612,63,609,64,608,65,608,67,608,67,608,68,609,69,612,70,615,69,617,68,617,67,617,67,617,65,615,64,612,63
612,115,609,116,608,117,608,119,603,119,600,118,599,117,598,116,595,115,592,116,590,117,590,119,590,119,590,120,592,121,595,122,599,122,599,122,603,122,606,121,608,120,608,119,612,119,615,118,617,117,615,116,612,115
595,63,590,63,590,63,586,63,583,64,581,65,583,66,586,67,589,67,590,68,590,70,590,70,590,72,592,73,595,73,598,73,599,72,599,70,599,70,599,68,599,67,599,67,599,65,598,64,595,63
524,57,521,56,519,55,519,54,519,54,519,52,518,51,515,50,510,50,510,50,506,50,503,51,502,52,503,53,506,54,509,54,510,55,510,57,510,57,510,59,510,60,510,60,510,62,510,63,510,63,510,65,512,66,515,67,518,66,519,65,519,63,519,63,519,62,521,61,524,60,527,60,528,59,527,58,524,57
506,34,503,34,502,33,500,32,497,31,494,32,493,33,493,34,493,34,493,36,493,38,493,38,493,39,493,41,493,41,493,42,493,44,493,44,493,46,493,47,488,47,485,48,484,49,485,50,488,50,491,50,493,49,493,47,497,47,500,47,502,46,503,45,506,44,509,43,510,42,510,41,510,41,510,39,510,38,510,38,510,36,509,35,506,34
497,67,494,67,493,68,494,69,497,70,500,69,502,68,500,67,497,67
479,232,475,232,475,230,474,229,471,229,468,229,466,230,468,231,471,232,475,232,475,234,475,235,475,235,475,237,475,238,475,238,475,240,476,241,479,242,482,241,484,240,484,238,484,238,484,237,484,235,484,235,484,234,482,232,479,232
462,222,459,223,457,224,459,225,462,225,465,225,466,224,465,223,462,222
444,50,441,51,440,52,441,53,444,54,447,53,448,52,447,51,444,50
435,144,432,145,431,146,431,148,431,148,431,149,431,151,426,151,423,151,422,153,423,154,426,154,429,154,431,153,431,151,435,151,438,150,440,149,440,148,440,148,440,146,438,145,435,144
426,67,423,67,422,68,422,70,422,70,422,72,423,73,426,73,429,73,431,72,431,70,431,70,431,68,429,67,426,67
426,400,422,400,422,400,417,400,413,400,413,399,414,398,417,397,420,397,422,395,420,394,417,394,413,394,413,394,409,394,406,393,404,392,403,391,400,391,395,391,395,391,391,391,386,391,386,391,382,391,379,391,378,392,376,393,373,394,370,394,369,395,369,397,369,397,369,399,367,400,364,400,361,401,360,402,360,404,360,404,360,405,361,406,364,407,367,406,369,405,370,404,373,404,378,404,378,404,382,404,386,404,386,404,391,404,395,404,395,404,400,404,403,403,404,402,406,401,409,400,413,400,413,402,414,403,417,404,422,404,422,404,426,404,429,403,431,402,429,401,426,400
417,144,414,145,413,146,414,147,417,148,420,147,422,146,420,145,417,144
409,76,406,77,404,78,406,79,409,80,412,79,413,78,412,77,409,76
400,430,397,430,395,431,397,432,400,433,403,432,404,431,403,430,400,430
391,60,388,60,386,59,385,58,382,57,378,57,378,57,373,57,369,57,369,57,364,57,360,57,360,57,355,57,351,57,351,57,347,57,344,58,342,59,344,60,347,60,351,60,351,60,355,60,360,60,360,60,364,60,367,61,369,62,369,63,369,63,369,65,369,67,369,67,369,68,370,69,373,70,376,69,378,68,379,67,382,67,385,67,386,68,388,69,391,70,394,69,395,68,395,67,395,67,395,65,395,63,395,63,395,62,394,61,391,60
373,119,369,119,369,117,367,116,364,115,360,115,360,114,358,113,355,112,352,111,351,110,350,109,347,109,342,109,342,109,338,109,335,109,333,110,332,111,329,112,326,113,324,114,326,115,329,115,333,115,333,115,338,115,342,115,342,115,347,115,351,115,351,115,355,115,360,115,360,117,361,118,364,119,369,119,369,120,370,121,373,122,376,121,378,120,376,119,373,119
364,83,361,83,360,85,360,86,360,86,360,88,361,89,364,89,367,89,369,88,369,86,369,86,369,85,367,83,364,83
364,106,360,106,360,104,358,103,355,102,351,102,351,102,347,102,344,103,342,104,344,105,347,106,351,106,351,106,355,106,360,106,360,107,361,108,364,109,367,108,369,107,367,106,364,106
355,63,352,64,351,65,352,66,355,67,358,66,360,65,358,64,355,63
338,387,333,387,333,387,329,387,324,387,324,387,320,387,316,387,316,387,311,387,307,387,307,387,302,387,299,388,298,389,296,390,293,391,290,391,289,392,288,393,285,394,282,394,280,395,279,397,276,397,273,398,271,399,273,400,276,400,280,400,280,400,285,400,288,400,289,399,290,398,293,397,298,397,298,397,302,397,307,397,307,397,311,397,314,397,316,395,317,394,320,394,324,394,324,394,329,394,332,393,333,392,335,391,338,391,341,390,342,389,341,388,338,387
329,54,326,54,324,55,326,56,329,57,332,56,333,55,332,54,329,54
240,31,236,31,236,31,231,31,228,32,227,33,228,34,231,34,236,34,236,34,240,34,243,34,245,33,243,32,240,31
205,44,200,44,200,42,200,41,200,41,200,39,199,38,196,38,193,37,192,36,190,35,187,34,184,34,183,33,183,31,183,31,183,29,181,28,178,28,175,27,174,26,172,25,169,25,166,25,165,26,165,28,165,28,165,29,166,31,169,31,172,32,174,33,174,34,174,34,174,36,175,37,178,38,181,38,183,39,184,40,187,41,190,41,192,42,193,43,196,44,200,44,200,46,202,47,205,47,208,47,209,46,208,45,205,44
187,12,184,12,183,13,184,14,187,15,190,14,192,13,190,12,187,12
125,342,121,342,121,340,121,339,121,339,121,337,121,336,121,336,121,334,119,333,116,332,112,332,112,332,107,332,104,333,103,334,103,336,103,336,103,337,104,338,107,339,110,339,112,340,113,342,116,342,121,342,121,344,122,345,125,345,128,345,130,344,128,343,125,342
431,10,429,11,426,12,422,12,422,13,423,14,426,15,431,15,431,15,435,15,440,15,440,15,444,15,447,15,448,16,450,18,453,18,456,18,457,16,457,15,457,15,457,13,456,12,453,12,450,11,448,10,431,10
404,10,406,11,409,12,413,12,413,12,417,12,422,12,422,10,404,10
378,10,376,11,373,12,370,12,369,13,369,15,369,15,369,16,369,18,369,18,369,20,369,21,369,21,369,23,370,24,373,25,376,24,378,23,379,22,382,21,386,21,386,20,386,18,386,18,386,16,388,15,391,15,394,14,395,13,394,12,391,12,388,11,386,10,378,10
236,10,237,11,240,12,243,12,245,13,246,14,249,15,252,14,254,13,254,12,254,12,254,10,236,10
382,28,379,28,378,29,379,31,382,31,386,31,386,29,385,28,382,28
373,34,370,35,369,36,370,37,373,38,378,38,378,36,376,35,373,34
