165,10,164,11,161,12,158,12,156,13,155,14,152,15,149,14,147,13,147,12,147,12,147,10,59,10,57,11,54,12,51,11,50,10,30,10,10,10,10,339,13,339,14,340,14,342,14,342,14,344,14,345,14,345,14,347,14,349,14,349,14,350,16,351,19,352,22,352,23,353,23,355,23,355,23,357,25,358,28,358,31,359,32,360,32,361,32,361,32,363,32,365,32,365,32,366,34,367,37,368,40,368,41,370,41,371,41,371,41,373,42,374,45,374,48,375,50,376,50,378,50,378,50,379,50,381,50,381,50,383,48,384,45,384,42,384,41,383,41,381,41,381,41,379,40,378,37,378,34,377,32,376,32,374,32,374,32,373,31,372,28,371,25,371,23,370,23,368,23,368,23,366,23,365,23,365,23,363,22,362,19,361,16,361,14,360,14,358,14,358,14,357,13,356,10,355,10,413,10,470,156,470,158,469,161,468,164,468,165,467,166,466,169,465,174,465,174,464,175,462,178,462,183,462,183,460,184,459,187,459,190,459,192,460,190,461,187,462,183,462,183,464,181,465,178,465,174,465,174,467,174,468,174,468,174,470,510,470,509,469,506,468,503,468,502,467,502,465,502,465,502,464,503,462,506,462,510,462,510,462,515,462,519,462,519,462,524,462,528,462,528,462,533,462,537,462,537,462,541,462,544,462,546,464,546,465,546,465,546,467,546,468,546,468,546,470,588,470,630,470,630,248,627,248,626,246,627,245,630,245,630,235,627,236,626,237,626,238,626,238,626,240,624,241,621,242,618,241,617,240,617,238,617,238,617,237,617,235,617,235,617,234,618,232,621,232,624,231,626,230,627,229,630,229,630,119,630,10,165,10
595,28,592,27,590,26,590,25,590,25,590,23,589,22,586,21,583,21,581,20,580,19,577,18,574,19,572,20,572,21,572,21,572,23,572,25,572,25,572,26,574,27,577,28,580,28,581,29,581,31,581,31,581,33,581,34,581,34,581,36,581,38,581,38,581,39,581,41,581,41,581,42,581,44,581,44,581,46,581,47,581,47,581,49,583,50,586,50,590,50,590,50,595,50,598,50,599,49,599,47,599,47,599,46,599,44,599,44,599,42,599,41,599,41,599,39,599,38,599,38,599,36,599,34,599,34,599,33,599,31,599,31,599,29,598,28,595,28
577,170,574,170,572,169,571,168,568,167,565,167,564,165,562,164,559,164,556,163,555,162,553,161,550,161,546,161,546,161,541,161,537,161,537,161,533,161,528,161,528,159,528,157,533,157,536,157,537,156,536,155,533,154,530,155,528,156,528,157,524,157,521,158,519,159,521,160,524,161,528,161,528,162,530,163,533,164,536,164,537,165,538,167,541,167,544,168,546,169,547,170,550,170,553,171,555,172,556,173,559,174,562,174,564,175,564,177,564,177,564,178,565,180,568,180,572,180,572,180,577,180,580,180,581,178,581,177,581,177,581,175,581,174,581,174,581,172,580,171,577,170
559,131,556,132,555,133,556,134,559,135,562,134,564,133,562,132,559,131
550,109,547,109,546,110,547,112,550,112,553,112,555,110,553,109,550,109
541,115,538,116,537,117,538,118,541,119,544,118,546,117,544,116,541,115
541,138,538,137,537,136,536,135,533,135,528,135,528,135,524,135,521,135,519,136,521,137,524,138,527,139,528,140,527,141,524,141,521,142,519,143,521,144,524,144,527,145,528,146,528,148,528,148,528,149,530,150,533,151,536,150,537,149,538,148,541,148,544,147,546,146,546,144,546,144,546,143,546,141,546,141,546,140,544,138,541,138
524,106,521,105,519,104,518,103,515,102,512,103,510,104,510,106,510,106,510,107,510,109,510,109,510,110,510,112,510,112,510,114,510,115,510,115,510,117,512,118,515,119,518,118,519,117,521,116,524,115,527,115,528,114,528,112,528,112,528,110,528,109,528,109,528,107,527,106,524,106
524,125,521,126,519,127,519,128,519,128,519,130,521,131,524,131,527,131,528,130,528,128,528,128,528,127,527,126,524,125
506,60,503,60,502,59,500,58,497,57,494,56,493,55,493,54,493,54,493,52,491,51,488,50,485,51,484,52,484,54,484,54,484,55,482,56,479,57,476,58,475,59,476,60,479,60,484,60,484,60,488,60,491,61,493,62,493,63,493,63,493,65,493,67,493,67,493,68,493,70,493,70,493,72,493,73,493,73,493,75,494,76,497,76,500,76,502,75,502,73,502,73,502,72,502,70,502,70,502,68,502,67,502,67,502,65,503,64,506,63,509,63,510,62,509,61,506,60
506,96,503,96,502,97,503,99,506,99,509,99,510,97,509,96,506,96
462,99,459,100,457,101,457,102,457,102,457,104,457,106,457,106,457,107,457,109,457,109,457,110,457,112,457,112,457,114,456,115,453,115,450,116,448,117,448,119,448,119,448,120,450,121,453,122,456,121,457,120,459,119,462,119,465,118,466,117,466,115,466,115,466,114,466,112,466,112,466,110,466,109,466,109,466,107,466,106,466,106,466,104,466,102,466,102,466,101,465,100,462,99
444,80,441,80,440,81,441,82,444,83,447,82,448,81,447,80,444,80
444,106,441,106,440,107,441,108,444,109,447,108,448,107,447,106,444,106
373,442,370,443,369,444,370,445,373,446,376,445,378,444,376,443,373,442
329,41,326,41,324,42,326,43,329,44,332,43,333,42,332,41,329,41
223,446,220,446,218,447,220,448,223,449,226,448,227,447,226,446,223,446
169,21,166,22,165,23,166,24,169,25,172,24,174,23,172,22,169,21
107,293,103,293,103,293,99,293,96,293,94,292,93,291,90,290,85,290,85,290,81,290,76,290,76,290,72,290,69,291,68,292,68,293,68,293,68,295,66,296,63,297,59,297,59,297,54,297,51,296,50,295,50,293,50,293,50,292,48,291,45,290,42,291,41,292,41,293,41,293,41,295,41,297,41,297,41,298,42,299,45,300,48,300,50,302,51,303,54,303,59,303,59,303,63,303,68,303,68,303,72,303,75,303,76,302,78,300,81,300,85,300,85,300,90,300,94,300,94,300,99,300,103,300,103,300,107,300,110,299,112,298,112,297,112,297,112,295,110,294,107,293
63,394,60,393,59,392,57,391,54,391,51,391,50,392,50,394,50,394,50,395,51,397,54,397,57,398,59,399,60,400,63,400,66,400,68,399,68,397,68,397,68,395,66,394,63,394
45,280,41,280,41,280,37,280,34,281,32,282,34,283,37,284,40,284,41,285,42,286,45,287,48,286,50,285,50,284,50,284,50,282,48,281,45,280
537,470,536,469,533,468,530,469,528,470,537,470
