457,10,457,12,457,12,457,13,457,15,457,15,457,16,457,18,462,18,465,18,466,16,468,15,471,15,474,15,475,16,476,18,479,18,482,18,484,16,484,15,484,15,484,13,485,12,488,12,493,12,493,12,497,12,502,12,502,12,506,12,510,12,510,12,515,12,519,12,519,12,524,12,527,12,528,13,528,15,528,15,528,16,527,18,524,18,521,19,519,20,519,21,519,21,519,23,518,24,515,25,510,25,510,25,506,25,502,25,502,25,497,25,494,25,493,26,491,27,488,28,485,27,484,26,482,25,479,25,475,25,475,25,471,25,468,24,466,23,465,22,462,21,459,21,457,20,457,18,453,18,448,18,448,18,444,18,440,18,440,18,435,18,431,18,431,18,426,18,423,18,422,16,420,15,417,15,414,14,413,13,413,12,413,12,413,10,404,10,403,11,400,12,397,12,395,13,395,15,395,15,395,16,394,18,391,18,388,18,386,16,386,15,386,15,386,13,386,12,386,12,386,10,360,10,360,12,360,12,360,13,360,15,364,15,367,15,369,16,367,18,364,18,361,18,360,16,360,15,355,15,351,15,351,16,350,18,347,18,344,18,342,16,344,15,347,15,351,15,351,13,350,12,347,12,344,11,342,10,324,10,326,11,329,12,332,12,333,13,333,15,333,15,333,16,333,18,333,18,333,20,333,21,333,21,333,23,333,25,333,25,333,26,333,28,333,28,333,29,333,31,333,31,333,33,332,34,329,34,326,34,324,33,324,31,324,31,324,29,324,28,324,28,324,26,324,25,324,25,324,23,323,22,320,21,317,21,316,20,314,19,311,18,307,18,307,20,307,21,307,21,307,23,305,24,302,25,299,25,298,26,299,27,302,28,305,28,307,29,307,31,307,31,307,33,305,34,302,34,298,34,298,34,293,34,289,34,289,34,285,34,280,34,280,34,276,34,273,35,271,36,270,37,267,38,262,38,262,38,258,38,255,37,254,36,252,35,249,34,245,34,245,34,240,34,236,34,236,34,231,34,228,34,227,33,228,32,231,31,236,31,236,31,240,31,245,31,245,31,249,31,252,31,254,29,255,28,258,28,262,28,262,28,267,28,270,27,271,26,271,25,271,25,271,23,271,21,267,21,264,21,262,20,262,18,258,18,254,18,254,18,249,18,245,18,245,18,240,18,236,18,236,18,231,18,227,18,227,18,223,18,218,18,218,18,214,18,211,18,209,16,209,15,209,15,209,13,209,12,205,12,202,12,200,13,200,15,200,15,200,16,199,18,196,18,193,18,192,16,192,15,192,15,192,13,190,12,187,12,184,11,183,10,96,10,10,10,10,131,13,132,14,133,13,134,10,135,10,302,10,470,85,470,87,469,90,468,93,469,94,470,324,470,323,469,320,468,317,468,316,467,316,465,316,465,316,464,316,462,316,462,316,460,317,459,320,459,324,459,324,459,329,459,333,459,333,459,338,459,342,459,342,459,347,459,350,458,351,457,351,455,351,455,351,454,351,452,351,452,351,451,352,449,355,449,358,448,360,447,360,446,360,446,360,444,360,442,360,442,360,441,361,440,364,439,369,439,369,439,373,439,376,440,378,441,378,442,378,442,378,444,379,445,382,446,385,446,386,447,386,449,386,449,386,451,386,452,386,452,386,454,386,455,386,455,386,457,388,458,391,459,394,459,395,460,395,462,395,462,395,464,395,465,395,465,395,467,394,468,391,468,386,468,386,468,382,468,378,468,378,468,373,468,370,469,369,470,404,470,404,468,404,468,404,467,404,465,404,465,404,464,404,462,404,462,404,460,404,459,404,459,404,457,406,456,409,455,413,455,413,455,417,455,420,456,422,457,422,459,422,459,422,460,422,462,422,462,422,464,422,465,422,465,422,467,422,468,422,468,422,470,526,470,630,470,630,242,627,241,626,240,626,238,626,238,626,237,627,236,630,235,630,229,627,228,626,227,627,226,630,225,630,118,630,10,457,10
524,148,521,147,519,146,519,144,519,144,519,143,518,142,515,141,512,142,510,143,510,144,510,144,510,146,510,148,510,148,510,149,512,150,515,151,519,151,519,151,524,151,527,150,528,149,527,148,524,148
524,154,521,155,519,156,521,157,524,157,527,157,528,156,527,155,524,154
462,151,459,151,457,153,459,154,462,154,465,154,466,153,465,151,462,151
462,225,459,225,457,224,457,222,457,222,457,221,456,219,453,219,450,218,448,217,447,216,444,216,440,216,440,214,438,213,435,212,432,213,431,214,432,215,435,216,440,216,440,217,440,219,440,219,440,221,440,222,440,222,440,224,440,225,440,225,440,227,441,228,444,229,447,229,448,230,450,231,453,232,457,232,457,232,462,232,465,231,466,230,466,229,466,229,466,227,465,226,462,225
453,235,450,236,448,237,450,238,453,238,456,238,457,237,456,236,453,235
435,400,432,400,431,399,431,397,431,397,431,395,431,394,431,394,431,392,429,391,426,391,422,391,422,391,417,391,413,391,413,391,409,391,406,391,404,392,404,394,404,394,404,395,406,397,409,397,412,398,413,399,413,400,413,400,413,402,414,403,417,404,420,404,422,405,423,406,426,407,431,407,431,407,435,407,438,406,440,405,440,404,440,404,440,402,438,401,435,400
417,109,413,109,413,109,409,109,404,109,404,107,403,106,400,106,395,106,395,106,391,106,388,105,386,104,385,103,382,102,378,102,378,102,373,102,370,103,369,104,367,105,364,106,360,106,360,104,358,103,355,102,351,102,351,102,347,102,344,103,342,104,344,105,347,106,351,106,351,106,355,106,360,106,360,107,360,109,355,109,351,109,351,109,347,109,342,109,342,109,338,109,335,109,333,110,333,112,333,112,333,114,335,115,338,115,341,115,342,114,344,113,347,112,351,112,351,112,355,112,358,112,360,110,360,109,364,109,369,109,369,109,373,109,376,109,378,110,379,112,382,112,386,112,386,112,391,112,394,112,395,110,397,109,400,109,404,109,404,110,406,112,409,112,413,112,413,112,417,112,420,112,422,110,420,109,417,109
409,76,406,76,404,75,403,74,400,73,397,73,395,72,394,70,391,70,388,70,386,72,385,73,382,73,379,74,378,75,379,76,382,76,386,76,386,76,391,76,394,77,395,78,397,79,400,80,404,80,404,80,409,80,412,79,413,78,412,77,409,76
409,115,404,115,404,115,400,115,397,116,395,117,397,118,400,119,404,119,404,119,409,119,412,118,413,117,412,116,409,115
409,439,406,440,404,441,404,442,404,442,404,444,406,445,409,446,412,445,413,444,413,442,413,442,413,441,412,440,409,439
400,378,397,378,395,379,395,381,391,381,386,381,386,379,385,378,382,378,378,378,378,378,373,378,369,378,369,378,364,378,360,378,360,378,355,378,351,378,351,378,347,378,342,378,342,378,338,378,335,378,333,379,332,380,329,381,324,381,324,381,320,381,317,381,316,383,314,384,311,384,307,384,307,384,302,384,299,385,298,386,296,387,293,387,290,388,289,389,288,390,285,391,282,391,280,392,280,394,280,394,280,395,282,397,285,397,288,397,289,395,290,394,293,394,298,394,298,394,302,394,305,393,307,392,308,391,311,391,316,391,316,391,320,391,323,390,324,389,326,388,329,387,333,387,333,387,338,387,341,387,342,386,344,385,347,384,351,384,351,384,355,384,360,384,360,384,364,384,367,384,369,383,370,381,373,381,378,381,378,381,382,381,386,381,386,383,385,384,382,384,379,385,378,386,378,387,378,387,378,389,379,390,382,391,385,390,386,389,388,388,391,387,394,387,395,386,395,384,395,384,395,383,395,381,400,381,403,380,404,379,403,378,400,378
382,57,378,57,378,57,373,57,369,57,369,57,364,57,360,57,360,55,358,54,355,54,351,54,351,54,347,54,344,54,342,55,344,56,347,57,351,57,351,57,355,57,360,57,360,59,361,60,364,60,369,60,369,60,373,60,378,60,378,60,382,60,385,60,386,59,385,58,382,57
311,67,307,67,307,65,305,64,302,63,299,64,298,65,299,66,302,67,307,67,307,68,308,69,311,70,314,69,316,68,314,67,311,67
293,41,290,41,289,42,290,43,293,44,296,43,298,42,296,41,293,41
293,54,290,54,289,55,290,56,293,57,296,56,298,55,296,54,293,54
276,41,271,41,271,41,267,41,262,41,262,41,258,41,254,41,254,41,249,41,246,41,245,42,246,43,249,44,254,44,254,44,258,44,261,45,262,46,264,47,267,47,271,47,271,49,273,50,276,50,279,50,280,49,279,48,276,47,271,47,271,46,273,45,276,44,279,43,280,42,279,41,276,41
276,76,271,76,271,75,271,73,271,73,271,72,270,70,267,70,264,70,262,72,262,73,262,73,262,75,264,76,267,76,271,76,271,78,273,79,276,80,279,79,280,78,279,77,276,76
258,57,255,56,254,55,252,54,249,54,246,53,245,52,243,51,240,50,237,51,236,52,236,54,236,54,236,55,237,56,240,57,243,58,245,59,246,60,249,60,252,61,254,62,255,63,258,63,261,63,262,62,262,60,262,60,262,59,261,58,258,57
231,25,227,25,227,23,226,22,223,21,220,22,218,23,220,24,223,25,227,25,227,26,228,27,231,28,234,27,236,26,234,25,231,25
214,41,209,41,209,41,205,41,202,41,200,42,202,43,205,44,208,45,209,46,211,47,214,47,217,47,218,46,218,44,218,44,218,42,217,41,214,41
205,25,200,25,200,25,196,25,193,24,192,23,190,22,187,21,184,22,183,23,183,25,183,25,183,26,184,27,187,28,190,28,192,29,193,31,196,31,200,31,200,33,202,34,205,34,208,34,209,33,208,32,205,31,200,31,200,29,202,28,205,28,208,27,209,26,208,25,205,25
178,15,174,15,174,13,172,12,169,12,165,12,165,12,161,12,158,12,156,13,158,14,161,15,165,15,165,15,169,15,174,15,174,16,175,18,178,18,181,18,183,16,181,15,178,15
116,329,113,329,112,327,110,326,107,326,104,326,103,327,103,329,103,329,103,331,103,332,103,332,103,334,103,336,103,336,103,337,104,338,107,339,110,339,112,340,113,342,116,342,119,342,121,340,121,339,121,339,121,337,121,336,121,336,121,334,121,332,121,332,121,331,119,330,116,329
209,10,209,12,214,12,218,12,218,12,223,12,226,11,227,10,209,10
302,15,299,15,298,16,299,18,302,18,307,18,307,16,305,15,302,15
285,18,282,18,280,16,280,15,280,15,280,13,279,12,276,12,273,12,271,13,270,14,267,15,264,15,262,16,262,18,267,18,270,19,271,20,271,21,276,21,279,22,280,23,282,24,285,25,288,24,289,23,289,21,289,21,289,20,288,19,285,18
