386,10,386,12,386,12,386,13,385,14,382,15,379,14,378,13,378,12,378,12,378,10,194,10,10,10,10,240,10,470,320,470,630,470,630,93,627,92,626,91,627,90,630,89,630,83,627,82,626,81,626,80,626,80,626,78,626,76,626,76,626,75,626,73,626,73,626,72,627,70,630,70,630,40,630,10,386,10
612,102,609,102,608,101,606,100,603,99,599,99,599,99,595,99,590,99,590,99,586,99,583,99,581,97,581,96,581,96,581,94,581,93,581,93,581,91,581,89,581,89,581,88,580,87,577,86,572,86,572,85,571,83,568,83,565,83,564,85,565,86,568,86,572,86,572,88,572,89,572,89,572,91,571,92,568,93,565,92,564,91,562,90,559,89,555,89,555,89,550,89,547,90,546,91,546,93,546,93,546,94,546,96,546,96,546,97,546,99,546,99,546,101,546,102,541,102,537,102,537,102,533,102,530,103,528,104,530,105,533,106,536,106,537,107,538,108,541,109,544,109,546,110,547,112,550,112,553,112,555,110,556,109,559,109,562,108,564,107,565,106,568,106,571,106,572,107,572,109,572,109,572,110,574,112,577,112,580,112,581,110,583,109,586,109,589,109,590,110,592,112,595,112,599,112,599,112,603,112,608,112,608,112,612,112,615,112,617,110,617,109,617,109,617,107,617,106,617,106,617,104,615,103,612,102
603,60,600,61,599,62,599,63,599,63,599,65,600,66,603,67,606,66,608,65,608,63,608,63,608,62,606,61,603,60
603,122,599,122,599,122,595,122,592,122,590,123,589,124,586,125,581,125,581,125,577,125,574,126,572,127,571,128,568,128,564,128,564,128,559,128,556,129,555,130,553,131,550,131,546,131,546,131,541,131,538,131,537,130,536,129,533,128,530,129,528,130,528,131,528,131,528,133,530,134,533,135,537,135,537,135,541,135,546,135,546,135,550,135,555,135,555,135,559,135,562,134,564,133,565,132,568,131,572,131,572,131,577,131,581,131,581,131,586,131,589,131,590,130,592,129,595,128,598,128,599,127,600,126,603,125,606,124,608,123,606,122,603,122
586,73,583,74,581,75,581,76,581,76,581,78,583,79,586,80,589,79,590,78,590,76,590,76,590,75,589,74,586,73
541,232,537,232,537,232,533,232,528,232,528,232,524,232,521,232,519,234,518,235,515,235,510,235,510,235,506,235,502,235,502,235,497,235,493,235,493,235,488,235,484,235,484,234,482,232,479,232,475,232,475,232,471,232,468,232,466,234,468,235,471,235,475,235,475,235,479,235,484,235,484,237,485,238,488,238,493,238,493,238,497,238,500,239,502,240,503,241,506,242,510,242,510,242,515,242,519,242,519,242,524,242,527,241,528,240,530,239,533,238,537,238,537,238,541,238,544,238,546,237,546,235,546,235,546,234,544,232,541,232
524,89,519,89,519,89,515,89,510,89,510,89,506,89,503,89,502,88,500,87,497,86,494,86,493,85,491,83,488,83,485,82,484,81,482,80,479,80,475,80,475,80,471,80,468,80,466,81,466,83,466,83,466,85,465,86,462,86,459,87,457,88,459,89,462,89,465,90,466,91,465,92,462,93,457,93,457,93,453,93,450,93,448,94,450,95,453,96,456,96,457,97,457,99,457,99,457,101,459,102,462,102,465,103,466,104,466,106,466,106,466,107,468,108,471,109,474,109,475,110,476,112,479,112,482,113,484,114,485,115,488,115,493,115,493,115,497,115,502,115,502,117,503,118,506,119,510,119,510,119,515,119,518,118,519,117,518,116,515,115,510,115,510,115,506,115,502,115,502,114,502,112,502,112,502,110,502,109,502,109,502,107,502,106,502,106,502,104,503,103,506,102,509,102,510,101,512,100,515,99,518,99,519,97,521,96,524,96,527,95,528,94,528,93,528,93,528,91,527,90,524,89
515,21,510,21,510,21,506,21,502,21,502,21,497,21,494,22,493,23,491,24,488,25,485,25,484,26,485,27,488,28,491,28,493,29,493,31,493,31,493,33,494,34,497,34,500,34,502,33,503,32,506,31,509,31,510,29,510,28,510,28,510,26,512,25,515,25,518,24,519,23,518,22,515,21
515,131,510,131,510,131,506,131,503,132,502,133,503,134,506,135,510,135,510,135,515,135,518,134,519,133,518,132,515,131
462,31,459,32,457,33,457,34,457,34,457,36,459,37,462,38,465,37,466,36,466,34,466,34,466,33,465,32,462,31
453,41,450,41,448,42,450,43,453,44,456,43,457,42,456,41,453,41
453,76,450,77,448,78,450,79,453,80,456,79,457,78,456,77,453,76
444,67,441,67,440,68,441,69,444,70,447,69,448,68,447,67,444,67
444,86,441,87,440,88,441,89,444,89,447,89,448,88,447,87,444,86
435,28,432,28,431,29,429,31,426,31,423,32,422,33,423,34,426,34,431,34,431,34,435,34,438,34,440,33,440,31,440,31,440,29,438,28,435,28
435,57,432,58,431,59,432,60,435,60,438,60,440,59,438,58,435,57
435,99,432,100,431,101,429,102,426,102,422,102,422,101,422,99,422,99,422,97,423,96,426,96,429,95,431,94,431,93,431,93,431,91,431,89,431,89,431,88,431,86,431,86,431,85,431,83,431,83,431,81,431,80,431,80,431,78,429,77,426,76,422,76,422,76,417,76,414,76,413,75,414,74,417,73,420,73,422,72,420,70,417,70,414,69,413,68,412,67,409,67,406,67,404,68,403,69,400,70,397,70,395,72,397,73,400,73,403,74,404,75,404,76,404,76,404,78,406,79,409,80,413,80,413,80,417,80,420,80,422,81,422,83,422,83,422,85,420,86,417,86,414,87,413,88,412,89,409,89,404,89,404,89,400,89,395,89,395,89,391,89,386,89,386,88,386,86,386,86,386,85,385,83,382,83,379,83,378,85,376,86,373,86,370,86,369,85,369,83,369,83,369,81,370,80,373,80,376,79,378,78,378,76,378,76,378,75,378,73,378,73,378,72,376,70,373,70,370,70,369,72,367,73,364,73,361,73,360,72,360,70,360,70,360,68,358,67,355,67,352,66,351,65,351,63,351,63,351,62,351,60,351,60,351,59,351,57,351,57,351,55,351,54,351,54,351,52,350,51,347,50,342,50,342,50,338,50,335,50,333,49,333,47,338,47,341,47,342,46,344,45,347,44,350,43,351,42,350,41,347,41,344,40,342,39,341,38,338,38,333,38,333,36,333,34,333,34,333,33,332,32,329,31,326,32,324,33,323,34,320,34,317,35,316,36,317,37,320,38,324,38,324,38,329,38,333,38,333,39,333,41,333,41,333,42,333,44,333,44,333,46,333,47,329,47,324,47,324,47,320,47,316,47,316,47,311,47,308,47,307,46,307,44,307,44,307,42,305,41,302,41,299,41,298,42,298,44,298,44,298,46,298,47,298,47,298,49,298,50,298,50,298,52,298,54,298,54,298,55,298,57,298,57,298,59,299,60,302,60,307,60,307,60,311,60,316,60,316,62,317,63,320,63,323,64,324,65,323,66,320,67,316,67,316,67,311,67,308,67,307,68,307,70,307,70,307,72,308,73,311,73,316,73,316,73,320,73,324,73,324,73,329,73,332,74,333,75,335,76,338,76,341,77,342,78,344,79,347,80,351,80,351,80,355,80,358,80,360,81,358,82,355,83,352,83,351,85,352,86,355,86,358,87,360,88,360,89,360,89,360,91,360,93,360,93,360,94,361,95,364,96,367,96,369,97,369,99,369,99,369,101,369,102,369,102,369,104,367,105,364,106,360,106,360,106,355,106,351,106,351,106,347,106,344,106,342,107,342,109,342,109,342,110,344,112,347,112,350,113,351,114,352,115,355,115,358,115,360,114,360,112,360,112,360,110,361,109,364,109,367,109,369,110,370,112,373,112,376,113,378,114,378,115,378,115,378,117,379,118,382,119,385,118,386,117,386,115,386,115,386,114,388,113,391,112,394,112,395,110,397,109,400,109,403,108,404,107,406,106,409,106,412,105,413,104,414,103,417,102,422,102,422,104,422,106,422,106,422,107,423,108,426,109,429,109,431,110,432,112,435,112,438,112,440,110,440,109,440,109,440,107,440,106,440,106,440,104,440,102,440,102,440,101,438,100,435,99
435,455,432,455,431,454,431,452,431,452,431,451,429,449,426,449,423,448,422,447,420,446,417,446,413,446,413,446,409,446,404,446,404,446,400,446,397,445,395,444,394,443,391,442,386,442,386,442,382,442,379,442,378,441,376,440,373,439,369,439,369,439,364,439,361,439,360,438,361,437,364,436,367,435,369,434,367,433,364,433,360,433,360,433,355,433,351,433,351,433,347,433,342,433,342,433,338,433,333,433,333,433,329,433,326,432,324,431,326,430,329,430,333,430,333,430,338,430,341,429,342,428,341,427,338,426,335,426,333,425,332,424,329,423,324,423,324,423,320,423,317,422,316,421,314,420,311,420,308,419,307,418,305,417,302,417,298,417,298,417,293,417,290,417,289,418,288,419,285,420,282,420,280,421,280,423,280,423,280,425,280,426,280,426,280,428,282,429,285,430,289,430,289,430,293,430,296,430,298,431,299,432,302,433,307,433,307,433,311,433,314,433,316,434,317,435,320,436,324,436,324,436,329,436,332,437,333,438,335,439,338,439,342,439,342,439,347,439,350,440,351,441,350,442,347,442,344,443,342,444,341,445,338,446,333,446,333,446,329,446,326,446,324,447,324,449,324,449,324,451,326,452,329,452,333,452,333,452,338,452,342,452,342,452,347,452,351,452,351,452,355,452,360,452,360,452,364,452,369,452,369,452,373,452,378,452,378,452,382,452,386,452,386,452,391,452,395,452,395,452,400,452,404,452,404,452,409,452,412,453,413,454,413,455,413,455,413,457,413,459,413,459,413,460,414,461,417,462,422,462,422,462,426,462,431,462,431,462,435,462,438,461,440,460,440,459,440,459,440,457,438,456,435,455
426,38,423,38,422,39,423,40,426,41,429,40,431,39,429,38,426,38
409,18,406,18,404,16,404,15,404,15,404,13,403,12,400,12,397,12,395,13,395,15,395,15,395,16,394,18,391,18,388,19,386,20,386,21,386,21,386,23,386,25,386,25,386,26,386,28,386,28,386,29,386,31,386,31,386,33,388,34,391,34,394,34,395,33,397,32,400,31,403,31,404,29,404,28,404,28,404,26,406,25,409,25,412,24,413,23,413,21,413,21,413,20,412,19,409,18
409,54,406,54,404,55,404,57,400,57,395,57,395,55,394,54,391,54,388,54,386,55,386,57,382,57,379,58,378,59,379,60,382,60,386,60,386,62,388,63,391,63,394,63,395,62,395,60,400,60,403,60,404,59,404,57,409,57,412,56,413,55,412,54,409,54
400,38,395,38,395,38,391,38,388,38,386,39,386,41,382,41,378,41,378,41,373,41,370,41,369,42,370,43,373,44,378,44,378,44,382,44,385,43,386,42,386,41,391,41,395,41,395,41,400,41,403,40,404,39,403,38,400,38
373,34,370,35,369,36,370,37,373,38,376,37,378,36,376,35,373,34
347,21,344,22,342,23,344,24,347,25,350,24,351,23,350,22,347,21
338,15,335,15,333,16,335,18,338,18,341,18,342,16,341,15,338,15
285,31,282,32,280,33,282,34,285,34,288,34,289,33,288,32,285,31
267,21,262,21,262,21,258,21,255,22,254,23,254,25,254,25,254,26,254,28,254,28,254,29,255,31,258,31,262,31,262,31,267,31,270,31,271,29,271,28,271,28,271,26,271,25,271,25,271,23,270,22,267,21
267,413,262,413,262,413,258,413,255,413,254,412,254,410,254,410,254,408,252,407,249,407,245,407,245,407,240,407,237,407,236,408,234,410,231,410,227,410,227,410,223,410,220,411,218,412,218,413,218,413,218,415,217,416,214,417,211,417,209,418,211,419,214,420,218,420,218,420,223,420,226,420,227,421,227,423,227,423,227,425,228,426,231,426,236,426,236,426,240,426,243,426,245,425,245,423,245,423,245,421,246,420,249,420,254,420,254,420,258,420,262,420,262,420,267,420,270,419,271,418,271,417,271,417,271,415,270,414,267,413
205,404,200,404,200,404,196,404,193,404,192,405,193,406,196,407,200,407,200,407,205,407,208,406,209,405,208,404,205,404
178,63,175,63,174,62,174,60,174,60,174,59,174,57,174,57,174,55,172,54,169,54,166,53,165,52,164,51,161,50,158,50,156,49,155,48,152,47,149,47,147,46,146,45,143,44,138,44,138,44,134,44,131,45,130,46,130,47,130,47,130,49,131,50,134,50,137,51,138,52,138,54,138,54,138,55,140,56,143,57,146,58,147,59,147,60,147,60,147,62,147,63,147,63,147,65,147,67,147,67,147,68,147,70,147,70,147,72,147,73,147,73,147,75,147,76,147,76,147,78,147,80,147,80,147,81,149,82,152,83,155,83,156,85,156,86,156,86,156,88,156,89,156,89,156,91,158,92,161,93,164,93,165,94,166,95,169,96,172,95,174,94,174,93,174,93,174,91,172,90,169,89,166,89,165,88,165,86,165,86,165,85,165,83,165,83,165,81,165,80,165,80,165,78,164,77,161,76,158,76,156,75,158,74,161,73,164,73,165,72,166,70,169,70,172,69,174,68,175,67,178,67,181,66,183,65,181,64,178,63
152,349,149,348,147,347,147,345,147,345,147,344,146,343,143,342,140,341,138,340,137,339,134,339,131,339,130,340,130,342,130,342,130,344,128,345,125,345,122,346,121,347,121,349,121,349,121,350,122,351,125,352,128,352,130,353,128,354,125,355,122,356,121,357,122,358,125,358,128,359,130,360,130,361,130,361,130,363,131,364,134,365,138,365,138,365,143,365,147,365,147,365,152,365,155,364,156,363,156,361,156,361,156,360,155,359,152,358,149,358,147,357,149,356,152,355,155,354,156,353,156,352,156,352,156,350,155,349,152,349
19,206,16,207,14,208,16,209,19,209,22,209,23,208,22,207,19,206
550,102,546,102,546,104,547,105,550,106,553,105,555,104,553,103,550,102
400,99,397,100,395,101,397,102,400,102,403,102,404,101,403,100,400,99
382,89,379,90,378,91,378,93,378,93,378,94,379,95,382,96,385,95,386,94,386,93,386,93,386,91,386,89,382,89
320,57,317,58,316,59,316,60,320,60,323,60,324,59,323,58,320,57
391,57,386,57,386,59,386,60,391,60,395,60,395,59,395,57,391,57
