590,10,590,12,590,12,590,13,590,15,590,15,590,16,590,18,590,18,590,20,590,21,590,21,590,23,590,25,590,25,590,26,592,27,595,28,598,28,599,29,599,31,599,31,599,33,599,34,599,34,599,36,599,38,599,38,599,39,599,41,599,41,599,42,600,43,603,44,606,45,608,46,606,47,603,47,600,48,599,49,598,50,595,50,592,51,590,52,590,54,590,54,590,55,589,56,586,57,583,56,581,55,580,54,577,54,574,53,572,52,572,50,572,50,572,49,571,48,568,47,565,47,564,46,565,45,568,44,572,44,572,44,577,44,580,43,581,42,580,41,577,41,572,41,572,41,568,41,565,40,564,39,565,38,568,38,572,38,572,38,577,38,580,37,581,36,580,35,577,34,574,34,572,33,572,31,572,31,572,29,572,28,572,28,572,26,572,25,572,25,572,23,572,21,572,21,572,20,572,18,572,18,572,16,572,15,572,15,572,13,572,12,572,12,572,10,291,10,10,10,10,63,13,64,14,65,14,67,14,67,14,68,14,70,14,70,14,72,14,73,14,73,14,75,14,76,14,76,14,78,14,80,14,80,14,81,14,83,14,83,14,85,14,86,14,86,14,88,13,89,10,89,10,349,13,349,14,350,13,351,10,352,10,411,10,470,448,470,447,469,444,468,441,468,440,467,438,466,435,465,432,465,431,464,432,462,435,462,440,462,440,462,444,462,447,462,448,464,450,465,453,465,457,465,457,465,462,465,465,466,466,467,466,468,466,468,466,470,548,470,630,470,630,277,627,277,626,276,626,274,621,274,618,273,617,272,618,271,621,271,624,271,626,272,626,274,630,274,630,248,627,248,626,246,626,245,626,245,626,243,627,242,630,242,630,126,630,10,590,10
612,125,608,125,608,123,606,122,603,122,600,122,599,123,599,125,595,125,592,126,590,127,590,128,586,128,581,128,581,128,577,128,574,129,572,130,572,131,572,131,572,133,572,135,572,135,572,136,572,138,572,138,572,140,574,141,577,141,580,141,581,140,581,138,581,138,581,136,581,135,581,135,581,133,583,132,586,131,589,131,590,130,590,128,595,128,599,128,599,130,600,131,603,131,606,131,608,130,608,128,612,128,615,128,617,127,615,126,612,125
612,264,609,265,608,266,609,267,612,268,615,267,617,266,615,265,612,264
595,106,590,106,590,106,586,106,581,106,581,104,581,102,581,102,581,101,581,99,581,99,581,97,580,96,577,96,574,95,572,94,572,93,572,93,572,91,572,89,572,89,572,88,572,86,572,86,572,85,572,83,572,83,572,81,571,80,568,80,565,79,564,78,565,77,568,76,571,76,572,75,572,73,572,73,572,72,572,70,572,70,572,68,572,67,572,67,572,65,572,63,572,63,572,62,571,61,568,60,565,61,564,62,564,63,564,63,564,65,564,67,564,67,564,68,562,69,559,70,556,70,555,72,553,73,550,73,547,74,546,75,544,76,541,76,538,77,537,78,536,79,533,80,530,80,528,81,528,83,528,83,528,85,528,86,528,86,528,88,528,89,528,89,528,91,527,92,524,93,521,93,519,94,519,96,519,96,519,97,518,99,515,99,512,100,510,101,510,102,510,102,510,104,510,106,510,106,510,107,510,109,510,109,510,110,509,111,506,112,503,111,502,110,500,109,497,109,494,109,493,110,493,112,493,112,493,114,491,115,488,115,485,115,484,114,484,112,484,112,484,110,482,109,479,109,475,109,475,109,471,109,468,109,466,110,466,112,466,112,466,114,468,115,471,115,474,116,475,117,475,119,475,119,475,120,476,121,479,122,482,122,484,123,482,124,479,125,476,126,475,127,475,128,475,128,475,130,475,131,475,131,475,133,475,135,475,135,475,136,474,137,471,138,468,138,466,140,466,141,466,141,466,143,466,144,466,144,466,146,468,147,471,148,474,148,475,149,475,151,475,151,475,153,475,154,475,154,475,156,476,157,479,157,482,158,484,159,485,160,488,161,491,160,493,159,494,158,497,157,502,157,502,157,506,157,509,157,510,156,510,154,510,154,510,153,512,151,515,151,518,150,519,149,521,148,524,148,527,147,528,146,528,144,528,144,528,143,527,142,524,141,521,141,519,140,519,138,519,138,519,136,519,135,519,135,519,133,518,132,515,131,512,131,510,130,512,129,515,128,518,128,519,127,519,125,519,125,519,123,519,122,519,122,519,120,521,119,524,119,527,118,528,117,530,116,533,115,536,115,537,114,538,113,541,112,544,112,546,110,546,109,546,109,546,107,546,106,546,106,546,104,547,103,550,102,555,102,555,102,559,102,562,103,564,104,565,105,568,106,572,106,572,106,577,106,581,106,581,107,583,108,586,109,590,109,590,109,595,109,598,108,599,107,598,106,595,106
488,76,485,77,484,78,485,79,488,80,491,79,493,78,491,77,488,76
479,164,475,164,475,164,471,164,466,164,466,164,462,164,459,164,457,165,459,167,462,167,465,168,466,169,468,170,471,170,475,170,475,170,479,170,482,170,484,169,484,167,484,167,484,165,482,164,479,164
471,21,466,21,466,21,462,21,459,22,457,23,457,25,457,25,457,26,459,27,462,28,466,28,466,28,471,28,474,27,475,26,475,25,475,25,475,23,474,22,471,21
462,31,459,32,457,33,456,34,453,34,450,35,448,36,450,37,453,38,457,38,457,38,462,38,465,37,466,36,466,34,466,34,466,33,465,32,462,31
435,177,432,177,431,178,431,180,431,180,431,182,432,183,435,183,438,183,440,182,440,180,440,180,440,178,438,177,435,177
400,28,397,28,395,29,394,31,391,31,388,32,386,33,385,34,382,34,379,35,378,36,378,38,378,38,378,39,376,40,373,41,370,41,369,42,369,44,369,44,369,46,369,47,369,47,369,49,369,50,369,50,369,52,369,54,369,54,369,55,367,56,364,57,361,58,360,59,360,60,360,60,360,62,361,63,364,63,369,63,369,63,373,63,376,63,378,62,378,60,378,60,378,59,378,57,378,57,378,55,378,54,378,54,378,52,378,50,378,50,378,49,379,48,382,47,386,47,386,47,391,47,394,47,395,46,397,45,400,44,403,43,404,42,404,41,404,41,404,39,404,38,404,38,404,36,404,34,404,34,404,33,404,31,404,31,404,29,403,28,400,28
391,170,388,171,386,172,386,174,386,174,386,175,386,177,386,177,386,178,388,180,391,180,394,180,395,178,395,177,395,177,395,175,395,174,395,174,395,172,394,171,391,170
391,187,388,187,386,188,388,189,391,190,394,189,395,188,394,187,391,187
364,446,360,446,360,446,355,446,351,446,351,446,347,446,344,445,342,444,341,443,338,442,333,442,333,442,329,442,324,442,324,442,320,442,316,442,316,441,314,440,311,439,307,439,307,439,302,439,299,440,298,441,299,442,302,442,307,442,307,442,311,442,316,442,316,444,317,445,320,446,323,446,324,447,326,448,329,449,332,449,333,451,335,452,338,452,342,452,342,452,347,452,351,452,351,452,355,452,360,452,360,452,364,452,367,452,369,451,369,449,369,449,369,447,367,446,364,446
311,203,308,203,307,204,308,205,311,206,314,205,316,204,314,203,311,203
285,436,280,436,280,436,276,436,273,435,271,434,270,433,267,433,262,433,262,433,258,433,254,433,254,433,249,433,245,433,245,433,240,433,236,433,236,433,231,433,227,433,227,433,223,433,220,432,218,431,217,430,214,430,209,430,209,430,205,430,202,429,200,428,199,427,196,426,193,426,192,425,190,424,187,423,184,422,183,421,181,420,178,420,174,420,174,420,169,420,166,420,165,421,165,423,165,423,165,425,165,426,165,426,165,428,166,429,169,430,172,430,174,431,175,432,178,433,183,433,183,433,187,433,190,433,192,434,193,435,196,436,200,436,200,436,205,436,209,436,209,436,214,436,218,436,218,436,223,436,226,437,227,438,228,439,231,439,236,439,236,439,240,439,245,439,245,439,249,439,254,439,254,439,258,439,262,439,262,439,267,439,270,440,271,441,273,442,276,442,279,442,280,441,282,440,285,439,288,439,289,438,288,437,285,436
231,200,228,200,227,201,227,203,223,203,220,203,218,204,220,205,223,206,226,205,227,204,227,203,231,203,234,202,236,201,234,200,231,200
72,25,69,24,68,23,66,22,63,21,59,21,59,21,54,21,51,21,50,20,48,19,45,18,42,18,41,16,40,15,37,15,32,15,32,15,28,15,23,15,23,15,19,15,16,15,14,16,16,18,19,18,22,19,23,20,22,21,19,21,16,22,14,23,14,25,14,25,14,26,16,27,19,28,23,28,23,28,28,28,32,28,32,28,37,28,40,28,41,29,42,31,45,31,48,32,50,33,51,34,54,34,57,35,59,36,60,37,63,38,68,38,68,38,72,38,75,37,76,36,76,34,76,34,76,33,76,31,76,31,76,29,76,28,76,28,76,26,75,25,72,25
72,229,69,229,68,230,69,231,72,232,75,231,76,230,75,229,72,229
45,235,41,235,41,235,37,235,34,236,32,237,32,238,32,238,32,240,32,242,32,242,32,243,32,245,32,245,32,246,34,248,37,248,40,248,41,246,42,245,45,245,48,244,50,243,50,242,50,242,50,240,50,238,50,238,50,237,48,236,45,235
603,125,599,125,599,127,599,128,603,128,608,128,608,127,608,125,603,125
