572,10,574,11,577,12,580,12,581,13,581,15,581,15,581,16,583,18,586,18,589,19,590,20,590,21,590,21,590,23,592,24,595,25,598,25,599,26,599,28,599,28,599,29,599,31,599,31,599,33,598,34,595,34,590,34,590,34,586,34,583,34,581,33,581,31,581,31,581,29,581,28,581,28,581,26,580,25,577,25,574,24,572,23,572,21,572,21,572,20,572,18,572,18,572,16,571,15,568,15,565,14,564,13,564,12,564,12,564,10,475,10,475,12,475,12,475,13,476,14,479,15,484,15,484,15,488,15,493,15,493,15,497,15,500,15,502,16,503,18,506,18,510,18,510,18,515,18,518,19,519,20,521,21,524,21,527,22,528,23,528,25,528,25,528,26,530,27,533,28,536,28,537,29,536,31,533,31,530,32,528,33,527,34,524,34,521,34,519,33,519,31,519,31,519,29,518,28,515,28,510,28,510,28,506,28,502,28,502,28,497,28,493,28,493,28,488,28,484,28,484,28,479,28,475,28,475,28,471,28,468,28,466,29,465,31,462,31,459,32,457,33,456,34,453,34,450,35,448,36,447,37,444,38,440,38,440,38,435,38,432,38,431,39,429,40,426,41,422,41,422,41,417,41,413,41,413,41,409,41,404,41,404,41,400,41,397,40,395,39,395,38,395,38,395,36,397,35,400,34,404,34,404,34,409,34,412,34,413,33,414,32,417,31,420,31,422,29,422,28,422,28,422,26,420,25,417,25,414,25,413,26,412,27,409,28,404,28,404,28,400,28,397,28,395,29,394,31,391,31,386,31,386,31,382,31,379,32,378,33,379,34,382,34,385,35,386,36,385,37,382,38,378,38,378,38,373,38,370,38,369,39,367,40,364,41,361,40,360,39,360,38,360,38,360,36,358,35,355,34,352,34,351,33,351,31,351,31,351,29,351,28,351,28,351,26,352,25,355,25,358,24,360,23,360,21,360,21,360,20,360,18,360,18,360,16,360,15,355,15,352,14,351,13,351,12,351,12,351,10,262,10,261,11,258,12,255,11,254,10,132,10,10,10,10,300,13,300,14,302,14,303,14,303,14,305,13,306,10,306,10,388,10,470,85,470,85,468,85,468,85,467,87,466,90,465,93,466,94,467,96,468,99,468,102,468,103,467,104,466,107,465,110,466,112,467,113,468,116,468,119,469,121,470,378,470,378,468,378,468,378,467,376,466,373,465,370,465,369,464,370,462,373,462,378,462,378,462,382,462,386,462,386,462,391,462,394,462,395,464,397,465,400,465,404,465,404,465,409,465,413,465,413,465,417,465,420,466,422,467,423,468,426,468,431,468,431,468,435,468,438,469,440,470,535,470,630,470,630,240,630,10,572,10
621,83,617,83,617,81,615,80,612,80,609,79,608,78,606,77,603,76,599,76,599,76,595,76,592,76,590,75,590,73,590,73,590,72,590,70,590,70,590,68,592,67,595,67,599,67,599,67,603,67,608,67,608,68,608,70,608,70,608,72,609,73,612,73,615,73,617,72,617,70,617,70,617,68,615,67,612,67,608,67,608,65,608,63,608,63,608,62,608,60,608,60,608,59,608,57,608,57,608,55,606,54,603,54,599,54,599,54,595,54,592,54,590,55,589,56,586,57,581,57,581,57,577,57,574,58,572,59,572,60,572,60,572,62,571,63,568,63,565,64,564,65,562,66,559,67,556,67,555,68,555,70,555,70,555,72,555,73,555,73,555,75,556,76,559,76,564,76,564,76,568,76,572,76,572,76,577,76,580,77,581,78,581,80,581,80,581,81,583,82,586,83,590,83,590,83,595,83,599,83,599,83,603,83,608,83,608,83,612,83,617,83,617,85,617,86,617,86,617,88,618,89,621,89,624,89,626,88,626,86,626,86,626,85,624,83,621,83
621,122,618,122,617,123,617,125,617,125,617,127,618,128,621,128,624,128,626,127,626,125,626,125,626,123,624,122,621,122
612,109,609,108,608,107,608,106,608,106,608,104,606,103,603,102,600,102,599,101,598,100,595,99,590,99,590,99,586,99,583,99,581,97,581,96,581,96,581,94,581,93,581,93,581,91,581,89,581,89,581,88,580,87,577,86,574,86,572,85,571,83,568,83,565,82,564,81,562,80,559,80,556,80,555,81,553,82,550,83,547,83,546,85,546,86,546,86,546,88,544,89,541,89,538,90,537,91,537,93,537,93,537,94,537,96,537,96,537,97,537,99,533,99,530,99,528,97,527,96,524,96,521,96,519,97,518,99,515,99,512,100,510,101,510,102,510,102,510,104,512,105,515,106,519,106,519,106,524,106,527,106,528,107,530,108,533,109,537,109,537,109,541,109,544,108,546,107,546,106,550,106,553,106,555,107,555,109,555,109,555,110,553,111,550,112,547,113,546,114,544,115,541,115,538,115,537,114,536,113,533,112,528,112,528,112,524,112,521,111,519,110,518,109,515,109,512,109,510,110,510,112,510,112,510,114,509,115,506,115,503,116,502,117,502,119,502,119,502,120,502,122,502,122,502,123,502,125,502,125,502,127,502,128,502,128,502,130,502,131,502,131,502,133,503,134,506,135,510,135,510,136,510,138,510,138,510,140,510,141,510,141,510,143,510,144,506,144,503,145,502,146,500,147,497,148,493,148,493,148,488,148,485,148,484,149,484,151,484,151,484,153,485,154,488,154,493,154,493,154,497,154,500,154,502,153,503,151,506,151,509,151,510,153,510,154,510,154,510,156,510,157,510,157,510,159,509,160,506,161,503,161,502,162,500,163,497,164,494,164,493,165,493,167,493,167,493,169,494,170,497,170,502,170,502,170,506,170,509,170,510,169,510,167,510,167,510,165,512,164,515,164,518,163,519,162,521,161,524,161,527,160,528,159,530,158,533,157,536,157,537,156,537,154,537,154,537,153,538,151,541,151,544,150,546,149,547,148,550,148,553,147,555,146,556,145,559,144,564,144,564,144,568,144,571,144,572,143,572,141,572,141,572,140,571,138,568,138,565,137,564,136,564,135,564,135,564,133,565,132,568,131,572,131,572,131,577,131,581,131,581,131,586,131,589,131,590,130,590,128,590,128,590,127,589,126,586,125,581,125,581,125,577,125,574,124,572,123,571,122,568,122,565,121,564,120,565,119,568,119,571,118,572,117,574,116,577,115,580,115,581,114,583,113,586,112,590,112,590,112,595,112,599,112,599,112,603,112,608,112,608,112,612,112,615,112,617,110,615,109,612,109
515,38,512,38,510,39,512,40,515,41,518,40,519,39,518,38,515,38
506,44,502,44,502,44,497,44,494,45,493,46,493,47,493,47,493,49,494,50,497,50,502,50,502,50,506,50,509,50,510,49,510,47,510,47,510,46,509,45,506,44
497,57,493,57,493,55,491,54,488,54,485,53,484,52,482,51,479,50,475,50,475,49,474,48,471,47,468,48,466,49,468,50,471,50,475,50,475,52,475,54,475,54,475,55,475,57,475,57,475,59,476,60,479,60,484,60,484,62,485,63,488,63,491,63,493,62,493,60,497,60,500,60,502,59,500,58,497,57
497,106,494,106,493,107,494,108,497,109,500,108,502,107,500,106,497,106
479,76,476,77,475,78,476,79,479,80,482,79,484,78,482,77,479,76
479,93,476,93,475,94,476,95,479,96,482,95,484,94,482,93,479,93
471,63,468,63,466,62,465,61,462,60,459,61,457,62,457,63,457,63,457,65,459,66,462,67,466,67,466,67,471,67,474,66,475,65,474,64,471,63
471,141,468,142,466,143,468,144,471,144,474,144,475,143,474,142,471,141
462,76,459,77,457,78,459,79,462,80,465,79,466,78,465,77,462,76
462,106,457,106,457,104,457,102,457,102,457,101,457,99,457,99,457,97,456,96,453,96,450,95,448,94,448,93,448,93,448,91,448,89,448,89,448,88,447,87,444,86,441,86,440,85,441,83,444,83,447,82,448,81,447,80,444,80,441,79,440,78,438,77,435,76,431,76,431,76,426,76,422,76,422,76,417,76,414,76,413,75,413,73,413,73,413,72,412,70,409,70,404,70,404,70,400,70,395,70,395,68,394,67,391,67,388,66,386,65,386,63,386,63,386,62,386,60,386,60,386,59,388,58,391,57,395,57,395,57,400,57,404,57,404,57,409,57,413,57,413,57,417,57,422,57,422,57,426,57,429,56,431,55,431,54,431,54,431,52,429,51,426,50,423,51,422,52,420,53,417,54,413,54,413,54,409,54,406,53,404,52,404,50,404,50,404,49,404,47,404,47,404,46,403,45,400,44,397,45,395,46,394,47,391,47,386,47,386,46,385,45,382,44,378,44,378,44,373,44,369,44,369,44,364,44,361,45,360,46,358,47,355,47,351,47,351,47,347,47,344,48,342,49,341,50,338,50,333,50,333,49,333,47,333,47,333,46,333,44,333,44,333,42,333,41,333,41,333,39,335,38,338,38,342,38,342,39,344,40,347,41,350,40,351,39,350,38,347,38,342,38,342,36,342,34,342,34,342,33,341,32,338,31,335,31,333,29,332,28,329,28,326,28,324,29,324,31,324,31,324,33,324,34,324,34,324,36,324,38,324,38,324,39,324,41,324,41,324,42,323,43,320,44,316,44,316,44,311,44,308,45,307,46,308,47,311,47,314,48,316,49,314,50,311,50,308,51,307,52,305,53,302,54,299,54,298,55,298,57,298,57,298,59,296,60,293,60,290,61,289,62,290,63,293,63,296,64,298,65,299,66,302,67,305,67,307,68,307,70,307,70,307,72,308,73,311,73,316,73,316,73,320,73,324,73,324,73,329,73,332,74,333,75,333,76,333,76,333,78,332,79,329,80,324,80,324,80,320,80,316,80,316,80,311,80,307,80,307,80,302,80,298,80,298,80,293,80,290,80,289,81,289,83,289,83,289,85,290,86,293,86,298,86,298,86,302,86,307,86,307,86,311,86,316,86,316,86,320,86,324,86,324,86,329,86,333,86,333,86,338,86,341,86,342,85,342,83,342,83,342,81,344,80,347,80,351,80,351,80,355,80,358,80,360,81,361,82,364,83,367,82,369,81,370,80,373,80,378,80,378,80,382,80,385,80,386,81,386,83,386,83,386,85,388,86,391,86,395,86,395,88,397,89,400,89,404,89,404,91,406,92,409,93,412,92,413,91,413,89,417,89,420,89,422,88,420,87,417,86,413,86,413,85,413,83,417,83,422,83,422,83,426,83,429,83,431,85,431,86,431,86,431,88,432,89,435,89,438,90,440,91,440,93,440,93,440,94,440,96,440,96,440,97,440,99,440,99,440,101,438,102,435,102,431,102,431,102,426,102,422,102,422,101,422,99,422,99,422,97,420,96,417,96,413,96,413,96,409,96,404,96,404,96,400,96,397,95,395,94,394,93,391,93,388,93,386,94,386,96,386,96,386,97,388,99,391,99,394,100,395,101,397,102,400,102,404,102,404,102,409,102,413,102,413,102,417,102,422,102,422,104,422,106,422,106,422,107,422,109,422,109,422,110,423,112,426,112,431,112,431,112,435,112,438,112,440,110,441,109,444,109,447,108,448,107,450,106,453,106,457,106,457,107,457,109,457,109,457,110,457,112,457,112,457,114,457,115,457,115,457,117,457,119,453,119,448,119,448,119,444,119,441,119,440,120,440,122,440,122,440,123,441,124,444,125,447,124,448,123,450,122,453,122,457,122,457,123,457,125,457,125,457,127,457,128,457,128,457,130,459,131,462,131,465,131,466,130,466,128,466,128,466,127,466,125,466,125,466,123,465,122,462,122,457,122,457,120,457,119,462,119,465,118,466,117,466,115,466,115,466,114,466,112,466,112,466,110,466,109,466,109,466,107,465,106,462,106
453,47,450,48,448,49,448,50,448,50,448,52,450,53,453,54,456,53,457,52,457,50,457,50,457,49,456,48,453,47
444,70,441,70,440,72,441,73,444,73,447,73,448,72,447,70,444,70
355,332,351,332,351,332,347,332,344,333,342,334,342,336,342,336,342,337,342,339,342,339,342,340,344,342,347,342,350,342,351,340,352,339,355,339,358,338,360,337,360,336,360,336,360,334,358,333,355,332
338,18,333,18,333,18,329,18,326,19,324,20,324,21,324,21,324,23,326,24,329,25,332,24,333,23,335,22,338,21,341,21,342,20,341,19,338,18
338,326,335,326,333,327,335,329,338,329,341,329,342,327,341,326,338,326
311,394,308,394,307,395,308,397,311,397,314,397,316,395,314,394,311,394
302,28,299,28,298,29,299,31,302,31,305,31,307,29,305,28,302,28
302,190,299,190,298,191,299,192,302,193,305,192,307,191,305,190,302,190
293,38,289,38,289,38,285,38,280,38,280,38,276,38,273,38,271,39,270,40,267,41,264,41,262,42,264,43,267,44,270,45,271,46,271,47,267,47,264,48,262,49,264,50,267,50,270,50,271,49,271,47,276,47,279,48,280,49,280,50,280,50,280,52,282,53,285,54,288,53,289,52,289,50,289,50,289,49,290,48,293,47,296,47,298,46,298,44,298,44,298,42,298,41,298,41,298,39,296,38,293,38
293,323,290,323,289,324,289,326,285,326,282,326,280,327,280,329,280,329,280,331,282,332,285,332,288,332,289,331,289,329,289,329,289,327,289,326,293,326,296,325,298,324,296,323,293,323
267,326,264,325,262,324,261,323,258,323,255,323,254,324,254,326,254,326,254,327,254,329,254,329,254,331,255,332,258,332,262,332,262,332,267,332,270,332,271,331,271,329,271,329,271,327,270,326,267,326
205,323,202,323,200,324,200,326,196,326,193,326,192,327,193,329,196,329,199,329,200,327,200,326,205,326,208,325,209,324,208,323,205,323
187,336,184,336,183,337,184,338,187,339,190,338,192,337,190,336,187,336
169,323,165,323,165,323,161,323,158,323,156,324,155,325,152,326,149,326,147,327,146,329,143,329,140,330,138,331,138,332,138,332,138,334,138,336,138,336,138,337,138,339,138,339,138,340,140,342,143,342,146,342,147,340,149,339,152,339,155,338,156,337,156,336,156,336,156,334,158,333,161,332,164,332,165,331,165,329,165,329,165,327,166,326,169,326,172,325,174,324,172,323,169,323
161,433,156,433,156,433,152,433,149,432,147,431,147,430,147,430,147,428,146,427,143,426,140,426,138,425,140,424,143,423,147,423,147,423,152,423,155,422,156,421,155,420,152,420,147,420,147,420,143,420,138,420,138,420,134,420,130,420,130,420,125,420,122,419,121,418,119,417,116,417,112,417,112,417,107,417,104,416,103,415,102,414,99,413,96,413,94,412,94,410,94,410,94,408,93,407,90,407,87,407,85,408,84,410,81,410,78,411,76,412,76,413,76,413,76,415,78,416,81,417,85,417,85,417,90,417,93,417,94,418,96,419,99,420,102,420,103,421,104,422,107,423,112,423,112,423,116,423,119,424,121,425,121,426,121,426,121,428,121,430,121,430,121,431,122,432,125,433,128,433,130,434,131,435,134,436,138,436,138,436,143,436,147,436,147,436,152,436,156,436,156,436,161,436,164,435,165,434,164,433,161,433
116,323,112,323,112,323,107,323,104,323,103,324,103,326,103,326,103,327,103,329,103,329,103,331,104,332,107,332,110,332,112,331,112,329,112,329,112,327,113,326,116,326,119,325,121,324,119,323,116,323
63,423,60,424,59,425,60,426,63,426,66,426,68,425,66,424,63,423
457,10,457,12,457,12,457,13,459,14,462,15,465,14,466,13,466,12,466,12,466,10,457,10
395,10,395,12,395,12,395,13,395,15,395,15,395,16,397,18,400,18,403,19,404,20,404,21,409,21,413,21,413,21,417,21,420,21,422,20,420,19,417,18,414,18,413,16,413,15,413,15,413,13,413,12,413,12,413,10,395,10
360,10,360,12,360,12,360,13,360,15,364,15,367,14,369,13,370,12,373,12,378,12,378,12,382,12,385,11,386,10,360,10
559,89,556,90,555,91,555,93,555,93,555,94,555,96,555,96,555,97,555,99,559,99,562,99,564,97,564,96,564,96,564,94,564,93,564,93,564,91,562,90,559,89
550,99,546,99,546,99,541,99,537,99,537,101,537,102,537,102,537,104,538,105,541,106,546,106,546,104,547,103,550,102,553,102,555,101,555,99,550,99
550,122,546,122,546,122,541,122,538,121,537,120,536,119,533,119,530,119,528,120,528,122,528,122,528,123,528,125,528,125,528,127,528,128,533,128,536,128,537,127,538,126,541,125,546,125,546,125,550,125,553,124,555,123,553,122,550,122
550,128,547,129,546,130,547,131,550,131,553,131,555,130,553,129,550,128
524,128,521,128,519,127,518,126,515,125,512,126,510,127,510,128,510,128,510,130,510,131,510,131,510,133,510,135,515,135,518,134,519,133,521,132,524,131,527,131,528,130,528,128,524,128
524,138,521,139,519,140,519,141,519,141,519,143,518,144,515,144,510,144,510,146,512,147,515,148,519,148,519,148,524,148,527,147,528,146,528,144,528,144,528,143,528,141,528,141,528,140,527,139,524,138
488,57,485,58,484,59,484,60,488,60,493,60,493,59,493,57,488,57
409,80,406,80,404,81,404,83,409,83,413,83,413,81,412,80,409,80
409,86,404,86,404,88,404,89,409,89,413,89,413,88,413,86,409,86
400,73,395,73,395,75,397,76,400,76,403,76,404,75,403,74,400,73
400,83,397,83,395,85,395,86,400,86,404,86,404,85,404,83,400,83
391,70,386,70,386,70,382,70,379,70,378,72,378,73,378,73,378,75,379,76,382,76,385,76,386,75,388,74,391,73,395,73,395,72,395,70,391,70
382,47,379,48,378,49,378,50,382,50,385,50,386,49,386,47,382,47
373,50,370,51,369,52,369,54,369,54,369,55,367,56,364,57,361,58,360,59,361,60,364,60,369,60,369,60,373,60,376,60,378,59,378,57,378,57,378,55,378,54,378,54,378,52,378,50,373,50
364,67,360,67,360,67,355,67,352,67,351,68,352,69,355,70,360,70,360,70,364,70,367,69,369,68,367,67,364,67
347,57,344,58,342,59,344,60,347,60,350,60,351,59,350,58,347,57
338,63,333,63,333,63,329,63,326,64,324,65,326,66,329,67,333,67,333,67,338,67,341,66,342,65,341,64,338,63
329,50,326,51,324,52,324,54,329,54,332,53,333,52,333,50,329,50
329,57,324,57,324,59,326,60,329,60,332,60,333,59,332,58,329,57
320,54,317,54,316,55,317,56,320,57,324,57,324,55,324,54,320,54
311,60,308,61,307,62,308,63,311,63,314,63,316,62,314,61,311,60
400,21,397,22,395,23,397,24,400,25,403,24,404,23,404,21,400,21
373,21,370,22,369,23,369,25,369,25,369,26,370,27,373,28,376,27,378,26,378,25,378,25,378,23,376,22,373,21
