324,10,323,11,320,12,317,11,316,10,163,10,10,10,10,235,14,235,14,235,19,235,22,236,23,237,25,238,28,238,31,239,32,240,34,241,37,242,40,241,41,240,42,239,45,238,48,239,50,240,50,242,50,242,50,243,50,245,50,245,50,246,51,248,54,248,57,249,59,250,59,251,59,251,59,253,57,254,54,255,51,255,50,256,48,257,45,258,42,258,41,259,40,261,37,261,34,262,32,263,31,264,28,264,25,265,23,266,22,267,19,268,16,268,14,269,14,271,14,271,14,272,14,274,14,274,14,276,14,277,14,277,14,279,14,280,14,280,14,282,13,283,10,284,10,336,13,336,14,337,14,339,14,339,14,340,16,341,19,342,22,343,23,344,23,345,23,345,23,347,25,348,28,349,31,349,32,350,32,352,32,352,32,353,34,354,37,355,40,356,41,357,42,358,45,358,48,359,50,360,50,361,50,361,50,363,51,364,54,365,57,365,59,366,59,368,59,368,59,370,60,371,63,371,66,372,68,373,69,374,72,374,75,375,76,376,76,378,76,378,76,379,78,380,81,381,84,381,85,383,87,384,90,384,93,385,94,386,94,387,99,387,103,387,103,387,107,387,110,388,112,389,112,391,112,391,112,392,113,393,116,394,119,394,121,395,122,397,125,397,128,398,130,399,131,400,134,400,138,400,138,400,143,400,146,401,147,402,146,403,143,404,140,404,138,405,138,407,143,407,147,407,147,407,152,407,156,407,156,407,161,407,165,407,165,407,169,407,174,407,174,407,178,407,183,407,183,407,187,407,190,407,192,408,193,410,196,410,200,410,200,410,205,410,209,410,209,410,214,410,218,410,218,410,223,410,226,411,227,412,228,413,231,413,236,413,236,413,240,413,243,414,245,415,245,417,245,417,245,418,245,420,245,420,245,421,243,422,240,423,236,423,236,423,231,423,228,422,227,421,226,420,223,420,220,419,218,418,217,417,214,417,209,417,209,417,205,417,202,416,200,415,199,414,196,413,192,413,192,413,187,413,183,413,183,413,178,413,174,413,174,413,169,413,165,413,165,413,161,413,158,413,156,412,155,411,152,410,147,410,147,410,143,410,140,410,138,408,138,407,134,407,130,407,130,407,125,407,121,407,121,407,116,407,112,407,112,407,107,407,104,406,103,405,102,404,99,404,96,403,94,402,94,400,94,400,94,399,94,397,94,397,94,395,93,394,90,394,87,393,85,392,87,391,90,391,93,390,94,389,94,387,90,387,85,387,85,387,81,387,76,387,76,387,72,387,68,387,68,387,63,387,59,387,59,387,54,387,51,387,50,386,50,384,50,384,50,383,50,381,50,381,50,379,48,378,45,378,42,377,41,376,40,375,37,374,34,374,32,373,31,372,28,371,25,371,23,370,23,368,23,368,23,366,22,365,19,365,16,364,14,363,14,361,14,361,14,360,14,358,14,358,14,357,13,356,10,355,10,413,10,470,510,470,512,469,515,468,518,469,519,470,546,470,547,469,550,468,553,469,555,470,592,470,630,470,630,248,627,248,626,246,624,245,621,245,618,244,617,243,618,242,621,242,624,241,626,240,626,238,626,238,626,237,627,236,630,235,630,170,627,171,626,172,624,173,621,174,617,174,617,174,612,174,608,174,608,174,603,174,600,173,599,172,598,171,595,170,592,170,590,169,589,168,586,167,583,167,581,165,581,164,581,164,581,162,583,161,586,161,589,160,590,159,592,158,595,157,599,157,599,157,603,157,608,157,608,157,612,157,615,158,617,159,618,160,621,161,626,161,626,161,630,161,630,85,630,10,324,10
621,115,618,116,617,117,618,118,621,119,624,118,626,117,624,116,621,115
603,365,600,364,599,363,599,361,599,361,599,360,599,358,599,358,599,357,599,355,599,355,599,353,598,352,595,352,592,352,590,353,589,354,586,355,583,356,581,357,583,358,586,358,589,359,590,360,590,361,590,361,590,363,590,365,590,365,590,366,592,367,595,368,598,369,599,370,599,371,599,371,599,373,599,374,599,374,599,376,600,377,603,378,606,377,608,376,608,374,608,374,608,373,608,371,608,371,608,370,608,368,608,368,608,366,606,365,603,365
577,345,574,346,572,347,574,348,577,349,580,348,581,347,580,346,577,345
568,119,565,119,564,120,564,122,564,122,564,123,562,124,559,125,556,126,555,127,553,128,550,128,547,128,546,127,544,126,541,125,538,126,537,127,537,128,537,128,537,130,537,131,537,131,537,133,537,135,537,135,537,136,537,138,537,138,537,140,538,141,541,141,544,142,546,143,547,144,550,144,555,144,555,146,553,147,550,148,547,148,546,149,546,151,546,151,546,153,544,154,541,154,537,154,537,154,533,154,530,155,528,156,527,157,524,157,521,158,519,159,521,160,524,161,528,161,528,161,533,161,537,161,537,161,541,161,546,161,546,161,550,161,553,160,555,159,556,158,559,157,562,157,564,156,565,155,568,154,571,154,572,153,572,151,572,151,572,149,572,148,572,148,572,146,571,145,568,144,564,144,564,144,559,144,555,144,555,143,555,141,555,141,555,140,555,138,555,138,555,136,555,135,555,135,555,133,556,132,559,131,562,131,564,130,565,129,568,128,571,128,572,127,572,125,572,125,572,123,572,122,572,122,572,120,571,119,568,119
568,339,565,339,564,340,565,342,568,342,571,342,572,340,571,339,568,339
559,332,556,333,555,334,556,335,559,336,562,335,564,334,562,333,559,332
533,18,528,18,528,18,524,18,521,19,519,20,518,21,515,21,512,21,510,20,509,19,506,18,503,18,502,16,500,15,497,15,494,15,493,16,493,18,493,18,493,20,491,21,488,21,484,21,484,21,479,21,475,21,475,21,471,21,468,22,466,23,468,24,471,25,474,25,475,26,476,27,479,28,482,28,484,29,485,31,488,31,491,32,493,33,494,34,497,34,502,34,502,34,506,34,509,35,510,36,510,38,510,38,510,39,510,41,510,41,510,42,510,44,510,44,510,46,510,47,510,47,510,49,510,50,510,50,510,52,512,53,515,54,518,53,519,52,521,51,524,50,527,50,528,49,528,47,528,47,528,46,530,45,533,44,536,43,537,42,536,41,533,41,530,40,528,39,528,38,528,38,528,36,528,34,528,34,528,33,528,31,533,31,536,31,537,29,537,28,537,28,537,26,536,25,533,25,528,25,528,23,530,22,533,21,536,21,537,20,536,19,533,18
488,465,485,466,484,467,485,468,488,468,491,468,493,467,491,466,488,465
471,15,468,15,466,16,468,18,471,18,474,18,475,16,474,15,471,15
391,284,388,284,386,285,388,286,391,287,394,286,395,285,394,284,391,284
338,18,335,19,333,20,335,21,338,21,341,21,342,20,341,19,338,18
311,102,308,102,307,101,305,100,302,99,299,100,298,101,298,102,298,102,298,104,298,106,298,106,298,107,299,108,302,109,305,108,307,107,308,106,311,106,314,105,316,104,314,103,311,102
293,115,290,116,289,117,289,119,285,119,282,119,280,120,282,121,285,122,288,121,289,120,289,119,293,119,296,118,298,117,296,116,293,115
293,200,290,200,289,201,290,202,293,203,296,202,298,201,296,200,293,200
240,449,237,448,236,447,234,446,231,446,228,445,227,444,226,443,223,442,220,442,218,441,217,440,214,439,209,439,209,439,205,439,202,440,200,441,202,442,205,442,208,443,209,444,209,446,209,446,209,447,211,448,214,449,217,449,218,451,218,452,218,452,218,454,220,455,223,455,227,455,227,455,231,455,236,455,236,455,240,455,243,455,245,454,245,452,245,452,245,451,243,449,240,449
143,420,140,420,138,421,140,422,143,423,146,422,147,421,146,420,143,420
72,326,69,326,68,327,69,329,72,329,75,329,76,327,75,326,72,326
54,316,51,317,50,318,51,319,54,319,57,319,59,318,57,317,54,316
37,423,34,424,32,425,34,426,37,426,40,426,41,425,40,424,37,423
524,25,521,25,519,26,519,28,519,28,519,29,521,31,524,31,528,31,528,29,528,28,528,28,528,26,528,25,524,25
