165,10,164,11,161,12,158,12,156,13,156,15,161,15,164,15,165,16,164,18,161,18,158,18,156,16,156,15,152,15,149,14,147,13,147,12,147,12,147,10,59,10,57,11,54,12,51,11,50,10,30,10,10,10,10,342,13,343,14,344,13,345,10,345,10,408,10,470,156,470,158,469,161,468,164,468,165,467,166,466,169,465,174,465,174,464,175,462,178,462,181,462,183,464,181,465,178,465,174,465,174,467,174,468,174,468,174,470,510,470,509,469,506,468,503,468,502,467,502,465,502,465,502,464,503,462,506,462,510,462,510,462,515,462,519,462,519,462,524,462,527,462,528,464,530,465,533,465,536,465,537,464,538,462,541,462,544,462,546,464,546,465,546,465,546,467,546,468,546,468,546,470,588,470,630,470,630,248,627,248,626,246,627,245,630,245,630,235,627,236,626,237,626,238,626,238,626,240,624,241,621,242,618,241,617,240,617,238,617,238,617,237,617,235,617,235,617,234,618,232,621,232,624,231,626,230,627,229,630,229,630,119,630,10,165,10
603,44,600,43,599,42,599,41,599,41,599,39,599,38,599,38,599,36,599,34,599,34,599,33,599,31,599,31,599,29,598,28,595,28,592,27,590,26,590,25,590,25,590,23,589,22,586,21,583,21,581,20,580,19,577,18,574,19,572,20,572,21,572,21,572,23,574,24,577,25,580,25,581,26,581,28,581,28,581,29,581,31,581,31,581,33,581,34,581,34,581,36,583,37,586,38,589,38,590,39,590,41,590,41,590,42,589,43,586,44,583,45,581,46,581,47,581,47,581,49,583,50,586,50,589,51,590,52,592,53,595,54,599,54,599,54,603,54,606,53,608,52,608,50,608,50,608,49,608,47,608,47,608,46,606,45,603,44
577,170,574,170,572,169,571,168,568,167,565,167,564,165,562,164,559,164,556,163,555,162,553,161,550,161,546,161,546,161,541,161,538,161,537,162,537,164,537,164,537,165,538,167,541,167,544,168,546,169,547,170,550,170,553,171,555,172,556,173,559,174,562,174,564,175,565,176,568,177,571,177,572,178,574,180,577,180,580,180,581,178,581,177,581,177,581,175,581,174,581,174,581,172,580,171,577,170
577,190,574,190,572,191,574,192,577,193,580,192,581,191,580,190,577,190
568,135,565,134,564,133,562,132,559,131,556,132,555,133,555,135,555,135,555,136,556,137,559,138,564,138,564,138,568,138,571,137,572,136,571,135,568,135
541,138,538,137,537,136,536,135,533,135,530,135,528,136,528,138,528,138,528,140,528,141,524,141,521,142,519,143,521,144,524,144,528,144,528,146,528,148,528,148,528,149,530,150,533,151,536,150,537,149,538,148,541,148,544,147,546,146,546,144,546,144,546,143,546,141,546,141,546,140,544,138,541,138
524,106,519,106,519,106,515,106,512,106,510,107,510,109,510,109,510,110,510,112,510,112,510,114,510,115,510,115,510,117,512,118,515,119,518,118,519,117,521,116,524,115,527,115,528,114,528,112,528,112,528,110,528,109,528,109,528,107,527,106,524,106
524,125,521,126,519,127,521,128,524,128,527,128,528,127,527,126,524,125
524,157,521,158,519,159,521,160,524,161,527,160,528,159,527,158,524,157
497,63,494,64,493,65,493,67,493,67,493,68,494,69,497,70,500,69,502,68,502,67,502,67,502,65,500,64,497,63
462,99,457,99,457,97,456,96,453,96,448,96,448,96,444,96,441,96,440,97,441,99,444,99,448,99,448,99,453,99,457,99,457,101,457,102,457,102,457,104,457,106,457,106,457,107,457,109,457,109,457,110,457,112,457,112,457,114,457,115,457,115,457,117,457,119,453,119,450,119,448,120,450,121,453,122,456,121,457,120,457,119,462,119,465,118,466,117,466,115,466,115,466,114,466,112,466,112,466,110,466,109,466,109,466,107,466,106,466,106,466,104,466,102,466,102,466,101,465,100,462,99
444,80,441,80,440,81,441,82,444,83,447,82,448,81,447,80,444,80
444,102,441,103,440,104,440,106,440,106,440,107,441,108,444,109,447,108,448,107,448,106,448,106,448,104,447,103,444,102
400,439,397,440,395,441,397,442,400,442,403,442,404,441,403,440,400,439
382,261,379,262,378,263,378,264,378,264,378,266,378,268,378,268,378,269,378,271,378,271,378,272,379,273,382,274,385,273,386,272,386,271,386,271,386,269,386,268,386,268,386,266,386,264,386,264,386,263,385,262,382,261
373,426,370,427,369,428,370,429,373,430,376,429,378,428,376,427,373,426
373,442,370,443,369,444,370,445,373,446,376,445,378,444,376,443,373,442
329,41,326,41,324,42,326,43,329,44,332,43,333,42,332,41,329,41
169,21,166,22,165,23,166,24,169,25,172,24,174,23,172,22,169,21
134,300,131,299,130,298,128,297,125,297,121,297,121,297,116,297,113,296,112,295,110,294,107,293,103,293,103,293,99,293,94,293,94,293,90,293,85,293,85,293,81,293,78,294,76,295,76,297,72,297,69,297,68,298,68,300,63,300,60,299,59,298,57,297,54,297,51,297,50,298,50,300,50,300,50,302,51,303,54,303,59,303,59,303,63,303,66,303,68,302,68,300,72,300,75,299,76,298,76,297,81,297,84,297,85,298,87,299,90,300,93,300,94,302,96,303,99,303,103,303,103,303,107,303,110,304,112,305,113,306,116,306,121,306,121,306,125,306,128,307,130,308,131,309,134,310,137,309,138,308,138,306,138,306,138,305,138,303,138,303,138,302,137,300,134,300
45,280,41,280,41,280,37,280,34,281,32,282,34,283,37,284,40,284,41,285,42,286,45,287,48,286,50,285,50,284,50,284,50,282,48,281,45,280
45,378,41,378,41,376,41,374,41,374,41,373,40,372,37,371,32,371,32,370,32,368,32,368,32,366,32,365,32,365,32,363,32,361,32,361,32,360,31,359,28,358,25,358,23,357,23,355,23,355,23,353,22,352,19,352,16,352,14,353,14,355,14,355,14,357,14,358,14,358,14,360,16,361,19,361,22,362,23,363,23,365,23,365,23,366,23,368,23,368,23,370,25,371,28,371,32,371,32,373,32,374,32,374,32,376,34,377,37,378,41,378,41,379,42,380,45,381,48,380,50,379,48,378,45,378
537,470,536,469,533,468,530,469,528,470,537,470
533,141,528,141,528,143,528,144,533,144,536,144,537,143,536,142,533,141
