475,10,475,12,475,12,475,13,476,14,479,15,482,15,484,16,484,18,484,18,484,20,484,21,484,21,484,23,484,25,484,25,484,26,482,27,479,28,476,28,475,29,474,31,471,31,466,31,466,31,462,31,459,32,457,33,459,34,462,34,466,34,466,34,471,34,474,35,475,36,475,38,475,38,475,39,476,40,479,41,482,41,484,42,485,43,488,44,491,45,493,46,491,47,488,47,484,47,484,47,479,47,476,47,475,46,474,45,471,44,468,43,466,42,466,41,466,41,466,39,465,38,462,38,459,38,457,39,456,40,453,41,450,41,448,42,447,43,444,44,441,43,440,42,440,41,440,41,440,39,440,38,440,38,440,36,438,35,435,34,431,34,431,34,426,34,423,34,422,33,422,31,422,31,422,29,423,28,426,28,431,28,431,26,432,25,435,25,440,25,440,23,440,21,440,21,440,20,441,19,444,18,448,18,448,18,453,18,456,18,457,16,457,15,457,15,457,13,457,12,457,12,457,10,360,10,361,11,364,12,369,12,369,12,373,12,376,12,378,13,376,14,373,15,370,15,369,16,367,18,364,18,360,18,360,18,355,18,352,18,351,16,350,15,347,15,344,14,342,13,344,12,347,12,350,11,351,10,254,10,254,12,254,12,254,13,252,14,249,15,246,14,245,13,245,12,245,12,245,10,127,10,10,10,10,50,14,50,14,50,19,50,22,51,23,52,23,54,23,54,23,55,22,56,19,57,14,57,14,57,10,57,10,263,10,470,103,470,104,469,107,468,112,468,112,468,116,468,119,469,121,470,493,470,494,469,497,468,500,469,502,470,566,470,630,470,630,240,630,10,475,10
612,102,609,102,608,101,608,99,608,99,608,97,608,96,608,96,608,94,608,93,608,93,608,91,608,89,608,89,608,88,608,86,608,86,608,85,608,83,608,83,608,81,608,80,608,80,608,78,608,76,608,76,608,75,608,73,608,73,608,72,608,70,608,70,608,68,608,67,608,67,608,65,606,64,603,63,600,63,599,62,598,61,595,60,592,61,590,62,590,63,590,63,590,65,589,66,586,67,583,66,581,65,580,64,577,63,574,64,572,65,572,67,572,67,572,68,571,69,568,70,564,70,564,70,559,70,556,70,555,72,556,73,559,73,564,73,564,73,568,73,571,74,572,75,571,76,568,76,565,77,564,78,562,79,559,80,556,80,555,81,555,83,555,83,555,85,555,86,555,86,555,88,553,89,550,89,547,90,546,91,547,92,550,93,553,93,555,94,556,95,559,96,564,96,564,96,568,96,571,96,572,97,574,99,577,99,581,99,581,99,586,99,589,100,590,101,590,102,590,102,590,104,590,106,590,106,590,107,590,109,590,109,590,110,592,112,595,112,598,113,599,114,599,115,599,115,599,117,598,118,595,119,590,119,590,119,586,119,583,119,581,120,581,122,581,122,581,123,581,125,581,125,581,127,583,128,586,128,590,128,590,128,595,128,598,128,599,127,600,126,603,125,606,124,608,123,608,122,608,122,608,120,608,119,608,119,608,117,609,116,612,115,615,115,617,114,617,112,617,112,617,110,617,109,617,109,617,107,617,106,617,106,617,104,615,103,612,102
603,219,600,218,599,217,599,216,599,216,599,214,599,212,599,212,599,211,599,209,599,209,599,208,599,206,599,206,599,204,598,203,595,203,592,202,590,201,590,200,590,200,590,198,590,196,590,196,590,195,589,194,586,193,583,192,581,191,581,190,581,190,581,188,580,187,577,187,574,187,572,188,572,190,572,190,572,191,572,193,572,193,572,195,574,196,577,196,580,197,581,198,581,200,581,200,581,201,581,203,581,203,581,204,581,206,581,206,581,208,583,209,586,209,589,210,590,211,590,212,590,212,590,214,590,216,590,216,590,217,590,219,590,219,590,221,590,222,590,222,590,224,590,225,590,225,590,227,592,228,595,229,598,229,599,230,599,232,599,232,599,234,599,235,599,235,599,237,599,238,599,238,599,240,599,242,599,242,599,243,599,245,599,245,599,246,599,248,599,248,599,250,599,251,599,251,599,253,599,255,599,255,599,256,599,258,599,258,599,259,599,261,599,261,599,263,600,264,603,264,606,264,608,263,608,261,608,261,608,259,608,258,608,258,608,256,608,255,608,255,608,253,608,251,608,251,608,250,608,248,608,248,608,246,608,245,608,245,608,243,608,242,608,242,608,240,608,238,608,238,608,237,608,235,608,235,608,234,608,232,608,232,608,230,608,229,608,229,608,227,608,225,608,225,608,224,608,222,608,222,608,221,606,219,603,219
568,122,565,122,564,123,564,125,564,125,564,127,565,128,568,128,571,128,572,127,572,125,572,125,572,123,571,122,568,122
568,177,564,177,564,175,564,174,564,174,564,172,562,171,559,170,556,171,555,172,555,174,555,174,555,175,556,176,559,177,564,177,564,178,565,180,568,180,571,180,572,178,571,177,568,177
541,157,538,158,537,159,538,160,541,161,544,160,546,159,544,158,541,157
524,151,519,151,519,151,515,151,512,151,510,153,512,154,515,154,518,155,519,156,519,157,519,157,519,159,521,160,524,161,527,160,528,159,528,157,528,157,528,156,528,154,528,154,528,153,527,151,524,151
435,293,431,293,431,293,426,293,423,294,422,295,422,297,422,297,422,298,422,300,422,300,422,302,422,303,422,303,422,305,422,306,422,306,422,308,423,309,426,310,429,309,431,308,431,306,431,306,431,305,431,303,431,303,431,302,432,300,435,300,438,299,440,298,440,297,440,297,440,295,438,294,435,293
435,361,431,361,431,361,426,361,423,361,422,360,422,358,422,358,422,357,420,356,417,355,414,356,413,357,412,358,409,358,406,359,404,360,404,361,404,361,404,363,403,364,400,365,397,365,395,366,395,368,395,368,395,370,395,371,395,371,395,373,395,374,395,374,395,376,395,378,395,378,395,379,395,381,395,381,395,383,397,384,400,384,403,385,404,386,404,387,404,387,404,389,404,391,404,391,404,392,404,394,404,394,404,395,404,397,400,397,397,398,395,399,395,400,395,400,395,402,397,403,400,404,403,403,404,402,404,400,404,400,404,399,404,397,409,397,412,397,413,395,414,394,417,394,420,393,422,392,422,391,422,391,422,389,422,387,422,387,422,386,423,385,426,384,429,384,431,383,431,381,431,381,431,379,431,378,431,378,431,376,431,374,431,374,431,373,431,371,431,371,431,370,432,369,435,368,438,367,440,366,440,365,440,365,440,363,438,362,435,361
426,44,423,45,422,46,423,47,426,47,429,47,431,46,429,45,426,44
426,63,423,64,422,65,422,67,422,67,422,68,422,70,422,70,422,72,422,73,422,73,422,75,423,76,426,76,429,76,431,75,431,73,431,73,431,72,431,70,431,70,431,68,431,67,431,67,431,65,429,64,426,63
417,99,414,100,413,101,413,102,413,102,413,104,414,105,417,106,420,105,422,104,422,102,422,102,422,101,420,100,417,99
409,12,406,12,404,13,406,14,409,15,412,14,413,13,412,12,409,12
409,407,406,407,404,408,404,410,404,410,404,412,403,413,400,413,397,414,395,415,394,416,391,417,388,417,386,418,386,420,386,420,386,421,386,423,386,423,386,425,385,426,382,426,379,427,378,428,379,429,382,430,386,430,386,430,391,430,394,429,395,428,397,427,400,426,403,426,404,425,404,423,404,423,404,421,404,420,404,420,404,418,406,417,409,417,412,416,413,415,413,413,413,413,413,412,413,410,413,410,413,408,412,407,409,407
409,430,406,430,404,431,406,432,409,433,412,432,413,431,412,430,409,430
391,63,388,64,386,65,386,67,386,67,386,68,388,69,391,70,394,69,395,68,395,67,395,67,395,65,394,64,391,63
329,34,326,35,324,36,324,38,324,38,324,39,324,41,324,41,324,42,326,43,329,44,332,43,333,42,333,41,333,41,333,39,333,38,333,38,333,36,332,35,329,34
320,15,317,15,316,16,317,18,320,18,323,18,324,16,323,15,320,15
311,170,308,171,307,172,308,173,311,174,314,173,316,172,314,171,311,170
285,21,280,21,280,20,279,19,276,18,271,18,271,18,267,18,264,19,262,20,264,21,267,21,271,21,271,21,276,21,280,21,280,23,282,24,285,25,288,24,289,23,288,22,285,21
231,12,227,12,227,12,223,12,220,12,218,13,220,14,223,15,226,15,227,16,228,18,231,18,234,18,236,16,236,15,236,15,236,13,234,12,231,12
152,323,149,322,147,321,146,320,143,319,138,319,138,319,134,319,130,319,130,319,125,319,121,319,121,319,116,319,112,319,112,319,107,319,104,320,103,321,104,322,107,323,110,323,112,324,113,325,116,326,119,326,121,327,122,329,125,329,128,330,130,331,131,332,134,332,138,332,138,332,143,332,146,332,147,331,149,330,152,329,155,329,156,327,156,326,156,326,156,324,155,323,152,323
54,420,51,420,50,421,51,422,54,423,57,422,59,421,57,420,54,420
45,41,42,41,41,42,42,43,45,44,48,43,50,42,48,41,45,41
462,21,459,22,457,23,457,25,457,25,457,26,459,27,462,28,465,27,466,26,466,25,466,25,466,23,465,22,462,21
444,25,440,25,440,26,440,28,444,28,447,27,448,26,447,25,444,25
435,28,431,28,431,29,432,31,435,31,438,31,440,29,440,28,435,28
