475,10,475,12,475,12,475,13,474,14,471,15,468,14,466,13,466,12,466,12,466,10,238,10,10,10,10,238,13,239,14,240,16,241,19,242,22,242,23,243,25,244,28,245,32,245,32,243,34,242,37,242,40,242,41,243,40,244,37,245,32,245,32,246,34,248,37,248,40,249,41,250,41,251,41,251,41,253,41,255,45,255,48,255,50,256,50,258,50,258,50,259,50,261,54,261,57,262,59,263,57,264,54,264,51,264,50,263,50,261,45,261,42,261,41,259,41,258,41,258,41,256,41,255,37,255,34,254,32,253,31,252,28,251,25,251,23,250,22,249,19,248,16,248,14,246,13,245,10,245,10,357,10,470,85,470,87,469,90,468,93,469,94,470,362,470,630,470,630,245,627,244,626,243,626,242,626,242,626,240,627,239,630,238,630,124,630,10,475,10
612,115,609,116,608,117,609,118,612,119,615,118,617,117,615,116,612,115
586,125,583,126,581,127,581,128,581,128,581,130,583,131,586,131,589,131,590,130,590,128,590,128,590,127,589,126,586,125
577,358,574,358,572,357,572,355,572,355,572,353,572,352,572,352,572,350,571,349,568,349,564,349,564,349,559,349,555,349,555,349,550,349,546,349,546,349,541,349,538,349,537,350,538,351,541,352,544,352,546,353,547,354,550,355,553,356,555,357,556,358,559,358,562,359,564,360,562,361,559,361,555,361,555,361,550,361,547,362,546,363,547,364,550,365,555,365,555,365,559,365,564,365,564,365,568,365,572,365,572,365,577,365,580,364,581,363,581,361,581,361,581,360,580,359,577,358
568,122,565,122,564,123,564,125,564,125,564,127,562,128,559,128,556,129,555,130,555,131,555,131,555,133,556,134,559,135,564,135,564,135,568,135,571,134,572,133,572,131,572,131,572,130,572,128,572,128,572,127,572,125,572,125,572,123,571,122,568,122
533,15,530,14,528,13,527,12,524,12,519,12,519,12,515,12,512,12,510,13,510,15,510,15,510,16,510,18,510,18,510,20,509,21,506,21,503,22,502,23,503,24,506,25,510,25,510,25,515,25,518,25,519,26,519,28,519,28,519,29,519,31,519,31,519,33,521,34,524,34,527,35,528,36,530,37,533,38,536,37,537,36,537,34,537,34,537,33,537,31,537,31,537,29,536,28,533,28,530,27,528,26,528,25,528,25,528,23,530,22,533,21,536,21,537,20,537,18,537,18,537,16,536,15,533,15
533,125,530,126,528,127,528,128,528,128,528,130,528,131,528,131,528,133,530,134,533,135,536,134,537,133,537,131,537,131,537,130,537,128,537,128,537,127,536,126,533,125
533,154,528,154,528,154,524,154,521,155,519,156,518,157,515,157,512,158,510,159,512,160,515,161,519,161,519,161,524,161,527,160,528,159,530,158,533,157,536,157,537,156,536,155,533,154
524,141,521,141,519,140,518,138,515,138,512,138,510,140,510,141,510,141,510,143,512,144,515,144,518,145,519,146,519,148,519,148,519,149,521,150,524,151,527,150,528,149,528,148,528,148,528,146,528,144,528,144,528,143,527,142,524,141
497,138,494,138,493,140,491,141,488,141,485,142,484,143,484,144,479,144,475,144,475,144,471,144,468,145,466,146,466,148,466,148,466,149,466,151,466,151,466,153,466,154,466,154,466,156,468,157,471,157,475,157,475,157,479,157,482,157,484,156,484,154,484,154,484,153,484,151,484,151,484,149,484,148,484,148,484,146,484,144,488,144,493,144,493,144,497,144,500,144,502,143,502,141,502,141,502,140,500,138,497,138
479,131,476,132,475,133,476,134,479,135,482,134,484,133,482,132,479,131
471,99,466,99,466,99,462,99,457,99,457,97,457,96,457,96,457,94,456,93,453,93,450,92,448,91,447,90,444,89,440,89,440,88,438,87,435,86,432,87,431,88,432,89,435,89,440,89,440,91,440,93,440,93,440,94,441,95,444,96,447,96,448,97,448,99,444,99,441,100,440,101,440,102,440,102,440,104,441,105,444,106,447,105,448,104,448,102,448,102,448,101,448,99,453,99,457,99,457,101,457,102,457,102,457,104,457,106,457,106,457,107,457,109,457,109,457,110,457,112,457,112,457,114,457,115,457,115,457,117,459,118,462,119,465,118,466,117,466,115,466,115,466,114,466,112,466,112,466,110,466,109,466,109,466,107,466,106,466,106,466,104,468,103,471,102,474,102,475,101,474,100,471,99
426,70,423,70,422,72,422,73,422,73,422,75,423,76,426,76,429,76,431,75,431,73,431,73,431,72,429,70,426,70
417,102,414,103,413,104,413,106,413,106,413,107,414,108,417,109,420,108,422,107,422,106,422,106,422,104,420,103,417,102
391,187,388,187,386,188,388,189,391,190,394,189,395,188,394,187,391,187
373,459,370,458,369,457,367,456,364,455,360,455,360,455,355,455,351,455,351,455,347,455,344,455,342,454,341,453,338,452,333,452,333,452,329,452,326,452,324,451,323,449,320,449,317,448,316,447,314,446,311,446,308,445,307,444,305,443,302,442,299,442,298,441,296,440,293,439,289,439,289,439,285,439,282,439,280,438,279,437,276,436,273,435,271,434,270,433,267,433,264,432,262,431,261,430,258,430,255,429,254,428,254,426,254,426,254,425,252,424,249,423,245,423,245,423,240,423,236,423,236,423,231,423,227,423,227,423,223,423,220,422,218,421,218,420,218,420,218,418,217,417,214,417,209,417,209,417,205,417,202,416,200,415,199,414,196,413,192,413,192,413,187,413,183,413,183,412,181,411,178,410,175,411,174,412,175,413,178,413,183,413,183,415,183,417,183,417,183,418,184,419,187,420,190,420,192,421,193,422,196,423,199,424,200,425,202,426,205,426,209,426,209,426,214,426,217,427,218,428,220,429,223,430,226,430,227,431,227,433,227,433,227,434,228,435,231,436,234,437,236,438,237,439,240,439,245,439,245,439,249,439,252,440,254,441,255,442,258,442,262,442,262,442,267,442,270,443,271,444,273,445,276,446,279,446,280,447,282,448,285,449,289,449,289,449,293,449,296,449,298,451,299,452,302,452,305,453,307,454,308,455,311,455,316,455,316,455,320,455,324,455,324,455,329,455,332,456,333,457,335,458,338,459,342,459,342,459,347,459,351,459,351,459,355,459,358,459,360,460,361,461,364,462,367,462,369,464,367,465,364,465,360,465,360,465,355,465,352,466,351,467,352,468,355,468,360,468,360,468,364,468,369,468,369,468,373,468,376,468,378,467,378,465,378,465,378,464,378,462,378,462,378,460,376,459,373,459
364,83,360,83,360,81,360,80,360,80,360,78,358,77,355,76,352,76,351,75,351,73,351,73,351,72,351,70,351,70,351,68,350,67,347,67,344,67,342,68,342,70,342,70,342,72,341,73,338,73,335,74,333,75,333,76,333,76,333,78,335,79,338,80,341,80,342,81,344,82,347,83,351,83,351,83,355,83,360,83,360,85,358,86,355,86,352,87,351,88,352,89,355,89,358,90,360,91,360,93,360,93,360,94,361,95,364,96,367,95,369,94,369,93,369,93,369,91,369,89,369,89,369,88,369,86,369,86,369,85,367,83,364,83
338,60,333,60,333,60,329,60,324,60,324,60,320,60,316,60,316,60,311,60,308,60,307,59,305,58,302,57,299,58,298,59,298,60,298,60,298,62,299,63,302,63,307,63,307,63,311,63,316,63,316,63,320,63,324,63,324,63,329,63,333,63,333,63,338,63,341,63,342,62,341,61,338,60
329,67,326,67,324,68,326,69,329,70,332,69,333,68,332,67,329,67
285,151,282,150,280,149,280,148,280,148,280,146,279,145,276,144,273,144,271,143,270,142,267,141,262,141,262,141,258,141,255,141,254,140,252,138,249,138,245,138,245,138,240,138,236,138,236,138,231,138,228,138,227,140,227,141,227,141,227,143,227,144,227,144,227,146,227,148,227,148,227,149,227,151,227,151,227,153,228,154,231,154,236,154,236,154,240,154,245,154,245,154,249,154,254,154,254,154,258,154,261,155,262,156,264,157,267,157,271,157,271,157,276,157,279,157,280,156,282,155,285,154,288,154,289,153,288,151,285,151
214,125,211,124,209,123,209,122,209,122,209,120,208,119,205,119,202,118,200,117,200,115,200,115,200,114,199,113,196,112,193,111,192,110,190,109,187,109,184,108,183,107,183,106,183,106,183,104,181,103,178,102,175,103,174,104,174,106,174,106,174,107,174,109,174,109,174,110,172,111,169,112,166,113,165,114,165,115,165,115,165,117,165,119,165,119,165,120,165,122,165,122,165,123,166,124,169,125,172,126,174,127,174,128,174,128,174,130,174,131,174,131,174,133,174,135,174,135,174,136,174,138,169,138,166,138,165,140,165,141,165,141,165,143,166,144,169,144,172,144,174,143,174,141,174,141,174,140,174,138,178,138,181,139,183,140,183,141,183,141,183,143,184,144,187,144,190,144,192,143,193,142,196,141,199,141,200,140,202,139,205,138,208,137,209,136,211,135,214,135,217,134,218,133,218,131,218,131,218,130,218,128,218,128,218,127,217,126,214,125
205,384,202,385,200,386,199,387,196,387,193,387,192,386,192,384,192,384,192,383,190,381,187,381,184,380,183,379,181,378,178,378,175,377,174,376,174,374,174,374,174,373,172,372,169,371,166,371,165,370,164,368,161,368,156,368,156,366,156,365,156,365,156,363,155,362,152,361,147,361,147,361,143,361,140,362,138,363,140,364,143,365,146,365,147,366,149,367,152,368,156,368,156,370,155,371,152,371,149,372,147,373,149,374,152,374,155,375,156,376,156,378,156,378,156,379,156,381,156,381,156,383,158,384,161,384,165,384,165,386,166,387,169,387,174,387,174,387,178,387,181,388,183,389,184,390,187,391,190,391,192,392,193,393,196,394,199,394,200,395,202,397,205,397,208,397,209,395,209,394,209,394,209,392,209,391,209,391,209,389,209,387,209,387,209,386,208,385,205,384
152,83,149,82,147,81,146,80,143,80,140,80,138,81,138,83,138,83,138,85,138,86,138,86,138,88,138,89,138,89,138,91,138,93,138,93,138,94,138,96,138,96,138,97,140,99,143,99,146,99,147,97,147,96,147,96,147,94,147,93,147,93,147,91,147,89,147,89,147,88,149,87,152,86,155,86,156,85,155,83,152,83
143,106,140,106,138,107,138,109,138,109,138,110,138,112,138,112,138,114,138,115,138,115,138,117,138,119,138,119,138,120,138,122,138,122,138,123,138,125,138,125,138,127,138,128,138,128,138,130,138,131,138,131,138,133,138,135,138,135,138,136,138,138,138,138,138,140,140,141,143,141,146,141,147,140,147,138,147,138,147,136,147,135,147,135,147,133,147,131,147,131,147,130,147,128,147,128,147,127,147,125,147,125,147,123,147,122,147,122,147,120,147,119,147,119,147,117,147,115,147,115,147,114,147,112,147,112,147,110,147,109,147,109,147,107,146,106,143,106
143,148,140,148,138,149,140,150,143,151,146,150,147,149,146,148,143,148
99,274,96,273,94,272,93,271,90,271,87,270,85,269,85,268,85,268,85,266,84,265,81,264,76,264,76,263,75,262,72,261,69,262,68,263,69,264,72,264,76,264,76,266,76,268,76,268,76,269,76,271,76,271,76,272,78,273,81,274,84,275,85,276,87,277,90,277,93,278,94,279,96,280,99,280,102,280,103,279,103,277,103,277,103,276,102,275,99,274
28,235,23,235,23,234,23,232,23,232,23,230,22,229,19,229,16,229,14,230,14,232,14,232,14,234,16,235,19,235,23,235,23,237,25,238,28,238,31,238,32,237,31,236,28,235
169,381,166,381,165,383,165,384,169,384,172,384,174,383,172,381,169,381
