10,222,13,223,14,224,14,225,14,225,14,227,13,228,10,229,10,349,10,470,320,470,630,470,630,240,630,10,320,10,10,10,10,222
621,109,617,109,617,109,612,109,609,108,608,107,606,106,603,106,599,106,599,106,595,106,590,106,590,106,586,106,583,105,581,104,580,103,577,102,574,103,572,104,572,106,572,106,572,107,572,109,572,109,572,110,574,112,577,112,580,112,581,110,583,109,586,109,589,109,590,110,592,112,595,112,599,112,599,112,603,112,608,112,608,112,612,112,617,112,617,112,621,112,624,112,626,110,624,109,621,109
621,115,617,115,617,115,612,115,609,116,608,117,606,118,603,119,600,119,599,120,598,121,595,122,592,122,590,123,589,124,586,125,583,126,581,127,581,128,577,128,574,129,572,130,574,131,577,131,580,131,581,130,581,128,586,128,590,128,590,128,595,128,599,128,599,128,603,128,608,128,608,128,612,128,615,128,617,127,617,125,617,125,617,123,617,122,617,122,617,120,618,119,621,119,624,118,626,117,624,116,621,115
559,109,555,109,555,109,550,109,547,109,546,110,546,112,546,112,546,114,547,115,550,115,555,115,555,115,559,115,562,115,564,114,564,112,564,112,564,110,562,109,559,109
550,135,547,135,546,136,547,137,550,138,553,137,555,136,553,135,550,135
515,31,512,32,510,33,512,34,515,34,518,34,519,33,518,32,515,31
515,115,510,115,510,114,510,112,510,112,510,110,510,109,510,109,510,107,510,106,510,106,510,104,510,102,510,102,510,101,509,100,506,99,503,99,502,97,500,96,497,96,494,96,493,97,491,99,488,99,484,99,484,99,479,99,476,99,475,97,475,96,475,96,475,94,474,93,471,93,468,93,466,94,466,96,466,96,466,97,465,99,462,99,459,100,457,101,457,102,457,102,457,104,457,106,453,106,450,106,448,107,450,108,453,109,456,108,457,107,457,106,462,106,465,106,466,107,466,109,466,109,466,110,468,112,471,112,475,112,475,112,479,112,482,113,484,114,485,115,488,115,493,115,493,115,497,115,502,115,502,115,506,115,510,115,510,117,512,118,515,119,518,118,519,117,518,116,515,115
515,238,510,238,510,238,506,238,502,238,502,238,497,238,494,239,493,240,494,241,497,242,502,242,502,242,506,242,510,242,510,242,515,242,518,241,519,240,518,239,515,238
497,21,493,21,493,20,491,19,488,18,485,18,484,16,482,15,479,15,476,15,475,16,475,18,475,18,475,20,476,21,479,21,484,21,484,21,488,21,493,21,493,23,494,24,497,25,500,24,502,23,500,22,497,21
444,112,440,112,440,110,440,109,440,109,440,107,440,106,440,106,440,104,440,102,440,102,440,101,440,99,440,99,440,97,438,96,435,96,431,96,431,94,431,93,431,93,431,91,431,89,431,89,431,88,429,87,426,86,422,86,422,85,423,83,426,83,429,82,431,81,429,80,426,80,422,80,422,80,417,80,414,80,413,81,413,83,413,83,413,85,414,86,417,86,422,86,422,88,422,89,422,89,422,91,422,93,422,93,422,94,423,95,426,96,431,96,431,97,431,99,431,99,431,101,429,102,426,102,422,102,422,101,420,100,417,99,414,100,413,101,413,102,409,102,404,102,404,102,400,102,395,102,395,102,391,102,386,102,386,102,382,102,379,103,378,104,378,106,378,106,378,107,378,109,378,109,378,110,378,112,378,112,378,114,379,115,382,115,386,115,386,117,386,119,386,119,386,120,386,122,382,122,379,122,378,123,379,124,382,125,386,125,386,127,388,128,391,128,394,128,395,127,394,126,391,125,386,125,386,123,386,122,391,122,394,121,395,120,395,119,395,119,395,117,394,116,391,115,386,115,386,114,388,113,391,112,394,112,395,110,397,109,400,109,404,109,404,109,409,109,412,108,413,107,413,106,413,106,413,104,413,102,417,102,422,102,422,104,423,105,426,106,429,106,431,107,429,108,426,109,423,109,422,110,423,112,426,112,431,112,431,112,435,112,440,112,440,114,441,115,444,115,447,115,448,114,447,113,444,112
435,57,432,58,431,59,431,60,431,60,431,62,431,63,426,63,423,64,422,65,422,67,422,67,422,68,423,69,426,70,429,69,431,68,431,67,431,67,431,65,431,63,435,63,438,63,440,62,440,60,440,60,440,59,438,58,435,57
435,452,432,452,431,451,429,449,426,449,422,449,422,449,417,449,413,449,413,449,409,449,404,449,404,449,400,449,395,449,395,449,391,449,386,449,386,449,382,449,378,449,378,449,373,449,370,448,369,447,367,446,364,446,361,445,360,444,358,443,355,442,352,442,351,441,350,440,347,439,344,439,342,438,341,437,338,436,333,436,333,436,329,436,326,435,324,434,323,433,320,433,317,432,316,431,314,430,311,430,307,430,307,430,302,430,298,430,298,430,293,430,290,429,289,428,288,427,285,426,280,426,280,426,276,426,273,426,271,425,270,424,267,423,264,422,262,421,261,420,258,420,255,419,254,418,252,417,249,417,245,417,245,417,240,417,237,416,236,415,236,413,236,413,236,412,234,411,231,410,227,410,227,410,223,410,220,411,218,412,217,413,214,413,211,413,209,412,208,411,205,410,202,410,200,408,200,407,200,407,200,405,199,404,196,404,192,404,192,404,187,404,183,404,183,404,178,404,175,404,174,405,175,406,178,407,181,407,183,408,183,410,183,410,183,412,184,413,187,413,190,414,192,415,192,417,192,417,192,418,193,419,196,420,199,420,200,421,202,422,205,423,208,424,209,425,211,426,214,426,218,426,218,426,223,426,227,426,227,426,231,426,236,426,236,426,240,426,243,427,245,428,245,430,245,430,245,431,246,432,249,433,252,433,254,434,255,435,258,436,262,436,262,436,267,436,271,436,271,436,276,436,280,436,280,436,285,436,288,437,289,438,290,439,293,439,298,439,298,439,302,439,305,440,307,441,308,442,311,442,314,443,316,444,316,446,316,446,316,447,317,448,320,449,324,449,324,449,329,449,332,449,333,451,335,452,338,452,342,452,342,452,347,452,351,452,351,452,355,452,360,452,360,452,364,452,369,452,369,452,373,452,376,453,378,454,379,455,382,455,385,455,386,454,388,453,391,452,394,453,395,454,397,455,400,455,404,455,404,455,409,455,412,456,413,457,412,458,409,459,406,459,404,460,404,462,404,462,404,464,406,465,409,465,412,465,413,464,414,462,417,462,422,462,422,462,426,462,429,461,431,460,432,459,435,459,438,458,440,457,440,455,440,455,440,454,438,453,435,452
417,73,413,73,413,73,409,73,406,73,404,72,403,70,400,70,397,70,395,72,395,73,395,73,395,75,397,76,400,76,404,76,404,76,409,76,413,76,413,76,417,76,420,76,422,75,420,74,417,73
364,54,360,54,360,54,355,54,352,54,351,55,352,56,355,57,360,57,360,57,364,57,367,56,369,55,367,54,364,54
355,109,352,109,351,110,352,112,355,112,358,112,360,110,358,109,355,109
347,70,344,70,342,72,344,73,347,73,350,73,351,72,350,70,347,70
338,18,335,19,333,20,333,21,333,21,333,23,333,25,333,25,333,26,335,27,338,28,341,27,342,26,342,25,342,25,342,23,342,21,342,21,342,20,341,19,338,18
329,70,324,70,324,70,320,70,317,70,316,72,317,73,320,73,324,73,324,73,329,73,332,73,333,72,332,70,329,70
293,44,289,44,289,44,285,44,282,45,280,46,280,47,280,47,280,49,282,50,285,50,289,50,289,50,293,50,296,50,298,49,298,47,298,47,298,46,296,45,293,44
267,34,264,35,262,36,264,37,267,38,270,37,271,36,270,35,267,34
267,109,262,109,262,109,258,109,255,109,254,110,254,112,254,112,254,114,255,115,258,115,262,115,262,115,267,115,270,115,271,114,271,112,271,112,271,110,270,109,267,109
196,391,192,391,192,391,187,391,183,391,183,391,178,391,175,391,174,392,175,393,178,394,181,394,183,395,184,397,187,397,192,397,192,397,196,397,199,397,200,395,200,394,200,394,200,392,199,391,196,391
178,374,174,374,174,374,169,374,166,374,165,373,165,371,165,371,165,370,164,368,161,368,158,367,156,366,156,365,156,365,156,363,155,362,152,361,149,362,147,363,146,364,143,365,138,365,138,363,137,362,134,361,131,362,130,363,131,364,134,365,138,365,138,366,140,367,143,368,146,369,147,370,147,371,147,371,147,373,146,374,143,374,140,375,138,376,140,377,143,378,146,378,147,379,147,381,147,381,147,383,149,384,152,384,156,384,156,384,161,384,165,384,165,384,169,384,174,384,174,384,178,384,181,384,183,383,183,381,183,381,183,379,183,378,183,378,183,376,181,375,178,374
152,67,147,67,147,67,143,67,140,67,138,68,138,70,138,70,138,72,138,73,138,73,138,75,138,76,138,76,138,78,137,79,134,80,131,80,130,81,130,83,130,83,130,85,131,86,134,86,137,87,138,88,138,89,138,89,138,91,138,93,138,93,138,94,138,96,138,96,138,97,138,99,138,99,138,101,138,102,138,102,138,104,138,106,138,106,138,107,138,109,138,109,138,110,140,112,143,112,146,112,147,110,147,109,147,109,147,107,147,106,147,106,147,104,147,102,147,102,147,101,147,99,147,99,147,97,147,96,147,96,147,94,147,93,147,93,147,91,147,89,147,89,147,88,147,86,147,86,147,85,147,83,147,83,147,81,147,80,147,80,147,78,147,76,147,76,147,75,147,73,147,73,147,72,149,70,152,70,155,69,156,68,155,67,152,67
152,115,149,116,147,117,147,119,147,119,147,120,149,121,152,122,155,121,156,120,156,119,156,119,156,117,155,116,152,115
143,355,138,355,138,355,134,355,131,356,130,357,131,358,134,358,138,358,138,358,143,358,146,358,147,357,146,356,143,355
54,420,51,420,50,421,51,422,54,423,57,422,59,421,57,420,54,420
45,235,42,235,41,234,40,232,37,232,32,232,32,232,28,232,25,232,23,234,25,235,28,235,31,236,32,237,34,238,37,238,40,239,41,240,42,241,45,242,48,241,50,240,50,238,50,238,50,237,48,236,45,235
