528,10,528,12,533,12,536,12,537,13,537,15,537,15,537,16,537,18,541,18,544,19,546,20,544,21,541,21,538,21,537,20,537,18,533,18,530,18,528,16,528,15,528,15,528,13,528,12,524,12,521,11,519,10,265,10,10,10,10,187,13,186,14,185,14,183,14,183,14,182,16,181,19,180,22,181,23,182,25,183,28,183,32,183,32,183,37,183,41,183,41,183,45,183,50,183,50,183,54,183,57,184,59,185,60,186,63,187,68,187,68,187,72,187,75,187,76,188,78,189,81,190,85,190,85,190,90,190,93,190,94,191,96,192,99,193,102,194,103,195,103,196,103,196,103,198,103,200,103,200,103,201,102,202,99,203,96,203,94,204,93,205,90,206,87,205,85,204,84,203,81,203,78,202,76,201,75,200,72,200,69,200,68,201,68,203,68,203,68,204,66,205,63,206,59,206,59,206,54,206,51,207,50,208,48,209,45,209,42,210,41,211,40,212,37,212,32,212,32,212,28,212,25,212,23,211,23,209,23,209,23,208,22,207,19,206,16,207,14,208,14,209,14,209,14,211,14,212,14,212,14,214,16,215,19,216,22,216,23,217,22,218,19,219,16,219,14,221,14,222,14,222,14,224,14,225,14,225,14,227,13,228,10,229,10,313,13,313,14,315,13,316,10,316,10,323,13,323,14,324,14,326,19,326,22,326,23,327,23,329,23,329,23,331,22,332,19,332,14,332,14,332,10,332,10,401,10,470,165,470,165,468,165,468,165,467,166,466,169,465,172,466,174,467,175,468,178,468,181,469,183,470,406,470,630,470,630,131,627,132,626,133,626,135,626,135,626,136,626,138,626,138,626,140,624,141,621,141,618,142,617,143,617,144,617,144,617,146,615,147,612,148,609,148,608,149,606,150,603,151,600,151,599,153,598,154,595,154,592,154,590,153,589,151,586,151,583,150,581,149,581,148,581,148,581,146,580,145,577,144,574,144,572,143,572,141,572,141,572,140,572,138,572,138,572,136,572,135,572,135,572,133,572,131,572,131,572,130,571,129,568,128,564,128,564,128,559,128,556,129,555,130,555,131,555,131,555,133,555,135,555,135,555,136,555,138,555,138,555,140,555,141,555,141,555,143,553,144,550,144,547,145,546,146,544,147,541,148,538,148,537,149,537,151,537,151,537,153,536,154,533,154,530,154,528,153,528,151,528,151,528,149,528,148,528,148,528,146,528,144,528,144,528,143,528,141,528,141,528,140,528,138,528,138,528,136,528,135,528,135,528,133,528,131,528,131,528,130,528,128,528,128,528,127,528,125,528,125,528,123,530,122,533,122,536,121,537,120,538,119,541,119,544,118,546,117,546,115,546,115,546,114,547,113,550,112,553,113,555,114,556,115,559,115,564,115,564,115,568,115,572,115,572,115,577,115,581,115,581,115,586,115,590,115,590,115,595,115,599,115,599,115,603,115,608,115,608,115,612,115,617,115,617,115,621,115,624,116,626,117,624,118,621,119,618,119,617,120,617,122,617,122,617,123,615,124,612,125,609,126,608,127,606,128,603,128,599,128,599,128,595,128,592,129,590,130,590,131,595,131,599,131,599,131,603,131,608,131,608,131,612,131,615,131,617,130,618,129,621,128,624,128,626,127,627,126,630,125,630,67,630,10,528,10
612,99,609,100,608,101,609,102,612,102,615,102,617,101,615,100,612,99
577,93,572,93,572,91,571,90,568,89,565,90,564,91,565,92,568,93,572,93,572,94,574,95,577,96,580,95,581,94,580,93,577,93
568,290,565,291,564,292,564,293,564,293,564,295,564,297,564,297,564,298,564,300,564,300,564,302,564,303,564,303,564,305,564,306,564,306,564,308,564,310,564,310,564,311,564,313,564,313,564,315,564,316,564,316,564,318,564,319,564,319,564,321,564,323,564,323,564,324,564,326,564,326,564,327,564,329,564,329,564,331,565,332,568,332,571,332,572,331,572,329,572,329,572,327,572,326,572,326,572,324,572,323,572,323,572,321,572,319,572,319,572,318,572,316,572,316,572,315,572,313,572,313,572,311,572,310,572,310,572,308,572,306,572,306,572,305,572,303,572,303,572,302,572,300,572,300,572,298,572,297,572,297,572,295,572,293,572,293,572,292,571,291,568,290
559,96,556,96,555,97,555,99,555,99,555,101,556,102,559,102,562,102,564,101,564,99,564,99,564,97,562,96,559,96
559,164,555,164,555,164,550,164,546,164,546,164,541,164,537,164,537,164,533,164,530,164,528,165,530,167,533,167,536,168,537,169,538,170,541,170,544,171,546,172,547,173,550,174,553,173,555,172,556,171,559,170,562,170,564,169,564,167,564,167,564,165,562,164,559,164
559,336,556,336,555,337,555,339,555,339,555,340,556,342,559,342,562,342,564,340,564,339,564,339,564,337,562,336,559,336
524,420,521,420,519,421,519,423,519,423,519,425,518,426,515,426,512,427,510,428,510,430,510,430,510,431,510,433,510,433,510,434,510,436,510,436,510,438,510,439,510,439,510,441,510,442,510,442,510,444,510,446,510,446,510,447,512,448,515,449,518,448,519,447,521,446,524,446,527,445,528,444,528,442,528,442,528,441,528,439,528,439,528,438,528,436,528,436,528,434,528,433,528,433,528,431,528,430,528,430,528,428,528,426,528,426,528,425,528,423,528,423,528,421,527,420,524,420
409,141,406,142,404,143,404,144,404,144,404,146,406,147,409,148,412,147,413,146,413,144,413,144,413,143,412,142,409,141
391,261,388,262,386,263,386,264,382,264,379,265,378,266,376,267,373,268,370,268,369,269,367,270,364,271,361,271,360,272,358,273,355,274,352,275,351,276,350,277,347,277,344,278,342,279,342,280,342,280,342,282,341,283,338,284,335,284,333,285,333,287,333,287,333,289,335,290,338,290,342,290,342,290,347,290,350,290,351,289,351,287,351,287,351,285,352,284,355,284,360,284,360,284,364,284,367,284,369,285,370,286,373,287,376,286,378,285,378,284,378,284,378,282,379,281,382,280,385,280,386,279,386,277,386,277,386,276,385,275,382,274,379,273,378,272,379,271,382,271,385,270,386,269,386,268,386,268,386,266,386,264,391,264,394,264,395,263,394,262,391,261
169,190,166,190,165,191,166,192,169,193,172,192,174,191,172,190,169,190
169,374,165,374,165,374,161,374,156,374,156,374,152,374,149,374,147,373,146,372,143,371,138,371,138,371,134,371,130,371,130,371,125,371,122,371,121,370,119,368,116,368,113,367,112,366,110,365,107,365,103,365,103,365,99,365,96,364,94,363,93,362,90,361,87,361,85,360,84,359,81,358,78,358,76,357,75,356,72,355,69,354,68,353,66,352,63,352,60,351,59,350,57,349,54,349,51,348,50,347,50,345,50,345,50,344,48,343,45,342,42,341,41,340,41,339,41,339,41,337,40,336,37,336,32,336,32,336,28,336,25,336,23,337,25,338,28,339,31,339,32,340,32,342,32,342,32,344,32,345,32,345,32,347,34,348,37,349,40,349,41,350,41,352,41,352,41,353,41,355,41,355,41,357,42,358,45,358,48,359,50,360,51,361,54,361,57,362,59,363,59,365,59,365,59,366,60,367,63,368,66,369,68,370,69,371,72,371,76,371,76,371,81,371,84,372,85,373,87,374,90,374,94,374,94,374,99,374,103,374,103,374,107,374,110,375,112,376,113,377,116,378,119,378,121,379,122,380,125,381,130,381,130,381,134,381,138,381,138,381,143,381,147,381,147,381,152,381,156,381,156,381,161,381,165,381,165,381,169,381,172,380,174,379,174,378,174,378,174,376,172,375,169,374
125,193,122,194,121,195,122,196,125,196,128,196,130,195,128,194,125,193
10,329,13,329,14,327,14,326,10,326,10,329
586,131,583,132,581,133,583,134,586,135,589,134,590,133,590,131,586,131
568,122,565,122,564,123,565,124,568,125,571,124,572,123,571,122,568,122
