519,10,521,11,524,12,527,12,528,13,528,15,528,15,528,16,530,18,533,18,536,19,537,20,536,21,533,21,530,22,528,23,528,25,528,25,528,26,528,28,533,28,536,28,537,29,536,31,533,31,528,31,528,33,528,34,528,34,528,36,527,37,524,38,519,38,519,38,515,38,512,37,510,36,510,34,510,34,510,33,512,32,515,31,519,31,519,31,524,31,528,31,528,29,528,28,524,28,519,28,519,28,515,28,512,27,510,26,510,25,510,25,510,23,510,21,510,21,510,20,510,18,510,18,510,16,509,15,506,15,503,14,502,13,500,12,497,12,493,12,493,12,488,12,485,12,484,13,484,15,484,15,484,16,482,18,479,18,476,19,475,20,475,21,479,21,484,21,484,21,488,21,491,22,493,23,493,25,493,25,493,26,491,27,488,28,485,27,484,26,482,25,479,25,476,24,475,23,475,21,471,21,468,21,466,20,466,18,466,18,466,16,465,15,462,15,459,15,457,16,457,18,457,18,457,20,456,21,453,21,448,21,448,21,444,21,441,21,440,20,440,18,440,18,440,16,438,15,435,15,432,15,431,16,429,18,426,18,423,18,422,16,420,15,417,15,414,15,413,16,413,18,413,18,413,20,413,21,413,21,413,23,412,24,409,25,406,24,404,23,404,21,404,21,404,20,404,18,404,18,404,16,404,15,404,15,404,13,404,12,404,12,404,10,395,10,394,11,391,12,386,12,386,13,386,15,386,15,386,16,386,18,386,18,386,20,385,21,382,21,379,22,378,23,376,24,373,25,369,25,369,25,364,25,360,25,360,25,355,25,352,24,351,23,350,22,347,21,342,21,342,21,338,21,335,22,333,23,333,25,333,25,333,26,333,28,333,28,333,29,332,31,329,31,326,32,324,33,323,34,320,34,316,34,316,34,311,34,308,34,307,33,307,31,307,31,307,29,305,28,302,28,299,28,298,29,298,31,298,31,298,33,298,34,298,34,298,36,296,37,293,38,290,37,289,36,289,34,289,34,289,33,288,32,285,31,282,31,280,29,279,28,276,28,271,28,271,28,267,28,262,28,262,28,258,28,254,28,254,29,254,31,254,31,254,33,254,34,258,34,261,35,262,36,261,37,258,38,255,37,254,36,254,34,249,34,245,34,245,34,240,34,237,35,236,36,234,37,231,38,227,38,227,38,223,38,218,38,218,38,214,38,211,37,209,36,209,34,209,34,209,33,208,32,205,31,202,31,200,29,200,28,200,28,200,26,199,25,196,25,193,24,192,23,192,21,192,21,192,20,192,18,192,18,192,16,190,15,187,15,184,14,183,13,183,12,183,12,183,10,96,10,10,10,10,240,10,470,386,470,386,468,386,468,386,467,386,465,386,465,386,464,386,462,386,462,386,460,386,459,386,459,386,457,386,455,386,455,386,454,386,452,386,452,386,451,386,449,386,449,386,447,386,446,386,446,386,444,386,442,386,442,386,441,386,439,386,439,386,438,388,437,391,436,394,437,395,438,395,439,395,439,395,441,397,442,400,442,403,443,404,444,404,446,404,446,404,447,403,448,400,449,397,449,395,451,397,452,400,452,403,453,404,454,404,455,404,455,404,457,404,459,404,459,404,460,406,461,409,462,412,461,413,460,414,459,417,459,420,459,422,460,422,462,422,462,422,464,422,465,422,465,422,467,422,468,422,468,422,470,608,470,608,468,608,468,608,467,608,465,608,465,608,464,608,462,608,462,608,460,609,459,612,459,615,458,617,457,617,455,617,455,617,454,617,452,617,452,617,451,618,449,621,449,624,449,626,451,626,452,626,452,626,454,626,455,626,455,626,457,626,459,626,459,626,460,624,461,621,462,618,462,617,464,617,465,617,465,617,467,617,468,617,468,617,470,623,470,630,470,630,248,627,248,626,246,627,245,630,245,630,131,627,131,626,130,626,128,626,128,626,127,627,126,630,125,630,67,630,10,519,10
621,112,618,113,617,114,617,115,612,115,609,116,608,117,606,118,603,119,600,119,599,120,599,122,595,122,592,122,590,123,592,124,595,125,598,124,599,123,599,122,603,122,606,122,608,123,609,124,612,125,615,124,617,123,617,122,617,122,617,120,617,119,617,119,617,117,617,115,621,115,624,115,626,114,624,113,621,112
612,141,609,142,608,143,608,144,603,144,599,144,599,144,595,144,592,145,590,146,589,147,586,148,581,148,581,148,577,148,574,148,572,149,572,151,572,151,572,153,574,154,577,154,581,154,581,154,586,154,590,154,590,154,595,154,598,154,599,153,600,151,603,151,606,150,608,149,608,148,608,148,608,146,608,144,612,144,615,144,617,143,615,142,612,141
612,280,609,281,608,282,608,284,608,284,608,285,608,287,608,287,608,289,608,290,608,290,608,292,609,293,612,293,615,293,617,292,617,290,617,290,617,289,617,287,617,287,617,285,617,284,617,284,617,282,615,281,612,280
595,131,592,132,590,133,592,134,595,135,598,134,599,133,598,132,595,131
577,34,572,34,572,34,568,34,565,35,564,36,565,37,568,38,572,38,572,38,577,38,580,37,581,36,580,35,577,34
550,131,546,131,546,131,541,131,537,131,537,131,533,131,528,131,528,131,524,131,519,131,519,131,515,131,512,132,510,133,510,135,510,135,510,136,510,138,510,138,510,140,510,141,510,141,510,143,512,144,515,144,518,145,519,146,519,148,519,148,519,149,521,150,524,151,527,150,528,149,530,148,533,148,537,148,537,148,541,148,544,147,546,146,546,144,546,144,546,143,546,141,546,141,546,140,546,138,546,138,546,136,547,135,550,135,553,134,555,133,553,132,550,131
524,47,521,48,519,49,519,50,515,50,512,51,510,52,512,53,515,54,518,53,519,52,519,50,524,50,527,50,528,49,527,48,524,47
515,57,512,58,510,59,512,60,515,60,518,60,519,59,518,58,515,57
515,115,512,116,510,117,512,118,515,119,518,118,519,117,518,116,515,115
515,122,512,122,510,123,512,124,515,125,518,124,519,123,518,122,515,122
497,41,493,41,493,41,488,41,485,40,484,39,482,38,479,38,476,38,475,39,474,40,471,41,468,41,466,42,466,44,466,44,466,46,466,47,466,47,466,49,466,50,466,50,466,52,466,54,466,54,466,55,466,57,466,57,466,59,468,60,471,60,474,61,475,62,476,63,479,63,484,63,484,63,488,63,491,64,493,65,493,67,493,67,493,68,494,69,497,70,500,69,502,68,502,67,502,67,502,65,502,63,502,63,502,62,500,61,497,60,494,60,493,59,493,57,493,57,493,55,493,54,493,54,493,52,494,51,497,50,500,50,502,49,502,47,502,47,502,46,502,44,502,44,502,42,500,41,497,41
497,73,494,74,493,75,493,76,488,76,485,76,484,75,484,73,484,73,484,72,482,70,479,70,476,70,475,72,475,73,475,73,475,75,475,76,475,76,475,78,476,79,479,80,484,80,484,80,488,80,493,80,493,81,494,82,497,83,500,82,502,81,500,80,497,80,493,80,493,78,493,76,497,76,500,76,502,75,500,74,497,73
497,96,493,96,493,94,493,93,493,93,493,91,493,89,493,89,493,88,491,87,488,86,484,86,484,86,479,86,476,87,475,88,476,89,479,89,482,90,484,91,484,93,484,93,484,94,485,95,488,96,493,96,493,97,493,99,493,99,493,101,493,102,493,102,493,104,494,105,497,106,500,105,502,104,502,102,502,102,502,101,502,99,502,99,502,97,500,96,497,96
462,63,459,64,457,65,459,66,462,67,465,66,466,65,465,64,462,63
453,47,448,47,448,46,447,45,444,44,441,45,440,46,441,47,444,47,448,47,448,49,450,50,453,50,456,50,457,49,456,48,453,47
453,70,450,69,448,68,448,67,448,67,448,65,447,64,444,63,441,64,440,65,440,67,440,67,440,68,440,70,440,70,440,72,438,73,435,73,432,73,431,72,431,70,431,70,431,68,429,67,426,67,422,67,422,67,417,67,414,67,413,68,414,69,417,70,420,70,422,72,422,73,422,73,422,75,420,76,417,76,413,76,413,75,412,74,409,73,406,73,404,72,403,70,400,70,397,69,395,68,395,67,395,67,395,65,394,64,391,63,386,63,386,63,382,63,379,63,378,62,379,61,382,60,385,60,386,59,386,57,386,57,386,55,385,54,382,54,379,53,378,52,376,51,373,50,370,51,369,52,369,54,369,54,369,55,367,56,364,57,361,58,360,59,361,60,364,60,367,61,369,62,367,63,364,63,361,64,360,65,360,67,355,67,352,67,351,68,352,69,355,70,358,69,360,68,360,67,364,67,367,67,369,68,370,69,373,70,376,69,378,68,379,67,382,67,385,67,386,68,386,70,386,70,386,72,386,73,382,73,379,74,378,75,379,76,382,76,385,76,386,75,386,73,391,73,394,74,395,75,397,76,400,76,404,76,404,76,409,76,413,76,413,78,414,79,417,80,422,80,422,80,426,80,429,79,431,78,432,77,435,76,438,77,440,78,441,79,444,80,447,79,448,78,448,76,448,76,448,75,450,74,453,73,456,73,457,72,456,70,453,70
435,50,432,51,431,52,432,53,435,54,438,53,440,52,438,51,435,50
435,365,431,365,431,365,426,365,422,365,422,365,417,365,414,365,413,366,413,368,413,368,413,370,414,371,417,371,422,371,422,371,426,371,429,371,431,370,432,369,435,368,438,367,440,366,438,365,435,365
417,99,413,99,413,99,409,99,406,100,404,101,406,102,409,102,412,103,413,104,413,106,413,106,413,107,414,108,417,109,420,108,422,107,422,106,422,106,422,104,422,102,422,102,422,101,420,100,417,99
417,206,413,206,413,206,409,206,404,206,404,206,400,206,395,206,395,206,391,206,388,205,386,204,385,203,382,203,378,203,378,203,373,203,370,203,369,204,370,205,373,206,376,207,378,208,379,209,382,209,385,210,386,211,388,212,391,212,394,212,395,211,397,210,400,209,404,209,404,209,409,209,413,209,413,209,417,209,420,209,422,208,420,207,417,206
409,355,404,355,404,355,400,355,397,356,395,357,394,358,391,358,386,358,386,358,382,358,378,358,378,358,373,358,369,358,369,358,364,358,360,358,360,358,355,358,352,359,351,360,350,361,347,361,342,361,342,361,338,361,333,361,333,361,329,361,326,362,324,363,323,364,320,365,316,365,316,365,311,365,308,365,307,366,307,368,307,368,307,370,305,371,302,371,299,372,298,373,299,374,302,374,307,374,307,374,311,374,316,374,316,374,320,374,323,374,324,373,326,372,329,371,332,371,333,370,335,369,338,368,342,368,342,368,347,368,351,368,351,368,355,368,358,367,360,366,361,365,364,365,369,365,369,365,373,365,376,364,378,363,379,362,382,361,386,361,386,361,391,361,394,362,395,363,397,364,400,365,403,364,404,363,406,362,409,361,412,361,413,360,413,358,413,358,413,357,412,356,409,355
364,44,360,44,360,42,360,41,360,41,360,39,358,38,355,38,352,38,351,39,351,41,351,41,351,42,352,43,355,44,360,44,360,46,361,47,364,47,367,47,369,46,367,45,364,44
364,83,360,83,360,81,360,80,360,80,360,78,358,77,355,76,352,76,351,75,350,74,347,73,344,73,342,72,342,70,342,70,342,68,341,67,338,67,333,67,333,67,329,67,324,67,324,67,320,67,317,67,316,68,316,70,316,70,316,72,317,73,320,73,324,73,324,73,329,73,332,74,333,75,335,76,338,76,341,77,342,78,344,79,347,80,350,80,351,81,352,82,355,83,360,83,360,85,361,86,364,86,367,86,369,85,367,83,364,83
364,196,361,197,360,198,361,199,364,200,367,199,369,198,367,197,364,196
338,54,333,54,333,54,329,54,326,54,324,55,326,56,329,57,333,57,333,57,338,57,341,56,342,55,341,54,338,54
320,76,317,77,316,78,317,79,320,80,323,79,324,78,323,77,320,76
125,336,122,335,121,334,121,332,121,332,121,331,119,330,116,329,113,330,112,331,112,332,112,332,112,334,112,336,112,336,112,337,112,339,112,339,112,340,112,342,112,342,112,344,113,345,116,345,119,346,121,347,122,348,125,349,128,348,130,347,130,345,130,345,130,344,130,342,130,342,130,340,130,339,130,339,130,337,128,336,125,336
378,10,379,11,382,12,386,12,386,10,378,10
245,10,246,11,249,12,254,12,254,12,258,12,261,11,262,10,245,10
347,15,344,15,342,16,344,18,347,18,350,18,351,16,350,15,347,15
249,25,246,25,245,26,246,27,249,28,254,28,254,26,252,25,249,25
