590,10,590,12,590,12,590,13,590,15,590,15,590,16,592,18,595,18,598,19,599,20,599,21,599,21,599,23,599,25,599,25,599,26,599,28,599,28,599,29,599,31,599,31,599,33,599,34,599,34,599,36,599,38,599,38,599,39,599,41,599,41,599,42,600,43,603,44,606,45,608,46,606,47,603,47,599,47,599,47,595,47,592,48,590,49,590,50,590,50,590,52,589,53,586,54,581,54,581,54,577,54,574,53,572,52,572,50,572,50,572,49,572,47,572,47,572,46,574,45,577,44,580,43,581,42,581,41,581,41,581,39,581,38,581,38,581,36,581,34,581,34,581,33,581,31,581,31,581,29,581,28,581,28,581,26,580,25,577,25,574,24,572,23,572,21,572,21,572,20,572,18,572,18,572,16,572,15,572,15,572,13,572,12,572,12,572,10,165,10,164,11,161,12,158,11,156,10,83,10,10,10,10,70,13,70,14,72,14,73,14,73,14,75,14,76,14,76,14,78,13,79,10,80,10,339,13,339,14,340,14,342,14,342,14,344,14,345,14,345,14,347,16,348,19,349,22,349,23,350,25,351,28,352,31,352,32,353,31,354,28,355,25,356,23,357,25,358,28,358,31,359,32,360,34,361,37,361,40,362,41,363,41,365,41,365,41,366,42,367,45,368,48,368,50,370,51,371,54,371,57,372,59,373,60,374,63,374,66,375,68,376,68,378,68,378,68,379,66,380,63,381,60,380,59,379,57,378,54,378,50,378,50,378,45,378,41,378,41,378,37,378,32,378,32,378,28,378,23,378,23,378,19,378,16,377,14,376,14,374,14,374,14,373,14,371,14,371,14,370,14,368,14,368,14,366,13,365,10,365,10,417,10,470,440,470,441,469,444,468,447,468,448,467,448,465,448,465,448,464,450,462,453,462,456,462,457,464,459,465,462,465,466,465,466,465,471,465,474,466,475,467,475,468,475,468,475,470,553,470,630,470,630,284,626,284,626,284,621,284,618,283,617,282,615,281,612,280,609,280,608,279,608,277,608,277,608,276,606,275,603,274,600,273,599,272,599,271,599,271,599,269,600,268,603,268,608,268,608,268,612,268,615,268,617,269,618,270,621,271,624,271,626,272,627,273,630,274,630,248,627,248,626,246,627,245,630,245,630,242,627,241,626,240,627,239,630,238,630,124,630,10,590,10
612,83,609,83,608,85,608,86,608,86,608,88,608,89,608,89,608,91,608,93,603,93,600,93,599,94,600,95,603,96,606,95,608,94,608,93,612,93,615,92,617,91,617,89,617,89,617,88,617,86,617,86,617,85,615,83,612,83
612,119,609,119,608,120,606,121,603,122,600,122,599,123,599,125,595,125,592,126,590,127,589,128,586,128,581,128,581,128,577,128,572,128,572,128,568,128,564,128,564,128,559,128,556,129,555,130,553,131,550,131,547,132,546,133,546,135,546,135,546,136,546,138,546,138,546,140,546,141,546,141,546,143,546,144,546,144,546,146,547,147,550,148,555,148,555,148,559,148,562,147,564,146,565,145,568,144,571,144,572,143,574,142,577,141,580,141,581,140,583,139,586,138,589,137,590,136,590,135,595,135,598,134,599,133,600,132,603,131,606,131,608,130,608,128,612,128,615,128,617,127,617,125,617,125,617,123,617,122,617,122,617,120,615,119,612,119
568,38,565,38,564,39,565,40,568,41,571,40,572,39,571,38,568,38
568,80,565,79,564,78,564,76,564,76,564,75,562,74,559,73,556,74,555,75,555,76,555,76,555,78,555,80,555,80,555,81,553,82,550,83,547,83,546,85,546,86,546,86,546,88,546,89,546,89,546,91,547,92,550,93,553,92,555,91,556,90,559,89,564,89,564,89,568,89,571,89,572,88,572,86,572,86,572,85,572,83,572,83,572,81,571,80,568,80
550,109,546,109,546,107,544,106,541,106,538,105,537,104,536,103,533,102,530,102,528,101,527,100,524,99,521,100,519,101,519,102,519,102,519,104,519,106,519,106,519,107,518,108,515,109,512,109,510,110,510,112,510,112,510,114,510,115,510,115,510,117,512,118,515,119,519,119,519,119,524,119,527,118,528,117,528,115,528,115,528,114,530,113,533,112,536,112,537,110,538,109,541,109,546,109,546,110,547,112,550,112,553,112,555,110,553,109,550,109
524,144,521,144,519,143,519,141,519,141,519,140,518,138,515,138,512,138,510,140,510,141,510,141,510,143,510,144,510,144,510,146,509,147,506,148,503,147,502,146,502,144,502,144,502,143,500,142,497,141,494,141,493,140,493,138,493,138,493,136,491,135,488,135,485,134,484,133,484,131,484,131,484,130,482,129,479,128,476,129,475,130,474,131,471,131,468,132,466,133,466,135,466,135,466,136,466,138,466,138,466,140,466,141,466,141,466,143,468,144,471,144,474,145,475,146,475,148,475,148,475,149,475,151,475,151,475,153,476,154,479,154,482,155,484,156,484,157,484,157,484,159,485,160,488,161,491,160,493,159,493,157,493,157,493,156,493,154,493,154,493,153,494,151,497,151,500,151,502,153,503,154,506,154,509,154,510,153,512,151,515,151,518,150,519,149,521,148,524,148,527,147,528,146,527,145,524,144
488,164,484,164,484,164,479,164,476,164,475,165,476,167,479,167,484,167,484,167,488,167,491,167,493,165,491,164,488,164
488,174,485,174,484,175,485,176,488,177,491,176,493,175,491,174,488,174
479,44,476,45,475,46,476,47,479,47,482,47,484,46,482,45,479,44
479,54,476,54,475,55,476,56,479,57,482,56,484,55,482,54,479,54
435,31,432,31,431,29,429,28,426,28,423,28,422,29,422,31,422,31,422,33,420,34,417,34,413,34,413,34,409,34,406,35,404,36,403,37,400,38,397,38,395,39,395,41,395,41,395,42,395,44,395,44,395,46,395,47,395,47,395,49,395,50,395,50,395,52,397,53,400,54,403,54,404,55,406,56,409,57,412,56,413,55,414,54,417,54,420,53,422,52,422,50,422,50,422,49,423,48,426,47,429,47,431,46,432,45,435,44,438,43,440,42,440,41,440,41,440,39,440,38,440,38,440,36,440,34,440,34,440,33,438,32,435,31
426,67,423,67,422,68,423,69,426,70,429,69,431,68,429,67,426,67
426,410,423,410,422,408,420,407,417,407,413,407,413,405,413,404,413,404,413,402,412,401,409,400,404,400,404,399,404,397,404,397,404,395,404,394,404,394,404,392,403,391,400,391,395,391,395,391,391,391,388,391,386,392,388,393,391,394,394,394,395,395,395,397,395,397,395,399,397,400,400,400,404,400,404,402,404,404,404,404,404,405,406,406,409,407,413,407,413,408,413,410,413,410,413,412,414,413,417,413,420,414,422,415,423,416,426,417,429,416,431,415,431,413,431,413,431,412,429,411,426,410
400,60,397,61,395,62,395,63,395,63,395,65,397,66,400,67,403,66,404,65,404,63,404,63,404,62,403,61,400,60
382,50,379,51,378,52,378,54,378,54,378,55,379,56,382,57,385,56,386,55,386,54,386,54,386,52,385,51,382,50
364,336,360,336,360,336,355,336,352,336,351,337,352,338,355,339,358,339,360,340,360,342,360,342,360,344,361,345,364,345,367,345,369,344,369,342,369,342,369,340,369,339,369,339,369,337,367,336,364,336
355,109,352,109,351,110,352,112,355,112,358,112,360,110,358,109,355,109
320,449,316,449,316,449,311,449,308,448,307,447,305,446,302,446,299,445,298,444,296,443,293,442,290,442,289,441,288,440,285,439,280,439,280,439,276,439,273,439,271,438,270,437,267,436,262,436,262,436,258,436,254,436,254,436,249,436,246,435,245,434,243,433,240,433,236,433,236,433,231,433,227,433,227,433,223,433,220,432,218,431,217,430,214,430,209,430,209,430,205,430,202,429,200,428,199,427,196,426,192,426,192,426,187,426,184,427,183,428,183,430,183,430,183,431,184,432,187,433,190,433,192,434,193,435,196,436,199,437,200,438,202,439,205,439,209,439,209,439,214,439,217,440,218,441,220,442,223,442,227,442,227,442,231,442,234,443,236,444,237,445,240,446,245,446,245,446,249,446,254,446,254,446,258,446,262,446,262,446,267,446,271,446,271,446,276,446,280,446,280,446,285,446,288,446,289,447,290,448,293,449,296,449,298,451,299,452,302,452,307,452,307,452,311,452,316,452,316,452,320,452,323,452,324,451,323,449,320,449
311,339,308,339,307,340,308,342,311,342,314,342,316,340,314,339,311,339
72,394,68,394,68,394,63,394,59,394,59,394,54,394,51,394,50,395,51,397,54,397,59,397,59,397,63,397,66,398,68,399,69,400,72,400,75,400,76,399,76,397,76,397,76,395,75,394,72,394
72,404,69,404,68,405,68,407,68,407,68,408,68,410,68,410,68,412,69,413,72,413,75,413,76,412,76,410,76,410,76,408,76,407,76,407,76,405,75,404,72,404
37,242,32,242,32,242,28,242,25,242,23,243,25,244,28,245,32,245,32,245,37,245,40,244,41,243,40,242,37,242
603,125,599,125,599,127,600,128,603,128,608,128,608,127,606,126,603,125
586,131,583,132,581,133,583,134,586,135,590,135,590,133,589,132,586,131
568,131,565,132,564,133,562,134,559,135,556,135,555,136,556,137,559,138,564,138,564,138,568,138,571,137,572,136,572,135,572,135,572,133,571,132,568,131
