10,187,13,187,14,188,16,189,19,190,23,190,23,190,28,190,31,189,32,188,34,187,37,187,40,187,41,188,42,189,45,190,48,190,50,191,50,193,50,193,50,195,51,196,54,196,57,197,59,198,59,200,59,200,59,201,59,203,59,203,59,204,57,205,54,206,51,207,50,208,48,209,45,209,42,210,41,211,41,212,41,212,41,214,40,215,37,216,34,215,32,214,31,213,28,212,23,212,23,214,23,216,23,216,23,217,23,219,23,219,23,221,23,222,23,222,23,224,23,225,23,225,23,227,23,229,23,229,23,230,23,232,23,232,23,234,23,235,23,235,23,237,22,238,19,238,16,238,14,237,13,236,10,235,10,313,13,313,14,315,14,316,14,316,14,318,13,319,10,319,10,323,13,323,14,324,16,325,19,326,22,326,23,327,23,329,23,329,23,331,22,332,19,332,14,332,14,332,10,332,10,401,10,470,94,470,96,469,99,468,102,469,103,470,112,470,113,469,116,468,119,469,121,470,165,470,165,468,165,468,165,467,166,466,169,465,172,466,174,467,175,468,178,468,181,469,183,470,406,470,630,470,630,141,627,142,626,143,624,144,621,144,618,145,617,146,617,148,617,148,617,149,615,150,612,151,609,151,608,153,608,154,608,154,608,156,606,157,603,157,600,158,599,159,598,160,595,161,590,161,590,161,586,161,583,160,581,159,580,158,577,157,572,157,572,159,572,161,572,161,572,162,572,164,572,164,572,165,572,167,572,167,572,169,571,170,568,170,565,171,564,172,562,173,559,174,556,173,555,172,553,171,550,170,547,170,546,169,546,167,546,167,546,165,544,164,541,164,538,163,537,162,537,161,533,161,528,161,528,161,524,161,521,161,519,162,519,164,519,164,519,165,518,167,515,167,512,167,510,165,510,164,510,164,510,162,510,161,510,161,510,159,512,158,515,157,518,157,519,156,519,154,515,154,512,154,510,153,512,151,515,151,518,151,519,153,519,154,524,154,527,154,528,153,530,151,533,151,536,151,537,153,537,154,537,154,537,156,537,157,537,157,537,159,537,161,541,161,546,161,546,161,550,161,553,160,555,159,556,158,559,157,564,157,564,157,568,157,572,157,572,156,574,155,577,154,580,154,581,153,580,151,577,151,574,150,572,149,572,148,572,148,572,146,574,145,577,144,580,144,581,143,583,142,586,141,589,141,590,140,592,138,595,138,598,138,599,140,600,141,603,141,606,141,608,140,609,138,612,138,615,137,617,136,617,135,617,135,617,133,618,132,621,131,624,131,626,130,627,129,630,128,630,69,630,10,320,10,10,10,10,187
621,112,618,113,617,114,617,115,612,115,608,115,608,115,603,115,599,115,599,115,595,115,592,116,590,117,589,118,586,119,581,119,581,119,577,119,572,119,572,119,568,119,565,119,564,120,565,121,568,122,571,122,572,123,571,124,568,125,564,125,564,125,559,125,555,125,555,123,553,122,550,122,546,122,546,122,541,122,538,122,537,123,537,125,537,125,537,127,537,128,537,128,537,130,537,131,537,131,537,133,537,135,537,135,537,136,536,137,533,138,530,138,528,140,530,141,533,141,536,142,537,143,538,144,541,144,544,144,546,143,547,142,550,141,553,141,555,140,555,138,555,138,555,136,556,135,559,135,562,134,564,133,564,131,568,131,572,131,572,133,572,135,572,135,572,136,574,137,577,138,580,137,581,136,583,135,586,135,589,134,590,133,590,131,590,131,590,130,590,128,590,128,590,127,592,126,595,125,598,126,599,127,600,128,603,128,606,128,608,127,608,125,608,125,608,123,608,122,608,122,608,120,609,119,612,119,615,118,617,117,617,115,621,115,624,115,626,114,624,113,621,112
577,323,572,323,572,321,572,319,572,319,572,318,572,316,572,316,572,315,572,313,572,313,572,311,572,310,572,310,572,308,572,306,572,306,572,305,572,303,572,303,572,302,571,300,568,300,565,300,564,302,564,303,564,303,564,305,564,306,564,306,564,308,564,310,564,310,564,311,564,313,564,313,564,315,564,316,564,316,564,318,564,319,564,319,564,321,565,322,568,323,572,323,572,324,572,326,572,326,572,327,574,329,577,329,580,329,581,327,581,326,581,326,581,324,580,323,577,323
550,115,547,116,546,117,547,118,550,119,553,118,555,117,553,116,550,115
533,430,528,430,528,430,524,430,521,430,519,431,518,432,515,433,512,433,510,434,510,436,510,436,510,438,510,439,510,439,510,441,512,442,515,442,518,443,519,444,519,446,519,446,519,447,521,448,524,449,527,448,528,447,528,446,528,446,528,444,530,443,533,442,536,442,537,441,537,439,537,439,537,438,537,436,537,436,537,434,537,433,537,433,537,431,536,430,533,430
471,12,468,12,466,13,468,14,471,15,474,14,475,13,474,12,471,12
382,271,379,271,378,272,376,273,373,274,370,275,369,276,367,277,364,277,361,278,360,279,358,280,355,280,352,281,351,282,350,283,347,284,344,284,342,285,341,286,338,287,335,288,333,289,335,290,338,290,342,290,342,290,347,290,350,290,351,289,352,288,355,287,358,286,360,285,361,284,364,284,369,284,369,284,373,284,376,283,378,282,379,281,382,280,385,280,386,279,386,277,386,277,386,276,386,274,386,274,386,272,385,271,382,271
293,96,290,96,289,97,289,99,289,99,289,101,290,102,293,102,296,102,298,101,298,99,298,99,298,97,296,96,293,96
205,190,200,190,200,190,196,190,193,190,192,191,193,192,196,193,200,193,200,193,205,193,208,192,209,191,208,190,205,190
169,381,166,380,165,379,164,378,161,378,156,378,156,378,152,378,147,378,147,378,143,378,140,377,138,376,137,375,134,374,131,374,130,373,128,372,125,371,121,371,121,371,116,371,113,371,112,370,110,368,107,368,104,367,103,366,102,365,99,365,94,365,94,365,90,365,87,364,85,363,84,362,81,361,78,361,76,360,75,359,72,358,69,358,68,357,66,356,63,355,60,354,59,353,57,352,54,352,50,352,50,352,45,352,42,352,41,353,41,355,41,355,41,357,42,358,45,358,48,359,50,360,50,361,50,361,50,363,51,364,54,365,57,365,59,366,60,367,63,368,66,369,68,370,68,371,68,371,68,373,69,374,72,374,76,374,76,374,81,374,85,374,85,374,90,374,93,375,94,376,96,377,99,378,102,378,103,379,104,380,107,381,112,381,112,381,116,381,121,381,121,381,125,381,128,381,130,383,131,384,134,384,138,384,138,384,143,384,147,384,147,384,152,384,155,385,156,386,158,387,161,387,164,387,165,386,166,385,169,384,172,384,174,383,172,381,169,381
99,200,96,199,94,198,93,197,90,196,87,197,85,198,84,199,81,200,78,200,76,201,76,203,76,203,76,204,76,206,76,206,76,208,75,209,72,209,69,210,68,211,69,212,72,212,75,213,76,214,78,215,81,216,84,215,85,214,85,212,85,212,85,211,85,209,85,209,85,208,87,207,90,206,93,205,94,204,96,203,99,203,102,202,103,201,102,200,99,200
63,423,60,424,59,425,60,426,63,426,66,426,68,425,66,424,63,423
28,336,25,336,23,337,25,338,28,339,31,338,32,337,31,336,28,336
577,128,574,129,572,130,572,131,577,131,580,131,581,130,580,129,577,128
559,128,555,128,555,130,556,131,559,131,564,131,564,130,562,129,559,128
550,125,547,126,546,127,547,128,550,128,555,128,555,127,555,125,550,125
19,203,16,203,14,204,14,206,14,206,14,208,14,209,14,209,14,211,16,212,19,212,23,212,23,211,23,209,23,209,23,208,23,206,23,206,23,204,22,203,19,203
