555,10,556,11,559,12,562,12,564,13,564,15,564,15,564,16,565,18,568,18,571,19,572,20,572,21,572,21,572,23,574,24,577,25,580,25,581,26,583,27,586,28,589,28,590,29,590,31,590,31,590,33,590,34,590,34,590,36,592,37,595,38,598,38,599,39,598,40,595,41,590,41,590,41,586,41,581,41,581,42,581,44,586,44,589,45,590,46,590,47,590,47,590,49,590,50,590,50,590,52,592,53,595,54,598,54,599,55,599,57,599,57,599,59,599,60,599,60,599,62,598,63,595,63,590,63,590,63,586,63,581,63,581,63,577,63,574,64,572,65,574,66,577,67,580,67,581,68,580,69,577,70,572,70,572,70,568,70,565,70,564,72,562,73,559,73,556,73,555,72,553,70,550,70,546,70,546,70,541,70,538,69,537,68,536,67,533,67,530,66,528,65,530,64,533,63,536,63,537,62,537,60,537,60,537,59,537,57,537,57,537,55,537,54,537,54,537,52,537,50,537,50,537,49,537,47,537,47,537,46,538,45,541,44,544,43,546,42,547,41,550,41,553,41,555,42,556,43,559,44,562,45,564,46,565,47,568,47,571,48,572,49,574,50,577,50,580,50,581,49,581,47,581,47,581,46,581,44,577,44,574,43,572,42,572,41,568,41,565,40,564,39,565,38,568,38,571,38,572,39,572,41,577,41,581,41,581,39,581,38,581,38,581,36,580,35,577,34,574,34,572,33,571,32,568,31,565,31,564,29,562,28,559,28,556,27,555,26,553,25,550,25,547,24,546,23,546,21,546,21,546,20,546,18,546,18,546,16,546,15,546,15,546,13,544,12,541,12,538,11,537,10,475,10,475,12,475,12,475,13,474,14,471,15,468,14,466,13,466,12,466,12,466,10,238,10,10,10,10,313,14,313,14,313,19,313,23,313,23,313,28,313,31,313,32,315,32,316,32,316,32,318,32,319,32,319,32,321,31,322,28,323,25,323,23,324,23,326,23,326,23,327,22,329,19,329,16,330,14,331,13,332,10,332,10,401,10,470,103,470,104,469,107,468,112,468,112,468,116,468,121,468,121,468,125,468,128,469,130,470,218,470,220,469,223,468,226,469,227,470,484,470,484,468,484,468,484,467,485,466,488,465,491,466,493,467,494,468,497,468,500,469,502,470,510,470,512,469,515,468,518,469,519,470,575,470,630,470,630,240,630,10,555,10
621,86,618,87,617,88,618,89,621,89,624,89,626,88,624,87,621,86
603,86,600,87,599,88,600,89,603,89,606,89,608,88,606,87,603,86
595,102,592,102,590,101,590,99,590,99,590,97,590,96,590,96,590,94,589,93,586,93,583,93,581,94,581,96,581,96,581,97,581,99,581,99,581,101,581,102,581,102,581,104,581,106,581,106,581,107,581,109,581,109,581,110,581,112,581,112,581,114,583,115,586,115,589,115,590,114,592,113,595,112,598,112,599,110,599,109,599,109,599,107,599,106,599,106,599,104,598,103,595,102
586,76,581,76,581,76,577,76,574,77,572,78,571,79,568,80,565,80,564,81,562,82,559,83,556,83,555,85,556,86,559,86,564,86,564,86,568,86,571,86,572,85,574,83,577,83,581,83,581,83,586,83,589,82,590,81,590,80,590,80,590,78,589,77,586,76
577,122,572,122,572,120,572,119,572,119,572,117,571,116,568,115,565,116,564,117,562,118,559,119,556,119,555,120,555,122,555,122,555,123,555,125,555,125,555,127,555,128,555,128,555,130,555,131,555,131,555,133,556,134,559,135,562,134,564,133,565,132,568,131,571,131,572,130,574,129,577,128,580,128,581,127,581,125,581,125,581,123,580,122,577,122
568,164,564,164,564,164,559,164,556,163,555,162,555,161,555,161,555,159,553,158,550,157,546,157,546,157,541,157,538,157,537,156,536,155,533,154,528,154,528,154,524,154,521,154,519,153,518,151,515,151,512,151,510,153,510,154,510,154,510,156,510,157,510,157,510,159,510,161,510,161,510,162,510,164,506,164,503,164,502,165,500,167,497,167,494,168,493,169,494,170,497,170,502,170,502,170,506,170,509,170,510,169,510,167,510,167,510,165,510,164,515,164,518,164,519,165,521,167,524,167,527,168,528,169,530,170,533,170,537,170,537,170,541,170,544,171,546,172,547,173,550,174,553,174,555,175,556,176,559,177,564,177,564,177,568,177,571,176,572,175,572,174,572,174,572,172,572,170,572,170,572,169,572,167,572,167,572,165,571,164,568,164
559,106,555,106,555,104,553,103,550,102,547,103,546,104,547,105,550,106,555,106,555,107,556,108,559,109,562,108,564,107,562,106,559,106
550,31,547,32,546,33,546,34,546,34,546,36,547,37,550,38,553,37,555,36,555,34,555,34,555,33,553,32,550,31
550,76,547,77,546,78,547,79,550,80,553,79,555,78,553,77,550,76
541,122,538,121,537,120,536,119,533,119,530,119,528,120,527,121,524,122,521,122,519,123,521,124,524,125,527,126,528,127,527,128,524,128,521,129,519,130,519,131,519,131,519,133,519,135,519,135,519,136,519,138,519,138,519,140,518,141,515,141,512,141,510,140,509,138,506,138,503,138,502,140,502,141,502,141,502,143,502,144,502,144,502,146,503,147,506,148,509,147,510,146,512,145,515,144,519,144,519,144,524,144,528,144,528,144,533,144,536,144,537,143,538,142,541,141,544,141,546,140,544,138,541,138,538,137,537,136,537,135,537,135,537,133,537,131,537,131,537,130,538,129,541,128,544,128,546,127,546,125,546,125,546,123,544,122,541,122
533,264,530,265,528,266,528,268,528,268,528,269,528,271,528,271,528,272,528,274,528,274,528,276,528,277,528,277,528,279,528,280,528,280,528,282,528,284,528,284,528,285,528,287,528,287,528,289,528,290,528,290,528,292,530,293,533,293,536,293,537,292,537,290,537,290,537,289,537,287,537,287,537,285,537,284,537,284,537,282,537,280,537,280,537,279,537,277,537,277,537,276,537,274,537,274,537,272,537,271,537,271,537,269,537,268,537,268,537,266,536,265,533,264
524,112,519,112,519,112,515,112,512,113,510,114,512,115,515,115,519,115,519,115,524,115,527,115,528,114,527,113,524,112
515,21,512,22,510,23,512,24,515,25,518,24,519,23,518,22,515,21
515,430,510,430,510,428,510,426,510,426,510,425,510,423,510,423,510,421,509,420,506,420,503,419,502,418,502,417,502,417,502,415,502,413,502,413,502,412,500,411,497,410,493,410,493,408,493,407,493,407,493,405,493,404,493,404,493,402,491,401,488,400,485,401,484,402,484,404,484,404,484,405,484,407,484,407,484,408,485,410,488,410,493,410,493,412,493,413,493,413,493,415,493,417,493,417,493,418,493,420,493,420,493,421,494,422,497,423,500,424,502,425,502,426,502,426,502,428,503,429,506,430,510,430,510,431,510,433,510,433,510,434,512,435,515,436,518,435,519,434,519,433,519,433,519,431,518,430,515,430
506,128,503,129,502,130,503,131,506,131,509,131,510,130,509,129,506,128
497,44,494,45,493,46,491,47,488,47,484,47,484,46,484,44,484,44,484,42,482,41,479,41,476,40,475,39,474,38,471,38,468,38,466,39,466,41,466,41,466,42,465,43,462,44,459,45,457,46,459,47,462,47,466,47,466,47,471,47,475,47,475,47,479,47,484,47,484,49,482,50,479,50,476,51,475,52,476,53,479,54,484,54,484,54,488,54,491,54,493,55,494,56,497,57,500,56,502,55,502,54,502,54,502,52,502,50,502,50,502,49,502,47,502,47,502,46,500,45,497,44
497,106,494,106,493,107,494,108,497,109,500,108,502,107,500,106,497,106
488,31,485,32,484,33,484,34,484,34,484,36,485,37,488,38,491,37,493,36,493,34,493,34,493,33,491,32,488,31
488,131,485,132,484,133,485,134,488,135,491,134,493,133,491,132,488,131
488,151,485,151,484,153,485,154,488,154,491,154,493,153,491,151,488,151
488,378,485,377,484,376,482,375,479,374,475,374,475,373,474,372,471,371,468,372,466,373,468,374,471,374,475,374,475,376,475,378,475,378,475,379,475,381,475,381,475,383,476,384,479,384,482,385,484,386,484,387,484,387,484,389,485,390,488,391,491,390,493,389,493,387,493,387,493,386,493,384,493,384,493,383,493,381,493,381,493,379,491,378,488,378
488,459,485,459,484,460,485,461,488,462,491,461,493,460,491,459,488,459
471,102,468,103,466,104,466,106,462,106,459,106,457,107,457,109,457,109,457,110,457,112,457,112,457,114,457,115,457,115,457,117,457,119,457,119,457,120,457,122,457,122,457,123,459,124,462,125,465,124,466,123,466,122,466,122,466,120,466,119,466,119,466,117,466,115,466,115,466,114,466,112,466,112,466,110,466,109,466,109,466,107,466,106,471,106,474,105,475,104,474,103,471,102
471,141,468,142,466,143,468,144,471,144,474,144,475,143,474,142,471,141
471,446,466,446,466,444,466,442,466,442,466,441,465,440,462,439,459,440,457,441,457,442,457,442,457,444,459,445,462,446,466,446,466,447,466,449,466,449,466,451,468,452,471,452,474,452,475,451,475,449,475,449,475,447,474,446,471,446
471,459,468,458,466,457,465,456,462,455,459,455,457,454,457,452,457,452,457,451,456,449,453,449,450,448,448,447,447,446,444,446,441,445,440,444,440,442,440,442,440,441,438,440,435,439,432,439,431,438,431,436,431,436,431,434,429,433,426,433,423,432,422,431,420,430,417,430,414,430,413,431,412,432,409,433,406,433,404,434,404,436,404,436,404,438,406,439,409,439,412,440,413,441,414,442,417,442,420,443,422,444,422,446,422,446,422,447,423,448,426,449,429,449,431,451,431,452,431,452,431,454,431,455,431,455,431,457,432,458,435,459,438,459,440,460,440,462,440,462,440,464,440,465,440,465,440,467,441,468,444,468,448,468,448,468,453,468,457,468,457,468,462,468,465,468,466,467,468,466,471,465,474,465,475,464,475,462,475,462,475,460,474,459,471,459
462,89,459,90,457,91,459,92,462,93,465,92,466,91,465,90,462,89
462,131,459,132,457,133,456,134,453,135,450,135,448,136,450,137,453,138,457,138,457,138,462,138,465,137,466,136,466,135,466,135,466,133,465,132,462,131
453,430,448,430,448,428,448,426,448,426,448,425,447,424,444,423,441,424,440,425,440,426,440,426,440,428,441,429,444,430,448,430,448,431,450,432,453,433,456,432,457,431,456,430,453,430
444,44,441,45,440,46,441,47,444,47,447,47,448,46,447,45,444,44
444,119,440,119,440,119,435,119,431,119,431,117,431,115,431,115,431,114,429,113,426,112,423,113,422,114,422,115,422,115,422,117,423,118,426,119,431,119,431,120,431,122,431,122,431,123,432,124,435,125,440,125,440,125,444,125,447,124,448,123,448,122,448,122,448,120,447,119,444,119
426,41,423,41,422,42,423,43,426,44,429,43,431,42,429,41,426,41
417,248,414,248,413,246,413,245,413,245,413,243,412,242,409,242,406,241,404,240,403,239,400,238,397,238,395,237,395,235,395,235,395,234,394,232,391,232,388,231,386,230,385,229,382,229,378,229,378,229,373,229,370,229,369,230,370,231,373,232,376,232,378,234,378,235,378,235,378,237,379,238,382,238,385,239,386,240,388,241,391,242,394,242,395,243,395,245,395,245,395,246,397,248,400,248,403,249,404,250,404,251,404,251,404,253,406,254,409,255,412,255,413,256,414,257,417,258,420,257,422,256,422,255,422,255,422,253,422,251,422,251,422,250,420,249,417,248
382,216,379,216,378,217,379,218,382,219,385,218,386,217,385,216,382,216
373,125,370,124,369,123,369,122,369,122,369,120,367,119,364,119,361,119,360,120,360,122,360,122,360,123,360,125,360,125,360,127,360,128,360,128,360,130,360,131,360,131,360,133,361,134,364,135,367,134,369,133,370,132,373,131,376,131,378,130,378,128,378,128,378,127,376,126,373,125
373,258,370,258,369,259,369,261,369,261,369,263,370,264,373,264,376,264,378,263,378,261,378,261,378,259,376,258,373,258
338,248,333,248,333,248,329,248,324,248,324,246,323,245,320,245,317,245,316,246,317,248,320,248,324,248,324,250,326,251,329,251,333,251,333,251,338,251,341,251,342,250,341,249,338,248
293,358,289,358,289,358,285,358,282,358,280,357,279,356,276,355,273,356,271,357,270,358,267,358,262,358,262,358,258,358,254,358,254,358,249,358,245,358,245,358,240,358,237,358,236,357,234,356,231,355,227,355,227,355,223,355,218,355,218,355,214,355,209,355,209,355,205,355,202,354,200,353,199,352,196,352,193,352,192,353,190,354,187,355,183,355,183,355,178,355,175,354,174,353,172,352,169,352,165,352,165,352,161,352,156,352,156,352,152,352,147,352,147,352,143,352,138,352,138,352,134,352,131,351,130,350,128,349,125,349,121,349,121,349,116,349,113,348,112,347,110,346,107,345,104,346,103,347,102,348,99,349,96,349,94,350,94,352,94,352,94,353,94,355,94,355,94,357,94,358,94,358,94,360,94,361,94,361,94,363,96,364,99,365,103,365,103,365,107,365,110,364,112,363,113,362,116,361,119,361,121,360,122,359,125,358,128,359,130,360,131,361,134,361,138,361,138,361,143,361,147,361,147,361,152,361,156,361,156,361,161,361,165,361,165,361,169,361,174,361,174,361,178,361,183,361,183,361,187,361,192,361,192,361,196,361,200,361,200,361,205,361,209,361,209,361,214,361,218,361,218,361,223,361,226,362,227,363,227,365,227,365,227,366,228,367,231,368,236,368,236,368,240,368,245,368,245,368,249,368,252,367,254,366,255,365,258,365,262,365,262,365,267,365,271,365,271,365,276,365,280,365,280,365,285,365,288,364,289,363,290,362,293,361,296,361,298,360,296,359,293,358
267,47,264,48,262,49,264,50,267,50,270,50,271,49,270,48,267,47
223,131,218,131,218,131,214,131,209,131,209,131,205,131,202,131,200,130,199,129,196,128,192,128,192,128,187,128,183,128,183,128,178,128,175,129,174,130,172,131,169,131,165,131,165,131,161,131,156,131,156,131,152,131,147,131,147,131,143,131,138,131,138,131,134,131,130,131,130,131,125,131,122,131,121,130,119,129,116,128,112,128,112,128,107,128,104,129,103,130,102,131,99,131,94,131,94,131,90,131,85,131,85,131,81,131,76,131,76,131,72,131,69,132,68,133,69,134,72,135,75,135,76,136,78,137,81,138,85,138,85,138,90,138,94,138,94,138,99,138,103,138,103,138,107,138,112,138,112,138,116,138,119,137,121,136,122,135,125,135,128,135,130,136,131,137,134,138,138,138,138,138,143,138,146,139,147,140,149,141,152,141,156,141,156,141,161,141,165,141,165,141,169,141,174,141,174,141,178,141,183,141,183,141,187,141,190,141,192,140,193,139,196,138,200,138,200,138,205,138,209,138,209,138,214,138,217,137,218,136,220,135,223,135,226,134,227,133,226,132,223,131
196,417,193,417,192,418,192,420,192,420,192,421,192,423,187,423,184,424,183,425,181,426,178,426,175,427,174,428,172,429,169,430,166,430,165,431,165,433,161,433,156,433,156,433,152,433,149,433,147,434,146,435,143,436,138,436,138,436,134,436,130,436,130,436,125,436,121,436,121,436,116,436,113,435,112,434,110,433,107,433,103,433,103,433,99,433,96,433,94,434,96,435,99,436,102,437,103,438,104,439,107,439,112,439,112,439,116,439,121,439,121,439,125,439,128,440,130,441,131,442,134,442,138,442,138,442,143,442,147,442,147,442,152,442,156,442,156,442,161,442,165,442,165,442,169,442,172,442,174,441,172,440,169,439,165,439,165,439,161,439,158,439,156,438,158,437,161,436,164,435,165,434,165,433,169,433,174,433,174,433,178,433,181,432,183,431,184,430,187,430,190,429,192,428,192,426,192,426,192,425,192,423,196,423,199,422,200,421,200,420,200,420,200,418,199,417,196,417
63,423,60,424,59,425,60,426,63,426,66,426,68,425,66,424,63,423
568,122,565,122,564,123,565,124,568,125,571,124,572,123,572,122,568,122
524,157,521,158,519,159,521,160,524,161,527,160,528,159,527,158,524,157
