564,10,564,12,564,12,564,13,565,14,568,15,571,15,572,16,572,18,572,18,572,20,574,21,577,21,580,22,581,23,581,25,581,25,581,26,583,27,586,28,589,28,590,29,590,31,590,31,590,33,590,34,590,34,590,36,590,38,590,38,590,39,589,40,586,41,583,41,581,42,583,43,586,44,589,45,590,46,590,47,590,47,590,49,590,50,590,50,590,52,590,54,590,54,590,55,590,57,590,57,590,59,589,60,586,60,583,61,581,62,580,63,577,63,574,64,572,65,571,66,568,67,564,67,564,67,559,67,555,67,555,67,550,67,546,67,546,67,541,67,537,67,537,67,533,67,530,66,528,65,528,63,528,63,528,62,528,60,528,60,528,59,530,58,533,57,536,56,537,55,536,54,533,54,530,53,528,52,528,50,528,50,528,49,528,47,528,47,528,46,527,45,524,44,521,43,519,42,519,41,519,41,519,39,521,38,524,38,527,38,528,39,530,40,533,41,536,40,537,39,537,38,537,38,537,36,536,35,533,34,528,34,528,34,524,34,521,34,519,33,519,31,519,31,519,29,519,28,519,28,519,26,519,25,515,25,512,24,510,23,512,22,515,21,518,22,519,23,519,25,524,25,528,25,528,25,533,25,536,25,537,26,538,27,541,28,544,27,546,26,546,25,546,25,546,23,546,21,546,21,546,20,546,18,546,18,546,16,546,15,546,15,546,13,544,12,541,12,538,11,537,10,273,10,10,10,10,316,14,316,14,316,19,316,23,316,23,316,28,316,31,317,32,318,32,319,32,319,32,321,31,322,28,323,25,323,23,324,23,326,23,326,23,327,23,329,23,329,23,331,22,332,19,332,14,332,14,332,10,332,10,401,10,470,320,470,630,470,630,240,630,10,564,10
603,86,600,87,599,88,600,89,603,89,606,89,608,88,606,87,603,86
595,106,592,105,590,104,590,102,590,102,590,101,590,99,590,99,590,97,589,96,586,96,583,96,581,97,581,99,581,99,581,101,581,102,581,102,581,104,581,106,581,106,581,107,581,109,581,109,581,110,583,112,586,112,590,112,590,112,595,112,598,112,599,110,599,109,599,109,599,107,598,106,595,106
586,76,583,77,581,78,581,80,581,80,581,81,583,82,586,83,589,82,590,81,590,80,590,80,590,78,589,77,586,76
586,128,583,129,581,130,583,131,586,131,589,131,590,130,589,129,586,128
568,119,564,119,564,119,559,119,556,119,555,120,555,122,555,122,555,123,556,124,559,125,564,125,564,127,562,128,559,128,556,129,555,130,555,131,555,131,555,133,556,134,559,135,562,134,564,133,565,132,568,131,571,131,572,130,572,128,572,128,572,127,571,126,568,125,564,125,564,123,565,122,568,122,571,121,572,120,571,119,568,119
559,106,556,106,555,107,556,108,559,109,562,108,564,107,562,106,559,106
559,157,555,157,555,157,550,157,546,157,546,157,541,157,538,157,537,156,537,154,537,154,537,153,537,151,537,151,537,149,538,148,541,148,544,147,546,146,546,144,546,144,546,143,546,141,546,141,546,140,544,138,541,138,538,137,537,136,537,135,537,135,537,133,537,131,537,131,537,130,538,129,541,128,544,128,546,127,546,125,546,125,546,123,544,122,541,122,538,121,537,120,536,119,533,119,530,118,528,117,528,115,528,115,528,114,527,113,524,112,519,112,519,112,515,112,512,113,510,114,510,115,510,115,510,117,510,119,510,119,510,120,509,121,506,122,503,121,502,120,502,119,502,119,502,117,502,115,502,115,502,114,502,112,502,112,502,110,502,109,502,109,502,107,502,106,502,106,502,104,502,102,502,102,502,101,502,99,502,99,502,97,500,96,497,96,494,95,493,94,493,93,493,93,493,91,493,89,493,89,493,88,491,87,488,86,485,87,484,88,482,89,479,89,476,90,475,91,475,93,475,93,475,94,475,96,475,96,475,97,475,99,475,99,475,101,474,102,471,102,468,103,466,104,465,105,462,106,459,106,457,107,457,109,457,109,457,110,457,112,457,112,457,114,459,115,462,115,465,116,466,117,465,118,462,119,459,119,457,120,459,121,462,122,465,122,466,123,466,125,466,125,466,127,466,128,466,128,466,130,465,131,462,131,459,132,457,133,457,135,457,135,457,136,457,138,457,138,457,140,459,141,462,141,465,142,466,143,466,144,466,144,466,146,468,147,471,148,474,148,475,149,475,151,475,151,475,153,476,154,479,154,484,154,484,154,488,154,493,154,493,154,497,154,500,155,502,156,503,157,506,157,510,157,510,157,515,157,518,158,519,159,519,161,519,161,519,162,519,164,519,164,519,165,521,167,524,167,528,167,528,167,533,167,536,167,537,165,538,164,541,164,544,164,546,165,547,167,550,167,555,167,555,169,556,170,559,170,562,170,564,169,562,168,559,167,555,167,555,165,556,164,559,164,562,163,564,162,564,161,564,161,564,159,562,158,559,157
506,54,502,54,502,52,502,50,502,50,502,49,500,48,497,47,494,48,493,49,493,50,493,50,493,52,494,53,497,54,502,54,502,55,503,56,506,57,509,56,510,55,509,54,506,54
497,410,493,410,493,408,493,407,493,407,493,405,493,404,493,404,493,402,491,401,488,400,484,400,484,399,484,397,484,397,484,395,482,394,479,394,476,394,475,395,475,397,475,397,475,399,476,400,479,400,484,400,484,402,484,404,484,404,484,405,484,407,484,407,484,408,485,410,488,410,493,410,493,412,493,413,493,413,493,415,494,416,497,417,500,416,502,415,502,413,502,413,502,412,500,411,497,410
471,31,466,31,466,29,465,28,462,28,459,27,457,26,456,25,453,25,448,25,448,25,444,25,440,25,440,25,435,25,432,24,431,23,429,22,426,21,422,21,422,21,417,21,414,22,413,23,414,24,417,25,420,25,422,26,420,27,417,28,414,28,413,29,413,31,413,31,413,33,412,34,409,34,406,35,404,36,406,37,409,38,412,38,413,39,413,41,413,41,413,42,414,43,417,44,422,44,422,44,426,44,429,43,431,42,432,41,435,41,440,41,440,42,440,44,440,44,440,46,441,47,444,47,447,47,448,46,448,44,448,44,448,42,447,41,444,41,440,41,440,39,441,38,444,38,448,38,448,38,453,38,457,38,457,39,459,40,462,41,465,41,466,42,468,43,471,44,474,43,475,42,475,41,475,41,475,39,475,38,475,38,475,36,475,34,475,34,475,33,474,32,471,31
471,387,468,388,466,389,468,390,471,391,474,390,475,389,474,388,471,387
453,430,450,430,448,431,450,432,453,433,456,432,457,431,456,430,453,430
453,452,450,452,448,451,447,449,444,449,441,448,440,447,438,446,435,446,432,445,431,444,429,443,426,442,423,442,422,441,420,440,417,439,414,440,413,441,412,442,409,442,406,443,404,444,404,446,404,446,404,447,406,448,409,449,412,449,413,451,413,452,413,452,413,454,413,455,413,455,413,457,414,458,417,459,420,458,422,457,423,456,426,455,429,456,431,457,432,458,435,459,438,459,440,460,440,462,440,462,440,464,440,465,440,465,440,467,441,468,444,468,448,468,448,468,453,468,456,468,457,467,457,465,457,465,457,464,457,462,457,462,457,460,457,459,457,459,457,457,457,455,457,455,457,454,456,453,453,452
444,119,441,119,440,120,440,122,440,122,440,123,441,124,444,125,447,124,448,123,448,122,448,122,448,120,447,119,444,119
444,423,440,423,440,421,438,420,435,420,432,420,431,421,432,422,435,423,440,423,440,425,441,426,444,426,447,426,448,425,447,424,444,423
435,99,432,100,431,101,431,102,431,102,431,104,432,105,435,106,438,105,440,104,440,102,440,102,440,101,438,100,435,99
364,125,361,126,360,127,360,128,360,128,360,130,358,131,355,131,352,132,351,133,352,134,355,135,360,135,360,135,364,135,367,134,369,133,369,131,369,131,369,130,369,128,369,128,369,127,367,126,364,125
364,138,361,138,360,140,361,141,364,141,367,141,369,140,367,138,364,138
364,251,361,252,360,253,361,254,364,255,367,254,369,253,367,252,364,251
355,112,352,113,351,114,352,115,355,115,358,115,360,114,358,113,355,112
338,248,333,248,333,246,332,245,329,245,326,245,324,246,326,248,329,248,333,248,333,250,335,251,338,251,341,251,342,250,341,249,338,248
231,355,228,354,227,353,226,352,223,352,218,352,218,352,214,352,209,352,209,352,205,352,200,352,200,352,196,352,193,351,192,350,190,349,187,349,184,349,183,350,181,351,178,352,175,351,174,350,172,349,169,349,165,349,165,349,161,349,156,349,156,349,152,349,149,349,147,350,146,351,143,352,138,352,138,352,134,352,131,351,130,350,128,349,125,349,121,349,121,349,116,349,112,349,112,349,107,349,103,349,103,349,99,349,96,349,94,350,93,351,90,352,87,352,85,353,85,355,85,355,85,357,87,358,90,358,93,359,94,360,94,361,94,361,94,363,96,364,99,365,103,365,103,365,107,365,110,364,112,363,113,362,116,361,119,361,121,360,122,359,125,358,128,359,130,360,131,361,134,361,138,361,138,361,143,361,146,361,147,360,149,359,152,358,156,358,156,358,161,358,165,358,165,358,169,358,174,358,174,358,178,358,183,358,183,358,187,358,192,358,192,358,196,358,200,358,200,358,205,358,209,358,209,358,214,358,218,358,218,358,223,358,227,358,227,358,231,358,234,358,236,357,234,356,231,355
178,439,175,439,174,438,172,437,169,436,166,435,165,434,164,433,161,433,158,433,156,434,155,435,152,436,147,436,147,436,143,436,138,436,138,436,134,436,130,436,130,436,125,436,122,437,121,438,122,439,125,439,130,439,130,439,134,439,137,440,138,441,140,442,143,442,147,442,147,442,152,442,156,442,156,442,161,442,165,442,165,442,169,442,174,442,174,442,178,442,181,442,183,441,181,440,178,439
81,125,78,126,76,127,75,128,72,128,68,128,68,128,63,128,60,129,59,130,57,131,54,131,51,132,50,133,50,135,50,135,50,136,51,137,54,138,57,137,59,136,60,135,63,135,66,134,68,133,69,132,72,131,76,131,76,131,81,131,84,131,85,130,85,128,85,128,85,127,84,126,81,125
515,128,512,129,510,130,512,131,515,131,518,131,519,130,518,129,515,128
515,138,512,139,510,140,510,141,510,141,510,143,510,144,510,144,510,146,512,147,515,148,518,147,519,146,519,144,519,144,519,143,519,141,519,141,519,140,518,139,515,138
488,125,485,126,484,127,485,128,488,128,491,128,493,127,491,126,488,125
462,31,459,32,457,33,457,34,457,34,457,36,457,38,462,38,465,37,466,36,466,34,466,34,466,33,466,31,462,31
568,44,565,45,564,46,565,47,568,47,571,47,572,46,571,45,568,44
559,28,556,28,555,29,555,31,555,31,555,33,556,34,559,34,562,34,564,33,564,31,564,31,564,29,562,28,559,28
