581,10,581,12,581,12,581,13,580,14,577,15,574,14,572,13,572,12,572,12,572,10,291,10,10,10,10,21,14,21,14,21,19,21,23,21,23,20,25,19,28,18,32,18,32,16,34,15,37,15,41,15,41,15,45,15,48,15,50,16,48,18,45,18,41,18,41,18,37,18,32,18,32,20,31,21,28,21,23,21,23,23,22,24,19,25,16,25,14,26,13,27,10,28,10,313,13,313,14,315,14,316,14,316,14,318,13,319,10,319,10,323,13,323,14,324,14,326,14,326,14,327,14,329,14,329,14,331,14,332,14,332,14,334,14,336,14,336,14,337,14,339,14,339,14,340,16,341,19,342,22,343,23,344,23,345,23,345,23,347,25,348,28,349,31,349,32,350,32,352,32,352,32,353,32,355,32,355,32,357,34,358,37,358,40,359,41,360,41,361,41,361,41,363,42,364,45,365,48,365,50,366,50,368,50,368,50,370,50,371,50,371,50,373,51,374,54,374,57,375,59,376,59,378,59,378,59,379,60,380,63,381,66,381,68,383,68,384,68,384,68,386,69,387,72,387,75,388,76,389,78,390,81,391,84,391,85,392,85,394,85,394,85,395,87,397,90,397,93,398,94,399,94,400,94,400,94,402,94,404,94,404,94,405,94,407,94,407,94,408,94,410,94,410,94,412,94,413,94,413,94,415,93,416,90,417,87,416,85,415,84,414,81,413,78,413,76,412,76,410,76,410,76,408,75,407,72,407,69,406,68,405,68,404,68,404,68,402,66,401,63,400,60,400,59,399,59,397,59,397,59,395,59,394,59,394,59,392,59,391,59,391,59,389,57,388,54,387,51,387,50,386,48,385,45,384,42,384,41,383,41,381,41,381,41,379,40,378,37,378,34,377,32,376,32,374,32,374,32,373,31,372,28,371,25,371,23,370,23,368,23,368,23,366,22,365,19,365,16,364,14,363,14,361,14,361,14,360,14,358,14,358,14,357,13,356,10,355,10,413,10,470,112,470,113,469,116,468,119,468,121,467,122,466,125,465,128,466,130,467,130,468,130,468,130,470,380,470,630,470,630,240,630,10,581,10
603,174,600,173,599,172,598,171,595,170,592,170,590,169,589,168,586,167,583,167,581,165,581,164,581,164,581,162,580,161,577,161,572,161,572,161,568,161,565,160,564,159,564,157,564,157,564,156,564,154,564,154,564,153,562,151,559,151,555,151,555,151,550,151,547,150,546,149,546,148,546,148,546,146,546,144,550,144,553,144,555,143,553,142,550,141,546,141,546,140,546,138,546,138,546,136,546,135,550,135,553,134,555,133,553,132,550,131,547,132,546,133,546,135,541,135,538,134,537,133,537,131,537,131,537,130,538,129,541,128,546,128,546,128,550,128,553,128,555,127,553,126,550,125,547,124,546,123,546,122,546,122,546,120,546,119,550,119,553,118,555,117,553,116,550,115,547,116,546,117,546,119,541,119,537,119,537,119,533,119,530,119,528,120,527,121,524,122,521,121,519,120,519,119,519,119,519,117,519,115,519,115,519,114,518,113,515,112,512,113,510,114,509,115,506,115,503,115,502,114,502,112,502,112,502,110,502,109,502,109,502,107,502,106,502,106,502,104,502,102,502,102,502,101,503,100,506,99,509,99,510,97,509,96,506,96,503,95,502,94,502,93,502,93,502,91,502,89,502,89,502,88,500,87,497,86,494,86,493,85,494,83,497,83,500,82,502,81,500,80,497,80,494,79,493,78,491,77,488,76,485,76,484,75,485,74,488,73,491,73,493,72,491,70,488,70,484,70,484,70,479,70,476,70,475,72,475,73,475,73,475,75,475,76,475,76,475,78,475,80,475,80,475,81,474,82,471,83,468,83,466,85,466,86,466,86,466,88,468,89,471,89,474,90,475,91,474,92,471,93,468,93,466,94,468,95,471,96,474,96,475,97,475,99,475,99,475,101,476,102,479,102,482,103,484,104,484,106,484,106,484,107,484,109,484,109,484,110,484,112,484,112,484,114,484,115,484,115,484,117,485,118,488,119,493,119,493,119,497,119,500,119,502,120,502,122,502,122,502,123,502,125,502,125,502,127,500,128,497,128,494,129,493,130,494,131,497,131,500,132,502,133,500,134,497,135,494,135,493,136,493,138,493,138,493,140,494,141,497,141,502,141,502,141,506,141,509,142,510,143,510,144,510,144,510,146,510,148,510,148,510,149,509,150,506,151,503,151,502,153,503,154,506,154,509,155,510,156,510,157,510,157,510,159,510,161,510,161,510,162,512,163,515,164,518,163,519,162,521,161,524,161,528,161,528,161,533,161,536,161,537,162,537,164,537,164,537,165,538,167,541,167,544,168,546,169,547,170,550,170,555,170,555,170,559,170,564,170,564,170,568,170,571,171,572,172,574,173,577,174,580,174,581,175,583,176,586,177,589,177,590,178,592,180,595,180,599,180,599,180,603,180,606,180,608,178,608,177,608,177,608,175,606,174,603,174
577,128,574,129,572,130,574,131,577,131,580,131,581,130,580,129,577,128
568,83,565,83,564,85,565,86,568,86,571,86,572,85,571,83,568,83
559,365,556,365,555,366,555,368,555,368,555,370,556,371,559,371,562,371,564,370,564,368,564,368,564,366,562,365,559,365
541,47,538,48,537,49,537,50,537,50,537,52,537,54,537,54,537,55,537,57,537,57,537,59,536,60,533,60,530,61,528,62,530,63,533,63,536,64,537,65,538,66,541,67,544,66,546,65,546,63,546,63,546,62,546,60,546,60,546,59,546,57,546,57,546,55,546,54,546,54,546,52,546,50,546,50,546,49,544,48,541,47
533,102,530,103,528,104,528,106,528,106,528,107,530,108,533,109,536,108,537,107,537,106,537,106,537,104,536,103,533,102
524,47,519,47,519,47,515,47,510,47,510,47,506,47,503,48,502,49,502,50,502,50,502,52,502,54,502,54,502,55,502,57,502,57,502,59,503,60,506,60,510,60,510,60,515,60,518,60,519,59,519,57,519,57,519,55,519,54,519,54,519,52,521,51,524,50,527,50,528,49,527,48,524,47
506,41,502,41,502,39,500,38,497,38,494,38,493,39,494,40,497,41,502,41,502,42,503,43,506,44,509,43,510,42,509,41,506,41
497,63,494,64,493,65,494,66,497,67,500,66,502,65,500,64,497,63
479,21,475,21,475,21,471,21,468,22,466,23,465,24,462,25,457,25,457,25,453,25,448,25,448,25,444,25,441,25,440,26,441,27,444,28,448,28,448,28,453,28,457,28,457,28,462,28,466,28,466,28,471,28,474,27,475,26,476,25,479,25,482,24,484,23,482,22,479,21
338,436,335,437,333,438,332,439,329,439,324,439,324,439,320,439,316,439,316,439,311,439,308,440,307,441,305,442,302,442,298,442,298,442,293,442,290,443,289,444,288,445,285,446,280,446,280,446,276,446,271,446,271,446,267,446,262,446,262,446,258,446,255,446,254,447,254,449,254,449,254,451,255,452,258,452,261,453,262,454,262,455,262,455,262,457,264,458,267,459,271,459,271,459,276,459,279,458,280,457,282,456,285,455,288,455,289,454,290,453,293,452,298,452,298,452,302,452,307,452,307,452,311,452,316,452,316,452,320,452,323,452,324,451,324,449,324,449,324,447,326,446,329,446,332,445,333,444,335,443,338,442,341,442,342,441,342,439,342,439,342,438,341,437,338,436
107,277,104,277,103,276,102,275,99,274,96,273,94,272,93,271,90,271,87,270,85,269,84,268,81,268,76,268,76,268,72,268,69,268,68,269,66,270,63,271,60,270,59,269,59,268,59,268,59,266,59,264,59,264,59,263,57,262,54,261,51,262,50,263,50,264,50,264,50,266,48,267,45,268,42,268,41,269,41,271,41,271,41,272,41,274,41,274,41,276,41,277,41,277,41,279,41,280,41,280,41,282,42,283,45,284,48,284,50,285,50,287,50,287,50,289,50,290,50,290,50,292,51,293,54,293,57,294,59,295,59,297,59,297,59,298,60,299,63,300,66,300,68,302,69,303,72,303,75,303,76,302,76,300,76,300,76,298,78,297,81,297,85,297,85,297,90,297,93,296,94,295,94,293,94,293,94,292,96,291,99,290,102,290,103,289,104,288,107,287,110,286,112,285,112,284,112,284,112,282,112,280,112,280,112,279,110,278,107,277
63,420,59,420,59,420,54,420,51,420,50,421,51,422,54,423,57,424,59,425,60,426,63,426,66,426,68,425,68,423,68,423,68,421,66,420,63,420
541,141,538,142,537,143,538,144,541,144,546,144,546,143,546,141,541,141
524,125,521,126,519,127,521,128,524,128,527,128,528,127,527,126,524,125
