475,10,475,12,475,12,475,13,476,14,479,15,482,14,484,13,485,12,488,12,493,12,493,12,497,12,502,12,502,12,506,12,510,12,510,12,515,12,518,12,519,13,519,15,519,15,519,16,521,18,524,18,527,19,528,20,527,21,524,21,521,22,519,23,519,25,519,25,519,26,518,27,515,28,512,27,510,26,509,25,506,25,503,25,502,26,500,27,497,28,494,27,493,26,491,25,488,25,484,25,484,25,479,25,476,25,475,26,474,27,471,28,466,28,466,28,462,28,459,27,457,26,457,25,457,25,457,23,457,21,457,21,457,20,456,19,453,18,448,18,448,18,444,18,441,19,440,20,438,21,435,21,432,21,431,20,429,19,426,18,422,18,422,18,417,18,414,19,413,20,412,21,409,21,406,21,404,20,404,18,404,18,404,16,403,15,400,15,395,15,395,16,395,18,395,18,395,20,394,21,391,21,388,21,386,20,386,18,386,18,386,16,388,15,391,15,395,15,395,13,394,12,391,12,388,11,386,10,378,10,376,11,373,12,370,12,369,13,369,15,369,15,369,16,367,18,364,18,360,18,360,18,355,18,352,18,351,16,351,15,351,15,351,13,351,12,351,12,351,10,333,10,333,12,333,12,333,13,333,15,333,15,333,16,333,18,333,18,333,20,333,21,333,21,333,23,333,25,333,25,333,26,333,28,333,28,333,29,333,31,333,31,333,33,333,34,333,34,333,36,333,38,333,38,333,39,332,40,329,41,326,40,324,39,323,38,320,38,316,38,316,38,311,38,308,37,307,36,305,35,302,34,299,35,298,36,296,37,293,38,289,38,289,38,285,38,282,37,280,36,279,35,276,34,273,35,271,36,271,38,271,38,271,39,273,40,276,41,279,41,280,42,279,43,276,44,273,45,271,46,270,47,267,47,264,47,262,46,261,45,258,44,254,44,254,44,249,44,246,43,245,42,246,41,249,41,254,41,254,41,258,41,261,40,262,39,261,38,258,38,255,37,254,36,255,35,258,34,261,34,262,33,262,31,262,31,262,29,264,28,267,28,270,27,271,26,270,25,267,25,264,24,262,23,261,22,258,21,254,21,254,21,249,21,246,21,245,20,243,19,240,18,237,18,236,16,234,15,231,15,228,14,227,13,227,12,227,12,227,10,218,10,218,12,218,12,218,13,218,15,218,15,218,16,217,18,214,18,211,18,209,16,209,15,209,15,209,13,209,12,209,12,209,10,200,10,200,12,200,12,200,13,199,14,196,15,193,14,192,13,190,12,187,12,184,11,183,10,96,10,10,10,10,240,10,470,85,470,87,469,90,468,93,469,94,470,333,470,332,469,329,468,326,468,324,467,323,466,320,465,317,465,316,464,317,462,320,462,323,461,324,460,324,459,324,459,324,457,326,456,329,455,332,455,333,454,335,453,338,452,341,452,342,451,342,449,342,449,342,447,344,446,347,446,351,446,351,446,355,446,358,445,360,444,361,443,364,442,369,442,369,442,373,442,376,443,378,444,378,446,378,446,378,447,379,448,382,449,385,449,386,451,386,452,386,452,386,454,386,455,386,455,386,457,386,459,386,459,386,460,388,461,391,462,394,462,395,464,395,465,395,465,395,467,395,468,395,468,395,470,404,470,404,468,404,468,404,467,404,465,404,465,404,464,404,462,404,462,404,460,406,459,409,459,413,459,413,459,417,459,420,459,422,460,422,462,422,462,422,464,422,465,422,465,422,467,422,468,422,468,422,470,526,470,630,470,630,60,627,60,626,59,627,58,630,57,630,33,630,10,475,10
621,50,618,51,617,52,618,53,621,54,624,53,626,52,624,51,621,50
612,115,609,116,608,117,608,119,603,119,600,119,599,120,600,121,603,122,606,121,608,120,608,119,612,119,615,118,617,117,615,116,612,115
506,34,503,34,502,33,500,32,497,31,494,32,493,33,493,34,493,34,493,36,493,38,493,38,493,39,494,40,497,41,502,41,502,41,506,41,509,40,510,39,510,38,510,38,510,36,509,35,506,34
479,238,476,239,475,240,476,241,479,242,482,241,484,240,482,239,479,238
462,222,457,222,457,221,456,219,453,219,448,219,448,217,447,216,444,216,441,216,440,217,441,218,444,219,448,219,448,221,450,222,453,222,457,222,457,224,457,225,457,225,457,227,459,228,462,229,465,228,466,227,466,225,466,225,466,224,465,223,462,222
426,67,423,67,422,68,422,70,422,70,422,72,423,73,426,73,429,73,431,72,431,70,431,70,431,68,429,67,426,67
426,400,423,400,422,399,422,397,422,397,422,395,420,394,417,394,413,394,413,394,409,394,406,393,404,392,403,391,400,391,395,391,395,391,391,391,386,391,386,391,382,391,379,391,378,392,378,394,378,394,378,395,378,397,378,397,378,399,379,400,382,400,386,400,386,400,391,400,395,400,395,400,400,400,404,400,404,400,409,400,412,401,413,402,414,403,417,404,422,404,422,404,426,404,429,403,431,402,429,401,426,400
409,76,404,76,404,75,403,74,400,73,397,73,395,72,394,70,391,70,388,70,386,72,386,73,386,73,386,75,388,76,391,76,395,76,395,76,400,76,404,76,404,78,406,79,409,80,412,79,413,78,412,77,409,76
400,106,395,106,395,106,391,106,388,105,386,104,385,103,382,102,378,102,378,102,373,102,370,103,369,104,369,106,364,106,360,106,360,104,358,103,355,102,351,102,351,102,347,102,344,103,342,104,344,105,347,106,351,106,351,106,355,106,360,106,360,107,360,109,355,109,351,109,351,109,347,109,342,109,342,109,338,109,335,109,333,110,332,111,329,112,326,113,324,114,326,115,329,115,333,115,333,115,338,115,341,115,342,114,344,113,347,112,350,113,351,114,352,115,355,115,360,115,360,115,364,115,367,115,369,114,367,113,364,112,361,111,360,110,360,109,364,109,367,108,369,107,369,106,373,106,376,106,378,107,379,108,382,109,385,109,386,110,388,112,391,112,394,112,395,110,397,109,400,109,403,108,404,107,403,106,400,106
391,38,388,38,386,39,388,40,391,41,394,40,395,39,394,38,391,38
391,63,386,63,386,62,386,60,386,60,386,59,385,58,382,57,378,57,378,57,373,57,369,57,369,57,364,57,360,57,360,57,355,57,352,58,351,59,352,60,355,60,360,60,360,60,364,60,367,61,369,62,369,63,369,63,369,65,370,66,373,67,376,66,378,65,379,64,382,63,386,63,386,65,388,66,391,67,394,66,395,65,394,64,391,63
382,25,378,25,378,25,373,25,369,25,369,25,364,25,361,25,360,26,360,28,360,28,360,29,358,31,355,31,352,32,351,33,351,34,351,34,351,36,352,37,355,38,360,38,360,38,364,38,367,37,369,36,369,34,369,34,369,33,369,31,369,31,369,29,370,28,373,28,378,28,378,28,382,28,385,27,386,26,385,25,382,25
382,31,379,32,378,33,379,34,382,34,385,34,386,33,385,32,382,31
364,41,361,41,360,42,360,44,360,44,360,46,361,47,364,47,367,47,369,46,369,44,369,44,369,42,367,41,364,41
364,83,360,83,360,81,358,80,355,80,352,80,351,81,352,82,355,83,360,83,360,85,360,86,360,86,360,88,361,89,364,89,367,89,369,88,369,86,369,86,369,85,367,83,364,83
355,63,352,64,351,65,352,66,355,67,358,66,360,65,358,64,355,63
347,384,342,384,342,384,338,384,333,384,333,384,329,384,324,384,324,384,320,384,316,384,316,384,311,384,308,385,307,386,305,387,302,387,299,388,298,389,296,390,293,391,290,391,289,392,288,393,285,394,282,394,280,395,280,397,276,397,273,398,271,399,273,400,276,400,279,400,280,399,280,397,285,397,289,397,289,397,293,397,296,397,298,395,299,394,302,394,307,394,307,394,311,394,316,394,316,394,320,394,323,393,324,392,326,391,329,391,333,391,333,391,338,391,341,390,342,389,344,388,347,387,350,387,351,386,350,385,347,384
329,54,326,54,324,55,326,56,329,57,332,56,333,55,332,54,329,54
240,31,237,31,236,29,234,28,231,28,228,28,227,29,227,31,227,31,227,33,228,34,231,34,236,34,236,34,240,34,243,34,245,33,243,32,240,31
205,41,202,40,200,39,199,38,196,38,193,38,192,39,192,41,192,41,192,42,193,43,196,44,199,45,200,46,202,47,205,47,208,47,209,46,209,44,209,44,209,42,208,41,205,41
196,28,192,28,192,26,190,25,187,25,184,25,183,26,184,27,187,28,192,28,192,29,193,31,196,31,199,31,200,29,199,28,196,28
125,342,121,342,121,340,121,339,121,339,121,337,121,336,121,336,121,334,121,332,121,332,121,331,119,330,116,329,113,329,112,327,110,326,107,326,104,326,103,327,103,329,103,329,103,331,103,332,103,332,103,334,103,336,103,336,103,337,104,338,107,339,110,339,112,340,113,342,116,342,121,342,121,344,122,345,125,345,128,345,130,344,128,343,125,342
19,157,16,158,14,159,16,160,19,161,22,160,23,159,22,158,19,157
457,10,459,11,462,12,465,11,466,10,457,10
431,10,432,11,435,12,438,11,440,10,431,10
404,10,406,11,409,12,413,12,413,12,417,12,420,11,422,10,404,10
236,10,237,11,240,12,245,12,245,12,249,12,252,11,254,10,236,10
311,21,308,22,307,23,308,24,311,25,314,24,316,23,314,22,311,21
276,18,273,19,271,20,273,21,276,21,279,21,280,20,279,19,276,18
