590,10,590,12,590,12,590,13,590,15,590,15,590,16,590,18,590,18,590,20,592,21,595,21,598,22,599,23,599,25,599,25,599,26,599,28,599,28,599,29,599,31,599,31,599,33,599,34,599,34,599,36,599,38,599,38,599,39,600,40,603,41,606,41,608,42,608,44,608,44,608,46,608,47,608,47,608,49,606,50,603,50,599,50,599,50,595,50,592,51,590,52,589,53,586,54,581,54,581,54,577,54,574,53,572,52,572,50,572,50,572,49,574,48,577,47,580,47,581,46,581,44,581,44,581,42,581,41,581,41,581,39,581,38,581,38,581,36,583,35,586,34,589,34,590,33,589,32,586,31,583,31,581,29,581,28,581,28,581,26,581,25,581,25,581,23,580,22,577,21,574,21,572,20,572,18,572,18,572,16,572,15,572,15,572,13,572,12,572,12,572,10,174,10,174,12,174,12,174,13,175,14,178,15,181,15,183,16,181,18,178,18,174,18,174,18,169,18,166,19,165,20,165,21,165,21,165,23,164,24,161,25,158,24,156,23,156,21,156,21,156,20,156,18,156,18,156,16,156,15,156,15,156,13,155,12,152,12,149,11,147,10,79,10,10,10,10,336,13,336,14,337,16,338,19,339,22,339,23,340,23,342,23,342,23,344,23,345,23,345,23,347,25,348,28,349,31,349,32,350,32,352,32,352,32,353,32,355,32,355,32,357,34,358,37,358,40,359,41,360,41,361,41,361,41,363,42,364,45,365,48,365,50,366,50,368,50,368,50,370,51,371,54,371,57,372,59,373,60,374,63,374,66,375,68,376,68,378,68,378,68,379,68,381,68,381,68,383,68,384,68,384,68,386,66,387,63,387,59,387,59,387,54,387,50,387,50,387,45,387,42,387,41,386,41,384,41,384,41,383,40,381,37,381,32,381,32,381,28,381,25,380,23,379,22,378,19,378,16,377,14,376,14,374,14,374,14,373,14,371,14,371,14,370,14,368,14,368,14,366,14,365,14,365,14,363,13,362,10,361,10,468,13,469,14,470,85,470,87,469,90,468,93,469,94,470,440,470,441,469,444,468,447,468,448,467,447,466,444,465,441,465,440,464,441,462,444,462,448,462,448,462,453,462,456,462,457,464,459,465,462,465,466,465,466,465,471,465,474,466,475,467,476,468,479,468,484,468,484,468,488,468,493,468,493,468,497,468,500,469,502,470,566,470,630,470,630,287,626,287,626,287,621,287,618,286,617,285,615,284,612,284,608,284,608,284,603,284,600,283,599,282,599,280,599,280,599,279,599,277,599,277,599,276,599,274,599,274,599,272,599,271,599,271,599,269,600,268,603,268,606,268,608,269,609,270,612,271,615,271,617,272,618,273,621,274,626,274,626,274,630,274,630,248,627,248,626,246,627,245,630,245,630,127,630,10,590,10
612,89,609,90,608,91,606,92,603,93,600,93,599,94,599,96,599,96,599,97,598,99,595,99,592,100,590,101,592,102,595,102,598,103,599,104,600,105,603,106,606,105,608,104,608,102,608,102,608,101,608,99,608,99,608,97,609,96,612,96,615,95,617,94,617,93,617,93,617,91,615,90,612,89
612,119,609,119,608,120,606,121,603,122,600,122,599,123,598,124,595,125,592,126,590,127,590,128,586,128,581,128,581,128,577,128,572,128,572,128,568,128,564,128,564,128,559,128,555,128,555,128,550,128,547,129,546,130,547,131,550,131,553,132,555,133,555,135,550,135,546,135,546,135,541,135,538,135,537,136,536,137,533,138,530,138,528,140,527,141,524,141,521,141,519,140,519,138,519,138,519,136,518,135,515,135,510,135,510,135,506,135,503,135,502,136,503,137,506,138,509,139,510,140,509,141,506,141,503,142,502,143,500,144,497,144,494,144,493,143,491,142,488,141,485,141,484,140,482,138,479,138,476,138,475,140,475,141,475,141,475,143,475,144,475,144,475,146,475,148,475,148,475,149,476,150,479,151,482,151,484,153,485,154,488,154,491,154,493,153,494,151,497,151,500,151,502,153,503,154,506,154,510,154,510,154,515,154,519,154,519,154,524,154,527,154,528,153,530,151,533,151,537,151,537,151,541,151,544,150,546,149,547,148,550,148,555,148,555,148,559,148,562,147,564,146,565,145,568,144,571,144,572,143,574,142,577,141,580,141,581,140,583,139,586,138,590,138,590,138,595,138,598,137,599,136,600,135,603,135,606,134,608,133,608,131,608,131,608,130,609,129,612,128,615,128,617,127,617,125,617,125,617,123,617,122,617,122,617,120,615,119,612,119
586,86,583,87,581,88,583,89,586,89,589,89,590,88,589,87,586,86
577,93,574,92,572,91,572,89,572,89,572,88,572,86,572,86,572,85,572,83,572,83,572,81,571,80,568,80,565,79,564,78,564,76,564,76,564,75,562,74,559,73,556,74,555,75,555,76,555,76,555,78,555,80,555,80,555,81,553,82,550,83,547,83,546,85,546,86,546,86,546,88,544,89,541,89,538,90,537,91,538,92,541,93,546,93,546,93,550,93,553,93,555,94,556,95,559,96,564,96,564,96,568,96,572,96,572,96,577,96,580,95,581,94,580,93,577,93
559,112,556,111,555,110,555,109,555,109,555,107,553,106,550,106,546,106,546,106,541,106,538,105,537,104,536,103,533,102,530,102,528,101,527,100,524,99,521,100,519,101,519,102,519,102,519,104,519,106,519,106,519,107,518,108,515,109,512,109,510,110,510,112,510,112,510,114,510,115,510,115,510,117,510,119,506,119,503,119,502,120,503,121,506,122,509,121,510,120,510,119,515,119,519,119,519,119,524,119,528,119,528,119,533,119,537,119,537,119,541,119,544,118,546,117,546,115,550,115,555,115,555,115,559,115,562,115,564,114,562,113,559,112
524,122,521,122,519,123,521,124,524,125,527,124,528,123,527,122,524,122
506,167,503,168,502,169,503,170,506,170,509,170,510,169,509,168,506,167
488,164,485,164,484,165,484,167,484,167,484,169,485,170,488,170,491,170,493,169,493,167,493,167,493,165,491,164,488,164
488,174,485,174,484,175,484,177,479,177,476,177,475,178,476,180,479,180,482,180,484,178,484,177,488,177,491,176,493,175,491,174,488,174
479,31,476,32,475,33,475,34,475,34,475,36,475,38,475,38,475,39,476,40,479,41,482,40,484,39,484,38,484,38,484,36,484,34,484,34,484,33,482,32,479,31
479,44,476,45,475,46,474,47,471,47,468,48,466,49,466,50,466,50,466,52,468,53,471,54,475,54,475,55,476,56,479,57,482,56,484,55,482,54,479,54,475,54,475,52,476,51,479,50,482,50,484,49,484,47,484,47,484,46,482,45,479,44
471,96,468,96,466,97,466,99,466,99,466,101,466,102,466,102,466,104,468,105,471,106,474,105,475,104,475,102,475,102,475,101,475,99,475,99,475,97,474,96,471,96
471,131,468,132,466,133,468,134,471,135,474,134,475,133,474,132,471,131
462,31,457,31,457,31,453,31,450,32,448,33,447,34,444,34,441,34,440,33,440,31,440,31,440,29,438,28,435,28,431,28,431,28,426,28,423,28,422,29,420,31,417,31,414,32,413,33,412,34,409,34,406,35,404,36,403,37,400,38,397,38,395,39,394,40,391,41,388,41,386,42,386,44,386,44,386,46,386,47,386,47,386,49,388,50,391,50,394,51,395,52,397,53,400,54,403,54,404,55,406,56,409,57,412,56,413,55,414,54,417,54,420,53,422,52,423,51,426,50,429,50,431,49,432,48,435,47,438,47,440,46,441,45,444,44,447,43,448,42,450,41,453,41,456,41,457,42,459,43,462,44,465,43,466,42,466,41,466,41,466,39,466,38,466,38,466,36,466,34,466,34,466,33,465,32,462,31
444,54,441,54,440,55,438,56,435,57,432,58,431,59,431,60,431,60,431,62,431,63,431,63,431,65,431,67,426,67,423,67,422,68,423,69,426,70,429,69,431,68,431,67,435,67,438,66,440,65,441,64,444,63,447,63,448,62,448,60,448,60,448,59,448,57,448,57,448,55,447,54,444,54
426,459,422,459,422,459,417,459,413,459,413,459,409,459,404,459,404,459,400,459,395,459,395,459,391,459,388,459,386,460,388,461,391,462,395,462,395,462,400,462,404,462,404,462,409,462,413,462,413,462,417,462,422,462,422,462,426,462,429,461,431,460,429,459,426,459
400,60,395,60,395,60,391,60,388,61,386,62,386,63,386,63,386,65,388,66,391,67,394,67,395,68,397,69,400,70,403,69,404,68,404,67,404,67,404,65,404,63,404,63,404,62,403,61,400,60
400,216,397,216,395,217,395,219,391,219,388,219,386,221,388,222,391,222,394,222,395,221,395,219,400,219,403,218,404,217,403,216,400,216
382,54,379,54,378,55,379,56,382,57,385,56,386,55,385,54,382,54
364,339,361,339,360,340,360,342,360,342,360,344,361,345,364,345,367,345,369,344,369,342,369,342,369,340,367,339,364,339
329,342,326,343,324,344,326,345,329,345,332,345,333,344,332,343,329,342
329,455,324,455,324,454,324,452,324,452,324,451,323,449,320,449,316,449,316,449,311,449,308,448,307,447,305,446,302,446,299,445,298,444,296,443,293,442,289,442,289,442,285,442,282,442,280,441,279,440,276,439,271,439,271,439,267,439,264,439,262,438,261,437,258,436,254,436,254,436,249,436,245,436,245,436,240,436,236,436,236,436,231,436,227,436,227,436,223,436,220,435,218,434,217,433,214,433,209,433,209,433,205,433,202,432,200,431,199,430,196,430,193,430,192,431,192,433,192,433,192,434,193,435,196,436,199,437,200,438,200,439,200,439,200,441,202,442,205,442,209,442,209,442,214,442,217,443,218,444,220,445,223,446,226,446,227,447,228,448,231,449,236,449,236,449,240,449,243,449,245,451,246,452,249,452,252,452,254,451,255,449,258,449,261,448,262,447,264,446,267,446,271,446,271,446,276,446,279,446,280,447,280,449,276,449,273,449,271,451,273,452,276,452,279,452,280,451,280,449,285,449,288,449,289,451,290,452,293,452,296,453,298,454,299,455,302,455,307,455,307,455,311,455,316,455,316,455,320,455,324,455,324,457,324,459,324,459,324,460,326,461,329,462,332,461,333,460,333,459,333,459,333,457,332,456,329,455
214,238,209,238,209,238,205,238,202,239,200,240,199,241,196,242,193,242,192,243,192,245,187,245,184,245,183,246,184,248,187,248,190,248,192,246,192,245,196,245,200,245,200,245,205,245,208,244,209,243,211,242,214,242,217,241,218,240,217,239,214,238
28,238,25,239,23,240,23,242,23,242,23,243,23,245,23,245,23,246,23,248,19,248,16,249,14,250,16,251,19,251,22,251,23,250,23,248,28,248,31,248,32,246,32,245,32,245,32,243,32,242,32,242,32,240,31,239,28,238
595,128,590,128,590,130,590,131,595,131,598,131,599,130,598,129,595,128
586,131,583,132,581,133,583,134,586,135,589,134,590,133,590,131,586,131
568,131,565,132,564,133,562,134,559,135,555,135,555,136,555,138,555,138,555,140,556,141,559,141,562,141,564,140,565,138,568,138,571,137,572,136,572,135,572,135,572,133,571,132,568,131
533,144,530,145,528,146,530,147,533,148,536,147,537,146,536,145,533,144
541,109,538,109,537,110,537,112,537,112,537,114,538,115,541,115,546,115,546,114,546,112,546,112,546,110,544,109,541,109
