386,10,386,12,386,12,386,13,385,14,382,15,378,15,378,15,373,15,369,15,369,15,364,15,360,15,360,15,355,15,351,15,351,15,347,15,344,14,342,13,344,12,347,12,350,11,351,10,280,10,280,12,280,12,280,13,280,15,280,15,280,16,280,18,280,18,280,20,279,21,276,21,273,22,271,23,270,24,267,25,264,24,262,23,262,21,262,21,262,20,262,18,258,18,255,18,254,16,254,15,254,15,254,13,255,12,258,12,262,12,262,12,267,12,270,11,271,10,165,10,164,11,161,12,156,12,156,12,152,12,149,11,147,10,79,10,10,10,10,44,14,44,14,44,19,44,22,45,23,46,22,47,19,47,16,48,14,49,13,50,10,50,10,260,10,470,85,470,87,469,90,468,94,468,94,468,99,468,103,468,103,468,107,468,112,468,112,468,116,468,121,468,121,468,125,468,130,468,130,468,134,468,137,469,138,470,510,470,509,469,506,468,503,468,502,467,502,465,502,465,502,464,503,462,506,462,510,462,510,462,515,462,519,462,519,462,524,462,527,462,528,464,528,465,528,465,528,467,528,468,528,468,528,470,579,470,630,470,630,232,627,232,626,234,626,235,626,235,626,237,624,238,621,238,618,239,617,240,617,242,617,242,617,243,617,245,617,245,617,246,617,248,617,248,617,250,617,251,617,251,617,253,617,255,617,255,617,256,615,257,612,258,609,257,608,256,608,255,608,255,608,253,608,251,608,251,608,250,608,248,608,248,608,246,608,245,608,245,608,243,608,242,608,242,608,240,608,238,608,238,608,237,608,235,608,235,608,234,608,232,608,232,608,230,608,229,608,229,608,227,609,226,612,225,615,226,617,227,618,228,621,229,626,229,626,229,630,229,630,119,630,10,386,10
612,63,609,63,608,62,608,60,608,60,608,59,608,57,608,57,608,55,608,54,608,54,608,52,608,50,608,50,608,49,608,47,608,47,608,46,606,45,603,44,599,44,599,44,595,44,592,45,590,46,589,47,586,47,583,48,581,49,583,50,586,50,589,51,590,52,590,54,590,54,590,55,590,57,590,57,590,59,590,60,590,60,590,62,590,63,590,63,590,65,592,66,595,67,599,67,599,67,603,67,608,67,608,67,612,67,615,66,617,65,615,64,612,63
612,99,609,99,608,97,606,96,603,96,600,96,599,97,599,99,599,99,599,101,599,102,599,102,599,104,600,105,603,106,606,106,608,107,608,109,608,109,608,110,609,112,612,112,615,112,617,110,617,109,617,109,617,107,617,106,617,106,617,104,617,102,617,102,617,101,615,100,612,99
603,119,599,119,599,119,595,119,592,119,590,120,590,122,590,122,590,123,592,124,595,125,599,125,599,125,603,125,606,124,608,123,608,122,608,122,608,120,606,119,603,119
595,80,592,80,590,81,590,83,590,83,590,85,592,86,595,86,598,86,599,85,599,83,599,83,599,81,598,80,595,80
595,89,592,90,590,91,592,92,595,93,598,92,599,91,598,90,595,89
586,193,583,192,581,191,581,190,581,190,581,188,580,187,577,187,574,186,572,185,574,184,577,183,580,183,581,182,581,180,581,180,581,178,580,177,577,177,574,176,572,175,572,174,572,174,572,172,572,170,572,170,572,169,572,167,572,167,572,165,571,164,568,164,564,164,564,164,559,164,556,163,555,162,553,161,550,161,546,161,546,161,541,161,538,161,537,162,537,164,537,164,537,165,538,167,541,167,544,168,546,169,547,170,550,170,553,171,555,172,555,174,555,174,555,175,556,176,559,177,562,177,564,178,564,180,564,180,564,182,564,183,564,183,564,185,564,187,564,187,564,188,565,189,568,190,571,190,572,191,572,193,572,193,572,195,574,196,577,196,580,197,581,198,583,199,586,200,589,199,590,198,590,196,590,196,590,195,589,194,586,193
541,138,537,138,537,138,533,138,530,138,528,140,530,141,533,141,536,142,537,143,536,144,533,144,530,145,528,146,528,148,528,148,528,149,527,150,524,151,519,151,519,151,515,151,512,151,510,153,510,154,510,154,510,156,512,157,515,157,518,158,519,159,521,160,524,161,527,160,528,159,530,158,533,157,536,157,537,156,537,154,537,154,537,153,537,151,537,151,537,149,538,148,541,148,544,147,546,146,546,144,546,144,546,143,546,141,546,141,546,140,544,138,541,138
515,115,512,116,510,117,510,119,506,119,503,119,502,120,503,121,506,122,509,121,510,120,510,119,515,119,518,118,519,117,518,116,515,115
515,439,512,440,510,441,510,442,510,442,510,444,512,445,515,446,518,445,519,444,519,442,519,442,519,441,518,440,515,439
462,128,459,129,457,130,459,131,462,131,465,131,466,130,465,129,462,128
453,119,450,119,448,120,450,121,453,122,456,121,457,120,456,119,453,119
444,80,441,80,440,81,441,82,444,83,447,82,448,81,447,80,444,80
444,93,441,93,440,94,440,96,440,96,440,97,440,99,440,99,440,101,440,102,440,102,440,104,438,105,435,106,432,106,431,107,432,108,435,109,440,109,440,109,444,109,447,108,448,107,448,106,448,106,448,104,448,102,448,102,448,101,448,99,448,99,448,97,448,96,448,96,448,94,447,93,444,93
426,63,423,64,422,65,422,67,422,67,422,68,423,69,426,70,429,69,431,68,431,67,431,67,431,65,429,64,426,63
417,102,414,103,413,104,414,105,417,106,420,105,422,104,420,103,417,102
417,433,414,432,413,431,412,430,409,430,406,430,404,431,403,432,400,433,397,433,395,434,395,436,395,436,395,438,395,439,395,439,395,441,397,442,400,442,403,442,404,441,406,440,409,439,412,439,413,438,414,437,417,436,420,435,422,434,420,433,417,433
382,261,379,262,378,263,378,264,378,264,378,266,378,268,378,268,378,269,376,270,373,271,370,271,369,272,370,273,373,274,376,275,378,276,378,277,378,277,378,279,379,280,382,280,385,280,386,279,386,277,386,277,386,276,386,274,386,274,386,272,386,271,386,271,386,269,386,268,386,268,386,266,386,264,386,264,386,263,385,262,382,261
382,426,378,426,378,426,373,426,370,427,369,428,370,429,373,430,378,430,378,430,382,430,385,429,386,428,385,427,382,426
364,21,361,22,360,23,360,25,355,25,352,25,351,26,352,27,355,28,358,27,360,26,360,25,364,25,367,24,369,23,367,22,364,21
329,38,326,38,324,39,326,40,329,41,332,40,333,39,332,38,329,38
267,138,264,138,262,140,264,141,267,141,270,141,271,140,270,138,267,138
249,28,246,28,245,29,245,31,245,31,245,33,246,34,249,34,252,34,254,33,254,31,254,31,254,29,252,28,249,28
231,12,228,12,227,13,228,14,231,15,234,14,236,13,234,12,231,12
161,15,158,15,156,16,158,18,161,18,164,18,165,16,164,15,161,15
143,306,140,306,138,305,137,304,134,303,130,303,130,303,125,303,122,304,121,305,121,306,121,306,121,308,122,309,125,310,130,310,130,310,134,310,138,310,138,310,143,310,146,309,147,308,146,307,143,306
63,18,60,19,59,20,60,21,63,21,66,21,68,20,66,19,63,18
63,25,60,25,59,26,60,27,63,28,66,27,68,26,66,25,63,25
63,423,60,424,59,425,60,426,63,426,66,426,68,425,66,424,63,423
360,10,361,11,364,12,369,12,369,12,373,12,376,11,378,10,360,10
267,15,264,15,262,16,262,18,267,18,270,18,271,16,270,15,267,15
