10,225,13,226,14,227,13,228,10,229,10,349,10,470,519,470,521,469,524,468,527,469,528,470,579,470,630,470,630,240,630,10,320,10,10,10,10,225
621,112,618,113,617,114,615,115,612,115,609,116,608,117,606,118,603,119,600,119,599,120,599,122,595,122,592,122,590,123,589,124,586,125,583,126,581,127,581,128,577,128,574,129,572,130,572,131,572,131,572,133,574,134,577,135,580,134,581,133,581,131,581,131,581,130,581,128,586,128,590,128,590,128,595,128,599,128,599,130,600,131,603,131,606,131,608,130,608,128,612,128,615,128,617,127,615,126,612,125,609,126,608,127,608,128,603,128,599,128,599,127,599,125,599,125,599,123,599,122,603,122,608,122,608,122,612,122,615,121,617,120,618,119,621,119,624,118,626,117,626,115,626,115,626,114,624,113,621,112
559,109,556,109,555,110,556,112,559,112,562,112,564,110,562,109,559,109
559,128,556,129,555,130,555,131,550,131,547,132,546,133,546,135,546,135,546,136,547,137,550,138,553,137,555,136,555,135,555,135,555,133,555,131,559,131,562,131,564,130,562,129,559,128
524,57,521,58,519,59,521,60,524,60,527,60,528,59,527,58,524,57
515,115,512,115,510,114,510,112,510,112,510,110,509,109,506,109,503,108,502,107,502,106,502,106,502,104,500,103,497,102,494,103,493,104,493,106,493,106,493,107,493,109,493,109,493,110,491,111,488,112,485,113,484,114,485,115,488,115,493,115,493,115,497,115,500,116,502,117,502,119,502,119,502,120,503,121,506,122,510,122,510,122,515,122,518,121,519,120,519,119,519,119,519,117,518,116,515,115
515,242,512,241,510,240,509,239,506,238,503,239,502,240,502,242,502,242,502,243,503,244,506,245,510,245,510,245,515,245,518,244,519,243,518,242,515,242
488,18,485,18,484,16,482,15,479,15,476,15,475,16,475,18,475,18,475,20,476,21,479,21,484,21,484,21,488,21,491,21,493,20,491,19,488,18
444,93,441,93,440,94,440,96,435,96,432,96,431,97,431,99,431,99,431,101,431,102,431,102,431,104,431,106,431,106,431,107,431,109,431,109,431,110,432,112,435,112,438,112,440,110,440,109,440,109,440,107,440,106,440,106,440,104,440,102,440,102,440,101,440,99,440,99,440,97,440,96,444,96,447,95,448,94,447,93,444,93
426,70,423,70,422,72,422,73,417,73,414,74,413,75,414,76,417,76,420,76,422,75,422,73,426,73,429,73,431,72,429,70,426,70
426,80,422,80,422,80,417,80,414,80,413,81,413,83,413,83,413,85,414,86,417,86,422,86,422,88,422,89,422,89,422,91,423,92,426,93,429,92,431,91,431,89,431,89,431,88,429,87,426,86,422,86,422,85,423,83,426,83,429,82,431,81,429,80,426,80
417,99,414,100,413,101,413,102,409,102,406,103,404,104,404,106,400,106,397,106,395,107,395,109,391,109,388,109,386,110,386,112,382,112,379,113,378,114,379,115,382,115,385,115,386,114,386,112,391,112,394,112,395,110,395,109,400,109,403,108,404,107,404,106,409,106,412,105,413,104,413,102,417,102,420,102,422,101,420,100,417,99
417,452,414,452,413,451,412,449,409,449,404,449,404,449,400,449,395,449,395,449,391,449,386,449,386,449,382,449,378,449,378,449,373,449,369,449,369,449,364,449,361,448,360,447,358,446,355,446,352,445,351,444,350,443,347,442,342,442,342,442,338,442,335,442,333,441,332,440,329,439,326,439,324,438,323,437,320,436,316,436,316,436,311,436,307,436,307,436,302,436,299,435,298,434,296,433,293,433,290,432,289,431,288,430,285,430,280,430,280,430,276,430,273,429,271,428,270,427,267,426,264,426,262,425,261,424,258,423,254,423,254,423,249,423,246,422,245,421,243,420,240,420,237,419,236,418,236,417,236,417,236,415,234,414,231,413,227,413,227,413,223,413,218,413,218,413,214,413,209,413,209,413,205,413,202,413,200,412,199,411,196,410,193,410,192,408,192,407,192,407,192,405,190,404,187,404,183,404,183,404,178,404,175,404,174,405,174,407,174,407,174,408,175,410,178,410,181,411,183,412,183,413,183,413,183,415,184,416,187,417,190,417,192,418,192,420,192,420,192,421,193,422,196,423,200,423,200,423,205,423,208,424,209,425,211,426,214,426,218,426,218,426,223,426,227,426,227,426,231,426,234,427,236,428,237,429,240,430,243,430,245,431,245,433,245,433,245,434,246,435,249,436,254,436,254,436,258,436,262,436,262,436,267,436,270,437,271,438,273,439,276,439,280,439,280,439,285,439,288,440,289,441,290,442,293,442,296,443,298,444,299,445,302,446,305,446,307,447,308,448,311,449,316,449,316,449,320,449,323,449,324,451,326,452,329,452,333,452,333,452,338,452,342,452,342,452,347,452,350,453,351,454,352,455,355,455,360,455,360,455,364,455,369,455,369,455,373,455,378,455,378,455,382,455,386,455,386,455,391,455,395,455,395,455,400,455,403,456,404,457,403,458,400,459,397,459,395,460,395,462,395,462,395,464,394,465,391,465,388,466,386,467,388,468,391,468,395,468,395,468,400,468,403,468,404,467,406,466,409,465,412,465,413,464,413,462,413,462,413,460,414,459,417,459,420,458,422,457,422,455,422,455,422,454,420,453,417,452
400,73,397,74,395,75,397,76,400,76,403,76,404,75,403,74,400,73
400,128,395,128,395,127,394,126,391,125,386,125,386,123,386,122,391,122,394,121,395,120,394,119,391,119,388,119,386,120,386,122,382,122,379,122,378,123,379,124,382,125,386,125,386,127,388,128,391,128,395,128,395,130,397,131,400,131,403,131,404,130,403,129,400,128
373,141,370,142,369,143,370,144,373,144,376,144,378,143,376,142,373,141
338,21,335,22,333,23,333,25,333,25,333,26,335,27,338,28,341,27,342,26,342,25,342,25,342,23,341,22,338,21
338,73,333,73,333,72,332,70,329,70,326,70,324,72,326,73,329,73,333,73,333,75,335,76,338,76,341,76,342,75,341,74,338,73
311,128,308,129,307,130,308,131,311,131,314,131,316,130,314,129,311,128
293,44,289,44,289,44,285,44,282,45,280,46,280,47,280,47,280,49,282,50,285,50,289,50,289,50,293,50,296,50,298,49,298,47,298,47,298,46,296,45,293,44
267,34,262,34,262,34,258,34,255,35,254,36,254,38,254,38,254,39,255,40,258,41,261,40,262,39,264,38,267,38,270,37,271,36,270,35,267,34
258,112,254,112,254,112,249,112,245,112,245,112,240,112,237,113,236,114,237,115,240,115,245,115,245,115,249,115,252,116,254,117,255,118,258,119,261,118,262,117,262,115,262,115,262,114,261,113,258,112
231,99,228,99,227,97,226,96,223,96,220,96,218,97,217,99,214,99,211,100,209,101,209,102,209,102,209,104,209,106,209,106,209,107,211,108,214,109,218,109,218,109,223,109,226,108,227,107,228,106,231,106,234,105,236,104,236,102,236,102,236,101,234,100,231,99
196,96,193,96,192,97,193,99,196,99,199,99,200,97,199,96,196,96
187,381,183,381,183,381,178,381,175,380,174,379,172,378,169,378,166,377,165,376,165,374,165,374,165,373,165,371,165,371,165,370,164,368,161,368,158,367,156,366,155,365,152,365,149,364,147,363,147,361,147,361,147,360,147,358,147,358,147,357,146,356,143,355,138,355,138,355,134,355,131,356,130,357,130,358,130,358,130,360,130,361,130,361,130,363,131,364,134,365,137,365,138,366,140,367,143,368,146,369,147,370,147,371,147,371,147,373,146,374,143,374,140,375,138,376,140,377,143,378,146,378,147,379,149,380,152,381,155,381,156,383,158,384,161,384,165,384,165,384,169,384,174,384,174,384,178,384,183,384,183,384,187,384,190,384,192,383,190,381,187,381
187,391,183,391,183,391,178,391,175,391,174,392,175,393,178,394,181,394,183,395,184,397,187,397,190,397,192,395,192,394,192,394,192,392,190,391,187,391
178,96,175,96,174,97,174,99,174,99,174,101,175,102,178,102,181,102,183,101,183,99,183,99,183,97,181,96,178,96
152,112,149,111,147,110,147,109,147,109,147,107,147,106,147,106,147,104,147,102,147,102,147,101,147,99,147,99,147,97,147,96,147,96,147,94,147,93,147,93,147,91,147,89,147,89,147,88,147,86,147,86,147,85,147,83,147,83,147,81,147,80,147,80,147,78,147,76,147,76,147,75,147,73,147,73,147,72,147,70,147,70,147,68,146,67,143,67,140,67,138,68,138,70,138,70,138,72,138,73,138,73,138,75,137,76,134,76,131,77,130,78,130,80,130,80,130,81,130,83,130,83,130,85,130,86,130,86,130,88,130,89,130,89,130,91,130,93,130,93,130,94,130,96,130,96,130,97,130,99,130,99,130,101,130,102,130,102,130,104,131,105,134,106,137,106,138,107,138,109,138,109,138,110,138,112,138,112,138,114,138,115,138,115,138,117,138,119,138,119,138,120,140,121,143,122,146,122,147,123,147,125,147,125,147,127,149,128,152,128,155,128,156,127,156,125,156,125,156,123,156,122,156,122,156,120,156,119,156,119,156,117,156,115,156,115,156,114,155,113,152,112
45,238,41,238,41,237,40,236,37,235,34,235,32,234,31,232,28,232,25,232,23,234,23,235,23,235,23,237,25,238,28,238,32,238,32,238,37,238,41,238,41,240,42,241,45,242,48,241,50,240,48,239,45,238
