546,10,546,12,546,12,546,13,546,15,546,15,546,16,544,18,541,18,538,18,537,16,537,15,537,15,537,13,536,12,533,12,530,12,528,13,528,15,528,15,528,16,528,18,528,18,528,20,527,21,524,21,521,22,519,23,518,24,515,25,512,24,510,23,510,21,510,21,510,20,509,19,506,18,503,18,502,16,500,15,497,15,493,15,493,15,488,15,485,15,484,16,482,18,479,18,476,19,475,20,474,21,471,21,466,21,466,21,462,21,459,22,457,23,456,24,453,25,448,25,448,25,444,25,441,25,440,26,438,27,435,28,432,27,431,26,431,25,431,25,431,23,432,22,435,21,438,21,440,20,438,19,435,18,431,18,431,18,426,18,422,18,422,18,417,18,414,19,413,20,412,21,409,21,404,21,404,21,400,21,395,21,395,21,391,21,388,22,386,23,385,24,382,25,378,25,378,25,373,25,370,25,369,26,367,27,364,28,361,28,360,29,360,31,360,31,360,33,360,34,360,34,360,36,360,38,360,38,360,39,360,41,360,41,360,42,358,43,355,44,352,43,351,42,351,41,351,41,351,39,351,38,351,38,351,36,351,34,351,34,351,33,351,31,351,31,351,29,351,28,351,28,351,26,350,25,347,25,344,24,342,23,341,22,338,21,335,22,333,23,333,25,333,25,333,26,333,28,333,28,333,29,332,31,329,31,326,32,324,33,323,34,320,34,317,35,316,36,314,37,311,38,307,38,307,38,302,38,298,38,298,38,293,38,289,38,289,39,289,41,289,41,289,42,289,44,289,44,289,46,288,47,285,47,282,47,280,46,280,44,280,44,280,42,280,41,280,41,280,39,282,38,285,38,289,38,289,36,288,35,285,34,280,34,280,34,276,34,273,34,271,33,270,32,267,31,264,32,262,33,262,34,262,34,262,36,261,37,258,38,255,37,254,36,252,35,249,34,246,35,245,36,245,38,245,38,245,39,245,41,245,41,245,42,245,44,245,44,245,46,243,47,240,47,237,47,236,46,236,44,236,44,236,42,234,41,231,41,227,41,227,41,223,41,220,40,218,39,217,38,214,38,211,37,209,36,208,35,205,34,202,34,200,33,200,31,200,31,200,29,200,28,200,28,200,26,199,25,196,25,193,24,192,23,192,21,192,21,192,20,190,19,187,18,184,18,183,16,183,15,183,15,183,13,181,12,178,12,175,11,174,10,92,10,10,10,10,240,10,470,386,470,386,468,386,468,386,467,386,465,386,465,386,464,386,462,386,462,386,460,386,459,386,459,386,457,386,455,386,455,386,454,386,452,386,452,386,451,386,449,386,449,386,447,386,446,386,446,386,444,388,443,391,442,394,443,395,444,395,446,395,446,395,447,395,449,395,449,395,451,395,452,395,452,395,454,397,455,400,455,403,456,404,457,406,458,409,459,412,459,413,460,414,461,417,462,420,462,422,464,420,465,417,465,414,466,413,467,413,468,413,468,413,470,608,470,608,468,608,468,608,467,608,465,608,465,608,464,609,462,612,462,615,461,617,460,617,459,617,459,617,457,618,456,621,455,624,456,626,457,626,459,626,459,626,460,626,462,626,462,626,464,624,465,621,465,618,466,617,467,617,468,617,468,617,470,623,470,630,470,630,248,627,248,626,246,626,245,626,245,626,243,626,242,626,242,626,240,627,239,630,238,630,124,630,10,546,10
603,141,600,142,599,143,598,144,595,144,592,145,590,146,589,147,586,148,581,148,581,148,577,148,574,148,572,149,571,150,568,151,565,151,564,153,565,154,568,154,572,154,572,154,577,154,581,154,581,154,586,154,589,154,590,153,592,151,595,151,598,150,599,149,600,148,603,148,606,147,608,146,608,144,608,144,608,143,606,142,603,141
577,135,574,135,572,136,574,137,577,138,580,137,581,136,580,135,577,135
568,34,565,35,564,36,565,37,568,38,571,37,572,36,571,35,568,34
568,128,565,129,564,130,564,131,559,131,556,132,555,133,555,135,555,135,555,136,556,137,559,138,562,137,564,136,564,135,564,135,564,133,564,131,568,131,571,131,572,130,571,129,568,128
550,151,546,151,546,149,546,148,546,148,546,146,546,144,546,144,546,143,546,141,546,141,546,140,544,138,541,138,537,138,537,138,533,138,530,138,528,140,527,141,524,141,521,141,519,140,518,138,515,138,512,138,510,140,510,141,510,141,510,143,512,144,515,144,518,145,519,146,519,148,519,148,519,149,521,150,524,151,527,150,528,149,530,148,533,148,536,148,537,149,538,150,541,151,546,151,546,153,547,154,550,154,553,154,555,153,553,151,550,151
488,44,485,45,484,46,485,47,488,47,491,47,493,46,491,45,488,44
444,89,441,90,440,91,440,93,440,93,440,94,441,95,444,96,447,95,448,94,448,93,448,93,448,91,447,90,444,89
444,365,440,365,440,365,435,365,431,365,431,365,426,365,422,365,422,365,417,365,414,365,413,366,412,367,409,368,404,368,404,368,400,368,395,368,395,368,391,368,386,368,386,368,382,368,379,368,378,370,378,371,378,371,378,373,379,374,382,374,386,374,386,374,391,374,394,374,395,373,397,372,400,371,404,371,404,371,409,371,412,372,413,373,414,374,417,374,422,374,422,374,426,374,431,374,431,374,435,374,438,374,440,373,441,372,444,371,447,371,448,370,448,368,448,368,448,366,447,365,444,365
435,83,431,83,431,81,431,80,431,80,431,78,429,77,426,76,422,76,422,76,417,76,413,76,413,75,412,74,409,73,406,73,404,72,404,70,404,70,404,68,403,67,400,67,395,67,395,67,391,67,388,67,386,68,386,70,386,70,386,72,388,73,391,73,394,74,395,75,397,76,400,76,404,76,404,76,409,76,413,76,413,78,414,79,417,80,420,80,422,81,423,82,426,83,431,83,431,85,432,86,435,86,438,86,440,85,438,83,435,83
435,225,432,226,431,227,429,228,426,229,423,229,422,230,423,231,426,232,431,232,431,232,435,232,438,231,440,230,440,229,440,229,440,227,438,226,435,225
426,63,423,64,422,65,423,66,426,67,429,66,431,65,429,64,426,63
426,209,422,209,422,208,420,207,417,206,413,206,413,206,409,206,406,207,404,208,406,209,409,209,413,209,413,209,417,209,422,209,422,211,423,212,426,212,429,212,431,211,429,210,426,209
417,102,414,103,413,104,414,105,417,106,420,105,422,104,420,103,417,102
409,109,406,109,404,110,406,112,409,112,412,112,413,110,412,109,409,109
382,54,378,54,378,54,373,54,370,54,369,55,369,57,369,57,369,59,370,60,373,60,378,60,378,60,382,60,385,60,386,59,386,57,386,57,386,55,385,54,382,54
364,106,361,106,360,107,361,108,364,109,367,108,369,107,367,106,364,106
355,365,351,365,351,365,347,365,344,365,342,366,341,367,338,368,335,368,333,370,332,371,329,371,324,371,324,371,320,371,317,372,316,373,314,374,311,374,308,375,307,376,305,377,302,378,299,378,298,379,298,381,298,381,298,383,299,384,302,384,305,384,307,383,308,381,311,381,314,380,316,379,317,378,320,378,323,377,324,376,326,375,329,374,333,374,333,374,338,374,341,374,342,373,344,372,347,371,350,371,351,370,352,369,355,368,358,367,360,366,358,365,355,365
347,76,342,76,342,75,342,73,342,73,342,72,341,70,338,70,333,70,333,70,329,70,324,70,324,70,320,70,316,70,316,70,311,70,308,70,307,72,308,73,311,73,316,73,316,73,320,73,324,73,324,73,329,73,332,74,333,75,335,76,338,76,342,76,342,78,344,79,347,80,350,79,351,78,350,77,347,76
329,54,326,54,324,55,326,56,329,57,332,56,333,55,332,54,329,54
320,76,316,76,316,76,311,76,307,76,307,76,302,76,298,76,298,75,296,74,293,73,290,74,289,75,290,76,293,76,298,76,298,78,299,79,302,80,307,80,307,80,311,80,316,80,316,80,320,80,323,79,324,78,323,77,320,76
293,57,290,58,289,59,290,60,293,60,296,60,298,59,296,58,293,57
267,47,262,47,262,46,261,45,258,44,255,45,254,46,255,47,258,47,262,47,262,49,264,50,267,50,270,50,271,49,270,48,267,47
125,339,122,338,121,337,121,336,121,336,121,334,119,333,116,332,113,332,112,331,110,330,107,329,104,330,103,331,103,332,103,332,103,334,103,336,103,336,103,337,103,339,103,339,103,340,104,342,107,342,110,343,112,344,112,345,112,345,112,347,113,348,116,349,121,349,121,349,125,349,128,348,130,347,130,345,130,345,130,344,130,342,130,342,130,340,128,339,125,339
369,10,369,12,373,12,376,11,378,10,369,10
364,12,361,12,360,13,361,14,364,15,367,14,369,13,369,12,364,12
338,15,335,15,333,16,335,18,338,18,341,18,342,16,341,15,338,15
