10,225,13,226,14,227,13,228,10,229,10,349,10,470,320,470,630,470,630,240,630,10,320,10,10,10,10,225
621,109,618,109,617,110,618,112,621,112,624,112,626,110,624,109,621,109
621,115,617,115,617,115,612,115,609,116,608,117,606,118,603,119,600,119,599,120,598,121,595,122,592,122,590,123,589,124,586,125,583,126,581,127,580,128,577,128,574,129,572,130,572,131,572,131,572,133,572,135,568,135,564,135,564,133,564,131,564,131,564,130,562,129,559,128,556,129,555,130,555,131,555,131,555,133,555,135,550,135,547,135,546,136,547,137,550,138,553,137,555,136,555,135,559,135,564,135,564,136,565,137,568,138,571,137,572,136,572,135,577,135,580,134,581,133,583,132,586,131,590,131,590,131,595,131,599,131,599,131,603,131,606,131,608,130,609,129,612,128,615,128,617,127,618,126,621,125,624,124,626,123,624,122,621,122,618,121,617,120,618,119,621,119,624,118,626,117,624,116,621,115
603,106,599,106,599,106,595,106,590,106,590,106,586,106,581,106,581,106,577,106,574,106,572,107,572,109,572,109,572,110,574,112,577,112,580,112,581,110,583,109,586,109,590,109,590,109,595,109,598,109,599,110,600,112,603,112,606,112,608,110,608,109,608,109,608,107,606,106,603,106
559,109,556,109,555,110,553,111,550,112,547,113,546,114,544,115,541,115,538,116,537,117,538,118,541,119,546,119,546,119,550,119,553,118,555,117,556,116,559,115,562,115,564,114,564,112,564,112,564,110,562,109,559,109
515,31,512,32,510,33,512,34,515,34,518,34,519,33,518,32,515,31
515,115,510,115,510,114,510,112,510,112,510,110,510,109,510,109,510,107,509,106,506,106,503,105,502,104,502,102,502,102,502,101,502,99,502,99,502,97,500,96,497,96,494,96,493,97,491,99,488,99,485,100,484,101,484,102,484,102,484,104,484,106,484,106,484,107,484,109,484,109,484,110,484,112,484,112,484,114,485,115,488,115,493,115,493,115,497,115,502,115,502,115,506,115,510,115,510,117,512,118,515,119,518,118,519,117,518,116,515,115
515,238,510,238,510,238,506,238,502,238,502,238,497,238,494,239,493,240,494,241,497,242,502,242,502,242,506,242,510,242,510,242,515,242,518,241,519,240,518,239,515,238
497,21,493,21,493,20,491,19,488,18,485,18,484,16,482,15,479,15,476,15,475,16,475,18,475,18,475,20,476,21,479,21,484,21,484,21,488,21,493,21,493,23,494,24,497,25,500,24,502,23,500,22,497,21
453,106,450,106,448,107,450,108,453,109,456,108,457,107,456,106,453,106
444,93,441,93,440,94,440,96,435,96,431,96,431,94,431,93,431,93,431,91,431,89,431,89,431,88,429,87,426,86,422,86,422,85,423,83,426,83,429,82,431,81,429,80,426,80,422,80,422,80,417,80,414,80,413,81,413,83,413,83,413,85,414,86,417,86,422,86,422,88,422,89,422,89,422,91,422,93,422,93,422,94,423,95,426,96,431,96,431,97,431,99,431,99,431,101,431,102,431,102,431,104,431,106,431,106,431,107,431,109,431,109,431,110,432,112,435,112,438,112,440,110,440,109,440,109,440,107,440,106,440,106,440,104,440,102,440,102,440,101,440,99,440,99,440,97,440,96,444,96,447,95,448,94,447,93,444,93
435,60,432,61,431,62,431,63,426,63,423,64,422,65,422,67,422,67,422,68,422,70,422,70,422,72,422,73,417,73,414,74,413,75,414,76,417,76,420,76,422,75,422,73,426,73,429,73,431,72,431,70,431,70,431,68,431,67,431,67,431,65,431,63,435,63,438,63,440,62,438,61,435,60
435,452,432,452,431,451,429,449,426,449,422,449,422,449,417,449,413,449,413,449,409,449,404,449,404,449,400,449,395,449,395,449,391,449,386,449,386,449,382,449,378,449,378,449,373,449,370,448,369,447,367,446,364,446,361,445,360,444,358,443,355,442,351,442,351,442,347,442,344,442,342,441,341,440,338,439,335,439,333,438,332,437,329,436,324,436,324,436,320,436,317,435,316,434,314,433,311,433,307,433,307,433,302,433,299,432,298,431,296,430,293,430,289,430,289,430,285,430,282,429,280,428,279,427,276,426,271,426,271,426,267,426,264,426,262,425,261,424,258,423,255,422,254,421,252,420,249,420,246,419,245,418,243,417,240,417,237,416,236,415,234,414,231,413,227,413,227,413,223,413,218,413,218,413,214,413,209,413,209,413,205,413,202,413,200,412,200,410,200,410,200,408,200,407,200,407,200,405,199,404,196,404,192,404,192,404,187,404,183,404,183,404,178,404,175,404,174,405,174,407,174,407,174,408,175,410,178,410,181,411,183,412,184,413,187,413,190,414,192,415,192,417,192,417,192,418,193,419,196,420,199,420,200,421,202,422,205,423,208,424,209,425,211,426,214,426,218,426,218,426,223,426,227,426,227,426,231,426,236,426,236,426,240,426,243,427,245,428,245,430,245,430,245,431,246,432,249,433,252,433,254,434,255,435,258,436,262,436,262,436,267,436,271,436,271,436,276,436,280,436,280,436,285,436,288,437,289,438,290,439,293,439,298,439,298,439,302,439,305,440,307,441,308,442,311,442,314,443,316,444,316,446,316,446,316,447,317,448,320,449,323,449,324,451,326,452,329,452,333,452,333,452,338,452,342,452,342,452,347,452,351,452,351,452,355,452,358,453,360,454,361,455,364,455,369,455,369,455,373,455,378,455,378,455,382,455,386,455,386,455,391,455,395,455,395,455,400,455,403,456,404,457,404,459,404,459,404,460,404,462,404,462,404,464,406,465,409,465,412,465,413,464,414,462,417,462,420,461,422,460,423,459,426,459,429,458,431,457,432,456,435,455,438,455,440,454,438,453,435,452
417,99,414,100,413,101,413,102,409,102,406,103,404,104,403,105,400,106,397,105,395,104,394,103,391,102,388,103,386,104,385,105,382,106,379,106,378,107,378,109,378,109,378,110,378,112,378,112,378,114,379,115,382,115,386,115,386,117,386,119,386,119,386,120,386,122,382,122,379,122,378,123,379,124,382,125,386,125,386,127,388,128,391,128,394,129,395,130,397,131,400,131,403,131,404,130,404,128,404,128,404,127,403,126,400,125,395,125,395,125,391,125,386,125,386,123,386,122,391,122,394,121,395,120,395,119,395,119,395,117,394,116,391,115,386,115,386,114,388,113,391,112,394,112,395,110,397,109,400,109,404,109,404,109,409,109,412,108,413,107,413,106,413,106,413,104,413,102,417,102,420,102,422,101,420,100,417,99
400,73,397,74,395,75,397,76,400,76,403,76,404,75,403,74,400,73
373,141,370,142,369,143,370,144,373,144,376,144,378,143,376,142,373,141
364,54,360,54,360,54,355,54,352,54,351,55,352,56,355,57,360,57,360,57,364,57,367,56,369,55,367,54,364,54
355,109,352,109,351,110,352,112,355,112,358,112,360,110,358,109,355,109
338,18,335,19,333,20,333,21,333,21,333,23,333,25,333,25,333,26,333,28,333,28,333,29,333,31,333,31,333,33,335,34,338,34,341,34,342,33,342,31,342,31,342,29,342,28,342,28,342,26,342,25,342,25,342,23,342,21,342,21,342,20,341,19,338,18
329,70,324,70,324,70,320,70,317,70,316,72,317,73,320,73,324,73,324,73,329,73,332,73,333,72,332,70,329,70
311,125,308,126,307,127,307,128,307,128,307,130,308,131,311,131,314,131,316,130,316,128,316,128,316,127,314,126,311,125
293,44,289,44,289,44,285,44,282,45,280,46,280,47,280,47,280,49,282,50,285,50,288,50,289,49,290,48,293,47,296,47,298,46,296,45,293,44
267,34,262,34,262,34,258,34,255,35,254,36,254,38,254,38,254,39,255,40,258,41,261,40,262,39,264,38,267,38,270,37,271,36,270,35,267,34
267,106,262,106,262,106,258,106,255,106,254,107,252,108,249,109,246,109,245,110,245,112,245,112,245,114,246,115,249,115,252,116,254,117,255,118,258,119,262,119,262,119,267,119,270,118,271,117,271,115,271,115,271,114,271,112,271,112,271,110,271,109,271,109,271,107,270,106,267,106
231,96,227,96,227,96,223,96,220,96,218,97,218,99,218,99,218,101,220,102,223,102,227,102,227,102,231,102,234,102,236,101,236,99,236,99,236,97,234,96,231,96
196,391,192,391,192,391,187,391,183,391,183,391,178,391,175,391,174,392,175,393,178,394,181,394,183,395,184,397,187,397,192,397,192,397,196,397,199,397,200,395,200,394,200,394,200,392,199,391,196,391
178,378,175,377,174,376,172,375,169,374,166,374,165,373,165,371,165,371,165,370,164,368,161,368,158,367,156,366,155,365,152,365,147,365,147,365,143,365,140,365,138,366,140,367,143,368,146,369,147,370,147,371,147,371,147,373,146,374,143,374,138,374,138,374,134,374,131,375,130,376,131,377,134,378,138,378,138,378,143,378,146,378,147,379,147,381,147,381,147,383,149,384,152,384,156,384,156,384,161,384,165,384,165,384,169,384,174,384,174,384,178,384,181,384,183,383,183,381,183,381,183,379,181,378,178,378
152,112,149,111,147,110,147,109,147,109,147,107,147,106,147,106,147,104,147,102,147,102,147,101,147,99,147,99,147,97,147,96,147,96,147,94,147,93,147,93,147,91,147,89,147,89,147,88,147,86,147,86,147,85,147,83,147,83,147,81,147,80,147,80,147,78,147,76,147,76,147,75,147,73,147,73,147,72,147,70,147,70,147,68,146,67,143,67,140,67,138,68,138,70,138,70,138,72,138,73,138,73,138,75,138,76,138,76,138,78,137,79,134,80,131,80,130,81,130,83,130,83,130,85,130,86,130,86,130,88,131,89,134,89,137,90,138,91,138,93,138,93,138,94,138,96,138,96,138,97,138,99,138,99,138,101,138,102,138,102,138,104,138,106,138,106,138,107,138,109,138,109,138,110,138,112,138,112,138,114,138,115,138,115,138,117,140,118,143,119,146,119,147,120,147,122,147,122,147,123,149,124,152,125,155,124,156,123,156,122,156,122,156,120,156,119,156,119,156,117,156,115,156,115,156,114,155,113,152,112
143,355,138,355,138,355,134,355,131,356,130,357,131,358,134,358,138,358,138,358,143,358,146,358,147,357,146,356,143,355
45,238,41,238,41,237,40,236,37,235,32,235,32,234,31,232,28,232,25,232,23,234,25,235,28,235,32,235,32,237,34,238,37,238,41,238,41,240,42,241,45,242,48,241,50,240,48,239,45,238
