546,10,546,12,546,12,546,13,546,15,546,15,546,16,547,18,550,18,553,19,555,20,555,21,555,21,555,23,555,25,555,25,555,26,555,28,555,28,555,29,555,31,555,31,555,33,555,34,559,34,562,35,564,36,562,37,559,38,556,37,555,36,555,34,550,34,547,35,546,36,546,38,546,38,546,39,546,41,546,41,546,42,544,43,541,44,538,45,537,46,537,47,537,47,537,49,536,50,533,50,530,50,528,49,528,47,528,47,528,46,528,44,528,44,528,42,527,41,524,41,521,40,519,39,518,38,515,38,512,38,510,39,509,40,506,41,503,40,502,39,500,38,497,38,494,37,493,36,493,34,493,34,493,33,494,32,497,31,500,31,502,29,502,28,502,28,502,26,502,25,502,25,502,23,503,22,506,21,510,21,510,21,515,21,518,22,519,23,519,25,519,25,519,26,519,28,524,28,527,27,528,26,528,25,528,25,528,23,528,21,528,21,528,20,528,18,528,18,528,16,527,15,524,15,521,14,519,13,519,12,519,12,519,10,298,10,296,11,293,12,289,12,289,13,288,14,285,15,282,14,280,13,282,12,285,12,289,12,289,10,254,10,254,12,254,12,254,13,252,14,249,15,245,15,245,15,240,15,236,15,236,15,231,15,228,14,227,13,226,12,223,12,218,12,218,12,214,12,211,11,209,10,110,10,10,10,10,240,10,470,320,470,630,470,630,446,627,446,626,447,626,449,626,449,626,451,626,452,626,452,626,454,626,455,626,455,626,457,624,458,621,459,618,458,617,457,617,455,617,455,617,454,617,452,617,452,617,451,617,449,617,449,617,447,617,446,617,446,617,444,617,442,617,442,617,441,617,439,617,439,617,438,618,437,621,436,624,435,626,434,626,433,626,433,626,431,626,430,626,430,626,428,626,426,626,426,626,425,626,423,626,423,626,421,627,420,630,420,630,215,630,10,546,10
612,109,609,108,608,107,608,106,608,106,608,104,606,103,603,102,599,102,599,102,595,102,592,102,590,101,590,99,590,99,590,97,590,96,590,96,590,94,589,93,586,93,583,92,581,91,581,89,581,89,581,88,581,86,581,86,581,85,580,83,577,83,572,83,572,83,568,83,564,83,564,83,559,83,556,82,555,81,555,80,555,80,555,78,556,77,559,76,562,76,564,75,562,74,559,73,555,73,555,73,550,73,547,73,546,72,546,70,546,70,546,68,546,67,546,67,546,65,546,63,546,63,546,62,546,60,546,60,546,59,546,57,546,57,546,55,544,54,541,54,538,54,537,55,536,56,533,57,530,58,528,59,528,60,528,60,528,62,528,63,528,63,528,65,530,66,533,67,536,67,537,68,536,69,533,70,530,70,528,72,528,73,528,73,528,75,530,76,533,76,536,77,537,78,536,79,533,80,530,80,528,81,530,82,533,83,536,83,537,85,537,86,537,86,537,88,538,89,541,89,544,90,546,91,547,92,550,93,553,93,555,94,555,96,555,96,555,97,556,99,559,99,562,100,564,101,564,102,559,102,556,103,555,104,555,106,555,106,555,107,555,109,555,109,555,110,555,112,555,112,555,114,553,115,550,115,546,115,546,115,541,115,538,116,537,117,538,118,541,119,544,119,546,120,544,121,541,122,538,122,537,123,538,124,541,125,546,125,546,125,550,125,553,126,555,127,556,128,559,128,564,128,564,128,568,128,571,129,572,130,574,131,577,131,581,131,581,131,586,131,589,131,590,130,590,128,590,128,590,127,592,126,595,125,599,125,599,125,603,125,606,124,608,123,609,122,612,122,615,121,617,120,615,119,612,119,608,119,608,119,603,119,600,119,599,120,598,121,595,122,590,122,590,122,586,122,583,121,581,120,581,119,581,119,581,117,583,116,586,115,589,115,590,114,592,113,595,112,599,112,599,112,603,112,608,112,608,112,612,112,615,112,617,110,615,109,612,109
603,271,599,271,599,271,595,271,592,271,590,272,590,274,590,274,590,276,590,277,590,277,590,279,592,280,595,280,599,280,599,280,603,280,606,280,608,279,608,277,608,277,608,276,608,274,608,274,608,272,606,271,603,271
541,102,538,103,537,104,538,105,541,106,544,105,546,104,544,103,541,102
515,63,512,64,510,65,510,67,510,67,510,68,512,69,515,70,518,69,519,68,519,67,519,67,519,65,518,64,515,63
444,89,440,89,440,89,435,89,432,90,431,91,432,92,435,93,438,93,440,94,441,95,444,96,447,95,448,94,448,93,448,93,448,91,447,90,444,89
444,128,441,129,440,130,441,131,444,131,447,131,448,130,447,129,444,128
444,329,440,329,440,329,435,329,432,329,431,327,431,326,431,326,431,324,431,323,431,323,431,321,432,320,435,319,438,319,440,318,440,316,440,316,440,315,438,313,435,313,432,313,431,315,429,316,426,316,423,317,422,318,420,319,417,319,414,320,413,321,413,323,413,323,413,324,413,326,413,326,413,327,414,329,417,329,420,330,422,331,422,332,422,332,422,334,422,336,422,336,422,337,423,338,426,339,429,339,431,340,431,342,431,342,431,344,432,345,435,345,438,345,440,344,440,342,440,342,440,340,441,339,444,339,447,338,448,337,448,336,448,336,448,334,448,332,448,332,448,331,447,330,444,329
435,83,431,83,431,81,431,80,431,80,431,78,429,77,426,76,423,77,422,78,420,79,417,80,414,80,413,81,414,82,417,83,422,83,422,83,426,83,431,83,431,85,432,86,435,86,438,86,440,85,438,83,435,83
417,413,414,414,413,415,413,417,413,417,413,418,412,419,409,420,406,420,404,421,404,423,404,423,404,425,406,426,409,426,412,426,413,425,414,424,417,423,420,422,422,421,422,420,422,420,422,418,422,417,422,417,422,415,420,414,417,413
409,430,406,430,404,431,406,432,409,433,412,432,413,431,412,430,409,430
400,67,397,67,395,68,397,69,400,70,403,69,404,68,403,67,400,67
400,436,397,437,395,438,397,439,400,439,403,439,404,438,403,437,400,436
382,21,379,22,378,23,378,25,378,25,378,26,378,28,378,28,378,29,379,31,382,31,385,31,386,29,386,28,386,28,386,26,386,25,386,25,386,23,385,22,382,21
373,34,370,35,369,36,369,38,369,38,369,39,369,41,369,41,369,42,369,44,369,44,369,46,369,47,369,47,369,49,369,50,369,50,369,52,370,53,373,54,376,53,378,52,378,50,378,50,378,49,378,47,378,47,378,46,378,44,378,44,378,42,378,41,378,41,378,39,378,38,378,38,378,36,376,35,373,34
364,15,361,15,360,16,361,18,364,18,367,18,369,16,367,15,364,15
355,190,351,190,351,190,347,190,342,190,342,188,341,187,338,187,335,187,333,188,335,189,338,190,342,190,342,191,344,192,347,193,350,194,351,195,352,196,355,196,358,196,360,195,360,193,360,193,360,191,358,190,355,190
347,12,344,12,342,13,341,14,338,15,335,15,333,16,333,18,333,18,333,20,335,21,338,21,341,22,342,23,342,25,338,25,335,25,333,26,333,28,333,28,333,29,335,31,338,31,342,31,342,31,347,31,350,31,351,29,350,28,347,28,344,27,342,26,342,25,347,25,350,24,351,23,351,21,351,21,351,20,351,18,351,18,351,16,351,15,351,15,351,13,350,12,347,12
293,60,290,61,289,62,290,63,293,63,296,63,298,62,296,61,293,60
267,21,262,21,262,20,261,19,258,18,255,19,254,20,255,21,258,21,262,21,262,23,264,24,267,25,270,24,271,23,270,22,267,21
240,21,237,22,236,23,237,24,240,25,243,24,245,23,243,22,240,21
134,326,131,325,130,324,130,323,130,323,130,321,128,320,125,319,122,319,121,318,119,317,116,316,113,316,112,315,110,313,107,313,104,313,103,315,102,316,99,316,96,317,94,318,94,319,94,319,94,321,96,322,99,323,102,323,103,324,103,326,103,326,103,327,104,329,107,329,110,330,112,331,112,332,112,332,112,334,113,335,116,336,119,336,121,337,122,338,125,339,128,339,130,340,131,342,134,342,137,342,138,340,138,339,138,339,138,337,138,336,138,336,138,334,138,332,138,332,138,331,138,329,138,329,138,327,137,326,134,326
568,102,564,102,564,104,565,105,568,106,571,105,572,104,571,103,568,102
515,28,512,28,510,29,510,31,510,31,510,33,512,34,515,34,518,34,519,33,519,31,519,31,519,29,519,28,515,28
