555,10,556,11,559,12,562,12,564,13,564,15,564,15,564,16,565,18,568,18,571,19,572,20,572,21,572,21,572,23,574,24,577,25,580,25,581,26,583,27,586,28,589,28,590,29,590,31,590,31,590,33,590,34,590,34,590,36,590,38,590,38,590,39,589,40,586,41,581,41,581,42,580,43,577,44,574,43,572,42,572,41,568,41,565,40,564,39,565,38,568,38,571,38,572,39,572,41,577,41,581,41,581,39,581,38,581,38,581,36,580,35,577,34,574,34,572,33,571,32,568,31,565,31,564,29,562,28,559,28,556,27,555,26,555,25,555,25,555,23,555,21,555,21,555,20,553,19,550,18,547,18,546,16,546,15,546,15,546,13,546,12,546,12,546,10,278,10,10,10,10,313,14,313,14,313,19,313,23,313,23,313,28,313,31,313,32,315,32,316,32,316,32,318,32,319,32,319,32,321,31,322,28,323,25,323,23,324,23,326,23,326,23,327,22,329,19,329,16,330,14,331,13,332,10,332,10,401,10,470,103,470,104,469,107,468,112,468,112,468,116,468,121,468,121,468,125,468,128,469,130,470,484,470,484,468,484,468,484,467,485,466,488,465,491,466,493,467,494,468,497,468,500,469,502,470,510,470,512,469,515,468,518,469,519,470,575,470,630,470,630,240,630,10,555,10
621,86,618,87,617,88,618,89,621,89,624,89,626,88,624,87,621,86
603,86,600,87,599,88,600,89,603,89,606,89,608,88,606,87,603,86
603,109,600,108,599,107,599,106,599,106,599,104,598,103,595,102,592,102,590,101,590,99,590,99,590,97,589,96,586,96,583,96,581,97,581,99,581,99,581,101,581,102,581,102,581,104,581,106,581,106,581,107,581,109,581,109,581,110,581,112,581,112,581,114,583,115,586,115,589,115,590,114,592,113,595,112,599,112,599,112,603,112,606,112,608,110,606,109,603,109
595,57,592,56,590,55,590,54,590,54,590,52,590,50,590,50,590,49,589,48,586,47,583,48,581,49,580,50,577,50,574,50,572,49,571,48,568,47,564,47,564,47,559,47,556,47,555,46,553,45,550,44,546,44,546,44,541,44,538,45,537,46,537,47,537,47,537,49,538,50,541,50,544,51,546,52,544,53,541,54,538,54,537,55,537,57,537,57,537,59,537,60,537,60,537,62,536,63,533,63,530,64,528,65,530,66,533,67,536,67,537,68,538,69,541,70,546,70,546,70,550,70,553,70,555,72,556,73,559,73,562,73,564,72,565,70,568,70,572,70,572,70,577,70,580,69,581,68,581,67,586,67,589,66,590,65,592,64,595,63,598,63,599,62,599,60,599,60,599,59,598,58,595,57
586,76,581,76,581,76,577,76,574,77,572,78,571,79,568,80,565,80,564,81,562,82,559,83,556,83,555,85,556,86,559,86,564,86,564,86,568,86,571,86,572,85,574,83,577,83,581,83,581,83,586,83,589,82,590,81,590,80,590,80,590,78,589,77,586,76
577,122,572,122,572,120,572,119,572,119,572,117,571,116,568,115,565,116,564,117,562,118,559,119,556,119,555,120,555,122,555,122,555,123,555,125,555,125,555,127,555,128,555,128,555,130,555,131,555,131,555,133,556,134,559,135,562,134,564,133,565,132,568,131,571,131,572,130,572,128,572,128,572,127,572,125,577,125,580,124,581,123,580,122,577,122
568,167,565,167,564,165,562,164,559,164,556,163,555,162,555,161,555,161,555,159,553,158,550,157,547,158,546,159,544,160,541,161,538,160,537,159,537,157,537,157,537,156,537,154,537,154,537,153,536,151,533,151,528,151,528,151,524,151,519,151,519,151,515,151,512,151,510,153,510,154,510,154,510,156,510,157,510,157,510,159,509,160,506,161,503,161,502,162,500,163,497,164,494,164,493,165,493,167,493,167,493,169,494,170,497,170,502,170,502,170,506,170,509,170,510,169,512,168,515,167,519,167,519,167,524,167,527,168,528,169,530,170,533,170,537,170,537,170,541,170,544,171,546,172,546,174,546,174,546,175,547,176,550,177,555,177,555,177,559,177,564,177,564,177,568,177,571,176,572,175,572,174,572,174,572,172,572,170,572,170,572,169,571,168,568,167
559,106,555,106,555,104,553,103,550,102,547,103,546,104,547,105,550,106,555,106,555,107,556,108,559,109,562,108,564,107,562,106,559,106
550,34,547,35,546,36,547,37,550,38,553,37,555,36,553,35,550,34
550,76,547,77,546,78,547,79,550,80,553,79,555,78,553,77,550,76
541,122,538,121,537,120,537,119,537,119,537,117,537,115,537,115,537,114,536,113,533,112,528,112,528,112,524,112,521,111,519,110,518,109,515,109,512,109,510,110,510,112,510,112,510,114,512,115,515,115,519,115,519,115,524,115,527,116,528,117,527,118,524,119,521,119,519,120,519,122,519,122,519,123,521,124,524,125,527,126,528,127,527,128,524,128,521,129,519,130,518,131,515,131,510,131,510,130,509,129,506,128,503,129,502,130,503,131,506,131,510,131,510,133,510,135,510,135,510,136,510,138,506,138,503,138,502,140,502,141,502,141,502,143,502,144,502,144,502,146,503,147,506,148,509,147,510,146,512,145,515,144,519,144,519,144,524,144,528,144,528,144,533,144,536,144,537,143,538,142,541,141,544,141,546,140,544,138,541,138,538,137,537,136,537,135,537,135,537,133,537,131,537,131,537,130,538,129,541,128,544,128,546,127,546,125,546,125,546,123,544,122,541,122
533,271,530,271,528,272,528,274,528,274,528,276,528,277,528,277,528,279,528,280,528,280,528,282,528,284,528,284,528,285,528,287,528,287,528,289,530,290,533,290,536,290,537,289,537,287,537,287,537,285,537,284,537,284,537,282,537,280,537,280,537,279,537,277,537,277,537,276,537,274,537,274,537,272,536,271,533,271
515,430,512,429,510,428,510,426,510,426,510,425,510,423,510,423,510,421,509,420,506,420,502,420,502,418,502,417,502,417,502,415,502,413,502,413,502,412,500,411,497,410,493,410,493,408,493,407,493,407,493,405,491,404,488,404,485,404,484,405,484,407,484,407,484,408,485,410,488,410,493,410,493,412,493,413,493,413,493,415,493,417,493,417,493,418,494,419,497,420,502,420,502,421,502,423,502,423,502,425,502,426,502,426,502,428,502,430,502,430,502,431,503,432,506,433,509,433,510,434,510,436,510,436,510,438,512,439,515,439,518,439,519,438,519,436,519,436,519,434,519,433,519,433,519,431,518,430,515,430
497,47,493,47,493,47,488,47,485,48,484,49,482,50,479,50,476,51,475,52,476,53,479,54,484,54,484,54,488,54,491,54,493,55,494,56,497,57,500,56,502,55,502,54,502,54,502,52,502,50,502,50,502,49,500,48,497,47
497,106,494,106,493,107,494,108,497,109,500,108,502,107,500,106,497,106
488,131,485,132,484,133,485,134,488,135,491,134,493,133,491,132,488,131
488,148,485,148,484,149,484,151,484,151,484,153,485,154,488,154,491,154,493,153,493,151,493,151,493,149,491,148,488,148
488,381,484,381,484,379,484,378,484,378,484,376,482,375,479,374,476,375,475,376,475,378,475,378,475,379,476,380,479,381,484,381,484,383,484,384,484,384,484,386,484,387,484,387,484,389,485,390,488,391,491,390,493,389,493,387,493,387,493,386,493,384,493,384,493,383,491,381,488,381
479,41,476,40,475,39,474,38,471,38,468,38,466,39,466,41,466,41,466,42,465,43,462,44,459,45,457,46,459,47,462,47,466,47,466,47,471,47,474,47,475,46,476,45,479,44,482,43,484,42,482,41,479,41
479,93,475,93,475,93,471,93,466,93,466,91,465,90,462,89,459,90,457,91,459,92,462,93,466,93,466,94,468,95,471,96,475,96,475,96,479,96,482,95,484,94,482,93,479,93
479,119,476,119,475,120,476,121,479,122,482,121,484,120,482,119,479,119
471,102,466,102,466,101,465,100,462,99,459,100,457,101,459,102,462,102,466,102,466,104,465,105,462,106,459,106,457,107,457,109,457,109,457,110,457,112,457,112,457,114,457,115,457,115,457,117,457,119,457,119,457,120,457,122,457,122,457,123,457,125,457,125,457,127,459,128,462,128,465,128,466,127,466,125,466,125,466,123,466,122,466,122,466,120,466,119,466,119,466,117,466,115,466,115,466,114,468,113,471,112,474,112,475,110,475,109,475,109,475,107,475,106,475,106,475,104,474,103,471,102
471,131,466,131,466,131,462,131,459,132,457,133,457,135,457,135,457,136,459,137,462,138,465,137,466,136,468,135,471,135,474,134,475,133,474,132,471,131
471,141,468,142,466,143,468,144,471,144,474,144,475,143,474,142,471,141
471,459,468,458,466,457,466,455,466,455,466,454,465,453,462,452,459,452,457,451,457,449,457,449,457,447,459,446,462,446,465,445,466,444,466,442,466,442,466,441,465,440,462,439,459,440,457,441,456,442,453,442,448,442,448,442,444,442,441,442,440,441,440,439,440,439,440,438,438,437,435,436,432,435,431,434,429,433,426,433,423,432,422,431,420,430,417,430,414,430,413,431,412,432,409,433,406,433,404,434,406,435,409,436,412,437,413,438,413,439,413,439,413,441,414,442,417,442,420,443,422,444,422,446,422,446,422,447,423,448,426,449,429,449,431,451,431,452,431,452,431,454,431,455,431,455,431,457,432,458,435,459,438,459,440,460,441,461,444,462,447,462,448,464,448,465,448,465,448,467,450,468,453,468,456,468,457,467,459,466,462,465,466,465,466,465,471,465,474,465,475,464,475,462,475,462,475,460,474,459,471,459
453,430,448,430,448,428,448,426,448,426,448,425,447,424,444,423,441,424,440,425,440,426,440,426,440,428,441,429,444,430,448,430,448,431,448,433,448,433,448,434,450,435,453,436,456,435,457,434,457,433,457,433,457,431,456,430,453,430
444,119,441,119,440,120,440,122,440,122,440,123,441,124,444,125,447,124,448,123,448,122,448,122,448,120,447,119,444,119
426,112,423,113,422,114,423,115,426,115,429,115,431,114,429,113,426,112
409,245,404,245,404,243,404,242,404,242,404,240,403,239,400,238,397,238,395,237,395,235,395,235,395,234,394,232,391,232,386,232,386,232,382,232,379,232,378,234,378,235,378,235,378,237,379,238,382,238,385,239,386,240,388,241,391,242,394,242,395,243,397,244,400,245,404,245,404,246,404,248,404,248,404,250,406,251,409,251,412,251,413,250,413,248,413,248,413,246,412,245,409,245
373,125,369,125,369,125,364,125,361,126,360,127,360,128,360,128,360,130,360,131,360,131,360,133,361,134,364,135,367,134,369,133,370,132,373,131,376,131,378,130,378,128,378,128,378,127,376,126,373,125
373,258,369,258,369,256,367,255,364,255,361,255,360,256,361,257,364,258,369,258,369,259,369,261,369,261,369,263,370,264,373,264,376,264,378,263,378,261,378,261,378,259,376,258,373,258
364,119,361,119,360,120,361,121,364,122,367,121,369,120,367,119,364,119
338,248,335,249,333,250,335,251,338,251,341,251,342,250,341,249,338,248
293,358,289,358,289,358,285,358,280,358,280,358,276,358,271,358,271,358,267,358,262,358,262,358,258,358,254,358,254,358,249,358,246,359,245,360,243,361,240,361,237,361,236,360,234,359,231,358,227,358,227,358,223,358,218,358,218,357,217,356,214,355,209,355,209,355,205,355,200,355,200,355,196,355,192,355,192,355,187,355,183,355,183,355,178,355,174,355,174,355,169,355,166,354,165,353,164,352,161,352,156,352,156,352,152,352,147,352,147,352,143,352,138,352,138,352,134,352,131,351,130,350,128,349,125,349,121,349,121,349,116,349,112,349,112,349,107,349,103,349,103,349,99,349,96,349,94,350,94,352,94,352,94,353,94,355,94,355,94,357,94,358,94,358,94,360,93,361,90,361,87,362,85,363,87,364,90,365,94,365,94,365,99,365,103,365,103,365,107,365,110,364,112,363,113,362,116,361,121,361,121,361,125,361,130,361,130,361,134,361,138,361,138,361,143,361,147,361,147,361,152,361,156,361,156,361,161,361,165,361,165,361,169,361,174,361,174,361,178,361,183,361,183,361,187,361,192,361,192,361,196,361,200,361,200,361,205,361,208,361,209,360,211,359,214,358,218,358,218,360,220,361,223,361,226,362,227,363,227,365,227,365,227,366,228,367,231,368,236,368,236,368,240,368,245,368,245,368,249,368,252,367,254,366,255,365,258,365,262,365,262,365,267,365,271,365,271,365,276,365,280,365,280,365,285,365,288,364,289,363,290,362,293,361,296,361,298,360,296,359,293,358
196,131,192,131,192,131,187,131,183,131,183,131,178,131,174,131,174,131,169,131,165,131,165,131,161,131,158,132,156,133,155,134,152,135,149,135,147,136,149,137,152,138,156,138,156,138,161,138,165,138,165,138,169,138,174,138,174,138,178,138,183,138,183,138,187,138,192,138,192,138,196,138,199,137,200,136,200,135,200,135,200,133,199,132,196,131
196,417,193,417,192,418,192,420,192,420,192,421,192,423,187,423,184,424,183,425,181,426,178,426,175,427,174,428,172,429,169,430,166,430,165,431,165,433,161,433,158,433,156,434,155,435,152,436,147,436,147,436,143,436,138,436,138,436,134,436,130,436,130,436,125,436,121,436,121,436,116,436,112,436,112,436,107,436,104,437,103,438,104,439,107,439,112,439,112,439,116,439,121,439,121,439,125,439,128,440,130,441,131,442,134,442,138,442,138,442,143,442,147,442,147,442,152,442,156,442,156,442,161,442,165,442,165,442,169,442,172,442,174,441,172,440,169,439,166,439,165,438,165,436,165,436,165,434,165,433,169,433,174,433,174,433,178,433,181,432,183,431,184,430,187,430,190,429,192,428,192,426,192,426,192,425,192,423,196,423,199,422,200,421,200,420,200,420,200,418,199,417,196,417
63,423,60,424,59,425,60,426,63,426,66,426,68,425,66,424,63,423
577,63,574,64,572,65,574,66,577,67,581,67,581,65,580,64,577,63
568,122,565,122,564,123,565,124,568,125,572,125,572,123,572,122,568,122
524,157,521,158,519,159,521,160,524,161,527,160,528,159,527,158,524,157
515,138,510,138,510,140,512,141,515,141,518,141,519,140,518,139,515,138
