324,10,323,11,320,12,317,11,316,10,163,10,10,10,10,238,13,238,14,237,16,236,19,235,22,236,23,237,25,238,28,238,32,238,32,238,37,238,41,238,41,238,45,238,50,238,50,238,54,238,57,239,59,240,59,242,59,242,59,243,59,245,59,245,59,246,59,248,59,248,59,250,59,251,59,251,59,253,59,255,59,255,59,256,57,257,54,258,51,258,50,259,48,261,45,261,41,261,41,261,37,261,34,262,32,263,31,264,28,264,23,264,23,264,19,264,14,264,14,264,10,264,10,326,13,326,14,327,13,329,10,329,10,332,13,333,14,334,14,336,14,336,14,337,16,338,19,339,22,339,23,340,23,342,23,342,23,344,25,345,28,345,31,346,32,347,32,349,32,349,32,350,34,351,37,352,40,352,41,353,41,355,41,355,41,357,42,358,45,358,48,359,50,360,50,361,50,361,50,363,51,364,54,365,57,365,59,366,59,368,59,368,59,370,60,371,63,371,66,372,68,373,68,374,68,374,68,376,69,377,72,378,75,378,76,379,78,380,81,381,84,381,85,383,87,384,90,384,93,385,94,386,94,387,94,387,94,389,96,390,99,391,103,391,103,391,107,391,110,391,112,392,112,394,112,394,112,395,113,397,116,397,119,398,121,399,122,400,125,400,130,400,130,400,134,400,137,401,138,402,138,404,138,404,138,405,140,406,143,407,147,407,147,407,152,407,155,407,156,408,155,410,152,410,147,410,147,410,143,410,138,410,138,410,134,410,130,410,130,410,125,410,122,410,121,408,119,407,116,407,112,407,112,407,107,407,104,406,103,405,102,404,99,404,96,403,94,402,93,401,90,400,87,400,85,399,85,397,85,397,85,395,85,394,85,394,85,392,85,391,85,391,85,389,84,388,81,387,76,387,76,387,72,387,68,387,68,387,63,387,60,387,59,386,59,384,59,384,59,383,57,381,54,381,51,380,50,379,48,378,45,378,42,377,41,376,40,375,37,374,34,374,32,373,31,372,28,371,25,371,23,370,23,368,23,368,23,366,22,365,19,365,16,364,14,363,14,361,14,361,14,360,14,358,14,358,14,357,13,356,10,355,10,413,10,470,320,470,630,470,630,248,627,248,626,246,627,245,630,245,630,174,626,174,626,174,621,174,617,174,617,174,612,174,608,174,608,174,603,174,600,173,599,172,598,171,595,170,592,170,590,169,589,168,586,167,583,167,581,165,580,164,577,164,574,163,572,162,571,161,568,161,564,161,564,161,559,161,555,161,555,161,550,161,547,160,546,159,546,157,546,157,546,156,546,154,546,154,546,153,547,151,550,151,555,151,555,151,559,151,562,151,564,153,565,154,568,154,571,155,572,156,574,157,577,157,581,157,581,157,586,157,590,157,590,157,595,157,598,158,599,159,600,160,603,161,608,161,608,161,612,161,617,161,617,161,621,161,624,161,626,162,627,163,630,164,630,87,630,10,324,10
603,368,599,368,599,366,599,365,599,365,599,363,598,362,595,361,592,362,590,363,590,365,590,365,590,366,592,367,595,368,599,368,599,370,599,371,599,371,599,373,600,374,603,374,606,374,608,373,608,371,608,371,608,370,606,368,603,368
586,355,583,356,581,357,583,358,586,358,589,358,590,357,589,356,586,355
577,345,574,346,572,347,572,349,572,349,572,350,574,351,577,352,580,351,581,350,581,349,581,349,581,347,580,346,577,345
568,119,565,119,564,120,564,122,564,122,564,123,565,124,568,125,571,124,572,123,572,122,572,122,572,120,571,119,568,119
568,339,565,339,564,340,565,342,568,342,571,342,572,340,571,339,568,339
559,128,555,128,555,128,550,128,547,128,546,127,546,125,546,125,546,123,544,122,541,122,538,122,537,123,537,125,537,125,537,127,537,128,537,128,537,130,537,131,537,131,537,133,537,135,537,135,537,136,537,138,537,138,537,140,538,141,541,141,544,141,546,140,547,139,550,138,553,137,555,136,555,135,555,135,555,133,556,132,559,131,562,131,564,130,562,129,559,128
559,332,556,333,555,334,556,335,559,336,562,335,564,334,562,333,559,332
541,38,538,38,537,39,536,40,533,41,530,40,528,39,527,38,524,38,521,37,519,36,519,34,519,34,519,33,519,31,519,31,519,29,519,28,519,28,519,26,519,25,519,25,519,23,518,22,515,21,510,21,510,21,506,21,502,21,502,21,497,21,493,21,493,21,488,21,484,21,484,21,479,21,475,21,475,21,471,21,468,22,466,23,468,24,471,25,474,25,475,26,476,27,479,28,482,27,484,26,485,25,488,25,491,25,493,26,494,27,497,28,500,28,502,29,503,31,506,31,509,32,510,33,510,34,510,34,510,36,510,38,510,38,510,39,510,41,510,41,510,42,510,44,510,44,510,46,510,47,510,47,510,49,512,50,515,50,519,50,519,50,524,50,527,50,528,49,528,47,528,47,528,46,530,45,533,44,537,44,537,44,541,44,544,43,546,42,546,41,546,41,546,39,544,38,541,38
533,154,530,155,528,156,527,157,524,157,521,158,519,159,521,160,524,161,528,161,528,161,533,161,536,160,537,159,537,157,537,157,537,156,536,155,533,154
391,284,388,284,386,285,388,286,391,287,394,286,395,285,394,284,391,284
240,420,237,419,236,418,234,417,231,417,228,417,227,418,226,419,223,420,220,420,218,421,217,422,214,423,211,424,209,425,209,426,209,426,209,428,211,429,214,430,217,429,218,428,220,427,223,426,227,426,227,426,231,426,234,426,236,425,237,424,240,423,243,422,245,421,243,420,240,420
240,449,237,448,236,447,234,446,231,446,228,445,227,444,227,442,227,442,227,441,226,440,223,439,220,439,218,438,217,437,214,436,209,436,209,436,205,436,200,436,200,436,196,436,193,437,192,438,192,439,192,439,192,441,193,442,196,442,199,443,200,444,202,445,205,446,208,446,209,447,211,448,214,449,217,449,218,451,220,452,223,452,226,453,227,454,228,455,231,455,236,455,236,455,240,455,243,455,245,454,245,452,245,452,245,451,243,449,240,449
54,316,51,317,50,318,50,319,50,319,50,321,51,322,54,323,57,322,59,321,59,319,59,319,59,318,57,317,54,316
