10,216,13,216,14,217,14,219,14,219,14,221,16,222,19,222,22,223,23,224,23,225,23,225,23,227,23,229,23,229,23,230,25,231,28,232,31,232,32,234,34,235,37,235,40,236,41,237,42,238,45,238,48,239,50,240,50,242,50,242,50,243,51,244,54,245,57,245,59,246,59,248,59,248,59,250,59,251,63,251,66,252,68,253,68,255,68,255,68,256,68,258,72,258,75,258,76,259,76,261,81,261,84,262,85,263,85,264,90,264,93,265,94,266,93,267,90,268,87,267,85,266,85,264,81,264,78,264,76,263,76,261,72,261,69,261,68,259,68,258,63,258,60,257,59,256,59,255,59,255,59,253,59,251,54,251,51,251,50,250,48,249,45,248,42,248,41,246,40,245,37,245,34,244,32,243,31,242,28,242,25,241,23,240,22,239,19,238,16,239,14,240,14,242,14,242,14,243,14,245,14,245,14,246,16,248,19,248,22,249,23,250,22,251,19,251,14,251,14,251,10,251,10,255,13,255,14,256,14,258,14,258,14,259,16,261,19,261,22,262,23,263,23,264,23,264,23,266,23,268,23,268,23,269,25,270,28,271,31,271,32,272,32,274,32,274,32,276,32,277,32,277,32,279,34,280,37,280,40,281,41,282,42,283,45,284,48,284,50,285,48,286,45,287,41,287,41,287,37,287,34,286,32,285,31,284,28,284,25,283,23,282,23,280,23,280,23,279,22,278,19,277,16,277,14,276,13,275,10,274,10,372,10,470,85,470,87,469,90,468,93,469,94,470,369,470,369,468,369,468,369,467,370,466,373,465,376,465,378,464,378,462,378,462,378,460,376,459,373,459,369,459,369,459,364,459,361,458,360,457,358,456,355,455,351,455,351,455,347,455,342,455,342,455,338,455,335,455,333,454,332,453,329,452,324,452,324,452,320,452,317,452,316,451,314,449,311,449,308,448,307,447,305,446,302,446,298,446,298,446,293,446,289,446,289,446,285,446,282,445,280,444,279,443,276,442,273,442,271,441,270,440,267,439,264,439,262,438,261,437,258,436,254,436,254,436,249,436,246,435,245,434,243,433,240,433,237,432,236,431,236,430,236,430,236,428,237,427,240,426,243,426,245,425,246,424,249,423,254,423,254,423,258,423,261,424,262,425,264,426,267,426,270,427,271,428,273,429,276,430,279,430,280,431,282,432,285,433,288,433,289,434,290,435,293,436,298,436,298,436,302,436,307,436,307,436,311,436,314,437,316,438,317,439,320,439,323,440,324,441,326,442,329,442,333,442,333,442,338,442,341,443,342,444,344,445,347,446,350,446,351,447,352,448,355,449,360,449,360,449,364,449,367,449,369,451,370,452,373,452,378,452,378,452,382,452,386,452,386,452,391,452,394,453,395,454,397,455,400,455,404,455,404,455,409,455,412,456,413,457,413,459,413,459,413,460,412,461,409,462,406,462,404,464,404,465,404,465,404,467,404,468,404,468,404,470,519,470,521,469,524,468,527,469,528,470,579,470,630,470,630,135,627,135,626,136,624,137,621,138,617,138,617,138,612,138,608,138,608,138,603,138,600,139,599,140,598,141,595,141,590,141,590,141,586,141,581,141,581,141,577,141,574,142,572,143,571,144,568,144,564,144,564,144,559,144,556,145,555,146,553,147,550,148,546,148,546,148,541,148,537,148,537,148,533,148,530,147,528,146,530,145,533,144,537,144,537,144,541,144,544,144,546,143,547,142,550,141,555,141,555,141,559,141,562,141,564,140,565,138,568,138,571,137,572,136,574,135,577,135,581,135,581,135,586,135,590,135,590,135,595,135,598,134,599,133,600,132,603,131,608,131,608,131,612,131,615,131,617,130,618,129,621,128,624,128,626,127,627,126,630,125,630,67,630,10,320,10,10,10,10,216
621,112,618,113,617,114,617,115,612,115,608,115,608,115,603,115,600,116,599,117,598,118,595,119,592,119,590,120,589,121,586,122,581,122,581,122,577,122,572,122,572,122,568,122,564,122,564,122,559,122,556,122,555,123,555,125,555,125,555,127,555,128,555,128,555,130,556,131,559,131,562,131,564,130,565,129,568,128,572,128,572,128,577,128,580,128,581,127,583,126,586,125,590,125,590,125,595,125,598,124,599,123,600,122,603,122,606,121,608,120,609,119,612,119,615,118,617,117,617,115,621,115,624,115,626,114,624,113,621,112
621,268,618,268,617,269,618,270,621,271,624,270,626,269,624,268,621,268
515,115,510,115,510,115,506,115,503,115,502,114,502,112,502,112,502,110,502,109,502,109,502,107,500,106,497,106,494,106,493,107,493,109,493,109,493,110,491,111,488,112,485,113,484,114,482,115,479,115,476,116,475,117,475,119,475,119,475,120,475,122,475,122,475,123,475,125,475,125,475,127,476,128,479,128,482,128,484,127,485,126,488,125,493,125,493,125,497,125,500,126,502,127,500,128,497,128,494,129,493,130,491,131,488,131,485,132,484,133,485,134,488,135,493,135,493,135,497,135,500,134,502,133,503,132,506,131,509,132,510,133,512,134,515,135,518,134,519,133,519,131,519,131,519,130,519,128,519,128,519,127,519,125,519,125,519,123,519,122,519,122,519,120,519,119,519,119,519,117,518,116,515,115
515,141,512,142,510,143,510,144,510,144,510,146,512,147,515,148,518,147,519,146,519,144,519,144,519,143,518,142,515,141
515,245,512,244,510,243,509,242,506,242,503,242,502,243,500,244,497,245,494,245,493,246,494,248,497,248,500,249,502,250,503,251,506,251,510,251,510,251,515,251,518,251,519,250,519,248,519,248,519,246,518,245,515,245
479,345,476,346,475,347,476,348,479,349,482,348,484,347,482,346,479,345
471,102,466,102,466,102,462,102,459,103,457,104,457,106,457,106,457,107,459,108,462,109,466,109,466,110,468,112,471,112,474,112,475,110,474,109,471,109,466,109,466,107,468,106,471,106,474,105,475,104,474,103,471,102
471,135,468,135,466,136,468,137,471,138,474,137,475,136,474,135,471,135
471,151,468,151,466,153,468,154,471,154,474,154,475,153,474,151,471,151
471,339,466,339,466,339,462,339,459,339,457,340,459,342,462,342,466,342,466,342,471,342,474,342,475,340,474,339,471,339
462,115,459,116,457,117,459,118,462,119,465,118,466,117,465,116,462,115
453,96,448,96,448,94,448,93,448,93,448,91,448,89,448,89,448,88,447,87,444,86,440,86,440,85,438,83,435,83,432,82,431,81,431,80,431,80,431,78,431,76,431,76,431,75,429,74,426,73,423,74,422,75,422,76,422,76,422,78,422,80,422,80,422,81,422,83,422,83,422,85,422,86,422,86,422,88,423,89,426,89,429,89,431,88,432,87,435,86,440,86,440,88,440,89,440,89,440,91,440,93,440,93,440,94,440,96,435,96,432,96,431,97,432,99,435,99,438,99,440,97,440,96,444,96,448,96,448,97,450,99,453,99,456,99,457,97,456,96,453,96
435,102,432,103,431,104,432,105,435,106,438,105,440,104,438,103,435,102
435,109,432,109,431,110,432,112,435,112,438,112,440,110,438,109,435,109
426,352,423,351,422,350,420,349,417,349,414,348,413,347,412,346,409,345,406,346,404,347,404,349,404,349,404,350,404,352,404,352,404,353,406,354,409,355,413,355,413,355,417,355,420,356,422,357,423,358,426,358,429,358,431,357,431,355,431,355,431,353,429,352,426,352
417,99,414,100,413,101,414,102,417,102,420,102,422,101,420,100,417,99
417,148,414,148,413,149,414,150,417,151,420,150,422,149,420,148,417,148
400,180,397,181,395,182,395,183,395,183,395,185,397,186,400,187,403,186,404,185,404,183,404,183,404,182,403,181,400,180
391,135,386,135,386,133,385,132,382,131,379,131,378,130,376,129,373,128,370,129,369,130,369,131,369,131,369,133,369,135,369,135,369,136,370,137,373,138,376,137,378,136,379,135,382,135,386,135,386,136,386,138,386,138,386,140,386,141,382,141,378,141,378,141,373,141,370,142,369,143,367,144,364,144,361,145,360,146,360,148,360,148,360,149,361,150,364,151,367,150,369,149,370,148,373,148,376,147,378,146,379,145,382,144,385,144,386,143,386,141,391,141,394,141,395,140,395,138,395,138,395,136,394,135,391,135
364,50,361,51,360,52,361,53,364,54,367,53,369,52,367,51,364,50
355,73,351,73,351,73,347,73,344,73,342,72,341,70,338,70,335,69,333,68,333,67,338,67,341,66,342,65,344,64,347,63,350,63,351,62,350,61,347,60,342,60,342,60,338,60,335,61,333,62,333,63,333,63,333,65,333,67,329,67,326,67,324,68,324,70,324,70,324,72,326,73,329,73,332,74,333,75,335,76,338,76,342,76,342,76,347,76,351,76,351,76,355,76,358,76,360,75,358,74,355,73
302,38,299,38,298,39,296,40,293,41,290,40,289,39,289,38,289,38,289,36,289,34,289,34,289,33,288,32,285,31,282,32,280,33,279,34,276,34,271,34,271,33,270,32,267,31,264,31,262,29,262,28,262,28,262,26,261,25,258,25,254,25,254,25,249,25,245,25,245,25,240,25,237,25,236,26,234,27,231,28,228,28,227,29,227,31,227,31,227,33,228,34,231,34,234,35,236,36,237,37,240,38,243,37,245,36,246,35,249,34,254,34,254,34,258,34,262,34,262,34,267,34,271,34,271,36,273,37,276,38,279,38,280,39,280,41,280,41,280,42,282,43,285,44,288,45,289,46,288,47,285,47,282,48,280,49,282,50,285,50,288,51,289,52,290,53,293,54,296,53,298,52,299,51,302,50,305,50,307,49,307,47,307,47,307,46,307,44,307,44,307,42,307,41,307,41,307,39,305,38,302,38
302,135,298,135,298,135,293,135,290,134,289,133,288,132,285,131,280,131,280,131,276,131,271,131,271,131,267,131,264,132,262,133,264,134,267,135,270,135,271,136,273,137,276,138,279,139,280,140,282,141,285,141,289,141,289,141,293,141,296,142,298,143,299,144,302,144,305,144,307,143,307,141,307,141,307,140,307,138,307,138,307,136,305,135,302,135
240,122,237,121,236,120,236,119,236,119,236,117,236,115,236,115,236,114,234,113,231,112,228,111,227,110,227,109,227,109,227,107,227,106,227,106,227,104,226,103,223,102,218,102,218,102,214,102,209,102,209,102,205,102,200,102,200,102,196,102,192,102,192,102,187,102,184,102,183,101,183,99,183,99,183,97,181,96,178,96,175,96,174,97,174,99,174,99,174,101,174,102,174,102,174,104,174,106,174,106,174,107,175,108,178,109,181,109,183,110,184,112,187,112,190,113,192,114,192,115,192,115,192,117,193,118,196,119,199,119,200,120,202,121,205,122,208,122,209,123,211,124,214,125,218,125,218,125,223,125,226,126,227,127,228,128,231,128,236,128,236,128,240,128,243,128,245,127,245,125,245,125,245,123,243,122,240,122
240,316,236,316,236,315,234,313,231,313,228,313,227,315,228,316,231,316,236,316,236,318,236,319,236,319,236,321,237,322,240,323,243,322,245,321,245,319,245,319,245,318,243,317,240,316
223,413,218,413,218,413,214,413,209,413,209,413,205,413,202,413,200,412,199,411,196,410,192,410,192,410,187,410,184,410,183,408,183,407,183,407,183,405,183,404,183,404,183,402,181,401,178,400,174,400,174,400,169,400,166,401,165,402,166,403,169,404,172,404,174,405,174,407,174,407,174,408,174,410,174,410,174,412,175,413,178,413,181,414,183,415,183,417,183,417,183,418,184,419,187,420,190,420,192,421,193,422,196,423,200,423,200,423,205,423,209,423,209,423,214,423,218,423,218,423,223,423,226,422,227,421,227,420,227,420,227,418,227,417,227,417,227,415,226,414,223,413
214,306,211,306,209,305,208,304,205,303,200,303,200,303,196,303,192,303,192,302,190,300,187,300,183,300,183,298,183,297,183,297,183,295,181,294,178,293,175,293,174,292,174,290,174,290,174,289,172,288,169,287,166,286,165,285,165,284,165,284,165,282,165,280,165,280,165,279,164,278,161,277,158,277,156,276,155,275,152,274,149,275,147,276,147,277,147,277,147,279,147,280,147,280,147,282,149,283,152,284,155,284,156,285,156,287,156,287,156,289,156,290,156,290,156,292,158,293,161,293,164,294,165,295,166,296,169,297,172,297,174,298,175,299,178,300,183,300,183,302,184,303,187,303,192,303,192,305,193,306,196,306,199,307,200,308,202,309,205,310,208,310,209,311,211,312,214,313,217,312,218,311,218,310,218,310,218,308,217,307,214,306
196,96,193,96,192,97,193,99,196,99,199,99,200,97,199,96,196,96
187,381,183,381,183,381,178,381,175,380,174,379,172,378,169,378,165,378,165,378,161,378,158,377,156,376,158,375,161,374,165,374,165,374,169,374,172,374,174,373,172,372,169,371,166,371,165,370,165,368,165,368,165,366,164,365,161,365,156,365,156,365,152,365,149,364,147,363,147,361,147,361,147,360,147,358,147,358,147,357,146,356,143,355,138,355,138,355,134,355,130,355,130,353,128,352,125,352,122,352,121,353,122,354,125,355,130,355,130,357,130,358,130,358,130,360,128,361,125,361,122,362,121,363,121,365,121,365,121,366,122,367,125,368,130,368,130,368,134,368,137,369,138,370,138,371,138,371,138,373,140,374,143,374,146,375,147,376,147,378,147,378,147,379,149,380,152,381,155,381,156,383,158,384,161,384,165,384,165,384,169,384,172,385,174,386,175,387,178,387,183,387,183,387,187,387,190,387,192,386,192,384,192,384,192,383,190,381,187,381
152,70,149,69,147,68,146,67,143,67,140,67,138,68,138,70,138,70,138,72,138,73,138,73,138,75,138,76,138,76,138,78,138,80,138,80,138,81,138,83,138,83,138,85,138,86,138,86,138,88,138,89,138,89,138,91,137,92,134,93,131,93,130,94,130,96,130,96,130,97,130,99,130,99,130,101,130,102,130,102,130,104,130,106,130,106,130,107,131,108,134,109,137,109,138,110,138,112,138,112,138,114,138,115,138,115,138,117,138,119,138,119,138,120,138,122,138,122,138,123,138,125,138,125,138,127,140,128,143,128,147,128,147,128,152,128,155,128,156,127,156,125,156,125,156,123,156,122,156,122,156,120,155,119,152,119,149,118,147,117,147,115,147,115,147,114,147,112,147,112,147,110,147,109,147,109,147,107,147,106,147,106,147,104,147,102,147,102,147,101,147,99,147,99,147,97,147,96,147,96,147,94,147,93,147,93,147,91,147,89,147,89,147,88,147,86,147,86,147,85,147,83,147,83,147,81,149,80,152,80,155,79,156,78,156,76,156,76,156,75,156,73,156,73,156,72,155,70,152,70
249,28,246,28,245,29,246,31,249,31,252,31,254,29,252,28,249,28
