475,10,475,12,475,12,475,13,475,15,475,15,475,16,474,18,471,18,468,18,466,16,466,15,466,15,466,13,466,12,466,12,466,10,386,10,386,12,386,12,386,13,385,14,382,15,378,15,378,15,373,15,369,15,369,15,364,15,360,15,360,15,355,15,352,15,351,16,350,18,347,18,344,18,342,16,341,15,338,15,335,14,333,13,335,12,338,12,342,12,342,12,347,12,350,11,351,10,280,10,280,12,280,12,280,13,280,15,280,15,280,16,279,18,276,18,271,18,271,20,271,21,271,21,271,23,270,24,267,25,264,24,262,23,262,21,262,21,262,20,262,18,258,18,255,18,254,16,254,15,254,15,254,13,254,12,249,12,246,11,245,10,156,10,155,11,152,12,149,11,147,10,79,10,10,10,10,47,13,47,14,46,16,45,19,44,23,44,23,44,28,44,31,45,32,46,31,47,28,47,25,48,23,49,22,50,19,50,14,50,14,50,10,50,10,260,10,470,85,470,87,469,90,468,94,468,94,468,99,468,103,468,103,468,107,468,112,468,112,468,116,468,121,468,121,468,125,468,130,468,130,468,134,468,137,469,138,470,510,470,509,469,506,468,503,468,502,467,502,465,502,465,502,464,503,462,506,462,510,462,510,462,515,462,519,462,519,462,524,462,527,462,528,464,528,465,528,465,528,467,528,468,528,468,528,470,579,470,630,470,630,232,627,232,626,234,624,235,621,235,618,236,617,237,617,238,617,238,617,240,617,242,617,242,617,243,617,245,617,245,617,246,617,248,617,248,617,250,617,251,617,251,617,253,617,255,617,255,617,256,615,257,612,258,609,257,608,256,608,255,608,255,608,253,608,251,608,251,608,250,608,248,608,248,608,246,608,245,608,245,608,243,608,242,608,242,608,240,608,238,608,238,608,237,608,235,608,235,608,234,606,232,603,232,600,231,599,230,599,229,599,229,599,227,599,225,599,225,599,224,599,222,599,222,599,221,600,219,603,219,606,219,608,221,608,222,608,222,608,224,609,225,612,225,615,226,617,227,618,228,621,229,626,229,626,229,630,229,630,119,630,10,475,10
612,63,609,63,608,62,608,60,608,60,608,59,608,57,608,57,608,55,608,54,608,54,608,52,608,50,608,50,608,49,606,48,603,47,599,47,599,47,595,47,590,47,590,47,586,47,583,48,581,49,583,50,586,50,589,51,590,52,590,54,590,54,590,55,590,57,590,57,590,59,590,60,590,60,590,62,590,63,590,63,590,65,590,67,590,67,590,68,592,69,595,70,599,70,599,70,603,70,608,70,608,70,612,70,615,69,617,68,617,67,617,67,617,65,615,64,612,63
612,96,609,95,608,94,606,93,603,93,599,93,599,91,598,90,595,89,592,90,590,91,592,92,595,93,599,93,599,94,599,96,599,96,599,97,599,99,599,99,599,101,599,102,599,102,599,104,599,106,599,106,599,107,599,109,599,109,599,110,600,112,603,112,608,112,608,112,612,112,615,112,617,110,617,109,617,109,617,107,617,106,617,106,617,104,617,102,617,102,617,101,617,99,617,99,617,97,615,96,612,96
603,76,600,77,599,78,598,79,595,80,590,80,590,80,586,80,583,80,581,81,581,83,581,83,581,85,583,86,586,86,590,86,590,86,595,86,598,86,599,85,600,83,603,83,606,82,608,81,608,80,608,80,608,78,606,77,603,76
603,119,599,119,599,119,595,119,592,119,590,120,589,121,586,122,583,122,581,123,581,125,581,125,581,127,583,128,586,128,589,128,590,127,592,126,595,125,599,125,599,125,603,125,606,124,608,123,608,122,608,122,608,120,606,119,603,119
586,73,583,74,581,75,583,76,586,76,589,76,590,75,589,74,586,73
586,193,583,192,581,191,581,190,581,190,581,188,580,187,577,187,574,186,572,185,574,184,577,183,580,183,581,182,581,180,581,180,581,178,581,177,581,177,581,175,580,174,577,174,574,173,572,172,572,170,572,170,572,169,572,167,572,167,572,165,571,164,568,164,565,163,564,162,562,161,559,161,556,160,555,159,553,158,550,157,547,158,546,159,544,160,541,161,538,160,537,159,537,157,537,157,537,156,537,154,537,154,537,153,537,151,537,151,537,149,538,148,541,148,544,147,546,146,546,144,546,144,546,143,546,141,546,141,546,140,544,138,541,138,537,138,537,138,533,138,530,138,528,140,528,141,528,141,528,143,528,144,528,144,528,146,528,148,528,148,528,149,527,150,524,151,519,151,519,151,515,151,512,151,510,153,510,154,510,154,510,156,510,157,510,157,510,159,512,160,515,161,518,161,519,162,521,163,524,164,528,164,528,164,533,164,536,164,537,165,538,167,541,167,544,168,546,169,546,170,546,170,546,172,547,173,550,174,553,174,555,175,555,177,555,177,555,178,556,180,559,180,562,181,564,182,564,183,564,183,564,185,564,187,564,187,564,188,565,189,568,190,571,190,572,191,572,193,572,193,572,195,574,196,577,196,580,197,581,198,583,199,586,200,589,199,590,198,590,196,590,196,590,195,589,194,586,193
506,119,503,119,502,120,503,121,506,122,509,121,510,120,509,119,506,119
506,128,503,129,502,130,503,131,506,131,509,131,510,130,509,129,506,128
444,21,441,22,440,23,441,24,444,25,447,24,448,23,447,22,444,21
444,80,441,80,440,81,441,82,444,83,447,82,448,81,447,80,444,80
444,102,441,103,440,104,440,106,435,106,432,106,431,107,432,108,435,109,438,108,440,107,440,106,444,106,447,105,448,104,447,103,444,102
426,63,423,64,422,65,422,67,422,67,422,68,422,70,422,70,422,72,422,73,422,73,422,75,423,76,426,76,429,76,431,75,431,73,431,73,431,72,431,70,431,70,431,68,431,67,431,67,431,65,429,64,426,63
417,102,414,103,413,104,414,105,417,106,420,105,422,104,420,103,417,102
417,433,414,432,413,431,412,430,409,430,406,430,404,431,403,432,400,433,397,433,395,434,395,436,395,436,395,438,397,439,400,439,404,439,404,439,409,439,412,439,413,438,414,437,417,436,420,435,422,434,420,433,417,433
382,264,379,265,378,266,378,268,378,268,378,269,378,271,378,271,378,272,376,273,373,274,370,275,369,276,370,277,373,277,376,278,378,279,378,280,378,280,378,282,379,283,382,284,385,283,386,282,386,280,386,280,386,279,386,277,386,277,386,276,386,274,386,274,386,272,386,271,386,271,386,269,386,268,386,268,386,266,385,265,382,264
364,18,361,19,360,20,360,21,360,21,360,23,360,25,355,25,352,25,351,26,352,27,355,28,358,27,360,26,360,25,364,25,367,24,369,23,369,21,369,21,369,20,367,19,364,18
329,38,326,38,324,39,326,40,329,41,332,40,333,39,332,38,329,38
267,138,264,138,262,140,264,141,267,141,270,141,271,140,270,138,267,138
249,28,246,28,245,29,246,31,249,31,252,31,254,29,252,28,249,28
231,12,228,12,227,13,228,14,231,15,234,14,236,13,234,12,231,12
63,25,60,25,59,26,60,27,63,28,66,27,68,26,66,25,63,25
63,423,60,424,59,425,60,426,63,426,66,426,68,425,66,424,63,423
360,10,361,11,364,12,369,12,369,12,373,12,376,11,378,10,360,10
254,10,254,12,258,12,262,12,262,12,267,12,270,11,271,10,254,10
267,15,264,15,262,16,262,18,267,18,271,18,271,16,270,15,267,15
