218,10,217,11,214,12,211,11,209,10,183,10,181,11,178,12,175,11,174,10,165,10,164,11,161,12,156,12,156,13,155,14,152,15,149,14,147,13,149,12,152,12,156,12,156,10,59,10,57,11,54,12,51,11,50,10,30,10,10,10,10,339,13,339,14,340,14,342,14,342,14,344,14,345,14,345,14,347,16,348,19,349,22,349,23,350,23,352,23,352,23,353,25,354,28,355,31,356,32,357,32,358,32,358,32,360,32,361,32,361,32,363,32,365,32,365,32,366,34,367,37,368,40,368,41,370,41,371,41,371,41,373,42,374,45,374,48,375,50,376,50,378,50,378,50,379,50,381,50,381,50,383,50,384,50,384,50,386,50,387,54,387,57,388,59,389,59,391,59,391,59,392,60,393,63,394,66,394,68,395,68,397,68,397,68,399,66,400,63,400,60,400,59,399,57,398,54,397,51,397,50,395,50,394,50,394,50,392,50,391,50,391,50,389,50,387,45,387,42,387,41,386,41,384,41,384,41,383,40,381,37,381,34,380,32,379,32,378,32,378,32,376,32,374,32,374,32,373,31,372,28,371,25,371,23,370,23,368,23,368,23,366,23,365,23,365,23,363,22,362,19,361,16,361,14,360,14,358,14,358,14,357,13,356,10,355,10,413,10,470,156,470,158,469,161,468,164,468,165,467,166,466,169,465,174,465,174,464,175,462,178,462,181,461,183,460,184,459,187,459,192,459,192,459,196,459,199,459,200,460,199,461,196,462,193,462,192,464,190,465,187,465,183,465,183,465,178,465,174,465,174,467,174,468,174,468,174,470,510,470,510,468,510,468,510,467,509,466,506,465,503,465,502,464,503,462,506,462,510,462,510,462,515,462,519,462,519,462,524,462,528,462,528,462,533,462,537,462,537,462,541,462,544,462,546,464,546,465,546,465,546,467,546,468,546,468,546,470,588,470,630,470,630,248,627,248,626,246,626,245,621,245,618,244,617,243,617,242,617,242,617,240,617,238,617,238,617,237,618,236,621,235,626,235,626,234,626,232,626,232,626,230,627,229,630,229,630,119,630,10,218,10
595,25,592,24,590,23,589,22,586,21,583,21,581,20,580,19,577,18,574,18,572,16,571,15,568,15,565,15,564,16,564,18,564,18,564,20,565,21,568,21,571,22,572,23,572,25,572,25,572,26,574,27,577,28,580,28,581,29,581,31,581,31,581,33,581,34,581,34,581,36,581,38,581,38,581,39,581,41,581,41,581,42,581,44,581,44,581,46,581,47,581,47,581,49,583,50,586,50,590,50,590,50,595,50,598,50,599,49,599,47,599,47,599,46,599,44,599,44,599,42,599,41,599,41,599,39,599,38,599,38,599,36,599,34,599,34,599,33,599,31,599,31,599,29,599,28,599,28,599,26,598,25,595,25
577,170,574,170,572,169,571,168,568,167,565,167,564,165,562,164,559,164,556,163,555,162,553,161,550,161,546,161,546,161,541,161,537,161,537,161,533,161,528,161,528,159,528,157,533,157,536,157,537,156,537,154,537,154,537,153,537,151,537,151,537,149,538,148,541,148,544,147,546,146,546,144,546,144,546,143,546,141,546,141,546,140,544,138,541,138,538,137,537,136,536,135,533,135,530,134,528,133,528,131,528,131,528,130,528,128,528,128,528,127,528,125,528,125,528,123,527,122,524,122,521,122,519,123,519,125,519,125,519,127,519,128,519,128,519,130,519,131,519,131,519,133,519,135,519,135,519,136,519,138,519,138,519,140,519,141,519,141,519,143,519,144,519,144,519,146,521,147,524,148,527,148,528,149,528,151,528,151,528,153,528,154,528,154,528,156,528,157,524,157,521,158,519,159,521,160,524,161,528,161,528,162,530,163,533,164,536,164,537,165,538,167,541,167,544,168,546,169,546,170,546,170,546,172,547,173,550,174,555,174,555,174,559,174,562,174,564,175,564,177,564,177,564,178,565,180,568,180,572,180,572,180,577,180,580,180,581,178,581,177,581,177,581,175,581,174,581,174,581,172,580,171,577,170
568,38,565,38,564,39,565,40,568,41,571,40,572,39,571,38,568,38
559,112,556,111,555,110,553,109,550,109,547,109,546,110,546,112,546,112,546,114,546,115,541,115,538,116,537,117,537,119,537,119,537,120,538,121,541,122,544,121,546,120,546,119,546,119,546,117,546,115,550,115,555,115,555,115,559,115,562,115,564,114,562,113,559,112
559,131,556,132,555,133,556,134,559,135,562,134,564,133,562,132,559,131
559,430,556,430,555,431,556,432,559,433,562,432,564,431,562,430,559,430
524,93,521,92,519,91,519,89,519,89,519,88,518,87,515,86,512,87,510,88,510,89,510,89,510,91,510,93,510,93,510,94,509,95,506,96,503,96,502,97,502,99,502,99,502,101,503,102,506,102,509,103,510,104,510,106,510,106,510,107,510,109,510,109,510,110,510,112,510,112,510,114,510,115,510,115,510,117,512,118,515,119,519,119,519,119,524,119,527,118,528,117,528,115,528,115,528,114,528,112,528,112,528,110,528,109,528,109,528,107,528,106,528,106,528,104,527,103,524,102,521,102,519,101,519,99,519,99,519,97,521,96,524,96,527,95,528,94,527,93,524,93
515,67,512,67,510,68,510,70,510,70,510,72,512,73,515,73,518,73,519,72,519,70,519,70,519,68,518,67,515,67
506,57,503,56,502,55,502,54,502,54,502,52,500,51,497,50,493,50,493,50,488,50,485,51,484,52,482,53,479,54,476,54,475,55,475,57,475,57,475,59,476,60,479,60,482,61,484,62,485,63,488,63,491,64,493,65,493,67,493,67,493,68,493,70,493,70,493,72,493,73,493,73,493,75,494,76,497,76,500,76,502,75,502,73,502,73,502,72,502,70,502,70,502,68,502,67,502,67,502,65,503,64,506,63,509,63,510,62,510,60,510,60,510,59,509,58,506,57
462,99,459,100,457,101,457,102,457,102,457,104,457,106,457,106,457,107,457,109,457,109,457,110,457,112,457,112,457,114,456,115,453,115,450,116,448,117,448,119,448,119,448,120,450,121,453,122,456,121,457,120,459,119,462,119,465,118,466,117,466,115,466,115,466,114,466,112,466,112,466,110,466,109,466,109,466,107,466,106,466,106,466,104,466,102,466,102,466,101,465,100,462,99
444,106,441,106,440,107,441,108,444,109,447,108,448,107,447,106,444,106
373,442,370,443,369,444,370,445,373,446,376,445,378,444,376,443,373,442
329,41,326,41,324,42,326,43,329,44,332,43,333,42,332,41,329,41
231,449,227,449,227,447,226,446,223,446,218,446,218,446,214,446,211,446,209,447,211,448,214,449,218,449,218,449,223,449,227,449,227,451,227,452,227,452,227,454,228,455,231,455,234,455,236,454,236,452,236,452,236,451,234,449,231,449
169,21,166,22,165,23,166,24,169,25,172,24,174,23,172,22,169,21
107,293,104,293,103,292,102,291,99,290,96,290,94,289,93,288,90,287,85,287,85,287,81,287,78,288,76,289,75,290,72,290,68,290,68,290,63,290,60,290,59,289,59,287,59,287,59,285,57,284,54,284,51,283,50,282,50,280,50,280,50,279,48,278,45,277,41,277,41,277,37,277,34,278,32,279,31,280,28,280,25,281,23,282,25,283,28,284,31,284,32,285,34,286,37,287,40,288,41,289,41,290,41,290,41,292,41,293,41,293,41,295,41,297,41,297,41,298,41,300,41,300,41,302,42,303,45,303,48,304,50,305,51,306,54,306,59,306,59,306,63,306,68,306,68,306,72,306,75,306,76,305,78,304,81,303,84,303,85,302,87,300,90,300,94,300,94,300,99,300,102,299,103,298,104,297,107,297,110,296,112,295,110,294,107,293
90,18,87,19,85,20,87,21,90,21,93,21,94,20,93,19,90,18
537,470,536,469,533,468,530,469,528,470,537,470
630,235,626,235,626,237,626,238,626,238,626,240,626,242,626,242,626,243,626,245,630,245,630,235
