10,187,14,187,14,187,19,187,23,187,23,187,28,187,32,187,32,187,37,187,41,187,41,187,45,187,48,187,50,188,51,189,54,190,57,190,59,191,59,193,59,193,59,195,59,196,59,196,59,198,59,200,59,200,59,201,59,203,59,203,59,204,57,205,54,206,51,207,50,208,48,209,45,209,42,210,41,211,40,212,37,212,34,212,32,211,31,210,28,209,25,209,23,208,23,206,23,206,23,204,23,203,23,203,23,201,22,200,19,200,16,200,14,201,14,203,14,203,14,204,14,206,14,206,14,208,14,209,14,209,14,211,16,212,19,212,22,213,23,214,23,216,23,216,23,217,23,219,23,219,23,221,23,222,23,222,23,224,23,225,23,225,23,227,23,229,23,229,23,230,23,232,23,232,23,234,23,235,23,235,23,237,22,238,19,238,16,238,14,237,13,236,10,235,10,310,13,310,14,311,14,313,14,313,14,315,14,316,14,316,14,318,13,319,10,319,10,323,13,323,14,324,16,325,19,326,22,326,23,327,23,329,23,329,23,331,22,332,19,332,14,332,14,332,10,332,10,401,10,470,94,470,96,469,99,468,102,469,103,470,112,470,113,469,116,468,119,469,121,470,165,470,165,468,165,468,165,467,165,465,161,465,158,465,156,464,158,462,161,462,164,462,165,464,165,465,169,465,174,465,174,465,178,465,181,466,183,467,183,468,183,468,183,470,484,470,485,469,488,468,491,469,493,470,561,470,630,470,630,141,627,142,626,143,624,144,621,144,618,145,617,146,617,148,617,148,617,149,615,150,612,151,609,151,608,153,608,154,608,154,608,156,606,157,603,157,600,158,599,159,599,161,599,161,599,162,598,163,595,164,592,163,590,162,589,161,586,161,581,161,581,161,577,161,574,161,572,162,572,164,572,164,572,165,572,167,572,167,572,169,572,170,572,170,572,172,571,173,568,174,565,174,564,175,562,176,559,177,556,176,555,175,553,174,550,174,547,173,546,172,546,170,546,170,546,169,546,167,546,167,546,165,546,164,546,164,546,162,547,161,550,161,553,160,555,159,556,158,559,157,564,157,564,157,568,157,571,157,572,156,572,154,572,154,572,153,572,151,572,151,572,149,572,148,572,148,572,146,574,145,577,144,580,144,581,143,583,142,586,141,590,141,590,141,595,141,599,141,599,141,603,141,606,141,608,140,609,138,612,138,615,137,617,136,617,135,617,135,617,133,618,132,621,131,624,131,626,130,626,128,626,128,626,127,627,126,630,125,630,67,630,10,320,10,10,10,10,187
621,112,617,112,617,112,612,112,609,113,608,114,606,115,603,115,599,115,599,115,595,115,592,116,590,117,589,118,586,119,581,119,581,119,577,119,572,119,572,119,568,119,565,119,564,120,565,121,568,122,571,122,572,123,572,125,572,125,572,127,574,128,577,128,580,129,581,130,580,131,577,131,574,132,572,133,572,135,572,135,572,136,574,137,577,138,580,137,581,136,583,135,586,135,589,134,590,133,590,131,590,131,590,130,592,129,595,128,599,128,599,128,603,128,606,128,608,127,608,125,608,125,608,123,608,122,608,122,608,120,609,119,612,119,615,118,617,117,618,116,621,115,624,115,626,114,624,113,621,112
568,297,565,297,564,298,564,300,564,300,564,302,564,303,564,303,564,305,564,306,564,306,564,308,564,310,564,310,564,311,564,313,564,313,564,315,564,316,564,316,564,318,564,319,564,319,564,321,564,323,564,323,564,324,564,326,564,326,564,327,565,329,568,329,571,329,572,327,572,326,572,326,572,324,572,323,572,323,572,321,572,319,572,319,572,318,572,316,572,316,572,315,572,313,572,313,572,311,572,310,572,310,572,308,572,306,572,306,572,305,572,303,572,303,572,302,572,300,572,300,572,298,571,297,568,297
550,112,547,113,546,114,547,115,550,115,553,115,555,114,553,113,550,112
550,128,547,128,546,127,546,125,546,125,546,123,544,122,541,122,538,122,537,123,537,125,537,125,537,127,537,128,537,128,537,130,537,131,537,131,537,133,537,135,537,135,537,136,536,137,533,138,530,138,528,140,530,141,533,141,536,142,537,143,538,144,541,144,544,144,546,143,547,142,550,141,553,141,555,140,555,138,555,138,555,136,555,135,555,135,555,133,555,131,555,131,555,130,553,129,550,128
533,151,530,151,528,153,528,154,528,154,528,156,528,157,524,157,519,157,519,157,515,157,512,158,510,159,510,161,510,161,510,162,510,164,510,164,510,165,512,167,515,167,518,167,519,165,519,164,519,164,519,162,521,161,524,161,527,160,528,159,528,157,533,157,536,157,537,156,537,154,537,154,537,153,536,151,533,151
533,430,530,429,528,428,527,427,524,426,521,427,519,428,519,430,519,430,519,431,518,432,515,433,512,433,510,434,510,436,510,436,510,438,510,439,510,439,510,441,510,442,510,442,510,444,512,445,515,446,518,446,519,447,519,449,519,449,519,451,521,452,524,452,527,452,528,451,528,449,528,449,528,447,528,446,528,446,528,444,528,442,528,442,528,441,530,440,533,439,536,439,537,438,537,436,537,436,537,434,537,433,537,433,537,431,536,430,533,430
471,12,468,12,466,13,468,14,471,15,474,14,475,13,474,12,471,12
382,271,378,271,378,271,373,271,370,271,369,272,369,274,369,274,369,276,367,277,364,277,360,277,360,277,355,277,352,278,351,279,350,280,347,280,344,281,342,282,342,284,342,284,342,285,341,286,338,287,335,288,333,289,333,290,333,290,333,292,335,293,338,293,341,293,342,292,344,291,347,290,350,290,351,289,352,288,355,287,358,286,360,285,361,284,364,284,367,283,369,282,370,281,373,280,378,280,378,280,382,280,385,280,386,279,386,277,386,277,386,276,386,274,386,274,386,272,385,271,382,271
293,96,290,96,289,97,288,99,285,99,282,100,280,101,279,102,276,102,273,103,271,104,273,105,276,106,280,106,280,106,285,106,288,105,289,104,290,103,293,102,296,102,298,101,298,99,298,99,298,97,296,96,293,96
223,187,218,187,218,187,214,187,209,187,209,187,205,187,202,187,200,188,199,189,196,190,192,190,192,190,187,190,184,190,183,191,184,192,187,193,192,193,192,193,196,193,200,193,200,193,205,193,209,193,209,193,214,193,217,192,218,191,220,190,223,190,226,189,227,188,226,187,223,187
178,381,175,380,174,379,172,378,169,378,165,378,165,378,161,378,156,378,156,378,152,378,149,377,147,376,146,375,143,374,140,374,138,373,137,372,134,371,130,371,130,371,125,371,122,371,121,370,119,368,116,368,112,368,112,368,107,368,104,367,103,366,102,365,99,365,94,365,94,365,90,365,87,364,85,363,84,362,81,361,78,361,76,360,75,359,72,358,69,358,68,357,66,356,63,355,60,354,59,353,57,352,54,352,51,352,50,353,50,355,50,355,50,357,50,358,50,358,50,360,50,361,50,361,50,363,51,364,54,365,57,365,59,366,60,367,63,368,66,369,68,370,69,371,72,371,75,372,76,373,78,374,81,374,85,374,85,374,90,374,94,374,94,374,99,374,102,375,103,376,104,377,107,378,110,378,112,379,113,380,116,381,121,381,121,381,125,381,128,381,130,383,131,384,134,384,138,384,138,384,143,384,147,384,147,384,152,384,156,384,156,384,161,384,165,384,165,384,169,384,174,384,174,384,178,384,181,384,183,383,181,381,178,381
169,190,165,190,165,190,161,190,158,190,156,191,155,192,152,193,149,194,147,195,149,196,152,196,156,196,156,196,161,196,165,196,165,196,169,196,172,196,174,195,174,193,174,193,174,191,172,190,169,190
134,193,130,193,130,193,125,193,121,193,121,193,116,193,113,194,112,195,110,196,107,196,104,196,103,195,102,194,99,193,94,193,94,193,90,193,85,193,85,193,81,193,78,194,76,195,75,196,72,196,69,197,68,198,69,199,72,200,75,200,76,201,76,203,76,203,76,204,76,206,76,206,76,208,76,209,76,209,76,211,78,212,81,212,84,212,85,211,87,210,90,209,93,209,94,208,96,207,99,206,102,205,103,204,104,203,107,203,110,202,112,201,113,200,116,200,121,200,121,200,125,200,128,199,130,198,131,197,134,196,137,196,138,195,137,194,134,193
63,423,60,424,59,425,60,426,63,426,66,426,68,425,66,424,63,423
37,339,32,339,32,337,31,336,28,336,25,336,23,337,25,338,28,339,32,339,32,340,34,342,37,342,40,342,41,340,40,339,37,339
