10,200,13,200,14,201,14,203,14,203,14,204,13,205,10,206,10,219,13,219,14,221,14,222,14,222,14,224,16,225,19,225,23,225,23,225,28,225,31,226,32,227,32,229,32,229,32,230,34,231,37,232,40,232,41,234,42,235,45,235,48,236,50,237,51,238,54,238,57,239,59,240,59,242,59,242,59,243,57,244,54,245,51,244,50,243,48,242,45,242,42,241,41,240,40,239,37,238,34,238,32,237,31,236,28,235,25,235,23,234,22,232,19,232,16,231,14,230,13,229,10,229,10,349,10,470,320,470,630,470,630,240,630,10,320,10,10,10,10,200
621,109,617,109,617,109,612,109,609,108,608,107,606,106,603,106,599,106,599,106,595,106,592,105,590,104,589,103,586,102,581,102,581,102,577,102,572,102,572,102,568,102,564,102,564,102,559,102,555,102,555,102,550,102,546,102,546,102,541,102,538,102,537,101,536,100,533,99,530,100,528,101,527,102,524,102,521,102,519,101,518,100,515,99,512,99,510,97,509,96,506,96,503,95,502,94,500,93,497,93,494,92,493,91,493,89,493,89,493,88,493,86,493,86,493,85,491,83,488,83,485,82,484,81,482,80,479,80,476,80,475,81,475,83,475,83,475,85,474,86,471,86,466,86,466,86,462,86,457,86,457,86,453,86,450,87,448,88,448,89,448,89,448,91,448,93,448,93,448,94,448,96,448,96,448,97,450,99,453,99,456,100,457,101,457,102,457,102,457,104,457,106,457,106,457,107,457,109,457,109,457,110,456,111,453,112,450,111,448,110,447,109,444,109,441,108,440,107,440,106,440,106,440,104,440,102,440,102,440,101,440,99,440,99,440,97,438,96,435,96,432,95,431,94,431,93,431,93,431,91,431,89,431,89,431,88,429,87,426,86,423,87,422,88,422,89,422,89,422,91,420,92,417,93,414,93,413,94,412,95,409,96,406,95,404,94,403,93,400,93,395,93,395,93,391,93,388,92,386,91,385,90,382,89,379,89,378,88,378,86,378,86,378,85,376,83,373,83,370,82,369,81,369,80,369,80,369,78,367,77,364,76,361,76,360,75,358,74,355,73,352,73,351,72,351,70,351,70,351,68,350,67,347,67,342,67,342,67,338,67,333,67,333,67,329,67,324,67,324,67,320,67,316,67,316,67,311,67,308,67,307,68,307,70,307,70,307,72,307,73,307,73,307,75,307,76,307,76,307,78,308,79,311,80,314,79,316,78,317,77,320,76,323,76,324,75,326,74,329,73,333,73,333,73,338,73,341,74,342,75,342,76,342,76,342,78,344,79,347,80,350,80,351,81,351,83,351,83,351,85,352,86,355,86,358,87,360,88,360,89,360,89,360,91,360,93,360,93,360,94,361,95,364,96,367,96,369,97,369,99,369,99,369,101,367,102,364,102,361,103,360,104,358,105,355,106,351,106,351,106,347,106,344,106,342,107,342,109,342,109,342,110,341,111,338,112,335,113,333,114,333,115,333,115,333,117,333,119,333,119,333,120,335,121,338,122,341,121,342,120,344,119,347,119,350,118,351,117,352,116,355,115,358,116,360,117,360,119,360,119,360,120,361,121,364,122,367,121,369,120,369,119,369,119,369,117,369,115,369,115,369,114,369,112,369,112,369,110,370,109,373,109,376,109,378,110,378,112,378,112,378,114,379,115,382,115,386,115,386,117,386,119,386,119,386,120,388,121,391,122,394,121,395,120,395,119,395,119,395,117,394,116,391,115,386,115,386,114,388,113,391,112,394,112,395,110,397,109,400,109,403,109,404,110,406,112,409,112,412,112,413,110,414,109,417,109,420,109,422,110,422,112,422,112,422,114,423,115,426,115,431,115,431,115,435,115,438,116,440,117,440,119,440,119,440,120,441,121,444,122,447,121,448,120,450,119,453,119,457,119,457,119,462,119,465,118,466,117,468,116,471,115,475,115,475,115,479,115,484,115,484,115,488,115,493,115,493,115,497,115,502,115,502,117,503,118,506,119,510,119,510,119,515,119,518,118,519,117,518,116,515,115,510,115,510,115,506,115,502,115,502,114,502,112,502,112,502,110,503,109,506,109,509,108,510,107,512,106,515,106,518,106,519,107,521,108,524,109,527,109,528,110,530,112,533,112,536,112,537,110,538,109,541,109,544,109,546,110,546,112,546,112,546,114,547,115,550,115,555,115,555,115,559,115,562,115,564,114,565,113,568,112,572,112,572,112,577,112,581,112,581,112,586,112,590,112,590,112,595,112,599,112,599,112,603,112,606,113,608,114,609,115,612,115,615,115,617,114,618,113,621,112,624,112,626,110,624,109,621,109
621,268,618,268,617,269,618,270,621,271,624,270,626,269,624,268,621,268
612,119,608,119,608,119,603,119,600,119,599,120,598,121,595,122,592,122,590,123,589,124,586,125,583,126,581,127,581,128,577,128,574,129,572,130,572,131,568,131,565,132,564,133,565,134,568,135,571,134,572,133,572,131,577,131,580,131,581,130,581,128,586,128,590,128,590,128,595,128,599,128,599,128,603,128,606,128,608,127,608,125,608,125,608,123,609,122,612,122,615,121,617,120,615,119,612,119
533,232,530,232,528,234,527,235,524,235,519,235,519,235,515,235,510,235,510,235,506,235,502,235,502,235,497,235,493,235,493,235,488,235,484,235,484,235,479,235,476,236,475,237,476,238,479,238,484,238,484,238,488,238,493,238,493,238,497,238,502,238,502,238,506,238,510,238,510,238,515,238,519,238,519,238,524,238,528,238,528,238,533,238,536,238,537,237,537,235,537,235,537,234,536,232,533,232
524,31,521,32,519,33,521,34,524,34,527,34,528,33,527,32,524,31
515,21,512,22,510,23,512,24,515,25,518,24,519,23,518,22,515,21
497,15,494,15,493,16,494,18,497,18,500,18,502,16,500,15,497,15
444,38,441,38,440,39,440,41,435,41,431,41,431,41,426,41,422,41,422,41,417,41,414,41,413,42,414,43,417,44,420,45,422,46,422,47,422,47,422,49,423,50,426,50,429,50,431,49,431,47,431,47,431,46,432,45,435,44,438,43,440,42,440,41,444,41,447,40,448,39,447,38,444,38
444,67,441,67,440,68,441,69,444,70,447,69,448,68,447,67,444,67
444,455,441,455,440,454,438,453,435,452,432,452,431,451,429,449,426,449,422,449,422,449,417,449,413,449,413,449,409,449,404,449,404,449,400,449,395,449,395,449,391,449,388,448,386,447,385,446,382,446,378,446,378,446,373,446,370,445,369,444,367,443,364,442,361,442,360,441,358,440,355,439,352,439,351,438,350,437,347,436,344,435,342,434,341,433,338,433,335,432,333,431,332,430,329,430,324,430,324,430,320,430,317,429,316,428,314,427,311,426,308,426,307,425,305,424,302,423,299,422,298,421,296,420,293,420,289,420,289,420,285,420,280,420,280,420,276,420,273,419,271,418,270,417,267,417,262,417,262,417,258,417,254,417,254,417,249,417,245,417,245,417,240,417,237,416,236,415,237,414,240,413,243,413,245,412,245,410,245,410,245,408,243,407,240,407,236,407,236,407,231,407,227,407,227,407,223,407,220,406,218,405,217,404,214,404,209,404,209,404,205,404,200,404,200,404,196,404,192,404,192,404,187,404,184,404,183,405,183,407,183,407,183,408,184,410,187,410,190,411,192,412,192,413,192,413,192,415,192,417,192,417,192,418,193,419,196,420,200,420,200,420,205,420,208,420,209,421,211,422,214,423,217,424,218,425,218,426,218,426,218,428,220,429,223,430,227,430,227,430,231,430,234,429,236,428,237,427,240,426,245,426,245,426,249,426,254,426,254,426,258,426,261,427,262,428,261,429,258,430,255,430,254,431,255,432,258,433,262,433,262,433,267,433,271,433,271,433,276,433,280,433,280,433,285,433,288,433,289,434,290,435,293,436,298,436,298,436,302,436,305,437,307,438,308,439,311,439,314,440,316,441,317,442,320,442,323,443,324,444,323,445,320,446,317,446,316,447,317,448,320,449,324,449,324,449,329,449,333,449,333,449,338,449,341,449,342,451,344,452,347,452,350,452,351,451,352,449,355,449,358,449,360,451,361,452,364,452,369,452,369,452,373,452,378,452,378,452,382,452,386,452,386,452,391,452,395,452,395,452,400,452,403,453,404,454,406,455,409,455,412,456,413,457,413,459,413,459,413,460,413,462,409,462,406,462,404,464,406,465,409,465,412,465,413,464,413,462,417,462,422,462,422,462,426,462,431,462,431,462,435,462,438,461,440,460,441,459,444,459,447,458,448,457,447,456,444,455
435,57,432,58,431,59,432,60,435,60,438,60,440,59,438,58,435,57
426,63,423,64,422,65,423,66,426,67,429,66,431,65,429,64,426,63
426,80,423,79,422,78,420,77,417,76,413,76,413,75,412,74,409,73,406,73,404,72,404,70,404,70,404,68,403,67,400,67,397,66,395,65,395,63,395,63,395,62,395,60,395,60,395,59,395,57,395,57,395,55,394,54,391,54,386,54,386,54,382,54,379,54,378,55,379,56,382,57,385,58,386,59,386,60,386,60,386,62,386,63,386,63,386,65,386,67,386,67,386,68,388,69,391,70,394,70,395,72,395,73,395,73,395,75,397,76,400,76,404,76,404,76,409,76,413,76,413,78,413,80,413,80,413,81,414,82,417,83,422,83,422,83,426,83,429,82,431,81,429,80,426,80
417,54,414,54,413,55,414,56,417,57,420,56,422,55,420,54,417,54
400,38,395,38,395,38,391,38,388,38,386,39,386,41,386,41,386,42,388,43,391,44,395,44,395,44,400,44,403,43,404,42,404,41,404,41,404,39,403,38,400,38
382,28,379,28,378,29,379,31,382,31,385,31,386,29,385,28,382,28
382,47,379,48,378,49,379,50,382,50,385,50,386,49,385,48,382,47
382,436,379,437,378,438,379,439,382,439,385,439,386,438,385,437,382,436
373,34,370,35,369,36,369,38,369,38,369,39,369,41,369,41,369,42,370,43,373,44,376,43,378,42,378,41,378,41,378,39,378,38,378,38,378,36,376,35,373,34
364,54,361,54,360,55,361,56,364,57,367,56,369,55,367,54,364,54
347,54,342,54,342,54,338,54,333,54,333,52,333,50,333,50,333,49,333,47,333,47,333,46,332,45,329,44,326,45,324,46,324,47,324,47,324,49,324,50,324,50,324,52,326,53,329,54,333,54,333,55,335,56,338,57,342,57,342,57,347,57,350,56,351,55,350,54,347,54
338,15,335,15,333,16,335,18,338,18,341,18,342,16,341,15,338,15
338,60,333,60,333,60,329,60,324,60,324,60,320,60,316,60,316,60,311,60,308,61,307,62,308,63,311,63,316,63,316,63,320,63,324,63,324,63,329,63,333,63,333,63,338,63,341,63,342,62,341,61,338,60
311,50,308,51,307,52,308,53,311,54,314,53,316,52,314,51,311,50
302,28,299,28,298,29,296,31,293,31,290,31,289,29,289,28,289,28,289,26,288,25,285,25,280,25,280,25,276,25,271,25,271,25,267,25,262,25,262,25,258,25,255,25,254,26,254,28,254,28,254,29,255,31,258,31,262,31,262,31,267,31,271,31,271,33,273,34,276,34,279,35,280,36,280,38,280,38,280,39,280,41,280,41,280,42,280,44,280,44,280,46,280,47,280,47,280,49,282,50,285,50,289,50,289,50,293,50,296,50,298,49,299,48,302,47,305,47,307,46,307,44,307,44,307,42,307,41,307,41,307,39,305,38,302,38,299,37,298,36,299,35,302,34,305,34,307,33,307,31,307,31,307,29,305,28,302,28
285,96,282,96,280,97,280,99,276,99,273,100,271,101,271,102,271,102,271,104,271,106,271,106,271,107,273,108,276,109,280,109,280,109,285,109,288,108,289,107,289,106,289,106,289,104,288,103,285,102,282,102,280,101,280,99,285,99,288,99,289,97,288,96,285,96
196,387,192,387,192,387,187,387,184,388,183,389,183,391,183,391,183,392,184,393,187,394,190,394,192,395,193,397,196,397,199,397,200,395,200,394,200,394,200,392,200,391,200,391,200,389,199,388,196,387
178,374,175,374,174,373,174,371,174,371,174,370,172,368,169,368,166,367,165,366,165,365,165,365,165,363,164,362,161,361,156,361,156,361,152,361,149,361,147,360,146,359,143,358,140,358,138,357,137,356,134,355,130,355,130,355,125,355,122,356,121,357,121,358,121,358,121,360,122,361,125,361,128,362,130,363,130,365,130,365,130,366,131,367,134,368,138,368,138,368,143,368,146,369,147,370,147,371,147,371,147,373,146,374,143,374,140,375,138,376,140,377,143,378,146,378,147,379,149,380,152,381,155,381,156,383,158,384,161,384,165,384,165,384,169,384,174,384,174,384,178,384,181,384,183,383,183,381,183,381,183,379,183,378,183,378,183,376,181,375,178,374
169,63,165,63,165,63,161,63,156,63,156,63,152,63,149,64,147,65,146,66,143,67,140,67,138,68,138,70,138,70,138,72,138,73,138,73,138,75,138,76,138,76,138,78,138,80,138,80,138,81,138,83,138,83,138,85,138,86,138,86,138,88,138,89,138,89,138,91,140,92,143,93,146,93,147,94,147,96,147,96,147,97,149,99,152,99,155,99,156,97,156,96,156,96,156,94,156,93,156,93,156,91,156,89,161,89,164,89,165,88,165,86,165,86,165,85,164,83,161,83,158,83,156,85,156,86,156,86,156,88,156,89,152,89,149,89,147,88,147,86,147,86,147,85,147,83,147,83,147,81,147,80,147,80,147,78,149,77,152,76,155,76,156,75,156,73,156,73,156,72,158,70,161,70,165,70,165,70,169,70,172,69,174,68,174,67,174,67,174,65,172,64,169,63
161,25,158,25,156,26,158,27,161,28,164,27,165,26,164,25,161,25
152,12,149,12,147,13,147,15,147,15,147,16,147,18,147,18,147,20,149,21,152,21,155,21,156,20,156,18,156,18,156,16,156,15,156,15,156,13,155,12,152,12
152,57,149,58,147,59,149,60,152,60,155,60,156,59,155,58,152,57
54,420,51,420,50,421,51,422,54,423,57,422,59,421,57,420,54,420
276,28,273,28,271,29,271,31,276,31,279,31,280,29,279,28,276,28
