590,10,592,11,595,12,598,12,599,13,599,15,599,15,599,16,599,18,599,18,599,20,599,21,599,21,599,23,599,25,599,25,599,26,599,28,599,28,599,29,599,31,599,31,599,33,599,34,599,34,599,36,599,38,599,38,599,39,599,41,599,41,599,42,600,43,603,44,606,45,608,46,606,47,603,47,599,47,599,47,595,47,592,48,590,49,590,50,590,50,590,52,589,53,586,54,583,54,581,55,580,56,577,57,574,56,572,55,572,54,572,54,572,52,572,50,572,50,572,49,572,47,572,47,572,46,574,45,577,44,580,43,581,42,581,41,581,41,581,39,581,38,581,38,581,36,581,34,581,34,581,33,581,31,581,31,581,29,580,28,577,28,574,27,572,26,572,25,572,25,572,23,572,21,572,21,572,20,572,18,572,18,572,16,572,15,572,15,572,13,571,12,568,12,565,11,564,10,287,10,10,10,10,67,13,67,14,68,14,70,14,70,14,72,14,73,14,73,14,75,14,76,14,76,14,78,14,80,14,80,14,81,13,82,10,83,10,339,13,339,14,340,14,342,14,342,14,344,14,345,14,345,14,347,16,348,19,349,22,349,23,350,23,352,23,352,23,353,23,355,23,355,23,357,23,358,23,358,23,360,23,361,23,361,23,363,23,365,28,365,32,365,32,365,37,365,40,365,41,366,42,367,45,368,48,368,50,370,51,371,54,371,57,372,59,373,60,374,63,374,66,375,68,376,66,377,63,378,59,378,59,378,54,378,50,378,50,378,45,378,41,378,41,378,37,378,32,378,32,378,28,378,23,378,23,378,19,378,16,377,14,376,14,374,14,374,14,373,14,371,14,371,14,370,16,368,19,368,22,367,23,366,23,365,19,365,14,365,14,365,10,365,10,417,10,470,440,470,440,468,440,468,440,467,441,466,444,465,447,465,448,464,450,462,453,462,456,462,457,464,459,465,462,465,466,465,466,465,471,465,474,466,475,467,475,468,475,468,475,470,553,470,630,470,630,284,626,284,626,284,621,284,618,283,617,282,615,281,612,280,609,280,608,279,608,277,608,277,608,276,606,275,603,274,600,273,599,272,599,271,599,271,599,269,600,268,603,268,608,268,608,268,612,268,615,268,617,269,618,270,621,271,624,271,626,272,627,273,630,274,630,248,627,248,626,246,626,245,626,245,626,243,626,242,626,242,626,240,626,238,626,238,626,237,627,236,630,235,630,123,630,10,590,10
612,83,609,83,608,85,608,86,608,86,608,88,608,89,608,89,608,91,609,92,612,93,615,92,617,91,617,89,617,89,617,88,617,86,617,86,617,85,615,83,612,83
612,119,609,119,608,120,608,122,603,122,600,122,599,123,599,125,595,125,592,126,590,127,589,128,586,128,581,128,581,128,577,128,572,128,572,128,568,128,564,128,564,128,559,128,556,129,555,130,553,131,550,131,547,132,546,133,546,135,546,135,546,136,546,138,546,138,546,140,546,141,546,141,546,143,547,144,550,144,555,144,555,144,559,144,564,144,564,144,568,144,571,144,572,143,574,142,577,141,580,141,581,140,583,139,586,138,589,137,590,136,590,135,595,135,598,134,599,133,600,132,603,131,606,131,608,130,608,128,612,128,615,128,617,127,615,126,612,125,608,125,608,123,608,122,612,122,615,121,617,120,615,119,612,119
568,38,565,38,564,39,565,40,568,41,571,40,572,39,571,38,568,38
568,80,565,80,564,81,562,82,559,83,555,83,555,83,550,83,547,83,546,85,546,86,546,86,546,88,546,89,546,89,546,91,547,92,550,93,553,92,555,91,556,90,559,89,564,89,564,89,568,89,571,89,572,88,572,86,572,86,572,85,572,83,572,83,572,81,571,80,568,80
541,106,538,105,537,104,536,103,533,102,530,102,528,101,528,99,528,99,528,97,527,96,524,96,521,96,519,97,519,99,519,99,519,101,519,102,519,102,519,104,519,106,519,106,519,107,518,108,515,109,512,109,510,110,510,112,510,112,510,114,510,115,510,115,510,117,512,118,515,119,518,118,519,117,521,116,524,115,527,115,528,114,528,112,528,112,528,110,530,109,533,109,537,109,537,109,541,109,544,108,546,107,544,106,541,106
515,138,512,138,510,140,510,141,510,141,510,143,510,144,510,144,510,146,512,147,515,148,518,147,519,146,519,144,519,144,519,143,519,141,519,141,519,140,518,138,515,138
506,151,503,150,502,149,502,148,502,148,502,146,502,144,502,144,502,143,500,142,497,141,494,141,493,140,493,138,493,138,493,136,493,135,493,135,493,133,493,131,493,131,493,130,491,129,488,128,484,128,484,128,479,128,475,128,475,128,471,128,468,129,466,130,466,131,466,131,466,133,466,135,466,135,466,136,466,138,466,138,466,140,466,141,466,141,466,143,468,144,471,144,474,145,475,146,475,148,475,148,475,149,475,151,475,151,475,153,476,154,479,154,482,155,484,156,484,157,484,157,484,159,485,160,488,161,491,160,493,159,493,157,493,157,493,156,494,155,497,154,500,155,502,156,503,157,506,157,509,157,510,156,510,154,510,154,510,153,509,151,506,151
497,115,494,116,493,117,494,118,497,119,500,118,502,117,500,116,497,115
497,167,493,167,493,165,491,164,488,164,484,164,484,164,479,164,475,164,475,164,471,164,468,164,466,165,468,167,471,167,474,168,475,169,476,170,479,170,482,170,484,169,485,168,488,167,493,167,493,169,494,170,497,170,500,170,502,169,500,168,497,167
488,174,485,174,484,175,485,176,488,177,491,176,493,175,491,174,488,174
479,44,476,45,475,46,476,47,479,47,482,47,484,46,482,45,479,44
479,54,476,54,475,55,476,56,479,57,482,56,484,55,482,54,479,54
435,31,432,31,431,29,429,28,426,28,423,28,422,29,422,31,422,31,422,33,420,34,417,34,413,34,413,34,409,34,406,35,404,36,403,37,400,38,397,38,395,39,395,41,395,41,395,42,395,44,395,44,395,46,395,47,395,47,395,49,395,50,395,50,395,52,397,53,400,54,404,54,404,54,409,54,412,53,413,52,414,51,417,50,420,50,422,49,423,48,426,47,429,47,431,46,431,44,431,44,431,42,432,41,435,41,438,40,440,39,440,38,440,38,440,36,440,34,440,34,440,33,438,32,435,31
435,413,432,413,431,412,429,411,426,410,423,410,422,408,422,407,422,407,422,405,422,404,422,404,422,402,420,401,417,400,414,400,413,399,413,397,413,397,413,395,412,394,409,394,406,393,404,392,403,391,400,391,397,390,395,389,394,388,391,387,388,387,386,386,385,385,382,384,378,384,378,384,373,384,370,384,369,383,367,381,364,381,361,381,360,383,360,384,360,384,360,386,361,387,364,387,369,387,369,387,373,387,376,388,378,389,378,391,378,391,378,392,379,393,382,394,385,394,386,395,386,397,386,397,386,399,388,400,391,400,394,401,395,402,397,403,400,404,403,404,404,405,404,407,404,407,404,408,404,410,404,410,404,412,406,413,409,413,413,413,413,413,417,413,420,414,422,415,423,416,426,417,431,417,431,417,435,417,438,416,440,415,438,414,435,413
400,60,397,61,395,62,395,63,395,63,395,65,397,66,400,67,403,66,404,65,404,63,404,63,404,62,403,61,400,60
391,196,386,196,386,196,382,196,379,197,378,198,379,199,382,200,385,200,386,201,388,202,391,203,394,202,395,201,395,200,395,200,395,198,394,197,391,196
391,407,388,407,386,408,388,410,391,410,394,410,395,408,394,407,391,407
382,50,379,51,378,52,378,54,378,54,378,55,379,56,382,57,385,56,386,55,386,54,386,54,386,52,385,51,382,50
364,332,360,332,360,332,355,332,352,333,351,334,351,336,351,336,351,337,351,339,351,339,351,340,352,342,355,342,358,343,360,344,361,345,364,345,367,345,369,344,369,342,369,342,369,340,369,339,369,339,369,337,369,336,369,336,369,334,367,333,364,332
355,109,352,109,351,110,352,112,355,112,358,112,360,110,358,109,355,109
311,339,308,339,307,340,308,342,311,342,314,342,316,340,314,339,311,339
302,212,299,213,298,214,299,215,302,216,305,215,307,214,305,213,302,212
302,446,299,445,298,444,296,443,293,442,290,442,289,441,288,440,285,439,280,439,280,439,276,439,273,439,271,438,270,437,267,436,262,436,262,436,258,436,254,436,254,436,249,436,246,435,245,434,243,433,240,433,236,433,236,433,231,433,228,432,227,431,226,430,223,430,218,430,218,430,214,430,211,429,209,428,208,427,205,426,200,426,200,426,196,426,193,426,192,425,190,424,187,423,183,423,183,423,178,423,175,424,174,425,175,426,178,426,181,427,183,428,183,430,183,430,183,431,184,432,187,433,190,433,192,434,193,435,196,436,199,437,200,438,202,439,205,439,209,439,209,439,214,439,218,439,218,439,223,439,226,440,227,441,228,442,231,442,236,442,236,442,240,442,243,443,245,444,246,445,249,446,254,446,254,446,258,446,262,446,262,446,267,446,271,446,271,446,276,446,280,446,280,446,285,446,288,446,289,447,290,448,293,449,298,449,298,449,302,449,305,448,307,447,305,446,302,446
231,219,227,219,227,219,223,219,220,218,218,217,217,216,214,216,209,216,209,216,205,216,200,216,200,216,196,216,193,216,192,217,192,219,192,219,192,221,193,222,196,222,200,222,200,222,205,222,209,222,209,222,214,222,217,223,218,224,220,225,223,225,226,225,227,224,228,223,231,222,234,222,236,221,234,219,231,219
231,349,227,349,227,347,226,346,223,345,220,346,218,347,220,348,223,349,227,349,227,350,228,351,231,352,234,351,236,350,234,349,231,349
143,417,140,417,138,418,140,419,143,420,146,419,147,418,146,417,143,417
72,28,69,28,68,29,69,31,72,31,75,31,76,29,75,28,72,28
72,394,68,394,68,394,63,394,59,394,59,394,54,394,51,394,50,395,50,397,50,397,50,399,51,400,54,400,59,400,59,400,63,400,66,401,68,402,68,404,68,404,68,405,68,407,68,407,68,408,68,410,68,410,68,412,68,413,68,413,68,415,69,416,72,417,75,416,76,415,76,413,76,413,76,412,76,410,76,410,76,408,76,407,76,407,76,405,76,404,76,404,76,402,76,400,76,400,76,399,76,397,76,397,76,395,75,394,72,394
54,417,51,417,50,418,51,419,54,420,57,419,59,418,57,417,54,417
45,238,41,238,41,238,37,238,34,239,32,240,32,242,32,242,32,243,32,245,32,245,32,246,34,248,37,248,40,248,41,246,42,245,45,245,48,244,50,243,50,242,50,242,50,240,48,239,45,238
603,125,599,125,599,127,600,128,603,128,608,128,608,127,608,125,603,125
586,131,583,132,581,133,583,134,586,135,590,135,590,133,589,132,586,131
568,131,565,132,564,133,564,135,568,135,571,134,572,133,571,132,568,131
559,135,556,135,555,136,556,137,559,138,562,137,564,136,564,135,559,135
