386,10,386,12,386,12,386,13,385,14,382,15,378,15,378,15,373,15,370,14,369,13,370,12,373,12,376,11,378,10,289,10,288,11,285,12,280,12,280,13,279,14,276,15,273,14,271,13,273,12,276,12,280,12,280,10,145,10,10,10,10,240,10,470,484,470,484,468,484,468,484,467,485,466,488,465,491,466,493,467,493,468,493,468,493,470,561,470,630,470,630,89,627,90,626,91,624,92,621,93,617,93,617,93,612,93,609,92,608,91,609,90,612,89,615,89,617,88,618,87,621,86,624,86,626,85,626,83,626,83,626,81,626,80,626,80,626,78,626,76,626,76,626,75,626,73,626,73,626,72,626,70,626,70,626,68,626,67,626,67,626,65,627,64,630,63,630,37,630,10,386,10
612,102,608,102,608,102,603,102,600,102,599,101,598,100,595,99,590,99,590,99,586,99,583,99,581,97,581,96,581,96,581,94,581,93,581,93,581,91,581,89,581,89,581,88,580,87,577,86,574,86,572,85,571,83,568,83,564,83,564,83,559,83,556,82,555,81,555,80,555,80,555,78,553,77,550,76,547,77,546,78,546,80,546,80,546,81,546,83,546,83,546,85,546,86,546,86,546,88,546,89,546,89,546,91,546,93,546,93,546,94,546,96,546,96,546,97,546,99,546,99,546,101,547,102,550,102,555,102,555,102,559,102,562,103,564,104,565,105,568,106,572,106,572,106,577,106,581,106,581,106,586,106,590,106,590,106,595,106,598,106,599,107,600,108,603,109,608,109,608,109,612,109,615,108,617,107,617,106,617,106,617,104,615,103,612,102
603,60,599,60,599,60,595,60,592,61,590,62,589,63,586,63,583,64,581,65,581,67,581,67,581,68,580,69,577,70,574,70,572,72,572,73,572,73,572,75,572,76,572,76,572,78,574,79,577,80,581,80,581,80,586,80,589,79,590,78,590,76,590,76,590,75,590,73,590,73,590,72,592,70,595,70,598,69,599,68,600,67,603,67,606,66,608,65,608,63,608,63,608,62,606,61,603,60
603,119,600,119,599,120,599,122,595,122,592,122,590,123,590,125,586,125,583,126,581,127,581,128,577,128,574,128,572,127,571,126,568,125,564,125,564,125,559,125,556,126,555,127,555,128,555,128,555,130,556,131,559,131,564,131,564,131,568,131,572,131,572,131,577,131,580,131,581,130,581,128,586,128,589,128,590,127,590,125,595,125,598,124,599,123,599,122,603,122,606,121,608,120,606,119,603,119
541,235,538,235,537,234,536,232,533,232,528,232,528,232,524,232,519,232,519,232,515,232,510,232,510,232,506,232,503,232,502,234,500,235,497,235,493,235,493,235,488,235,484,235,484,234,482,232,479,232,475,232,475,232,471,232,466,232,466,230,465,229,462,229,459,229,457,230,459,231,462,232,466,232,466,234,468,235,471,235,475,235,475,235,479,235,484,235,484,237,485,238,488,238,493,238,493,238,497,238,500,239,502,240,503,241,506,242,510,242,510,242,515,242,519,242,519,242,524,242,528,242,528,242,533,242,536,241,537,240,538,239,541,238,544,238,546,237,544,236,541,235
515,18,510,18,510,18,506,18,503,19,502,20,500,21,497,21,493,21,493,21,488,21,485,22,484,23,482,24,479,25,476,25,475,26,474,27,471,28,468,28,466,29,465,31,462,31,459,31,457,29,456,28,453,28,450,28,448,29,448,31,448,31,448,33,448,34,448,34,448,36,447,37,444,38,441,38,440,39,438,40,435,41,432,41,431,42,429,43,426,44,423,45,422,46,423,47,426,47,431,47,431,47,435,47,440,47,440,49,440,50,435,50,431,50,431,50,426,50,423,51,422,52,423,53,426,54,429,54,431,55,432,56,435,57,438,56,440,55,440,54,440,54,440,52,440,50,444,50,447,50,448,49,447,48,444,47,440,47,440,46,441,45,444,44,448,44,448,44,453,44,456,43,457,42,459,41,462,41,465,41,466,42,468,43,471,44,475,44,475,44,479,44,482,43,484,42,484,41,484,41,484,39,485,38,488,38,493,38,493,38,497,38,500,37,502,36,503,35,506,34,509,34,510,33,510,31,510,31,510,29,510,28,510,28,510,26,512,25,515,25,518,24,519,23,519,21,519,21,519,20,518,19,515,18
515,89,512,90,510,91,509,92,506,93,503,92,502,91,500,90,497,89,493,89,493,89,488,89,484,89,484,89,479,89,475,89,475,88,476,87,479,86,484,86,484,86,488,86,491,86,493,85,491,83,488,83,485,82,484,81,482,80,479,80,476,80,475,81,474,82,471,83,468,83,466,85,466,86,466,86,466,88,468,89,471,89,475,89,475,91,475,93,475,93,475,94,476,95,479,96,482,96,484,97,485,99,488,99,491,100,493,101,493,102,493,102,493,104,493,106,493,106,493,107,493,109,493,109,493,110,494,112,497,112,500,112,502,110,502,109,502,109,502,107,502,106,502,106,502,104,502,102,502,102,502,101,503,100,506,99,509,99,510,97,512,96,515,96,518,95,519,94,519,93,519,93,519,91,518,90,515,89
515,115,512,116,510,117,512,118,515,119,518,118,519,117,518,116,515,115
515,459,510,459,510,459,506,459,503,459,502,460,502,462,502,462,502,464,503,465,506,465,509,465,510,464,512,462,515,462,518,461,519,460,518,459,515,459
471,57,468,58,466,59,468,60,471,60,474,60,475,59,474,58,471,57
435,67,431,67,431,67,426,67,422,67,422,67,417,67,414,67,413,68,414,69,417,70,422,70,422,70,426,70,431,70,431,70,435,70,438,69,440,68,438,67,435,67
435,80,432,79,431,78,431,76,431,76,431,75,429,74,426,73,423,74,422,75,420,76,417,76,413,76,413,75,412,74,409,73,404,73,404,72,403,70,400,70,397,70,395,72,397,73,400,73,404,73,404,75,406,76,409,76,413,76,413,78,413,80,413,80,413,81,414,82,417,83,420,83,422,85,420,86,417,86,414,87,413,88,412,89,409,89,406,90,404,91,404,93,400,93,395,93,395,93,391,93,388,93,386,94,388,95,391,96,395,96,395,96,400,96,404,96,404,97,406,99,409,99,413,99,413,101,414,102,417,102,420,102,422,101,420,100,417,99,413,99,413,97,413,96,417,96,422,96,422,96,426,96,429,95,431,94,431,93,431,93,431,91,431,89,431,89,431,88,432,87,435,86,438,86,440,85,440,83,440,83,440,81,438,80,435,80
435,102,432,103,431,104,432,105,435,106,438,105,440,104,438,103,435,102
426,449,423,448,422,447,420,446,417,446,413,446,413,446,409,446,404,446,404,446,400,446,397,445,395,444,394,443,391,442,388,442,386,441,385,440,382,439,379,439,378,438,376,437,373,436,370,435,369,434,369,433,369,433,369,431,370,430,373,430,376,429,378,428,376,427,373,426,370,426,369,425,367,424,364,423,360,423,360,423,355,423,351,423,351,421,350,420,347,420,342,420,342,420,338,420,335,419,333,418,332,417,329,417,326,416,324,415,323,414,320,413,316,413,316,413,311,413,307,413,307,413,302,413,298,413,298,413,293,413,289,413,289,413,285,413,280,413,280,413,276,413,273,413,271,412,273,411,276,410,279,410,280,408,279,407,276,407,271,407,271,407,267,407,262,407,262,407,258,407,254,407,254,407,249,407,245,407,245,407,240,407,237,407,236,408,234,410,231,410,228,411,227,412,227,413,227,413,227,415,228,416,231,417,236,417,236,417,240,417,243,417,245,418,246,419,249,420,254,420,254,420,258,420,262,420,262,420,267,420,271,420,271,420,276,420,280,420,280,420,285,420,288,420,289,421,289,423,289,423,289,425,290,426,293,426,298,426,298,426,302,426,307,426,307,426,311,426,314,427,316,428,317,429,320,430,324,430,324,430,329,430,333,430,333,430,338,430,342,430,342,430,347,430,351,430,351,430,355,430,358,430,360,431,358,432,355,433,352,433,351,434,351,436,351,436,351,438,352,439,355,439,358,440,360,441,358,442,355,442,352,443,351,444,350,445,347,446,342,446,342,446,338,446,333,446,333,446,329,446,326,446,324,447,324,449,324,449,324,451,324,452,324,452,324,454,326,455,329,455,333,455,333,455,338,455,341,455,342,454,344,453,347,452,350,453,351,454,352,455,355,455,360,455,360,455,364,455,367,455,369,454,370,453,373,452,378,452,378,452,382,452,385,453,386,454,388,455,391,455,394,455,395,454,397,453,400,452,403,453,404,454,406,455,409,455,413,455,413,455,417,455,420,455,422,454,423,453,426,452,429,452,431,451,429,449,426,449
417,25,414,25,413,26,412,27,409,28,406,28,404,29,404,31,404,31,404,33,404,34,404,34,404,36,404,38,400,38,397,38,395,39,397,40,400,41,403,40,404,39,404,38,409,38,412,37,413,36,413,34,413,34,413,33,414,32,417,31,420,31,422,29,422,28,422,28,422,26,420,25,417,25
417,57,414,56,413,55,412,54,409,54,406,54,404,55,403,56,400,57,395,57,395,57,391,57,388,58,386,59,388,60,391,60,395,60,395,60,400,60,404,60,404,60,409,60,413,60,413,60,417,60,420,60,422,59,420,58,417,57
400,106,397,105,395,104,394,103,391,102,386,102,386,102,382,102,378,102,378,102,373,102,370,103,369,104,370,105,373,106,378,106,378,106,382,106,385,106,386,107,385,108,382,109,379,109,378,110,378,112,378,112,378,114,379,115,382,115,385,115,386,114,388,113,391,112,394,112,395,110,397,109,400,109,403,108,404,107,403,106,400,106
391,63,388,64,386,65,388,66,391,67,394,66,395,65,394,64,391,63
382,34,378,34,378,33,376,32,373,31,370,32,369,33,370,34,373,34,378,34,378,36,378,38,373,38,370,38,369,39,370,40,373,41,376,40,378,39,378,38,382,38,385,37,386,36,385,35,382,34
373,76,370,76,369,75,367,74,364,73,361,73,360,72,358,70,355,70,352,69,351,68,351,67,351,67,351,65,350,64,347,63,344,63,342,62,344,61,347,60,351,60,351,60,355,60,358,60,360,59,358,58,355,57,352,56,351,55,350,54,347,54,344,53,342,52,341,51,338,50,333,50,333,49,332,48,329,47,326,48,324,49,324,50,320,50,316,50,316,50,311,50,307,50,307,50,302,50,299,51,298,52,299,53,302,54,305,54,307,55,308,56,311,57,316,57,316,57,320,57,323,58,324,59,324,60,324,60,324,62,324,63,324,63,324,65,323,66,320,67,316,67,316,67,311,67,308,67,307,68,308,69,311,70,314,70,316,72,317,73,320,73,324,73,324,73,329,73,333,73,333,73,338,73,341,74,342,75,344,76,347,76,351,76,351,76,355,76,358,77,360,78,360,80,360,80,360,81,360,83,355,83,352,83,351,85,352,86,355,86,358,86,360,85,360,83,364,83,367,82,369,81,370,80,373,80,376,79,378,78,376,77,373,76
347,12,344,12,342,13,344,14,347,15,350,14,351,13,350,12,347,12
347,18,344,19,342,20,342,21,342,21,342,23,344,24,347,25,350,24,351,23,351,21,351,21,351,20,350,19,347,18
347,106,344,106,342,107,344,108,347,109,350,108,351,107,350,106,347,106
338,38,333,38,333,36,333,34,333,34,333,33,333,31,333,31,333,29,332,28,329,28,324,28,324,28,320,28,316,28,316,28,311,28,307,28,307,26,307,25,307,25,307,23,305,22,302,21,298,21,298,21,293,21,289,21,289,21,285,21,282,22,280,23,282,24,285,25,289,25,289,25,293,25,296,25,298,26,299,27,302,28,307,28,307,29,308,31,311,31,314,32,316,33,316,34,316,34,316,36,314,37,311,38,308,38,307,39,307,41,307,41,307,42,307,44,302,44,299,45,298,46,299,47,302,47,305,47,307,46,307,44,311,44,316,44,316,44,320,44,323,43,324,42,324,41,324,41,324,39,326,38,329,38,333,38,333,39,335,40,338,41,341,40,342,39,341,38,338,38
329,21,326,22,324,23,326,24,329,25,332,24,333,23,332,22,329,21
285,34,282,35,280,36,280,38,276,38,273,38,271,39,273,40,276,41,279,40,280,39,280,38,285,38,288,37,289,36,288,35,285,34
276,44,273,45,271,46,271,47,271,47,271,49,273,50,276,50,279,50,280,49,280,47,280,47,280,46,279,45,276,44
267,21,264,21,262,20,262,18,262,18,262,16,261,15,258,15,255,15,254,16,254,18,254,18,254,20,252,21,249,21,245,21,245,21,240,21,237,22,236,23,237,24,240,25,245,25,245,25,249,25,252,25,254,26,255,27,258,28,261,27,262,26,264,25,267,25,270,24,271,23,270,22,267,21
205,404,202,404,200,405,202,406,205,407,208,406,209,405,208,404,205,404
187,57,184,56,183,55,183,54,183,54,183,52,181,51,178,50,175,50,174,49,174,47,174,47,174,46,172,45,169,44,166,43,165,42,165,41,165,41,165,39,164,38,161,38,156,38,156,38,152,38,149,38,147,39,146,40,143,41,140,41,138,42,137,43,134,44,131,45,130,46,131,47,134,47,137,48,138,49,138,50,138,50,138,52,140,53,143,54,146,54,147,55,147,57,147,57,147,59,149,60,152,60,155,61,156,62,158,63,161,63,164,64,165,65,166,66,169,67,174,67,174,67,178,67,183,67,183,67,187,67,190,66,192,65,192,63,192,63,192,62,192,60,192,60,192,59,190,58,187,57
152,352,149,351,147,350,147,349,147,349,147,347,146,346,143,345,140,345,138,344,138,342,138,342,138,340,137,339,134,339,130,339,130,339,125,339,122,339,121,340,121,342,121,342,121,344,121,345,121,345,121,347,121,349,121,349,121,350,121,352,121,352,121,353,122,354,125,355,128,356,130,357,130,358,130,358,130,360,130,361,130,361,130,363,130,365,130,365,130,366,131,367,134,368,138,368,138,368,143,368,146,367,147,366,149,365,152,365,155,364,156,363,156,361,156,361,156,360,156,358,156,358,156,357,156,355,156,355,156,353,155,352,152,352
559,93,556,93,555,94,555,96,555,96,555,97,556,99,559,99,562,99,564,97,564,96,564,96,564,94,562,93,559,93
409,93,404,93,404,94,404,96,409,96,413,96,413,94,412,93,409,93
347,423,344,424,342,425,344,426,347,426,350,426,351,425,351,423,347,423
329,50,324,50,324,52,326,53,329,54,332,53,333,52,333,50,329,50
