324,10,323,11,320,12,317,11,316,10,163,10,10,10,10,242,13,241,14,240,14,238,14,238,14,237,16,236,19,235,22,236,23,237,25,238,28,238,32,238,32,238,37,238,41,238,41,238,45,238,50,238,50,238,54,238,57,239,59,240,60,241,63,242,66,241,68,240,69,239,72,238,75,239,76,240,76,242,76,242,76,243,75,244,72,245,68,245,68,245,63,245,60,245,59,246,59,248,59,248,59,250,59,251,59,251,59,253,59,255,59,255,59,256,57,257,54,258,51,258,50,259,48,261,45,261,41,261,41,261,37,261,32,261,32,261,28,261,25,262,23,263,22,264,19,264,14,264,14,264,10,264,10,323,13,323,14,324,14,326,14,326,14,327,13,329,10,329,10,332,13,333,14,334,14,336,14,336,14,337,16,338,19,339,22,339,23,340,23,342,23,342,23,344,25,345,28,345,31,346,32,347,32,349,32,349,32,350,34,351,37,352,40,352,41,353,41,355,41,355,41,357,42,358,45,358,48,359,50,360,50,361,50,361,50,363,51,364,54,365,57,365,59,366,59,368,59,368,59,370,60,371,63,371,66,372,68,373,68,374,68,374,68,376,69,377,72,378,75,378,76,379,78,380,81,381,84,381,85,383,85,384,85,384,85,386,87,387,90,387,93,388,94,389,96,390,99,391,103,391,103,391,107,391,110,391,112,392,112,394,112,394,112,395,112,397,112,397,112,399,113,400,116,400,121,400,121,400,125,400,128,401,130,402,131,403,134,404,137,404,138,405,140,406,143,407,146,407,147,408,147,410,152,410,155,411,156,412,155,413,152,413,149,413,147,412,147,410,143,410,138,410,138,410,134,410,130,410,130,410,125,410,122,410,121,408,119,407,116,407,112,407,112,407,107,407,104,406,103,405,102,404,99,404,96,403,94,402,93,401,90,400,87,400,85,399,85,397,85,397,85,395,85,394,85,394,85,392,84,391,81,391,78,390,76,389,75,388,72,387,69,387,68,386,66,385,63,384,60,384,59,383,57,381,54,381,51,380,50,379,48,378,45,378,42,377,41,376,40,375,37,374,34,374,32,373,31,372,28,371,25,371,23,370,23,368,23,368,23,366,22,365,19,365,16,364,14,363,14,361,14,361,14,360,14,358,14,358,14,357,13,356,10,355,10,413,10,470,112,470,113,469,116,468,119,469,121,470,375,470,630,470,630,174,626,174,626,174,621,174,617,174,617,174,612,174,608,174,608,174,603,174,600,173,599,172,598,171,595,170,592,170,590,169,589,168,586,167,583,167,581,165,580,164,577,164,574,163,572,162,571,161,568,161,564,161,564,161,559,161,555,161,555,161,550,161,547,160,546,159,546,157,546,157,546,156,547,155,550,154,553,154,555,153,556,151,559,151,562,151,564,153,565,154,568,154,571,155,572,156,574,157,577,157,581,157,581,157,586,157,589,158,590,159,592,160,595,161,599,161,599,161,603,161,608,161,608,161,612,161,615,161,617,162,618,163,621,164,626,164,626,164,630,164,630,87,630,10,324,10
595,361,592,362,590,363,590,365,590,365,590,366,592,367,595,368,598,367,599,366,599,365,599,365,599,363,598,362,595,361
586,355,583,356,581,357,583,358,586,358,589,358,590,357,589,356,586,355
577,349,574,349,572,350,574,351,577,352,580,351,581,350,580,349,577,349
568,339,565,339,564,340,565,342,568,342,571,342,572,340,571,339,568,339
559,128,555,128,555,128,550,128,547,128,546,127,546,125,546,125,546,123,544,122,541,122,538,122,537,123,537,125,537,125,537,127,537,128,537,128,537,130,537,131,537,131,537,133,537,135,537,135,537,136,537,138,537,138,537,140,538,141,541,141,544,141,546,140,547,139,550,138,553,137,555,136,555,135,555,135,555,133,556,132,559,131,562,131,564,130,562,129,559,128
559,332,556,333,555,334,556,335,559,336,562,335,564,334,562,333,559,332
541,38,538,38,537,39,536,40,533,41,530,41,528,42,530,43,533,44,537,44,537,44,541,44,544,43,546,42,546,41,546,41,546,39,544,38,541,38
533,154,530,155,528,156,528,157,524,157,521,158,519,159,521,160,524,161,527,160,528,159,528,157,533,157,536,157,537,156,536,155,533,154
515,21,512,22,510,23,509,24,506,25,502,25,502,25,497,25,493,25,493,23,491,22,488,21,484,21,484,21,479,21,476,22,475,23,475,25,475,25,475,26,476,27,479,28,482,27,484,26,485,25,488,25,493,25,493,26,494,27,497,28,502,28,502,28,506,28,509,28,510,29,510,31,510,31,510,33,510,34,510,34,510,36,510,38,510,38,510,39,512,40,515,41,518,40,519,39,519,38,519,38,519,36,519,34,519,34,519,33,519,31,519,31,519,29,519,28,519,28,519,26,519,25,519,25,519,23,518,22,515,21
471,99,468,100,466,101,468,102,471,102,474,102,475,101,474,100,471,99
391,284,388,284,386,285,388,286,391,287,394,286,395,285,394,284,391,284
329,442,326,443,324,444,326,445,329,446,332,445,333,444,332,443,329,442
240,420,236,420,236,420,231,420,227,420,227,420,223,420,220,420,218,421,217,422,214,423,211,424,209,425,208,426,205,426,202,427,200,428,202,429,205,430,209,430,209,430,214,430,218,430,218,430,223,430,226,429,227,428,228,427,231,426,234,426,236,425,237,424,240,423,243,422,245,421,243,420,240,420
240,449,237,448,236,447,234,446,231,446,228,445,227,444,227,442,227,442,227,441,227,439,227,439,227,438,226,437,223,436,218,436,218,436,214,436,209,436,209,436,205,436,200,436,200,436,196,436,193,437,192,438,192,439,192,439,192,441,193,442,196,442,199,443,200,444,202,445,205,446,208,446,209,447,211,448,214,449,217,449,218,451,220,452,223,452,227,452,227,452,231,452,234,453,236,454,237,455,240,455,243,455,245,454,245,452,245,452,245,451,243,449,240,449
81,248,78,249,76,250,78,251,81,251,84,251,85,250,84,249,81,248
63,423,60,424,59,425,60,426,63,426,66,426,68,425,66,424,63,423
54,319,51,320,50,321,51,322,54,323,57,322,59,321,57,320,54,319
37,12,34,12,32,13,34,14,37,15,40,14,41,13,40,12,37,12
