537,10,536,11,533,12,530,12,528,13,527,14,524,15,521,15,519,16,518,18,515,18,512,18,510,16,509,15,506,15,502,15,502,15,497,15,494,14,493,13,494,12,497,12,502,12,502,12,506,12,510,12,510,12,515,12,518,11,519,10,265,10,10,10,10,232,13,232,14,234,16,235,19,235,22,236,23,237,25,238,28,238,31,238,32,237,32,235,32,235,32,234,32,232,32,232,32,230,32,229,32,229,32,227,34,226,37,225,40,226,41,227,42,228,45,229,50,229,50,229,54,229,57,229,59,230,59,232,59,232,59,234,59,235,59,235,59,237,59,238,59,238,59,240,59,242,59,242,59,243,59,245,59,245,59,246,59,248,59,248,59,250,59,251,59,251,59,253,59,255,59,255,59,256,59,258,59,258,59,259,57,261,54,261,50,261,50,261,45,261,41,261,41,261,37,261,34,262,32,263,32,264,32,264,32,266,32,268,32,268,32,269,31,270,28,271,25,271,23,272,23,274,23,274,23,276,23,277,23,277,23,279,22,280,19,280,16,281,14,282,13,283,10,284,10,323,13,323,14,324,14,326,14,326,14,327,14,329,14,329,14,331,13,332,10,332,10,336,13,336,14,337,14,339,19,339,22,339,23,340,23,342,23,342,23,344,25,345,28,345,31,346,32,347,34,348,37,349,40,349,41,350,41,352,41,352,41,353,42,354,45,355,48,356,50,357,51,358,54,358,57,359,59,360,59,361,59,361,59,363,60,364,63,365,66,365,68,366,69,367,72,368,75,368,76,370,78,371,81,371,84,372,85,373,87,374,90,374,93,375,94,376,96,377,99,378,102,378,103,379,104,380,107,381,110,381,112,383,113,384,116,384,119,385,121,386,122,387,125,387,130,387,130,387,134,387,137,388,138,389,138,391,138,391,138,392,137,393,134,394,130,394,130,394,125,394,122,393,121,392,119,391,116,391,113,390,112,389,110,388,107,387,103,387,103,387,99,387,94,387,94,387,90,387,85,387,85,387,81,387,78,387,76,386,76,384,76,384,76,383,76,381,76,381,76,379,75,378,72,378,68,378,68,378,63,378,60,377,59,376,57,375,54,374,51,374,50,373,48,372,45,371,42,371,41,370,41,368,41,368,41,366,40,365,37,365,34,364,32,363,32,361,32,361,32,360,31,359,28,358,25,358,23,357,23,355,23,355,23,353,22,352,19,352,16,351,14,350,14,349,14,349,14,347,14,345,14,345,14,344,14,342,14,342,14,340,14,339,10,339,10,404,10,470,537,470,537,468,537,468,537,467,536,466,533,465,530,465,528,464,528,462,528,462,528,460,528,459,528,459,528,457,528,455,528,455,528,454,530,453,533,452,537,452,537,452,541,452,544,453,546,454,546,455,546,455,546,457,547,458,550,459,553,459,555,460,555,462,555,462,555,464,555,465,555,465,555,467,555,468,555,468,555,470,592,470,630,470,630,248,627,248,626,246,627,245,630,245,630,167,627,167,626,165,624,164,621,164,618,163,617,162,615,161,612,161,609,160,608,159,606,158,603,157,599,157,599,157,595,157,592,158,590,159,589,160,586,161,581,161,581,161,577,161,572,161,572,161,568,161,565,161,564,162,562,163,559,164,555,164,555,164,550,164,546,164,546,164,541,164,538,163,537,162,536,161,533,161,528,161,528,161,524,161,521,160,519,159,519,157,519,157,519,156,521,155,524,154,527,154,528,153,530,151,533,151,536,150,537,149,537,148,537,148,537,146,537,144,537,144,537,143,536,142,533,141,530,141,528,140,527,139,524,138,521,139,519,140,519,141,519,141,519,143,519,144,519,144,519,146,518,147,515,148,512,147,510,146,510,144,510,144,510,143,509,142,506,141,503,141,502,140,502,138,502,138,502,136,502,135,502,135,502,133,502,131,502,131,502,130,503,129,506,128,509,129,510,130,512,131,515,131,518,131,519,130,519,128,519,128,519,127,521,126,524,125,527,124,528,123,528,122,528,122,528,120,530,119,533,119,536,118,537,117,537,115,537,115,537,114,538,113,541,112,544,113,546,114,547,115,550,115,553,116,555,117,556,118,559,119,562,118,564,117,565,116,568,115,571,116,572,117,572,119,572,119,572,120,574,121,577,122,580,122,581,123,583,124,586,125,589,126,590,127,590,128,590,128,590,130,589,131,586,131,583,131,581,130,580,129,577,128,574,129,572,130,572,131,572,131,572,133,571,134,568,135,565,135,564,136,562,137,559,138,556,139,555,140,555,141,555,141,555,143,555,144,555,144,555,146,556,147,559,148,564,148,564,148,568,148,572,148,572,148,577,148,581,148,581,148,586,148,589,148,590,149,590,151,590,151,590,153,592,154,595,154,599,154,599,154,603,154,606,154,608,153,609,151,612,151,615,150,617,149,618,148,621,148,626,148,626,148,630,148,630,79,630,10,537,10
612,115,608,115,608,115,603,115,600,116,599,117,600,118,603,119,608,119,608,119,612,119,615,118,617,117,615,116,612,115
586,326,583,326,581,327,581,329,581,329,581,331,581,332,581,332,581,334,581,336,581,336,581,337,583,338,586,339,589,338,590,337,590,336,590,336,590,334,590,332,590,332,590,331,590,329,590,329,590,327,589,326,586,326
515,465,512,466,510,467,512,468,515,468,518,468,519,467,518,466,515,465
479,12,475,12,475,12,471,12,468,12,466,13,466,15,466,15,466,16,466,18,466,18,466,20,468,21,471,21,474,21,475,20,475,18,475,18,475,16,476,15,479,15,482,14,484,13,482,12,479,12
382,290,379,290,378,289,376,288,373,287,370,288,369,289,369,290,369,290,369,292,369,293,369,293,369,295,370,296,373,297,376,296,378,295,379,294,382,293,385,293,386,292,385,291,382,290
311,109,308,109,307,110,308,112,311,112,314,112,316,110,314,109,311,109
311,459,307,459,307,459,302,459,299,459,298,460,299,461,302,462,307,462,307,462,311,462,314,461,316,460,314,459,311,459
285,93,282,93,280,94,280,96,280,96,280,97,280,99,276,99,273,100,271,101,271,102,267,102,264,103,262,104,264,105,267,106,270,105,271,104,271,102,276,102,279,102,280,101,280,99,285,99,288,99,289,97,289,96,289,96,289,94,288,93,285,93
285,193,282,194,280,195,279,196,276,196,271,196,271,196,267,196,264,197,262,198,262,200,258,200,255,200,254,201,255,202,258,203,261,202,262,201,262,200,267,200,271,200,271,200,276,200,280,200,280,200,285,200,288,199,289,198,289,196,289,196,289,195,288,194,285,193
231,452,228,453,227,454,228,455,231,455,234,455,236,454,234,453,231,452
223,407,220,406,218,405,217,404,214,404,209,404,209,404,205,404,202,403,200,402,199,401,196,400,192,400,192,400,187,400,183,400,183,400,178,400,174,400,174,400,169,400,166,400,165,399,164,398,161,397,156,397,156,397,152,397,149,398,147,399,146,400,143,400,140,401,138,402,140,403,143,404,146,404,147,405,149,406,152,407,156,407,156,407,161,407,165,407,165,407,169,407,174,407,174,407,178,407,181,407,183,408,184,410,187,410,190,411,192,412,193,413,196,413,200,413,200,413,205,413,209,413,209,413,214,413,217,413,218,412,220,411,223,410,226,410,227,408,226,407,223,407
152,465,149,466,147,467,149,468,152,468,155,468,156,467,155,466,152,465
143,420,140,420,138,421,140,422,143,423,146,422,147,421,146,420,143,420
63,313,60,313,59,315,60,316,63,316,66,316,68,315,66,313,63,313
45,423,41,423,41,423,37,423,34,424,32,425,34,426,37,426,41,426,41,426,45,426,48,426,50,425,48,424,45,423
