546,10,546,12,546,12,546,13,546,15,546,15,546,16,544,18,541,18,538,18,537,16,536,15,533,15,528,15,528,15,524,15,521,15,519,16,519,18,519,18,519,20,518,21,515,21,512,21,510,20,509,19,506,18,502,18,502,18,497,18,493,18,493,18,488,18,484,18,484,18,479,18,476,19,475,20,474,21,471,21,466,21,466,21,462,21,459,22,457,23,456,24,453,25,448,25,448,25,444,25,441,25,440,26,438,27,435,28,431,28,431,28,426,28,423,27,422,26,422,25,422,25,422,23,423,22,426,21,429,21,431,20,429,19,426,18,422,18,422,18,417,18,414,19,413,20,412,21,409,21,404,21,404,21,400,21,397,22,395,23,394,24,391,25,386,25,386,25,382,25,379,25,378,26,376,27,373,28,370,28,369,29,367,31,364,31,361,32,360,33,360,34,360,34,360,36,360,38,360,38,360,39,358,40,355,41,352,40,351,39,351,38,351,38,351,36,351,34,351,34,351,33,351,31,351,31,351,29,351,28,351,28,351,26,350,25,347,25,344,24,342,23,341,22,338,21,335,22,333,23,333,25,333,25,333,26,333,28,333,28,333,29,332,31,329,31,326,32,324,33,323,34,320,34,317,35,316,36,314,37,311,38,307,38,307,38,302,38,298,38,298,38,293,38,289,38,289,39,289,41,289,41,289,42,289,44,289,44,289,46,289,47,289,47,289,49,289,50,289,50,289,52,288,53,285,54,282,53,280,52,280,50,280,50,280,49,280,47,280,47,280,46,279,45,276,44,273,43,271,42,273,41,276,41,279,40,280,39,282,38,285,38,289,38,289,36,288,35,285,34,280,34,280,34,276,34,273,35,271,36,270,37,267,38,262,38,262,38,258,38,254,38,254,38,249,38,246,38,245,39,245,41,245,41,245,42,245,44,245,44,245,46,243,47,240,47,237,47,236,46,236,44,236,44,236,42,234,41,231,41,227,41,227,41,223,41,220,40,218,39,217,38,214,38,211,37,209,36,208,35,205,34,202,34,200,33,200,31,200,31,200,29,200,28,200,28,200,26,199,25,196,25,193,24,192,23,192,21,192,21,192,20,190,19,187,18,184,18,183,16,183,15,183,15,183,13,181,12,178,12,175,11,174,10,92,10,10,10,10,148,13,148,14,149,14,151,14,151,14,153,14,154,19,154,22,155,23,156,22,157,19,157,16,157,14,156,14,154,10,154,10,312,10,470,316,470,317,469,320,468,324,468,324,467,326,466,329,465,332,466,333,467,332,468,329,468,324,468,324,470,386,470,386,468,386,468,386,467,386,465,386,465,386,464,386,462,386,462,386,460,386,459,386,459,386,457,386,455,386,455,386,454,386,452,386,452,386,451,386,449,386,449,386,447,386,446,386,446,386,444,388,443,391,442,394,443,395,444,395,446,395,446,395,447,395,449,395,449,395,451,395,452,395,452,395,454,397,455,400,455,404,455,404,455,409,455,412,456,413,457,413,459,413,459,413,460,413,462,413,462,413,464,413,465,413,465,413,467,413,468,413,468,413,470,608,470,608,468,608,468,608,467,608,465,608,465,608,464,609,462,612,462,615,461,617,460,617,459,617,459,617,457,618,456,621,455,624,456,626,457,626,459,626,459,626,460,626,462,626,462,626,464,626,465,626,465,626,467,624,468,621,468,618,469,617,470,623,470,630,470,630,300,627,299,626,298,626,297,621,297,618,296,617,295,618,294,621,293,626,293,626,292,627,291,630,290,630,248,627,248,626,246,626,245,626,245,626,243,626,242,626,242,626,240,626,238,626,238,626,237,627,236,630,235,630,123,630,10,546,10
603,141,600,142,599,143,599,144,595,144,592,145,590,146,589,147,586,148,581,148,581,148,577,148,572,148,572,148,568,148,565,148,564,149,562,150,559,151,556,150,555,149,553,148,550,148,547,147,546,146,546,144,546,144,546,143,546,141,546,141,546,140,544,138,541,138,538,138,537,140,537,141,537,141,537,143,537,144,537,144,537,146,536,147,533,148,530,147,528,146,528,144,528,144,528,143,527,142,524,141,521,141,519,140,518,138,515,138,512,138,510,140,510,141,510,141,510,143,510,144,510,144,510,146,512,147,515,148,518,148,519,149,521,150,524,151,528,151,528,151,533,151,536,151,537,153,538,154,541,154,546,154,546,154,550,154,555,154,555,154,559,154,564,154,564,154,568,154,572,154,572,154,577,154,581,154,581,154,586,154,589,154,590,153,592,151,595,151,598,150,599,149,599,148,599,148,599,146,599,144,603,144,606,144,608,143,606,142,603,141
586,138,581,138,581,136,580,135,577,135,574,135,572,136,574,137,577,138,581,138,581,140,583,141,586,141,589,141,590,140,589,138,586,138
568,34,565,35,564,36,565,37,568,38,571,37,572,36,571,35,568,34
568,128,565,129,564,130,564,131,559,131,556,132,555,133,555,135,555,135,555,136,556,137,559,138,562,137,564,136,564,135,564,135,564,133,564,131,568,131,571,131,572,130,571,129,568,128
444,89,441,90,440,91,440,93,440,93,440,94,440,96,435,96,432,96,431,97,432,99,435,99,438,99,440,97,440,96,444,96,447,95,448,94,448,93,448,93,448,91,447,90,444,89
444,225,441,225,440,224,438,223,435,222,432,223,431,224,429,225,426,225,423,226,422,227,422,229,422,229,422,230,423,231,426,232,431,232,431,232,435,232,440,232,440,232,444,232,447,231,448,230,448,229,448,229,448,227,447,226,444,225
444,365,440,365,440,365,435,365,431,365,431,365,426,365,422,365,422,365,417,365,414,365,413,366,412,367,409,368,404,368,404,368,400,368,397,367,395,366,394,365,391,365,388,365,386,366,385,367,382,368,379,368,378,370,378,371,378,371,378,373,379,374,382,374,386,374,386,374,391,374,395,374,395,374,400,374,404,374,404,374,409,374,412,375,413,376,413,378,413,378,413,379,414,380,417,381,420,380,422,379,423,378,426,378,431,378,431,378,435,378,438,377,440,376,440,374,440,374,440,373,441,372,444,371,447,371,448,370,448,368,448,368,448,366,447,365,444,365
444,384,440,384,440,384,435,384,432,385,431,386,431,387,426,387,423,388,422,389,423,390,426,391,429,390,431,389,431,387,435,387,440,387,440,387,444,387,447,387,448,386,447,385,444,384
435,83,431,83,431,81,431,80,431,80,431,78,429,77,426,76,422,76,422,76,417,76,413,76,413,75,412,74,409,73,406,73,404,72,404,70,404,70,404,68,403,67,400,67,395,67,395,67,391,67,388,67,386,68,386,70,386,70,386,72,388,73,391,73,394,74,395,75,397,76,400,76,404,76,404,76,409,76,413,76,413,78,414,79,417,80,420,80,422,81,423,82,426,83,431,83,431,85,432,86,435,86,438,86,440,85,438,83,435,83
435,212,431,212,431,211,431,209,431,209,431,208,429,207,426,206,422,206,422,206,417,206,414,207,413,208,414,209,417,209,420,210,422,211,423,212,426,212,431,212,431,214,432,215,435,216,438,215,440,214,438,213,435,212
426,63,423,64,422,65,423,66,426,67,429,66,431,65,429,64,426,63
409,109,406,109,404,110,406,112,409,112,412,112,413,110,412,109,409,109
382,54,378,54,378,54,373,54,370,54,369,55,369,57,369,57,369,59,370,60,373,60,378,60,378,60,382,60,385,60,386,59,386,57,386,57,386,55,385,54,382,54
364,96,361,96,360,97,361,99,364,99,367,99,369,97,367,96,364,96
364,106,361,106,360,107,361,108,364,109,367,108,369,107,367,106,364,106
355,365,351,365,351,365,347,365,344,365,342,366,341,367,338,368,335,368,333,370,332,371,329,371,324,371,324,371,320,371,317,372,316,373,314,374,311,374,308,375,307,376,305,377,302,378,299,378,298,379,298,381,298,381,298,383,299,384,302,384,305,384,307,383,308,381,311,381,314,380,316,379,317,378,320,378,324,378,324,378,329,378,332,377,333,376,335,375,338,374,341,374,342,373,344,372,347,371,351,371,351,371,355,371,358,371,360,370,360,368,360,368,360,366,358,365,355,365
347,76,342,76,342,75,341,74,338,73,333,73,333,72,332,70,329,70,324,70,324,70,320,70,316,70,316,70,311,70,308,70,307,72,308,73,311,73,316,73,316,73,320,73,324,73,324,73,329,73,333,73,333,75,335,76,338,76,342,76,342,78,344,79,347,80,350,79,351,78,350,77,347,76
320,76,316,76,316,76,311,76,307,76,307,76,302,76,298,76,298,75,296,74,293,73,289,73,289,72,289,70,289,70,289,68,289,67,289,67,289,65,289,63,289,63,289,62,289,60,293,60,296,60,298,59,296,58,293,57,290,58,289,59,289,60,285,60,282,61,280,62,280,63,280,63,280,65,280,67,280,67,280,68,280,70,280,70,280,72,282,73,285,73,289,73,289,75,290,76,293,76,298,76,298,78,299,79,302,80,307,80,307,80,311,80,316,80,316,80,320,80,323,79,324,78,323,77,320,76
267,47,262,47,262,46,261,45,258,44,255,45,254,46,255,47,258,47,262,47,262,49,264,50,267,50,270,50,271,49,270,48,267,47
125,342,122,341,121,340,121,339,121,339,121,337,121,336,121,336,121,334,119,333,116,332,113,332,112,331,110,330,107,329,104,330,103,331,103,332,103,332,103,334,103,336,103,336,103,337,103,339,103,339,103,340,103,342,103,342,103,344,104,345,107,345,110,346,112,347,113,348,116,349,121,349,121,349,125,349,128,348,130,347,130,345,130,345,130,344,128,343,125,342
369,10,369,12,373,12,376,11,378,10,369,10
351,10,352,11,355,12,360,12,360,10,351,10
630,293,626,293,626,295,626,297,630,297,630,293
364,12,360,12,360,13,361,14,364,15,367,14,369,13,369,12,364,12
338,15,335,15,333,16,335,18,338,18,341,18,342,16,341,15,338,15
