10,323,13,323,14,324,14,326,14,326,14,327,14,329,14,329,14,331,16,332,19,332,22,333,23,334,23,336,23,336,23,337,23,339,23,339,23,340,23,342,23,342,23,344,25,345,28,345,31,346,32,347,32,349,32,349,32,350,34,351,37,352,40,352,41,353,41,355,41,355,41,357,41,358,41,358,41,360,42,361,45,361,48,362,50,363,50,365,50,365,50,366,50,368,50,368,50,370,51,371,54,371,57,372,59,373,59,374,59,374,59,376,60,377,63,378,66,378,68,379,69,380,72,381,75,381,76,383,76,384,76,384,76,386,75,387,72,387,68,387,68,387,63,387,60,387,59,386,57,385,54,384,51,384,50,383,50,381,50,381,50,379,48,378,45,378,42,377,41,376,40,375,37,374,34,374,32,373,32,371,32,371,32,370,31,369,28,368,25,367,23,366,23,365,23,365,23,363,22,362,19,361,16,361,14,360,14,358,14,358,14,357,13,356,10,355,10,413,10,470,94,470,96,469,99,468,102,469,103,470,112,470,113,469,116,468,119,468,121,467,122,466,125,465,128,466,130,467,131,468,134,468,137,469,138,470,384,470,630,470,630,240,630,10,320,10,10,10,10,323
612,167,608,167,608,167,603,167,600,167,599,165,598,164,595,164,592,163,590,162,589,161,586,161,583,160,581,159,580,158,577,157,574,157,572,156,571,155,568,154,565,154,564,153,562,151,559,151,556,151,555,153,553,154,550,154,546,154,546,154,541,154,538,154,537,153,536,151,533,151,528,151,528,151,524,151,519,151,519,151,515,151,512,151,510,153,510,154,510,154,510,156,510,157,510,157,510,159,510,161,510,161,510,162,512,163,515,164,518,163,519,162,521,161,524,161,527,160,528,159,530,158,533,157,537,157,537,157,541,157,546,157,546,157,550,157,553,158,555,159,555,161,555,161,555,162,555,164,555,164,555,165,556,167,559,167,564,167,564,167,568,167,571,168,572,169,574,170,577,170,580,171,581,172,583,173,586,174,589,174,590,175,592,176,595,177,598,176,599,175,600,174,603,174,608,174,608,174,612,174,615,173,617,172,617,170,617,170,617,169,615,168,612,167
577,128,572,128,572,128,568,128,564,128,564,128,559,128,556,129,555,130,553,131,550,131,547,131,546,130,546,128,546,128,546,127,546,125,546,125,546,123,544,122,541,122,537,122,537,122,533,122,530,122,528,123,528,125,528,125,528,127,530,128,533,128,536,129,537,130,536,131,533,131,528,131,528,131,524,131,521,132,519,133,519,135,515,135,512,135,510,136,510,138,510,138,510,140,510,141,510,141,510,143,512,144,515,144,518,144,519,143,519,141,519,141,519,140,519,138,519,138,519,136,519,135,524,135,527,135,528,136,528,138,528,138,528,140,530,141,533,141,537,141,537,141,541,141,544,141,546,140,546,138,546,138,546,136,547,135,550,135,555,135,555,135,559,135,562,134,564,133,565,132,568,131,572,131,572,131,577,131,580,131,581,130,580,129,577,128
541,47,537,47,537,46,536,45,533,44,530,45,528,46,530,47,533,47,537,47,537,49,538,50,541,50,544,50,546,49,544,48,541,47
524,38,519,38,519,38,515,38,512,38,510,39,512,40,515,41,519,41,519,41,524,41,527,40,528,39,527,38,524,38
497,38,494,38,493,39,493,41,493,41,493,42,493,44,493,44,493,46,494,47,497,47,500,47,502,46,502,44,502,44,502,42,502,41,502,41,502,39,500,38,497,38
488,83,485,83,484,85,485,86,488,86,491,86,493,85,491,83,488,83
488,89,485,90,484,91,484,93,479,93,476,93,475,94,476,95,479,96,482,95,484,94,484,93,488,93,491,92,493,91,491,90,488,89
479,21,475,21,475,21,471,21,466,21,466,21,462,21,459,22,457,23,457,25,457,25,457,26,459,27,462,28,465,27,466,26,468,25,471,25,474,25,475,26,475,28,475,28,475,29,475,31,471,31,468,32,466,33,468,34,471,34,474,34,475,33,475,31,479,31,482,31,484,29,484,28,484,28,484,26,484,25,484,25,484,23,482,22,479,21
479,76,476,77,475,78,476,79,479,80,482,79,484,78,482,77,479,76
471,99,468,100,466,101,468,102,471,102,474,102,475,101,474,100,471,99
338,439,333,439,333,439,329,439,324,439,324,439,320,439,317,440,316,441,314,442,311,442,308,443,307,444,308,445,311,446,314,446,316,447,317,448,320,449,323,448,324,447,326,446,329,446,332,445,333,444,335,443,338,442,341,442,342,441,341,440,338,439
285,446,280,446,280,446,276,446,271,446,271,446,267,446,262,446,262,446,258,446,254,446,254,446,249,446,246,446,245,447,243,448,240,449,237,448,236,447,234,446,231,446,228,445,227,444,227,442,227,442,227,441,228,440,231,439,234,439,236,438,237,437,240,436,243,435,245,434,246,433,249,433,252,432,254,431,252,430,249,430,246,429,245,428,245,426,245,426,245,425,243,424,240,423,236,423,236,423,231,423,227,423,227,423,223,423,218,423,218,423,214,423,211,424,209,425,208,426,205,426,202,427,200,428,199,429,196,430,193,430,192,431,192,433,192,433,192,434,192,436,192,436,192,438,192,439,192,439,192,441,192,442,192,442,192,444,193,445,196,446,200,446,200,446,205,446,209,446,209,446,214,446,217,446,218,447,220,448,223,449,226,449,227,451,228,452,231,452,234,453,236,454,237,455,240,455,243,455,245,454,246,453,249,452,254,452,254,452,258,452,262,452,262,452,267,452,271,452,271,452,276,452,279,452,280,451,282,449,285,449,288,448,289,447,288,446,285,446
107,400,104,400,103,399,102,398,99,397,96,397,94,395,94,394,94,394,94,392,93,391,90,391,85,391,85,391,81,391,78,391,76,392,76,394,76,394,76,395,76,397,76,397,76,399,78,400,81,400,84,401,85,402,87,403,90,404,93,404,94,405,96,406,99,407,103,407,103,407,107,407,110,406,112,405,112,404,112,404,112,402,110,401,107,400
72,274,69,273,68,272,68,271,68,271,68,269,66,268,63,268,60,267,59,266,59,264,59,264,59,263,59,261,59,261,59,259,59,258,59,258,59,256,59,255,59,255,59,253,57,252,54,251,51,252,50,253,50,255,50,255,50,256,50,258,50,258,50,259,50,261,50,261,50,263,50,264,50,264,50,266,48,267,45,268,42,268,41,269,42,270,45,271,48,271,50,272,50,274,50,274,50,276,50,277,50,277,50,279,51,280,54,280,59,280,59,280,63,280,66,280,68,279,69,278,72,277,75,277,76,276,75,275,72,274
72,423,68,423,68,423,63,423,59,423,59,421,57,420,54,420,51,420,50,421,51,422,54,423,59,423,59,425,60,426,63,426,68,426,68,426,72,426,75,426,76,425,75,424,72,423
54,323,51,323,50,324,51,325,54,326,57,325,59,324,57,323,54,323
37,15,34,15,32,16,34,18,37,18,40,18,41,16,40,15,37,15
