386,10,386,12,386,12,386,13,385,14,382,15,378,15,378,15,373,15,370,14,369,13,370,12,373,12,376,11,378,10,289,10,289,12,289,12,289,13,288,14,285,15,282,14,280,13,280,12,280,12,280,10,145,10,10,10,10,240,10,470,320,470,630,470,630,89,627,89,626,88,626,86,626,86,626,85,626,83,626,83,626,81,626,80,626,80,626,78,626,76,626,76,626,75,626,73,626,73,626,72,626,70,626,70,626,68,626,67,626,67,626,65,627,64,630,63,630,37,630,10,386,10
612,102,609,102,608,101,606,100,603,99,599,99,599,99,595,99,590,99,590,99,586,99,583,99,581,97,581,96,581,96,581,94,581,93,581,93,581,91,581,89,581,89,581,88,580,87,577,86,574,86,572,85,571,83,568,83,564,83,564,83,559,83,555,83,555,83,550,83,547,83,546,85,547,86,550,86,553,87,555,88,553,89,550,89,547,90,546,91,546,93,546,93,546,94,546,96,546,96,546,97,546,99,546,99,546,101,547,102,550,102,555,102,555,102,559,102,562,103,564,104,565,105,568,106,572,106,572,106,577,106,580,106,581,107,583,108,586,109,590,109,590,109,595,109,598,109,599,110,600,112,603,112,606,112,608,110,609,109,612,109,615,108,617,107,617,106,617,106,617,104,615,103,612,102
603,60,600,61,599,62,598,63,595,63,590,63,590,63,586,63,583,64,581,65,581,67,581,67,581,68,581,70,581,70,581,72,581,73,581,73,581,75,580,76,577,76,574,77,572,78,574,79,577,80,581,80,581,80,586,80,589,79,590,78,590,76,590,76,590,75,590,73,590,73,590,72,592,70,595,70,598,69,599,68,600,67,603,67,606,66,608,65,608,63,608,63,608,62,606,61,603,60
603,119,600,119,599,120,598,121,595,122,592,122,590,123,589,124,586,125,581,125,581,125,577,125,574,126,572,127,571,128,568,128,564,128,564,128,559,128,556,129,555,130,555,131,555,131,555,133,556,134,559,135,562,134,564,133,565,132,568,131,572,131,572,131,577,131,580,131,581,130,583,129,586,128,590,128,590,128,595,128,598,128,599,127,600,126,603,125,606,124,608,123,608,122,608,122,608,120,606,119,603,119
541,235,538,235,537,234,536,232,533,232,528,232,528,232,524,232,519,232,519,232,515,232,512,232,510,234,509,235,506,235,502,235,502,235,497,235,493,235,493,235,488,235,484,235,484,234,482,232,479,232,475,232,475,232,471,232,466,232,466,230,465,229,462,229,457,229,457,229,453,229,450,229,448,230,450,231,453,232,457,232,457,232,462,232,466,232,466,234,468,235,471,235,475,235,475,235,479,235,484,235,484,237,485,238,488,238,493,238,493,238,497,238,500,239,502,240,503,241,506,242,510,242,510,242,515,242,519,242,519,242,524,242,528,242,528,242,533,242,536,241,537,240,538,239,541,238,544,238,546,237,544,236,541,235
524,89,519,89,519,89,515,89,510,89,510,89,506,89,502,89,502,89,497,89,494,89,493,88,493,86,493,86,493,85,491,83,488,83,485,82,484,81,482,80,479,80,476,80,475,81,474,82,471,83,468,83,466,85,466,86,466,86,466,88,468,89,471,89,474,90,475,91,475,93,475,93,475,94,475,96,475,96,475,97,475,99,471,99,468,100,466,101,468,102,471,102,474,102,475,101,475,99,479,99,482,100,484,101,484,102,484,102,484,104,484,106,484,106,484,107,485,108,488,109,491,109,493,110,494,112,497,112,500,112,502,110,502,109,502,109,502,107,502,106,502,106,502,104,502,102,502,102,502,101,503,100,506,99,509,99,510,97,512,96,515,96,518,95,519,94,521,93,524,93,527,92,528,91,527,90,524,89
515,21,510,21,510,21,506,21,502,21,502,21,497,21,493,21,493,21,488,21,485,22,484,23,482,24,479,25,476,25,475,26,474,27,471,28,468,28,466,29,466,31,462,31,457,31,457,29,456,28,453,28,450,28,448,29,450,31,453,31,457,31,457,33,456,34,453,34,450,35,448,36,448,38,448,38,448,39,447,40,444,41,440,41,440,41,435,41,432,41,431,42,431,44,431,44,431,46,432,47,435,47,440,47,440,49,441,50,444,50,447,50,448,49,447,48,444,47,440,47,440,46,441,45,444,44,448,44,448,44,453,44,456,43,457,42,459,41,462,41,465,41,466,42,468,43,471,44,474,43,475,42,476,41,479,41,482,40,484,39,485,38,488,38,493,38,493,38,497,38,500,37,502,36,503,35,506,34,509,34,510,33,510,31,510,31,510,29,510,28,510,28,510,26,512,25,515,25,518,24,519,23,518,22,515,21
515,115,512,116,510,117,512,118,515,119,518,118,519,117,518,116,515,115
515,131,510,131,510,131,506,131,503,132,502,133,503,134,506,135,510,135,510,135,515,135,518,134,519,133,518,132,515,131
515,459,510,459,510,459,506,459,503,459,502,460,502,462,502,462,502,464,503,465,506,465,509,465,510,464,512,462,515,462,518,461,519,460,518,459,515,459
435,54,431,54,431,52,429,51,426,50,423,51,422,52,423,53,426,54,431,54,431,55,432,56,435,57,438,56,440,55,438,54,435,54
435,67,432,67,431,68,432,69,435,70,438,69,440,68,438,67,435,67
435,83,432,82,431,81,431,80,431,80,431,78,431,76,431,76,431,75,429,74,426,73,423,74,422,75,420,76,417,76,413,76,413,75,412,74,409,73,404,73,404,72,404,70,409,70,413,70,413,70,417,70,420,69,422,68,420,67,417,67,413,67,413,67,409,67,406,67,404,68,404,70,400,70,397,70,395,72,397,73,400,73,404,73,404,75,406,76,409,76,413,76,413,78,414,79,417,80,420,80,422,81,420,82,417,83,414,83,413,85,413,86,413,86,413,88,412,89,409,89,404,89,404,89,400,89,395,89,395,89,391,89,386,89,386,88,385,87,382,86,379,87,378,88,379,89,382,89,386,89,386,91,386,93,386,93,386,94,388,95,391,96,395,96,395,96,400,96,403,96,404,97,406,99,409,99,412,100,413,101,414,102,417,102,420,102,422,101,422,99,422,99,422,97,423,96,426,96,429,95,431,94,431,93,431,93,431,91,431,89,431,89,431,88,432,87,435,86,438,86,440,85,438,83,435,83
435,102,432,103,431,104,432,105,435,106,438,105,440,104,438,103,435,102
426,449,423,448,422,447,420,446,417,446,413,446,413,446,409,446,404,446,404,446,400,446,397,445,395,444,394,443,391,442,386,442,386,442,382,442,379,442,378,441,376,440,373,439,369,439,369,439,364,439,360,439,360,438,361,437,364,436,367,435,369,434,369,433,369,433,369,431,369,430,373,430,376,429,378,428,376,427,373,426,370,427,369,428,369,430,364,430,361,430,360,431,358,432,355,433,351,433,351,433,347,433,344,433,342,434,342,436,342,436,342,438,344,439,347,439,351,439,351,439,355,439,360,439,360,441,358,442,355,442,352,443,351,444,350,445,347,446,342,446,342,446,338,446,333,446,333,446,329,446,326,446,324,447,324,449,324,449,324,451,326,452,329,452,333,452,333,452,338,452,342,452,342,452,347,452,351,452,351,452,355,452,360,452,360,452,364,452,369,452,369,452,373,452,378,452,378,452,382,452,386,452,386,452,391,452,395,452,395,452,400,452,403,453,404,454,406,455,409,455,413,455,413,455,417,455,420,455,422,454,423,453,426,452,429,452,431,451,429,449,426,449
417,28,413,28,413,28,409,28,404,28,404,26,406,25,409,25,412,24,413,23,413,21,413,21,413,20,412,19,409,18,404,18,404,18,400,18,397,19,395,20,395,21,395,21,395,23,395,25,395,25,395,26,397,27,400,28,404,28,404,29,404,31,404,31,404,33,404,34,404,34,404,36,404,38,400,38,397,38,395,39,397,40,400,41,403,40,404,39,404,38,409,38,412,37,413,36,413,34,413,34,413,33,414,32,417,31,420,31,422,29,420,28,417,28
409,54,406,54,404,55,403,56,400,57,397,56,395,55,394,54,391,54,388,54,386,55,386,57,386,57,386,59,388,60,391,60,395,60,395,60,400,60,404,60,404,60,409,60,412,60,413,59,413,57,413,57,413,55,412,54,409,54
400,106,397,105,395,104,394,103,391,102,386,102,386,102,382,102,378,102,378,102,373,102,370,103,369,104,370,105,373,106,376,106,378,107,378,109,378,109,378,110,378,112,378,112,378,114,379,115,382,115,385,115,386,114,388,113,391,112,394,112,395,110,397,109,400,109,403,108,404,107,403,106,400,106
373,31,370,32,369,33,370,34,373,34,376,34,378,33,376,32,373,31
373,73,369,73,369,73,364,73,361,73,360,72,358,70,355,70,352,69,351,68,351,67,351,67,351,65,351,63,351,63,351,62,351,60,351,60,351,59,351,57,351,57,351,55,350,54,347,54,344,53,342,52,341,51,338,50,335,50,333,49,333,47,338,47,341,47,342,46,344,45,347,44,350,43,351,42,350,41,347,41,344,40,342,39,341,38,338,38,333,38,333,36,333,34,333,34,333,33,332,32,329,31,326,31,324,29,323,28,320,28,316,28,316,28,311,28,308,28,307,29,308,31,311,31,314,32,316,33,316,34,316,34,316,36,314,37,311,38,308,38,307,39,307,41,307,41,307,42,307,44,302,44,299,45,298,46,298,47,298,47,298,49,298,50,298,50,298,52,298,54,298,54,298,55,298,57,298,57,298,59,299,60,302,60,307,60,307,60,311,60,316,60,316,62,317,63,320,63,323,64,324,65,323,66,320,67,316,67,316,67,311,67,308,67,307,68,308,69,311,70,314,70,316,72,317,73,320,73,324,73,324,73,329,73,333,73,333,73,338,73,341,74,342,75,344,76,347,76,351,76,351,76,355,76,358,77,360,78,360,80,360,80,360,81,360,83,355,83,352,83,351,85,352,86,355,86,358,86,360,85,360,83,364,83,367,82,369,81,370,80,373,80,376,79,378,78,378,76,378,76,378,75,376,74,373,73
347,21,344,22,342,23,344,24,347,25,350,24,351,23,350,22,347,21
347,106,344,106,342,107,344,108,347,109,350,108,351,107,350,106,347,106
347,426,344,426,342,425,342,423,342,423,342,421,341,420,338,420,333,420,333,420,329,420,326,419,324,418,323,417,320,417,317,416,316,415,314,414,311,413,307,413,307,413,302,413,298,413,298,413,293,413,290,414,289,415,288,416,285,417,280,417,280,415,279,414,276,413,271,413,271,413,267,413,264,413,262,412,264,411,267,410,270,410,271,408,270,407,267,407,262,407,262,407,258,407,254,407,254,407,249,407,245,407,245,407,240,407,237,407,236,408,234,410,231,410,228,411,227,412,227,413,227,413,227,415,227,417,227,417,227,418,228,419,231,420,236,420,236,420,240,420,245,420,245,420,249,420,254,420,254,420,258,420,262,420,262,420,267,420,270,419,271,418,273,417,276,417,280,417,280,418,282,419,285,420,288,420,289,421,288,422,285,423,282,424,280,425,282,426,285,426,289,426,289,426,293,426,298,426,298,426,302,426,305,427,307,428,308,429,311,430,316,430,316,430,320,430,324,430,324,430,329,430,333,430,333,430,338,430,342,430,342,430,347,430,350,429,351,428,350,427,347,426
302,21,298,21,298,21,293,21,289,21,289,21,285,21,282,22,280,23,282,24,285,25,289,25,289,25,293,25,298,25,298,25,302,25,305,24,307,23,305,22,302,21
276,44,273,45,271,46,271,47,271,47,271,49,273,50,276,50,279,50,280,49,280,47,280,47,280,46,279,45,276,44
267,21,264,21,262,20,261,19,258,18,255,19,254,20,252,21,249,21,245,21,245,21,240,21,237,22,236,23,237,24,240,25,245,25,245,25,249,25,252,25,254,26,255,27,258,28,261,27,262,26,264,25,267,25,270,24,271,23,270,22,267,21
205,404,202,404,200,405,202,406,205,407,208,406,209,405,208,404,205,404
178,54,175,53,174,52,174,50,174,50,174,49,172,48,169,47,166,47,165,46,164,45,161,44,156,44,156,44,152,44,149,43,147,42,146,41,143,41,140,41,138,42,137,43,134,44,131,45,130,46,131,47,134,47,137,48,138,49,138,50,138,50,138,52,140,53,143,54,146,54,147,55,147,57,147,57,147,59,149,60,152,60,155,61,156,62,156,63,156,63,156,65,156,67,156,67,156,68,158,69,161,70,165,70,165,70,169,70,172,69,174,68,175,67,178,67,181,66,183,65,183,63,183,63,183,62,183,60,183,60,183,59,183,57,183,57,183,55,181,54,178,54
152,349,149,348,147,347,147,345,147,345,147,344,146,343,143,342,140,341,138,340,137,339,134,339,130,339,130,339,125,339,122,339,121,340,121,342,121,342,121,344,121,345,121,345,121,347,121,349,121,349,121,350,121,352,121,352,121,353,122,354,125,355,128,356,130,357,130,358,130,358,130,360,130,361,130,361,130,363,131,364,134,365,137,365,138,366,140,367,143,368,146,367,147,366,149,365,152,365,155,364,156,363,156,361,156,361,156,360,156,358,156,358,156,357,156,355,156,355,156,353,156,352,156,352,156,350,155,349,152,349
488,31,485,32,484,33,485,34,488,34,491,34,493,33,491,32,488,31
471,31,466,31,466,33,468,34,471,34,474,34,475,33,474,32,471,31
329,38,326,38,324,39,324,41,324,41,324,42,323,43,320,44,316,44,316,44,311,44,307,44,307,46,308,47,311,47,316,47,316,47,320,47,324,47,324,47,329,47,333,47,333,46,333,44,333,44,333,42,333,41,333,41,333,39,333,38,329,38
320,57,317,58,316,59,316,60,320,60,323,60,324,59,323,58,320,57
