10,323,13,323,14,324,14,326,14,326,14,327,14,329,14,329,14,331,14,332,14,332,14,334,14,336,14,336,14,337,16,338,19,339,22,339,23,340,23,342,23,342,23,344,25,345,28,345,31,346,32,347,32,349,32,349,32,350,32,352,32,352,32,353,34,354,37,355,40,356,41,357,41,358,41,358,41,360,42,361,45,361,48,362,50,363,50,365,50,365,50,366,50,368,50,368,50,370,51,371,54,371,57,372,59,373,59,374,59,374,59,376,60,377,63,378,66,378,68,379,68,381,68,381,68,383,69,384,72,384,75,385,76,386,75,387,72,387,68,387,68,387,63,387,60,387,59,386,57,385,54,384,51,384,50,383,48,381,45,381,42,380,41,379,41,378,41,378,41,376,40,375,37,374,34,374,32,373,32,371,32,371,32,370,31,369,28,368,25,367,23,366,23,365,23,365,23,363,22,362,19,361,16,361,14,360,14,358,14,358,14,357,13,356,10,355,10,413,10,470,94,470,96,469,99,468,102,469,103,470,112,470,113,469,116,468,119,468,121,467,122,466,125,465,128,466,130,467,131,468,134,468,137,469,138,470,165,470,166,469,169,468,172,469,174,470,402,470,630,470,630,240,630,10,320,10,10,10,10,323
603,170,600,170,599,169,598,168,595,167,592,167,590,165,589,164,586,164,583,163,581,162,581,161,581,161,581,159,580,158,577,157,574,157,572,156,571,155,568,154,565,154,564,153,562,151,559,151,555,151,555,151,550,151,546,151,546,151,541,151,537,151,537,151,533,151,528,151,528,151,524,151,519,151,519,151,515,151,512,151,510,153,510,154,510,154,510,156,510,157,510,157,510,159,510,161,510,161,510,162,512,163,515,164,518,163,519,162,521,161,524,161,527,160,528,159,530,158,533,157,537,157,537,157,541,157,546,157,546,157,550,157,553,158,555,159,555,161,555,161,555,162,553,163,550,164,547,164,546,165,547,167,550,167,555,167,555,167,559,167,562,168,564,169,565,170,568,170,571,171,572,172,574,173,577,174,580,174,581,175,583,176,586,177,590,177,590,177,595,177,599,177,599,177,603,177,606,176,608,175,608,174,608,174,608,172,606,171,603,170
577,128,572,128,572,128,568,128,565,129,564,130,564,131,559,131,555,131,555,131,550,131,547,131,546,130,546,128,546,128,546,127,546,125,546,125,546,123,544,122,541,122,538,121,537,120,536,119,533,119,530,119,528,120,528,122,528,122,528,123,528,125,528,125,528,127,528,128,528,128,528,130,527,131,524,131,521,132,519,133,518,134,515,135,512,135,510,136,510,138,510,138,510,140,510,141,510,141,510,143,512,144,515,144,518,144,519,143,519,141,519,141,519,140,521,139,524,138,527,139,528,140,528,141,528,141,528,143,530,144,533,144,536,144,537,143,538,142,541,141,544,141,546,140,546,138,546,138,546,136,547,135,550,135,555,135,555,135,559,135,562,134,564,133,564,131,568,131,572,131,572,131,577,131,580,131,581,130,580,129,577,128
568,83,565,83,564,85,565,86,568,86,571,86,572,85,571,83,568,83
541,44,537,44,537,44,533,44,528,44,528,42,528,41,528,41,528,39,527,38,524,38,519,38,519,38,515,38,512,38,510,39,510,41,506,41,503,40,502,39,500,38,497,38,494,38,493,39,493,41,493,41,493,42,493,44,493,44,493,46,494,47,497,47,500,47,502,46,503,45,506,44,510,44,510,46,510,47,510,47,510,49,512,50,515,50,518,50,519,49,519,47,519,47,519,46,519,44,524,44,528,44,528,46,530,47,533,47,536,48,537,49,537,50,537,50,537,52,538,53,541,54,544,53,546,52,546,50,546,50,546,49,546,47,546,47,546,46,544,45,541,44
515,54,510,54,510,54,506,54,503,54,502,55,503,56,506,57,510,57,510,57,515,57,518,56,519,55,518,54,515,54
506,119,503,119,502,120,503,121,506,122,509,121,510,120,509,119,506,119
497,96,494,96,493,97,494,99,497,99,500,99,502,97,500,96,497,96
488,21,484,21,484,21,479,21,475,21,475,21,471,21,466,21,466,21,462,21,459,22,457,23,457,25,457,25,457,26,459,27,462,28,465,28,466,29,466,31,466,31,466,33,468,34,471,34,474,34,475,33,476,32,479,31,482,31,484,29,484,28,484,28,484,26,485,25,488,25,491,24,493,23,491,22,488,21
488,83,484,83,484,83,479,83,476,83,475,85,475,86,475,86,475,88,475,89,475,89,475,91,475,93,475,93,475,94,476,95,479,96,482,95,484,94,485,93,488,93,491,92,493,91,493,89,493,89,493,88,493,86,493,86,493,85,491,83,488,83
479,76,476,77,475,78,476,79,479,80,482,79,484,78,482,77,479,76
479,109,476,109,475,110,476,112,479,112,482,112,484,110,482,109,479,109
471,99,468,100,466,101,468,102,471,102,474,102,475,101,474,100,471,99
435,28,432,28,431,29,432,31,435,31,438,31,440,29,438,28,435,28
391,287,388,288,386,289,388,290,391,290,394,290,395,289,394,288,391,287
338,439,333,439,333,439,329,439,324,439,324,439,320,439,316,439,316,439,311,439,308,440,307,441,305,442,302,442,299,443,298,444,296,445,293,446,289,446,289,446,285,446,280,446,280,446,276,446,273,445,271,444,270,443,267,442,264,443,262,444,261,445,258,446,254,446,254,446,249,446,245,446,245,446,240,446,237,445,236,444,236,442,236,442,236,441,237,440,240,439,243,439,245,438,245,436,245,436,245,434,246,433,249,433,252,432,254,431,252,430,249,430,246,429,245,428,245,426,245,426,245,425,243,424,240,423,236,423,236,423,231,423,227,423,227,423,223,423,220,424,218,425,217,426,214,426,211,427,209,428,208,429,205,430,200,430,200,430,196,430,193,430,192,431,192,433,192,433,192,434,192,436,192,436,192,438,192,439,192,439,192,441,193,442,196,442,199,443,200,444,202,445,205,446,209,446,209,446,214,446,218,446,218,446,223,446,226,446,227,447,227,449,227,449,227,451,228,452,231,452,234,453,236,454,237,455,240,455,245,455,245,455,249,455,252,455,254,454,255,453,258,452,262,452,262,452,267,452,271,452,271,452,276,452,280,452,280,452,285,452,288,452,289,451,290,449,293,449,298,449,298,449,302,449,307,449,307,449,311,449,316,449,316,449,320,449,323,448,324,447,326,446,329,446,332,445,333,444,335,443,338,442,341,442,342,441,341,440,338,439
311,219,308,219,307,221,308,222,311,222,314,222,316,221,314,219,311,219
99,277,96,277,94,276,93,275,90,274,85,274,85,272,84,271,81,271,78,270,76,269,78,268,81,268,84,267,85,266,84,265,81,264,76,264,76,264,72,264,69,265,68,266,66,267,63,268,60,267,59,266,59,264,59,264,59,263,59,261,59,261,59,259,57,258,54,258,51,258,50,259,50,261,50,261,50,263,50,264,50,264,50,266,48,267,45,268,42,268,41,269,42,270,45,271,48,271,50,272,50,274,50,274,50,276,50,277,50,277,50,279,50,280,50,280,50,282,51,283,54,284,57,284,59,285,60,286,63,287,66,286,68,285,68,284,68,284,68,282,68,280,68,280,68,279,69,278,72,277,75,277,76,276,78,275,81,274,85,274,85,276,85,277,85,277,85,279,85,280,85,280,85,282,85,284,85,284,85,285,87,286,90,287,93,286,94,285,94,284,94,284,94,282,96,281,99,280,102,280,103,279,102,278,99,277
99,397,96,397,94,395,93,394,90,394,87,393,85,392,84,391,81,391,76,391,76,391,72,391,69,391,68,392,68,394,68,394,68,395,69,397,72,397,75,398,76,399,76,400,76,400,76,402,78,403,81,404,85,404,85,404,90,404,93,404,94,405,96,406,99,407,102,406,103,405,103,404,103,404,103,402,103,400,103,400,103,399,102,398,99,397
72,423,68,423,68,423,63,423,59,423,59,421,57,420,54,420,51,420,50,421,51,422,54,423,59,423,59,425,60,426,63,426,68,426,68,426,72,426,75,426,76,425,75,424,72,423
37,15,34,15,32,16,32,18,28,18,25,19,23,20,25,21,28,21,31,21,32,20,32,18,37,18,40,18,41,16,40,15,37,15
515,41,510,41,510,42,510,44,515,44,519,44,519,42,518,41,515,41
