475,10,475,12,475,12,475,13,476,14,479,15,482,15,484,16,484,18,484,18,484,20,485,21,488,21,491,22,493,23,491,24,488,25,485,25,484,26,484,28,484,28,484,29,482,31,479,31,476,32,475,33,475,34,475,34,475,36,475,38,475,38,475,39,476,40,479,41,482,41,484,42,485,43,488,44,491,45,493,46,491,47,488,47,484,47,484,47,479,47,476,47,475,46,474,45,471,44,468,43,466,42,466,41,466,41,466,39,465,38,462,38,459,38,457,39,456,40,453,41,450,41,448,42,447,43,444,44,441,43,440,42,440,41,440,41,440,39,440,38,440,38,440,36,438,35,435,34,432,35,431,36,429,37,426,38,423,37,422,36,422,34,422,34,422,33,422,31,422,31,422,29,422,28,422,28,422,26,422,25,422,25,422,23,423,22,426,21,429,22,431,23,432,24,435,25,438,24,440,23,440,21,440,21,440,20,441,19,444,18,448,18,448,18,453,18,456,18,457,16,457,15,457,15,457,13,457,12,457,12,457,10,360,10,361,11,364,12,369,12,369,12,373,12,376,12,378,13,376,14,373,15,370,15,369,16,367,18,364,18,360,18,360,18,355,18,352,18,351,16,350,15,347,15,344,14,342,13,344,12,347,12,350,11,351,10,236,10,236,12,236,12,236,13,236,15,236,15,236,16,234,18,231,18,228,18,227,16,226,15,223,15,220,14,218,13,220,12,223,12,226,11,227,10,118,10,10,10,10,54,14,54,14,52,16,51,19,50,22,51,23,52,22,53,19,54,14,54,14,55,13,56,10,57,10,263,10,470,493,470,493,468,488,468,485,468,484,467,485,466,488,465,491,466,493,467,493,468,497,468,500,469,502,470,566,470,630,470,630,240,630,10,475,10
612,102,609,102,608,101,608,99,608,99,608,97,608,96,608,96,608,94,608,93,608,93,608,91,608,89,608,89,608,88,608,86,608,86,608,85,608,83,608,83,608,81,608,80,608,80,608,78,606,77,603,76,600,76,599,75,599,73,599,73,599,72,599,70,599,70,599,68,599,67,599,67,599,65,599,63,599,63,599,62,598,61,595,60,592,61,590,62,590,63,590,63,590,65,589,66,586,67,583,66,581,65,580,64,577,63,574,64,572,65,571,66,568,67,564,67,564,67,559,67,556,67,555,68,555,70,555,70,555,72,556,73,559,73,562,74,564,75,564,76,564,76,564,78,562,79,559,80,556,80,555,81,555,83,555,83,555,85,553,86,550,86,547,87,546,88,546,89,546,89,546,91,547,92,550,93,553,93,555,94,556,95,559,96,564,96,564,96,568,96,571,96,572,97,574,99,577,99,581,99,581,99,586,99,589,100,590,101,590,102,590,102,590,104,590,106,590,106,590,107,590,109,590,109,590,110,592,112,595,112,598,113,599,114,599,115,599,115,599,117,598,118,595,119,590,119,590,119,586,119,583,119,581,120,581,122,581,122,581,123,581,125,581,125,581,127,583,128,586,128,590,128,590,128,595,128,599,128,599,128,603,128,606,128,608,127,608,125,608,125,608,123,608,122,608,122,608,120,608,119,608,119,608,117,609,116,612,115,615,115,617,114,617,112,617,112,617,110,617,109,617,109,617,107,617,106,617,106,617,104,615,103,612,102
603,219,600,218,599,217,599,216,599,216,599,214,599,212,599,212,599,211,599,209,599,209,599,208,599,206,599,206,599,204,598,203,595,203,592,202,590,201,590,200,590,200,590,198,590,196,590,196,590,195,589,194,586,193,583,192,581,191,580,190,577,190,574,190,572,191,572,193,572,193,572,195,574,196,577,196,580,197,581,198,581,200,581,200,581,201,581,203,581,203,581,204,581,206,581,206,581,208,581,209,581,209,581,211,583,212,586,212,589,213,590,214,590,216,590,216,590,217,590,219,590,219,590,221,590,222,590,222,590,224,590,225,590,225,590,227,592,228,595,229,598,229,599,230,599,232,599,232,599,234,599,235,599,235,599,237,599,238,599,238,599,240,599,242,599,242,599,243,599,245,599,245,599,246,599,248,599,248,599,250,599,251,599,251,599,253,599,255,599,255,599,256,599,258,599,258,599,259,599,261,599,261,599,263,599,264,599,264,599,266,600,267,603,268,606,267,608,266,608,264,608,264,608,263,608,261,608,261,608,259,608,258,608,258,608,256,608,255,608,255,608,253,608,251,608,251,608,250,608,248,608,248,608,246,608,245,608,245,608,243,608,242,608,242,608,240,608,238,608,238,608,237,608,235,608,235,608,234,608,232,608,232,608,230,608,229,608,229,608,227,608,225,608,225,608,224,608,222,608,222,608,221,606,219,603,219
568,122,565,122,564,123,564,125,564,125,564,127,565,128,568,128,571,128,572,127,572,125,572,125,572,123,571,122,568,122
524,154,521,155,519,156,521,157,524,157,527,157,528,156,527,155,524,154
515,60,512,61,510,62,510,63,510,63,510,65,512,66,515,67,518,66,519,65,519,63,519,63,519,62,518,61,515,60
435,293,431,293,431,293,426,293,423,294,422,295,422,297,422,297,422,298,420,299,417,300,414,300,413,302,414,303,417,303,420,304,422,305,422,306,422,306,422,308,423,309,426,310,429,309,431,308,431,306,431,306,431,305,432,304,435,303,438,303,440,302,440,300,440,300,440,298,440,297,440,297,440,295,438,294,435,293
435,361,432,361,431,360,429,359,426,358,423,358,422,357,420,356,417,355,414,356,413,357,412,358,409,358,406,359,404,360,404,361,404,361,404,363,403,364,400,365,395,365,395,363,394,362,391,361,388,362,386,363,388,364,391,365,395,365,395,366,395,368,395,368,395,370,395,371,395,371,395,373,395,374,395,374,395,376,395,378,395,378,395,379,395,381,395,381,395,383,395,384,395,384,395,386,395,387,395,387,395,389,397,390,400,391,403,391,404,392,404,394,404,394,404,395,404,397,400,397,397,398,395,399,395,400,395,400,395,402,397,403,400,404,403,403,404,402,404,400,404,400,404,399,404,397,409,397,412,397,413,395,414,394,417,394,420,393,422,392,422,391,422,391,422,389,422,387,422,387,422,386,423,385,426,384,429,384,431,383,431,381,431,381,431,379,431,378,431,378,431,376,431,374,431,374,431,373,431,371,431,371,431,370,432,369,435,368,438,367,440,366,440,365,440,365,440,363,438,362,435,361
426,44,423,45,422,46,423,47,426,47,429,47,431,46,429,45,426,44
426,67,423,67,422,68,422,70,422,70,422,72,422,73,422,73,422,75,423,76,426,76,429,76,431,75,431,73,431,73,431,72,431,70,431,70,431,68,429,67,426,67
426,420,423,420,422,421,422,423,422,423,422,425,423,426,426,426,429,426,431,425,431,423,431,423,431,421,429,420,426,420
417,99,414,100,413,101,413,102,413,102,413,104,414,105,417,106,420,105,422,104,422,102,422,102,422,101,420,100,417,99
409,12,406,12,404,13,406,14,409,15,412,14,413,13,412,12,409,12
409,407,406,407,404,408,403,410,400,410,397,411,395,412,395,413,395,413,395,415,394,416,391,417,388,417,386,418,386,420,386,420,386,421,386,423,386,423,386,425,385,426,382,426,379,427,378,428,379,429,382,430,386,430,386,430,391,430,394,429,395,428,397,427,400,426,403,426,404,425,404,423,404,423,404,421,406,420,409,420,412,419,413,418,413,417,413,417,413,415,413,413,413,413,413,412,413,410,413,410,413,408,412,407,409,407
391,63,388,64,386,65,386,67,386,67,386,68,388,69,391,70,394,69,395,68,395,67,395,67,395,65,394,64,391,63
329,34,326,35,324,36,324,38,324,38,324,39,324,41,324,41,324,42,324,44,324,44,324,46,326,47,329,47,332,47,333,46,333,44,333,44,333,42,333,41,333,41,333,39,333,38,333,38,333,36,332,35,329,34
311,170,308,171,307,172,308,173,311,174,314,173,316,172,314,171,311,170
276,18,271,18,271,18,267,18,264,19,262,20,264,21,267,21,271,21,271,21,276,21,279,21,280,20,279,19,276,18
276,154,273,155,271,156,273,157,276,157,279,157,280,156,279,155,276,154
249,12,246,12,245,13,246,14,249,15,252,14,254,13,252,12,249,12
152,326,149,325,147,324,146,323,143,323,140,322,138,321,137,320,134,319,130,319,130,319,125,319,121,319,121,319,116,319,112,319,112,319,107,319,104,320,103,321,104,322,107,323,110,323,112,324,113,325,116,326,119,326,121,327,121,329,121,329,121,331,122,332,125,332,128,333,130,334,131,335,134,336,138,336,138,336,143,336,146,335,147,334,149,333,152,332,155,332,156,331,156,329,156,329,156,327,155,326,152,326
72,417,69,417,68,418,69,419,72,420,75,419,76,418,75,417,72,417
54,420,50,420,50,420,45,420,42,420,41,421,42,422,45,423,50,423,50,423,54,423,57,422,59,421,57,420,54,420
45,41,42,41,41,42,42,43,45,44,48,43,50,42,48,41,45,41
462,21,459,22,457,23,459,24,462,25,465,24,466,23,465,22,462,21
