590,10,590,12,590,12,590,13,590,15,590,15,590,16,590,18,590,18,590,20,592,21,595,21,598,22,599,23,599,25,599,25,599,26,599,28,599,28,599,29,599,31,599,31,599,33,599,34,599,34,599,36,599,38,599,38,599,39,599,41,599,41,599,42,600,43,603,44,606,45,608,46,606,47,603,47,599,47,599,47,595,47,592,48,590,49,590,50,590,50,590,52,590,54,590,54,590,55,589,56,586,57,581,57,581,57,577,57,574,56,572,55,572,54,572,54,572,52,572,50,572,50,572,49,572,47,572,47,572,46,574,45,577,44,580,43,581,42,580,41,577,41,572,41,572,41,568,41,565,40,564,39,565,38,568,38,571,37,572,36,574,35,577,34,580,34,581,33,580,32,577,31,574,31,572,29,572,28,572,28,572,26,572,25,572,25,572,23,572,21,572,21,572,20,572,18,572,18,572,16,572,15,572,15,572,13,571,12,568,12,565,11,564,10,287,10,10,10,10,63,13,64,14,65,14,67,14,67,14,68,16,69,19,70,22,70,23,72,22,73,19,73,16,74,14,75,14,76,14,76,14,78,14,80,14,80,14,81,14,83,14,83,14,85,13,86,10,86,10,345,13,346,14,347,16,348,19,349,22,349,23,350,22,351,19,352,16,352,14,353,14,355,14,355,14,357,13,358,10,358,10,414,10,470,440,470,440,468,440,468,440,467,440,465,440,465,440,464,441,462,444,462,448,462,448,462,453,462,456,462,457,464,459,465,462,465,465,466,466,467,466,468,466,468,466,470,548,470,630,470,630,280,627,280,626,279,624,278,621,277,618,277,617,276,617,274,617,274,617,272,617,271,612,271,609,270,608,269,609,268,612,268,615,268,617,269,617,271,621,271,624,271,626,272,627,273,630,274,630,248,627,248,626,246,626,245,626,245,626,243,626,242,626,242,626,240,627,239,630,238,630,124,630,10,590,10
612,83,609,83,608,85,608,86,608,86,608,88,609,89,612,89,615,89,617,88,617,86,617,86,617,85,615,83,612,83
612,125,608,125,608,123,606,122,603,122,600,122,599,123,599,125,595,125,592,126,590,127,589,128,586,128,581,128,581,128,577,128,574,129,572,130,572,131,572,131,572,133,571,134,568,135,565,135,564,136,562,137,559,138,556,137,555,136,553,135,550,135,547,135,546,136,546,138,546,138,546,140,546,141,546,141,546,143,547,144,550,144,555,144,555,144,559,144,562,144,564,143,565,142,568,141,572,141,572,141,577,141,580,141,581,140,583,139,586,138,589,137,590,136,590,135,595,135,598,134,599,133,600,132,603,131,606,131,608,130,608,128,612,128,615,128,617,127,615,126,612,125
568,80,565,80,564,81,562,82,559,83,556,82,555,81,553,80,550,80,547,79,546,78,544,77,541,76,538,77,537,78,536,79,533,80,530,80,528,81,528,83,528,83,528,85,530,86,533,86,536,87,537,88,537,89,537,89,537,91,537,93,537,93,537,94,537,96,533,96,530,95,528,94,527,93,524,93,521,93,519,94,519,96,519,96,519,97,519,99,519,99,519,101,518,102,515,102,512,103,510,104,510,106,510,106,510,107,510,109,510,109,510,110,510,112,510,112,510,114,509,115,506,115,502,115,502,115,497,115,493,115,493,115,488,115,484,115,484,115,479,115,476,116,475,117,475,119,475,119,475,120,476,121,479,122,484,122,484,122,488,122,491,122,493,123,491,124,488,125,484,125,484,125,479,125,476,126,475,127,475,128,475,128,475,130,474,131,471,131,468,132,466,133,466,135,466,135,466,136,466,138,466,138,466,140,466,141,466,141,466,143,466,144,466,144,466,146,468,147,471,148,474,148,475,149,475,151,475,151,475,153,475,154,475,154,475,156,476,157,479,157,482,158,484,159,484,161,479,161,476,161,475,162,474,163,471,164,468,164,466,165,468,167,471,167,474,168,475,169,476,170,479,170,482,170,484,169,484,167,484,167,484,165,484,164,484,164,484,162,484,161,488,161,491,160,493,159,493,157,493,157,493,156,494,155,497,154,500,155,502,156,503,157,506,157,509,157,510,156,510,154,510,154,510,153,510,151,510,151,510,149,512,148,515,148,519,148,519,148,524,148,527,147,528,146,527,145,524,144,521,144,519,143,519,141,519,141,519,140,519,138,519,138,519,136,518,135,515,135,512,134,510,133,510,131,510,131,510,130,510,128,510,128,510,127,512,126,515,125,518,124,519,123,519,122,519,122,519,120,521,119,524,119,527,118,528,117,530,116,533,115,536,115,537,114,537,112,537,112,537,110,538,109,541,109,544,108,546,107,546,106,546,106,546,104,544,103,541,102,538,102,537,101,537,99,537,99,537,97,537,96,541,96,546,96,546,96,550,96,555,96,555,96,559,96,562,95,564,94,564,93,564,93,564,91,565,90,568,89,571,89,572,88,572,86,572,86,572,85,572,83,572,83,572,81,571,80,568,80
559,70,556,70,555,72,555,73,555,73,555,75,556,76,559,76,562,76,564,75,564,73,564,73,564,72,562,70,559,70
488,76,485,77,484,78,485,79,488,80,491,79,493,78,491,77,488,76
479,109,476,109,475,110,476,112,479,112,482,112,484,110,482,109,479,109
426,31,423,32,422,33,420,34,417,34,414,35,413,36,412,37,409,38,404,38,404,38,400,38,395,38,395,38,391,38,388,38,386,39,388,40,391,41,394,41,395,42,395,44,395,44,395,46,397,47,400,47,404,47,404,47,409,47,412,47,413,46,414,45,417,44,422,44,422,44,426,44,429,43,431,42,431,41,431,41,431,39,431,38,431,38,431,36,431,34,431,34,431,33,429,32,426,31
417,144,414,145,413,146,414,147,417,148,420,147,422,146,420,145,417,144
409,400,406,400,404,399,404,397,404,397,404,395,403,394,400,394,397,393,395,392,394,391,391,391,386,391,386,389,385,388,382,387,378,387,378,386,376,385,373,384,370,384,369,383,367,381,364,381,360,381,360,381,355,381,352,381,351,383,352,384,355,384,358,385,360,386,361,387,364,387,369,387,369,387,373,387,378,387,378,389,379,390,382,391,386,391,386,392,386,394,386,394,386,395,386,397,386,397,386,399,388,400,391,400,394,401,395,402,397,403,400,404,403,404,404,405,406,406,409,407,412,406,413,405,413,404,413,404,413,402,412,401,409,400
391,196,386,196,386,196,382,196,379,197,378,198,379,199,382,200,386,200,386,200,391,200,394,199,395,198,394,197,391,196
382,44,379,45,378,46,379,47,382,47,385,47,386,46,385,45,382,44
364,332,361,333,360,334,360,336,360,336,360,337,360,339,360,339,360,340,361,342,364,342,367,342,369,340,369,339,369,339,369,337,369,336,369,336,369,334,367,333,364,332
364,446,360,446,360,446,355,446,351,446,351,446,347,446,342,446,342,446,338,446,333,446,333,446,329,446,326,446,324,447,326,448,329,449,332,449,333,451,335,452,338,452,342,452,342,452,347,452,351,452,351,452,355,452,358,452,360,451,361,449,364,449,367,448,369,447,367,446,364,446
285,439,282,439,280,438,279,437,276,436,271,436,271,436,267,436,264,435,262,434,261,433,258,433,254,433,254,433,249,433,245,433,245,433,240,433,237,432,236,431,234,430,231,430,227,430,227,430,223,430,218,430,218,430,214,430,211,429,209,428,208,427,205,426,202,426,200,425,199,424,196,423,192,423,192,423,187,423,184,422,183,421,181,420,178,420,174,420,174,420,169,420,166,420,165,421,165,423,165,423,165,425,166,426,169,426,172,427,174,428,175,429,178,430,181,430,183,431,184,432,187,433,190,433,192,434,193,435,196,436,200,436,200,436,205,436,208,437,209,438,211,439,214,439,218,439,218,439,223,439,227,439,227,439,231,439,234,440,236,441,237,442,240,442,245,442,245,442,249,442,254,442,254,442,258,442,262,442,262,442,267,442,271,442,271,442,276,442,280,442,280,442,285,442,288,442,289,441,288,440,285,439
258,368,255,368,254,370,255,371,258,371,261,371,262,370,261,368,258,368
205,216,202,216,200,217,202,218,205,219,208,218,209,217,208,216,205,216
143,417,140,417,138,418,140,419,143,420,146,419,147,418,146,417,143,417
72,25,68,25,68,25,63,25,60,25,59,26,59,28,59,28,59,29,59,31,59,31,59,33,60,34,63,34,66,35,68,36,69,37,72,38,75,37,76,36,76,34,76,34,76,33,76,31,76,31,76,29,76,28,76,28,76,26,75,25,72,25
72,410,69,411,68,412,68,413,68,413,68,415,69,416,72,417,75,416,76,415,76,413,76,413,76,412,75,411,72,410
63,212,60,213,59,214,60,215,63,216,66,215,68,214,66,213,63,212
54,417,51,417,50,418,51,419,54,420,57,419,59,418,57,417,54,417
45,238,41,238,41,238,37,238,34,239,32,240,32,242,32,242,32,243,32,245,32,245,32,246,34,248,37,248,40,248,41,246,42,245,45,245,48,244,50,243,50,242,50,242,50,240,48,239,45,238
603,125,599,125,599,127,600,128,603,128,608,128,608,127,608,125,603,125
586,131,583,132,581,133,583,134,586,135,590,135,590,133,589,132,586,131
