546,10,547,11,550,12,553,12,555,13,555,15,555,15,555,16,555,18,555,18,555,20,555,21,555,21,555,23,555,25,555,25,555,26,555,28,555,28,555,29,555,31,555,31,555,33,555,34,559,34,562,35,564,36,564,38,564,38,564,39,562,40,559,41,556,40,555,39,555,38,555,38,555,36,555,34,550,34,547,34,546,33,544,32,541,31,538,32,537,33,537,34,537,34,537,36,537,38,537,38,537,39,537,41,537,41,537,42,537,44,537,44,537,46,537,47,537,47,537,49,536,50,533,50,528,50,528,50,524,50,521,50,519,49,518,48,515,47,512,47,510,46,509,45,506,44,503,45,502,46,502,47,502,47,502,49,500,50,497,50,494,51,493,52,491,53,488,54,485,53,484,52,484,50,484,50,484,49,482,48,479,47,476,47,475,46,476,45,479,44,482,43,484,42,484,41,484,41,484,39,484,38,484,38,484,36,484,34,484,34,484,33,484,31,484,31,484,29,485,28,488,28,491,27,493,26,494,25,497,25,500,24,502,23,503,22,506,21,510,21,510,21,515,21,518,21,519,20,519,18,519,18,519,16,519,15,519,15,519,13,519,12,519,12,519,10,466,10,466,12,466,12,466,13,465,14,462,15,459,14,457,13,456,12,453,12,450,12,448,13,448,15,448,15,448,16,447,18,444,18,441,19,440,20,440,21,440,21,440,23,440,25,440,25,440,26,438,27,435,28,432,27,431,26,429,25,426,25,422,25,422,25,417,25,413,25,413,25,409,25,406,24,404,23,403,22,400,21,395,21,395,23,395,25,395,25,395,26,395,28,395,28,395,29,395,31,395,31,395,33,394,34,391,34,386,34,386,34,382,34,379,35,378,36,379,37,382,38,385,38,386,39,386,41,386,41,386,42,386,44,386,44,386,46,385,47,382,47,379,48,378,49,378,50,378,50,378,52,378,54,382,54,385,54,386,55,385,56,382,57,379,56,378,55,378,54,373,54,370,53,369,52,367,51,364,50,361,50,360,49,360,47,360,47,360,46,361,45,364,44,367,43,369,42,369,41,369,41,369,39,369,38,369,38,369,36,369,34,369,34,369,33,370,32,373,31,376,31,378,29,378,28,378,28,378,26,379,25,382,25,385,24,386,23,388,22,391,21,395,21,395,20,397,19,400,18,404,18,404,18,409,18,412,18,413,16,413,15,413,15,413,13,413,12,413,12,413,10,254,10,252,11,249,12,246,12,245,13,243,14,240,15,237,14,236,13,234,12,231,12,228,11,227,10,118,10,10,10,10,60,13,61,14,62,13,63,10,63,10,267,10,470,320,470,630,470,630,446,627,445,626,444,626,442,626,442,626,441,626,439,626,439,626,438,626,436,626,436,626,434,626,433,626,433,626,431,626,430,626,430,626,428,626,426,626,426,626,425,626,423,626,423,626,421,626,420,626,420,626,418,627,417,630,417,630,213,630,10,546,10
621,125,618,126,617,127,617,128,612,128,608,128,608,128,603,128,600,128,599,127,599,125,599,125,599,123,599,122,603,122,608,122,608,122,612,122,615,121,617,120,615,119,612,119,608,119,608,119,603,119,600,119,599,120,599,122,595,122,590,122,590,122,586,122,583,121,581,120,583,119,586,119,589,118,590,117,589,116,586,115,583,115,581,114,583,113,586,112,589,112,590,110,590,109,595,109,598,109,599,110,600,112,603,112,608,112,608,112,612,112,615,112,617,110,615,109,612,109,609,108,608,107,608,106,608,106,608,104,606,103,603,102,600,102,599,101,598,100,595,99,592,99,590,97,590,96,590,96,590,94,590,93,590,93,590,91,590,89,590,89,590,88,589,87,586,86,583,86,581,85,581,83,581,83,581,81,580,80,577,80,574,79,572,78,572,76,572,76,572,75,571,74,568,73,564,73,564,73,559,73,556,73,555,72,555,70,555,70,555,68,555,67,555,67,555,65,553,64,550,63,547,63,546,62,544,61,541,60,537,60,537,60,533,60,530,61,528,62,527,63,524,63,521,64,519,65,519,67,515,67,512,67,510,68,512,69,515,70,518,69,519,68,519,67,524,67,528,67,528,67,533,67,536,67,537,68,537,70,537,70,537,72,537,73,537,73,537,75,537,76,537,76,537,78,537,80,537,80,537,81,538,82,541,83,544,83,546,85,546,86,546,86,546,88,546,89,546,89,546,91,547,92,550,93,553,93,555,94,555,96,555,96,555,97,556,99,559,99,562,100,564,101,564,102,564,102,564,104,564,106,564,106,564,107,564,109,564,109,564,110,562,111,559,112,556,113,555,114,553,115,550,115,547,116,546,117,546,119,546,119,546,120,547,121,550,122,553,122,555,123,556,124,559,125,562,126,564,127,565,128,568,128,571,129,572,130,574,131,577,131,581,131,581,131,586,131,589,132,590,133,592,134,595,135,599,135,599,135,603,135,606,134,608,133,609,132,612,131,615,131,617,130,617,128,621,128,624,128,626,127,624,126,621,125
612,80,609,80,608,81,609,82,612,83,615,82,617,81,615,80,612,80
603,268,599,268,599,268,595,268,592,268,590,269,590,271,590,271,590,272,590,274,590,274,590,276,592,277,595,277,598,278,599,279,600,280,603,280,606,280,608,279,608,277,608,277,608,276,608,274,608,274,608,272,608,271,608,271,608,269,606,268,603,268
488,465,485,466,484,467,485,468,488,468,491,468,493,467,491,466,488,465
462,106,459,106,457,107,459,108,462,109,465,108,466,107,465,106,462,106
453,135,450,135,448,136,450,137,453,138,456,137,457,136,456,135,453,135
444,89,441,90,440,91,440,93,440,93,440,94,441,95,444,96,447,95,448,94,448,93,448,93,448,91,447,90,444,89
444,99,441,100,440,101,440,102,440,102,440,104,441,105,444,106,447,105,448,104,448,102,448,102,448,101,447,100,444,99
444,310,441,309,440,308,440,306,440,306,440,305,438,304,435,303,431,303,431,303,426,303,423,304,422,305,420,306,417,306,414,307,413,308,413,310,413,310,413,311,412,312,409,313,406,312,404,311,403,310,400,310,397,310,395,311,394,312,391,313,386,313,386,313,382,313,378,313,378,313,373,313,370,313,369,315,369,316,369,316,369,318,369,319,369,319,369,321,369,323,369,323,369,324,370,325,373,326,376,325,378,324,379,323,382,323,386,323,386,323,391,323,395,323,395,323,400,323,403,323,404,324,406,325,409,326,412,325,413,324,414,323,417,323,420,323,422,324,423,325,426,326,429,325,431,324,432,323,435,323,438,322,440,321,440,319,440,319,440,318,441,317,444,316,447,316,448,315,448,313,448,313,448,311,447,310,444,310
435,83,431,83,431,81,431,80,431,80,431,78,431,76,431,76,431,75,429,74,426,73,423,74,422,75,422,76,422,76,422,78,422,80,422,80,422,81,423,82,426,83,431,83,431,85,432,86,435,86,438,86,440,85,438,83,435,83
435,332,432,333,431,334,431,336,431,336,431,337,432,338,435,339,438,338,440,337,440,336,440,336,440,334,438,333,435,332
426,63,423,64,422,65,423,66,426,67,429,66,431,65,429,64,426,63
426,413,422,413,422,413,417,413,414,414,413,415,413,417,413,417,413,418,413,420,413,420,413,421,412,422,409,423,406,424,404,425,404,426,404,426,404,428,404,430,404,430,404,431,404,433,404,433,404,434,404,436,400,436,397,437,395,438,397,439,400,439,403,439,404,438,404,436,409,436,412,435,413,434,414,433,417,433,420,432,422,431,422,430,422,430,422,428,422,426,422,426,422,425,423,424,426,423,429,422,431,421,431,420,431,420,431,418,431,417,431,417,431,415,429,414,426,413
400,67,397,66,395,65,394,64,391,63,388,64,386,65,386,67,386,67,386,68,388,69,391,70,395,70,395,70,400,70,403,69,404,68,403,67,400,67
382,378,379,378,378,379,378,381,373,381,370,381,369,383,370,384,373,384,376,384,378,383,378,381,382,381,385,380,386,379,385,378,382,378
373,12,370,12,369,13,367,14,364,15,360,15,360,13,358,12,355,12,352,12,351,13,352,14,355,15,360,15,360,16,360,18,360,18,360,20,361,21,364,21,367,21,369,20,370,19,373,18,376,18,378,16,378,15,378,15,378,13,376,12,373,12
355,190,351,190,351,190,347,190,342,190,342,188,341,187,338,187,333,187,333,185,332,184,329,183,324,183,324,182,323,181,320,180,316,180,316,178,314,177,311,177,307,177,307,175,305,174,302,174,298,174,298,172,298,170,298,170,298,169,296,168,293,167,289,167,289,165,288,164,285,164,282,164,280,165,282,167,285,167,289,167,289,169,289,170,289,170,289,172,290,173,293,174,298,174,298,175,299,176,302,177,307,177,307,178,308,180,311,180,316,180,316,182,317,183,320,183,324,183,324,185,326,186,329,187,333,187,333,188,335,189,338,190,342,190,342,191,344,192,347,193,351,193,351,193,355,193,358,192,360,191,358,190,355,190
347,28,344,27,342,26,341,25,338,25,335,25,333,26,333,28,333,28,333,29,335,31,338,31,342,31,342,31,347,31,350,31,351,29,350,28,347,28
329,44,326,45,324,46,326,47,329,47,332,47,333,46,332,45,329,44
293,60,290,61,289,62,289,63,289,63,289,65,290,66,293,67,296,66,298,65,298,63,298,63,298,62,296,61,293,60
134,329,131,329,130,327,130,326,130,326,130,324,130,323,130,323,130,321,128,320,125,319,122,319,121,318,119,317,116,316,112,316,112,316,107,316,104,316,103,315,102,313,99,313,96,313,94,315,93,316,90,316,87,317,85,318,84,319,81,319,78,320,76,321,78,322,81,323,84,323,85,324,87,325,90,326,93,326,94,327,96,329,99,329,102,330,103,331,104,332,107,332,110,333,112,334,113,335,116,336,119,336,121,337,122,338,125,339,130,339,130,339,134,339,137,338,138,337,138,336,138,336,138,334,138,332,138,332,138,331,137,330,134,329
54,430,51,430,50,431,51,432,54,433,57,432,59,431,57,430,54,430
45,47,42,47,41,46,40,45,37,44,34,45,32,46,32,47,32,47,32,49,34,50,37,50,41,50,41,50,45,50,48,50,50,49,48,48,45,47
45,290,41,290,41,290,37,290,32,290,32,290,28,290,25,291,23,292,25,293,28,293,32,293,32,293,37,293,41,293,41,293,45,293,48,293,50,292,48,291,45,290
422,10,422,12,422,12,422,13,423,14,426,15,429,14,431,13,431,12,431,12,431,10,422,10
586,106,583,106,581,107,583,108,586,109,590,109,590,107,589,106,586,106
