590,10,590,12,590,12,590,13,590,15,590,15,590,16,592,18,595,18,598,19,599,20,599,21,599,21,599,23,599,25,599,25,599,26,599,28,599,28,599,29,599,31,599,31,599,33,599,34,599,34,599,36,599,38,599,38,599,39,600,40,603,41,606,41,608,42,608,44,608,44,608,46,606,47,603,47,600,48,599,49,598,50,595,50,592,51,590,52,589,53,586,54,581,54,581,54,577,54,574,53,572,52,572,50,572,50,572,49,574,48,577,47,580,47,581,46,581,44,581,44,581,42,581,41,581,41,581,39,581,38,581,38,581,36,583,35,586,34,589,34,590,33,589,32,586,31,583,31,581,29,581,28,581,28,581,26,580,25,577,25,574,24,572,23,572,21,572,21,572,20,572,18,572,18,572,16,572,15,572,15,572,13,572,12,572,12,572,10,174,10,174,12,174,12,174,13,174,15,174,15,174,16,172,18,169,18,166,18,165,16,164,15,161,15,158,14,156,13,155,12,152,12,149,11,147,10,79,10,10,10,10,336,13,336,14,337,16,338,19,339,22,339,23,340,23,342,23,342,23,344,23,345,23,345,23,347,25,348,28,349,31,349,32,350,32,352,32,352,32,353,31,354,28,355,25,356,23,357,25,358,28,358,32,358,32,358,37,358,40,359,41,360,41,361,41,361,41,363,42,364,45,365,48,365,50,366,50,368,50,368,50,370,51,371,54,371,57,372,59,373,60,374,63,374,66,375,68,376,68,378,68,378,68,379,68,381,68,381,68,383,68,384,68,384,68,386,66,387,63,387,60,387,59,386,57,385,54,384,50,384,50,384,45,384,42,384,41,383,40,381,37,381,34,380,32,379,31,378,28,378,23,378,23,378,19,378,16,377,14,376,14,374,14,374,14,373,14,371,14,371,14,370,14,368,14,368,14,366,13,365,10,365,10,417,10,470,440,470,441,469,444,468,447,468,448,467,448,465,448,465,448,464,450,462,453,462,456,462,457,464,459,465,462,465,466,465,466,465,471,465,474,466,475,467,475,468,475,468,475,470,493,470,494,469,497,468,500,469,502,470,566,470,630,470,630,284,627,284,626,285,624,286,621,287,618,286,617,285,615,284,612,284,609,283,608,282,608,280,608,280,608,279,606,278,603,277,600,277,599,276,599,274,599,274,599,272,599,271,599,271,599,269,600,268,603,268,606,268,608,269,609,270,612,271,615,271,617,272,618,273,621,274,626,274,626,274,630,274,630,248,627,248,626,246,627,245,630,245,630,127,630,10,590,10
612,86,609,87,608,88,608,89,608,89,608,91,608,93,603,93,600,93,599,94,599,96,599,96,599,97,600,99,603,99,606,99,608,97,608,96,608,96,608,94,608,93,612,93,615,92,617,91,617,89,617,89,617,88,615,87,612,86
612,119,609,119,608,120,606,121,603,122,600,122,599,123,598,124,595,125,592,126,590,127,590,128,586,128,581,128,581,128,577,128,572,128,572,128,568,128,564,128,564,128,559,128,556,129,555,130,553,131,550,131,547,132,546,133,546,135,546,135,546,136,544,137,541,138,537,138,537,138,533,138,530,138,528,140,530,141,533,141,537,141,537,141,541,141,544,142,546,143,546,144,546,144,546,146,547,147,550,148,555,148,555,148,559,148,562,147,564,146,565,145,568,144,571,144,572,143,574,142,577,141,580,141,581,140,583,139,586,138,589,137,590,136,590,135,595,135,599,135,599,135,603,135,606,134,608,133,608,131,608,131,608,130,609,129,612,128,615,128,617,127,617,125,617,125,617,123,617,122,617,122,617,120,615,119,612,119
568,38,565,38,564,39,565,40,568,41,571,40,572,39,571,38,568,38
568,80,565,79,564,78,564,76,564,76,564,75,562,74,559,73,556,74,555,75,555,76,555,76,555,78,555,80,555,80,555,81,553,82,550,83,547,83,546,85,546,86,546,86,546,88,546,89,546,89,546,91,547,92,550,93,553,93,555,94,556,95,559,96,562,95,564,94,564,93,564,93,564,91,565,90,568,89,571,89,572,88,572,86,572,86,572,85,572,83,572,83,572,81,571,80,568,80
550,106,546,106,546,106,541,106,538,105,537,104,536,103,533,102,530,102,528,101,527,100,524,99,521,100,519,101,519,102,519,102,519,104,519,106,519,106,519,107,518,108,515,109,512,109,510,110,510,112,510,112,510,114,510,115,510,115,510,117,512,118,515,119,519,119,519,119,524,119,528,119,528,119,533,119,536,118,537,117,537,115,537,115,537,114,537,112,537,112,537,110,538,109,541,109,544,109,546,110,546,112,546,112,546,114,547,115,550,115,553,115,555,114,555,112,555,112,555,110,555,109,555,109,555,107,553,106,550,106
524,144,521,144,519,143,519,141,519,141,519,140,519,138,519,138,519,136,518,135,515,135,512,135,510,136,510,138,510,138,510,140,510,141,510,141,510,143,509,144,506,144,503,144,502,143,500,142,497,141,494,141,493,140,491,138,488,138,484,138,484,138,479,138,475,138,475,136,475,135,475,135,475,133,474,132,471,131,468,132,466,133,466,135,466,135,466,136,468,137,471,138,475,138,475,140,475,141,475,141,475,143,475,144,475,144,475,146,475,148,475,148,475,149,475,151,475,151,475,153,476,154,479,154,482,155,484,156,485,157,488,157,491,157,493,156,493,154,493,154,493,153,494,151,497,151,500,151,502,153,503,154,506,154,509,154,510,153,512,151,515,151,519,151,519,151,524,151,527,150,528,149,528,148,528,148,528,146,527,145,524,144
506,167,503,168,502,169,503,170,506,170,509,170,510,169,509,168,506,167
488,164,485,164,484,165,485,167,488,167,491,167,493,165,491,164,488,164
488,174,485,174,484,175,485,176,488,177,491,176,493,175,491,174,488,174
479,44,476,45,475,46,474,47,471,47,468,48,466,49,468,50,471,50,475,50,475,50,479,50,482,50,484,49,484,47,484,47,484,46,482,45,479,44
479,54,476,54,475,55,476,56,479,57,482,56,484,55,482,54,479,54
471,99,468,100,466,101,468,102,471,102,474,102,475,101,474,100,471,99
444,38,441,37,440,36,440,34,440,34,440,33,440,31,440,31,440,29,438,28,435,28,431,28,431,28,426,28,423,28,422,29,420,31,417,31,414,32,413,33,412,34,409,34,406,35,404,36,403,37,400,38,397,38,395,39,395,41,395,41,395,42,395,44,395,44,395,46,394,47,391,47,388,48,386,49,388,50,391,50,394,51,395,52,397,53,400,54,403,54,404,55,406,56,409,57,412,56,413,55,414,54,417,54,420,53,422,52,423,51,426,50,429,50,431,49,431,47,431,47,431,46,432,45,435,44,438,43,440,42,441,41,444,41,447,40,448,39,447,38,444,38
435,63,432,64,431,65,431,67,426,67,423,67,422,68,423,69,426,70,429,69,431,68,431,67,435,67,438,66,440,65,438,64,435,63
417,410,414,411,413,412,414,413,417,413,420,413,422,412,420,411,417,410
417,459,413,459,413,459,409,459,406,459,404,460,406,461,409,462,413,462,413,462,417,462,420,461,422,460,420,459,417,459
400,60,395,60,395,60,391,60,388,61,386,62,386,63,386,63,386,65,388,66,391,67,395,67,395,67,400,67,403,66,404,65,404,63,404,63,404,62,403,61,400,60
382,54,379,54,378,55,379,56,382,57,385,56,386,55,385,54,382,54
364,339,361,339,360,340,360,342,360,342,360,344,361,345,364,345,367,345,369,344,369,342,369,342,369,340,367,339,364,339
329,342,326,343,324,344,326,345,329,345,332,345,333,344,332,343,329,342
320,449,316,449,316,449,311,449,308,448,307,447,305,446,302,446,299,445,298,444,296,443,293,442,290,442,289,441,288,440,285,439,280,439,280,439,276,439,271,439,271,439,267,439,264,439,262,438,261,437,258,436,254,436,254,436,249,436,245,436,245,436,240,436,237,435,236,434,234,433,231,433,227,433,227,433,223,433,218,433,218,433,214,433,211,432,209,431,208,430,205,430,200,430,200,430,196,430,192,430,192,430,187,430,184,430,183,431,184,432,187,433,190,433,192,434,193,435,196,436,199,437,200,438,202,439,205,439,208,440,209,441,211,442,214,442,218,442,218,442,223,442,226,443,227,444,227,446,227,446,227,447,228,448,231,449,236,449,236,449,240,449,245,449,245,449,249,449,254,449,254,449,258,449,261,448,262,447,264,446,267,446,271,446,271,446,276,446,279,446,280,447,282,448,285,449,289,449,289,449,293,449,296,449,298,451,299,452,302,452,307,452,307,452,311,452,316,452,316,452,320,452,323,452,324,451,323,449,320,449
72,394,69,394,68,395,69,397,72,397,75,397,76,395,75,394,72,394
37,242,32,242,32,242,28,242,25,242,23,243,25,244,28,245,32,245,32,245,37,245,40,244,41,243,40,242,37,242
595,128,590,128,590,130,590,131,595,131,598,131,599,130,598,129,595,128
586,131,583,132,581,133,583,134,586,135,590,135,590,133,590,131,586,131
568,131,565,132,564,133,562,134,559,135,556,135,555,136,556,137,559,138,564,138,564,138,568,138,571,137,572,136,572,135,572,135,572,133,571,132,568,131
