324,10,323,11,320,12,316,12,316,12,311,12,308,11,307,10,158,10,10,10,10,248,13,248,14,246,14,245,14,245,14,243,14,242,14,242,14,240,16,239,19,238,23,238,23,238,28,238,32,238,32,238,37,238,41,238,41,238,45,238,50,238,50,238,54,238,57,239,59,240,60,241,63,242,66,241,68,240,69,239,72,238,75,239,76,240,78,241,81,242,84,242,85,243,87,244,90,245,94,245,94,245,99,245,103,245,103,245,107,245,112,245,112,245,116,245,121,245,121,245,125,245,128,245,130,246,128,248,125,248,121,248,121,248,116,248,112,248,112,248,107,248,104,249,103,250,102,251,99,251,94,251,94,251,90,251,87,252,85,253,84,254,81,255,76,255,76,255,72,255,68,255,68,255,63,255,60,255,59,256,59,258,59,258,59,259,57,261,54,261,51,262,50,263,48,264,45,264,42,264,41,263,40,262,37,261,32,261,32,261,28,261,23,261,23,261,19,261,14,261,14,261,10,261,10,323,13,323,14,324,14,326,14,326,14,327,14,329,14,329,14,331,14,332,14,332,14,334,16,335,19,336,22,336,23,337,23,339,23,339,23,340,23,342,23,342,23,344,25,345,28,345,31,346,32,347,32,349,32,349,32,350,34,351,37,352,40,352,41,353,41,355,41,355,41,357,42,358,45,358,48,359,50,360,50,361,50,361,50,363,51,364,54,365,57,365,59,366,59,368,59,368,59,370,60,371,63,371,66,372,68,373,68,374,68,374,68,376,69,377,72,378,75,378,76,379,76,381,76,381,76,383,78,384,81,384,84,385,85,386,87,387,90,387,93,388,94,389,96,390,99,391,102,391,103,392,104,393,107,394,110,394,112,395,112,397,112,397,112,399,113,400,116,400,121,400,121,400,125,400,128,401,130,402,131,403,134,404,137,404,138,405,140,406,143,407,146,407,147,408,149,410,152,410,155,411,156,412,155,413,152,413,147,413,147,413,143,413,140,413,138,412,137,411,134,410,130,410,130,410,125,410,122,410,121,408,119,407,116,407,112,407,112,407,107,407,104,406,103,405,102,404,99,404,96,403,94,402,93,401,90,400,87,400,85,399,85,397,85,397,85,395,84,394,81,394,78,393,76,392,76,391,76,391,76,389,75,388,72,387,69,387,68,386,66,385,63,384,60,384,59,383,57,381,54,381,51,380,50,379,50,378,50,378,50,376,48,375,45,374,41,374,41,374,37,374,34,374,32,373,31,372,28,371,25,371,23,370,23,368,23,368,23,366,22,365,19,365,16,364,14,363,14,361,14,361,14,360,14,358,14,358,14,357,13,356,10,355,10,413,10,470,112,470,113,469,116,468,121,468,121,468,125,468,130,468,130,468,134,468,137,469,138,470,384,470,630,470,630,174,626,174,626,174,621,174,617,174,617,174,612,174,608,174,608,174,603,174,600,173,599,172,598,171,595,170,592,170,590,169,589,168,586,167,583,167,581,165,580,164,577,164,572,164,572,164,568,164,565,163,564,162,562,161,559,161,556,160,555,159,553,158,550,157,547,157,546,156,547,155,550,154,555,154,555,154,559,154,564,154,564,154,568,154,572,154,572,154,577,154,580,155,581,156,583,157,586,157,589,158,590,159,592,160,595,161,599,161,599,161,603,161,608,161,608,161,612,161,615,161,617,162,618,163,621,164,626,164,626,164,630,164,630,87,630,10,324,10
586,355,583,356,581,357,583,358,586,358,589,358,590,357,589,356,586,355
577,128,572,128,572,128,568,128,564,128,564,128,559,128,555,128,555,128,550,128,547,128,546,127,546,125,546,125,546,123,544,122,541,122,538,122,537,123,537,125,537,125,537,127,537,128,537,128,537,130,537,131,537,131,537,133,537,135,537,135,537,136,538,137,541,138,546,138,546,138,550,138,553,137,555,136,555,135,555,135,555,133,556,132,559,131,564,131,564,131,568,131,572,131,572,131,577,131,580,131,581,130,580,129,577,128
577,349,574,349,572,350,574,351,577,352,580,351,581,350,580,349,577,349
568,339,565,339,564,340,565,342,568,342,571,342,572,340,571,339,568,339
559,34,556,35,555,36,556,37,559,38,562,37,564,36,562,35,559,34
550,339,547,339,546,340,546,342,546,342,546,344,547,345,550,345,553,345,555,344,555,342,555,342,555,340,553,339,550,339
541,34,538,35,537,36,537,38,537,38,537,39,536,40,533,41,530,41,528,42,530,43,533,44,537,44,537,44,541,44,544,43,546,42,546,41,546,41,546,39,546,38,546,38,546,36,544,35,541,34
533,154,530,155,528,156,528,157,524,157,521,158,519,159,521,160,524,161,527,160,528,159,528,157,533,157,536,157,537,156,536,155,533,154
497,25,494,25,493,26,494,27,497,28,500,27,502,26,500,25,497,25
471,99,468,100,466,101,468,102,471,102,474,102,475,101,474,100,471,99
391,284,388,284,386,285,388,286,391,287,394,286,395,285,394,284,391,284
329,442,326,443,324,444,326,445,329,446,332,445,333,444,332,443,329,442
302,209,298,209,298,209,293,209,290,210,289,211,288,212,285,212,282,213,280,214,282,215,285,216,289,216,289,216,293,216,296,215,298,214,299,213,302,212,305,212,307,211,305,210,302,209
240,430,237,429,236,428,236,426,236,426,236,425,236,423,236,423,236,421,234,420,231,420,227,420,227,420,223,420,220,420,218,421,217,422,214,423,209,423,209,423,205,423,202,424,200,425,200,426,200,426,200,428,200,430,200,430,200,431,199,432,196,433,193,433,192,434,190,435,187,436,184,437,183,438,183,439,183,439,183,441,184,442,187,442,190,443,192,444,193,445,196,446,200,446,200,446,205,446,208,446,209,447,211,448,214,449,217,449,218,451,220,452,223,452,227,452,227,452,231,452,234,453,236,454,237,455,240,455,243,455,245,454,245,452,245,452,245,451,243,449,240,449,237,448,236,447,234,446,231,446,228,445,227,444,227,442,227,442,227,441,227,439,227,439,227,438,228,437,231,436,236,436,236,436,240,436,243,435,245,434,245,433,245,433,245,431,243,430,240,430
63,323,60,322,59,321,57,320,54,319,51,320,50,321,50,323,50,323,50,324,51,325,54,326,59,326,59,326,63,326,66,325,68,324,66,323,63,323
63,423,60,424,59,425,60,426,63,426,66,426,68,425,66,424,63,423
37,12,34,12,32,13,31,14,28,15,25,15,23,16,25,18,28,18,32,18,32,18,37,18,40,18,41,16,41,15,41,15,41,13,40,12,37,12
