599,10,599,12,599,12,599,13,599,15,599,15,599,16,599,18,599,18,599,20,599,21,599,21,599,23,599,25,599,25,599,26,599,28,599,28,599,29,599,31,599,31,599,33,599,34,599,34,599,36,599,38,599,38,599,39,599,41,599,41,599,42,599,44,599,44,599,46,598,47,595,47,592,48,590,49,590,50,590,50,590,52,589,53,586,54,583,54,581,55,580,56,577,57,574,56,572,55,571,54,568,54,565,53,564,52,565,51,568,50,571,50,572,49,572,47,572,47,572,46,574,45,577,44,580,43,581,42,581,41,581,41,581,39,580,38,577,38,574,38,572,39,571,40,568,41,565,40,564,39,564,38,564,38,564,36,565,35,568,34,572,34,572,34,577,34,580,34,581,33,581,31,581,31,581,29,580,28,577,28,574,27,572,26,572,25,572,25,572,23,572,21,572,21,572,20,572,18,572,18,572,16,572,15,572,15,572,13,571,12,568,12,565,11,564,10,287,10,10,10,10,63,13,64,14,65,16,66,19,67,22,67,23,68,23,70,23,70,23,72,22,73,19,73,16,74,14,75,14,76,14,76,14,78,14,80,14,80,14,81,13,82,10,83,10,339,13,339,14,340,13,342,10,342,10,345,13,346,14,347,16,348,19,349,22,349,23,350,23,352,23,352,23,353,23,355,23,355,23,357,23,358,23,358,23,360,23,361,23,361,23,363,22,364,19,365,14,365,14,365,10,365,10,417,10,470,440,470,440,468,440,468,440,467,441,466,444,465,447,465,448,464,450,462,453,462,456,462,457,464,459,465,462,465,465,466,466,467,466,468,466,468,466,470,548,470,630,470,630,284,627,283,626,282,624,281,621,280,618,280,617,279,615,278,612,277,609,277,608,276,608,274,608,274,608,272,606,271,603,271,600,270,599,269,599,268,599,268,599,266,599,264,599,264,599,263,600,262,603,261,606,262,608,263,608,264,608,264,608,266,609,267,612,268,615,268,617,269,618,270,621,271,624,271,626,272,627,273,630,274,630,248,626,248,626,248,621,248,618,248,617,246,617,245,617,245,617,243,617,242,617,242,617,240,618,239,621,238,624,238,626,237,627,236,630,235,630,123,630,10,599,10
612,83,609,83,608,85,608,86,608,86,608,88,608,89,608,89,608,91,609,92,612,93,615,92,617,91,617,89,617,89,617,88,617,86,617,86,617,85,615,83,612,83
612,119,609,119,608,120,608,122,603,122,600,122,599,123,599,125,595,125,592,126,590,127,589,128,586,128,581,128,581,128,577,128,572,128,572,128,568,128,564,128,564,128,559,128,556,129,555,130,553,131,550,131,547,132,546,133,546,135,546,135,546,136,546,138,546,138,546,140,546,141,546,141,546,143,547,144,550,144,555,144,555,144,559,144,562,144,564,143,565,142,568,141,572,141,572,141,577,141,580,141,581,140,583,139,586,138,589,137,590,136,590,135,595,135,598,134,599,133,600,132,603,131,606,131,608,130,608,128,612,128,615,128,617,127,615,126,612,125,608,125,608,123,608,122,612,122,615,121,617,120,615,119,612,119
568,80,565,80,564,81,562,82,559,83,555,83,555,83,550,83,547,83,546,85,546,86,546,86,546,88,546,89,546,89,546,91,547,92,550,93,553,92,555,91,556,90,559,89,564,89,564,89,568,89,571,89,572,88,572,86,572,86,572,85,572,83,572,83,572,81,571,80,568,80
533,102,530,102,528,101,528,99,528,99,528,97,527,96,524,96,521,96,519,97,519,99,519,99,519,101,519,102,519,102,519,104,519,106,519,106,519,107,518,108,515,109,512,109,510,110,510,112,510,112,510,114,510,115,510,115,510,117,512,118,515,119,518,118,519,117,521,116,524,115,527,115,528,114,528,112,528,112,528,110,530,109,533,109,536,108,537,107,537,106,537,106,537,104,536,103,533,102
515,138,512,138,510,140,510,141,510,141,510,143,510,144,510,144,510,146,512,147,515,148,518,147,519,146,519,144,519,144,519,143,519,141,519,141,519,140,518,138,515,138
506,151,503,150,502,149,502,148,502,148,502,146,502,144,502,144,502,143,502,141,502,141,502,140,502,138,502,138,502,136,502,135,502,135,502,133,502,131,502,131,502,130,500,129,497,128,493,128,493,128,488,128,484,128,484,128,479,128,475,128,475,128,471,128,468,129,466,130,466,131,466,131,466,133,466,135,466,135,466,136,466,138,466,138,466,140,466,141,466,141,466,143,466,144,466,144,466,146,468,147,471,148,474,148,475,149,475,151,475,151,475,153,475,154,475,154,475,156,476,157,479,157,482,158,484,159,484,161,479,161,476,161,475,162,474,163,471,164,466,164,466,162,465,161,462,161,459,161,457,162,459,163,462,164,466,164,466,165,468,167,471,167,474,168,475,169,476,170,479,170,482,170,484,169,485,168,488,167,493,167,493,169,494,170,497,170,500,170,502,169,500,168,497,167,493,167,493,165,491,164,488,164,485,163,484,162,484,161,488,161,491,160,493,159,493,157,493,157,493,156,494,155,497,154,500,155,502,156,503,157,506,157,509,157,510,156,510,154,510,154,510,153,509,151,506,151
497,115,494,116,493,117,494,118,497,119,500,118,502,117,500,116,497,115
488,76,485,77,484,78,485,79,488,80,491,79,493,78,491,77,488,76
488,174,485,174,484,175,485,176,488,177,491,176,493,175,491,174,488,174
479,44,476,45,475,46,476,47,479,47,482,47,484,46,482,45,479,44
479,54,475,54,475,54,471,54,468,54,466,55,468,56,471,57,475,57,475,57,479,57,482,56,484,55,482,54,479,54
479,119,476,119,475,120,476,121,479,122,482,121,484,120,482,119,479,119
435,31,432,31,431,29,429,28,426,28,423,28,422,29,422,31,422,31,422,33,420,34,417,34,413,34,413,34,409,34,406,35,404,36,403,37,400,38,397,38,395,39,395,41,395,41,395,42,395,44,395,44,395,46,395,47,395,47,395,49,395,50,395,50,395,52,397,53,400,54,404,54,404,54,409,54,412,53,413,52,414,51,417,50,420,50,422,49,423,48,426,47,429,47,431,46,431,44,431,44,431,42,432,41,435,41,438,40,440,39,440,38,440,38,440,36,440,34,440,34,440,33,438,32,435,31
435,413,432,413,431,412,431,410,431,410,431,408,429,407,426,407,423,406,422,405,422,404,422,404,422,402,420,401,417,400,414,400,413,399,413,397,413,397,413,395,412,394,409,394,406,393,404,392,404,391,404,391,404,389,403,388,400,387,397,387,395,386,394,385,391,384,386,384,386,384,382,384,379,384,378,383,376,381,373,381,369,381,369,381,364,381,361,380,360,379,358,378,355,378,352,378,351,379,351,381,351,381,351,383,351,384,351,384,351,386,352,387,355,387,358,388,360,389,361,390,364,391,367,391,369,392,370,393,373,394,376,394,378,395,379,397,382,397,385,398,386,399,388,400,391,400,394,401,395,402,395,404,395,404,395,405,394,406,391,407,388,407,386,408,388,410,391,410,395,410,395,410,400,410,403,411,404,412,406,413,409,413,412,414,413,415,414,416,417,417,422,417,422,417,426,417,431,417,431,417,435,417,438,416,440,415,438,414,435,413
417,144,414,145,413,146,414,147,417,148,420,147,422,146,420,145,417,144
391,196,388,196,386,195,385,194,382,193,379,194,378,195,376,196,373,196,370,197,369,198,370,199,373,200,376,200,378,201,379,202,382,203,385,203,386,204,388,205,391,206,394,205,395,204,395,203,395,203,395,201,395,200,395,200,395,198,394,197,391,196
382,50,379,51,378,52,379,53,382,54,385,53,386,52,385,51,382,50
373,404,370,404,369,405,370,406,373,407,376,406,378,405,376,404,373,404
364,329,360,329,360,329,355,329,352,330,351,331,350,332,347,332,344,333,342,334,344,335,347,336,350,336,351,337,351,339,351,339,351,340,352,342,355,342,358,343,360,344,361,345,364,345,367,345,369,344,369,342,369,342,369,340,369,339,369,339,369,337,369,336,369,336,369,334,369,332,369,332,369,331,367,330,364,329
364,446,361,446,360,447,361,448,364,449,367,448,369,447,367,446,364,446
355,109,352,109,351,110,352,112,355,112,358,112,360,110,358,109,355,109
355,400,351,400,351,399,350,398,347,397,344,398,342,399,344,400,347,400,351,400,351,402,352,403,355,404,358,403,360,402,358,401,355,400
347,446,342,446,342,446,338,446,335,446,333,447,335,448,338,449,342,449,342,449,347,449,350,448,351,447,350,446,347,446
329,394,324,394,324,392,323,391,320,391,317,391,316,392,317,393,320,394,324,394,324,395,326,397,329,397,332,397,333,395,332,394,329,394
320,326,316,326,316,326,311,326,308,326,307,327,308,329,311,329,314,330,316,331,317,332,320,332,323,332,324,331,324,329,324,329,324,327,323,326,320,326
320,336,316,336,316,336,311,336,307,336,307,336,302,336,298,336,298,336,293,336,289,336,289,336,285,336,280,336,280,336,276,336,273,336,271,337,273,338,276,339,280,339,280,339,285,339,289,339,289,339,293,339,298,339,298,339,302,339,305,339,307,340,308,342,311,342,316,342,316,342,320,342,323,342,324,340,324,339,324,339,324,337,323,336,320,336
311,209,308,209,307,208,305,207,302,206,299,207,298,208,298,209,298,209,298,211,298,212,298,212,298,214,296,215,293,216,290,216,289,217,290,218,293,219,298,219,298,219,302,219,305,218,307,217,307,216,307,216,307,214,308,213,311,212,314,212,316,211,314,210,311,209
302,387,299,388,298,389,299,390,302,391,305,390,307,389,305,388,302,387
302,446,298,446,298,444,298,442,298,442,298,441,296,440,293,439,289,439,289,439,285,439,282,439,280,438,279,437,276,436,271,436,271,436,267,436,262,436,262,436,258,436,255,435,254,434,252,433,249,433,245,433,245,433,240,433,237,432,236,431,234,430,231,430,227,430,227,430,223,430,220,429,218,428,217,427,214,426,209,426,209,426,205,426,202,426,200,425,199,424,196,423,192,423,192,423,187,423,183,423,183,423,178,423,175,424,174,425,174,426,174,426,174,428,175,429,178,430,181,430,183,431,184,432,187,433,190,433,192,434,193,435,196,436,199,437,200,438,202,439,205,439,209,439,209,439,214,439,218,439,218,439,223,439,226,440,227,441,228,442,231,442,236,442,236,442,240,442,245,442,245,442,249,442,254,442,254,442,258,442,261,443,262,444,264,445,267,446,271,446,271,446,276,446,280,446,280,446,285,446,289,446,289,446,293,446,298,446,298,447,299,448,302,449,305,448,307,447,305,446,302,446
258,216,254,216,254,216,249,216,245,216,245,216,240,216,236,216,236,216,231,216,227,216,227,216,223,216,218,216,218,216,214,216,211,215,209,214,208,213,205,212,200,212,200,212,196,212,193,213,192,214,190,215,187,216,184,216,183,217,181,218,178,219,175,219,174,221,174,222,174,222,174,224,175,225,178,225,183,225,183,225,187,225,192,225,192,225,196,225,200,225,200,225,205,225,209,225,209,225,214,225,218,225,218,225,223,225,227,225,227,225,231,225,236,225,236,225,240,225,243,225,245,224,246,223,249,222,252,222,254,221,255,219,258,219,261,218,262,217,261,216,258,216
258,368,255,368,254,370,255,371,258,371,261,371,262,370,261,368,258,368
231,349,227,349,227,347,226,346,223,345,220,346,218,347,220,348,223,349,227,349,227,350,228,351,231,352,234,351,236,350,234,349,231,349
152,15,147,15,147,13,146,12,143,12,140,12,138,13,140,14,143,15,147,15,147,16,149,18,152,18,155,18,156,16,155,15,152,15
143,417,140,417,138,418,140,419,143,420,146,419,147,418,146,417,143,417
72,25,69,25,68,26,66,27,63,28,60,28,59,29,60,31,63,31,66,32,68,33,69,34,72,34,75,34,76,33,76,31,76,31,76,29,76,28,76,28,76,26,75,25,72,25
72,235,69,236,68,237,68,238,68,238,68,240,69,241,72,242,75,241,76,240,76,238,76,238,76,237,75,236,72,235
72,394,68,394,68,394,63,394,59,394,59,394,54,394,51,394,50,395,48,397,45,397,42,398,41,399,42,400,45,400,48,401,50,402,50,404,50,404,50,405,50,407,50,407,50,408,50,410,50,410,50,412,50,413,50,413,50,415,50,417,50,417,50,418,51,419,54,420,59,420,59,420,63,420,66,419,68,418,68,417,72,417,75,416,76,415,76,413,76,413,76,412,76,410,76,410,76,408,76,407,76,407,76,405,76,404,76,404,76,402,76,400,76,400,76,399,76,397,76,397,76,395,75,394,72,394
63,212,60,213,59,214,60,215,63,216,66,215,68,214,66,213,63,212
63,374,60,374,59,373,57,372,54,371,51,371,50,370,48,368,45,368,41,368,41,368,37,368,32,368,32,368,28,368,23,368,23,368,19,368,16,368,14,370,14,371,14,371,14,373,16,374,19,374,22,375,23,376,25,377,28,378,32,378,32,378,37,378,41,378,41,378,45,378,50,378,50,378,54,378,59,378,59,378,63,378,66,377,68,376,66,375,63,374
45,238,41,238,41,238,37,238,34,239,32,240,32,242,32,242,32,243,32,245,32,245,32,246,34,248,37,248,40,248,41,246,42,245,45,245,48,244,50,243,50,242,50,242,50,240,48,239,45,238
37,261,34,262,32,263,34,264,37,264,40,264,41,263,40,262,37,261
603,125,599,125,599,127,600,128,603,128,608,128,608,127,608,125,603,125
586,131,583,132,581,133,583,134,586,135,590,135,590,133,589,132,586,131
568,131,565,132,564,133,564,135,568,135,571,134,572,133,571,132,568,131
559,135,556,135,555,136,556,137,559,138,562,137,564,136,564,135,559,135
63,404,60,404,59,405,59,407,59,407,59,408,60,410,63,410,66,410,68,408,68,407,68,407,68,405,66,404,63,404
63,413,60,414,59,415,60,416,63,417,68,417,68,415,66,414,63,413
