324,10,323,11,320,12,317,11,316,10,163,10,10,10,10,238,13,238,14,237,16,236,19,235,22,236,23,237,25,238,28,238,31,239,32,240,34,241,37,242,40,241,41,240,42,239,45,238,48,239,50,240,51,241,54,242,57,242,59,243,59,245,59,245,59,246,59,248,59,248,59,250,59,251,59,251,59,253,57,254,54,255,51,255,50,256,48,257,45,258,42,258,41,259,40,261,37,261,34,262,32,263,31,264,28,264,23,264,23,264,19,264,16,265,14,266,13,267,10,268,10,277,13,278,14,279,14,280,14,280,14,282,13,283,10,284,10,332,13,333,14,334,14,336,14,336,14,337,16,338,19,339,22,339,23,340,23,342,23,342,23,344,23,345,23,345,23,347,25,348,28,349,31,349,32,350,32,352,32,352,32,353,34,354,37,355,40,356,41,357,42,358,45,358,48,359,50,360,50,361,50,361,50,363,51,364,54,365,57,365,59,366,59,368,59,368,59,370,60,371,63,371,66,372,68,373,69,374,72,374,75,375,76,376,76,378,76,378,76,379,78,380,81,381,84,381,85,383,87,384,90,384,93,385,94,386,94,387,99,387,102,388,103,389,104,390,107,391,110,391,112,392,113,393,116,394,119,394,121,395,121,397,121,397,121,399,122,400,125,400,130,400,130,400,134,400,137,401,138,402,138,404,138,404,138,405,140,406,143,407,147,407,147,407,152,407,156,407,156,407,161,407,165,407,165,407,169,407,172,407,174,408,172,410,169,410,165,410,165,410,161,410,156,410,156,410,152,410,147,410,147,410,143,410,138,410,138,410,134,410,131,410,130,408,128,407,125,407,121,407,121,407,116,407,112,407,112,407,107,407,104,406,103,405,102,404,99,404,96,403,94,402,93,401,90,400,87,400,85,399,87,398,90,397,93,397,94,395,93,394,90,394,87,393,85,392,87,391,90,391,93,390,94,389,94,387,90,387,85,387,85,387,81,387,76,387,76,387,72,387,68,387,68,387,63,387,60,387,59,386,59,384,59,384,59,383,57,381,54,381,51,380,50,379,48,378,45,378,42,377,41,376,40,375,37,374,34,374,32,373,31,372,28,371,25,371,23,370,23,368,23,368,23,366,22,365,19,365,16,364,14,363,14,361,14,361,14,360,14,358,14,358,14,357,13,356,10,355,10,413,10,470,320,470,630,470,630,248,627,248,626,246,626,245,626,245,626,243,626,242,626,242,626,240,626,238,626,238,626,237,627,236,630,235,630,174,626,174,626,174,621,174,617,174,617,174,612,174,608,174,608,174,603,174,600,173,599,172,598,171,595,170,592,170,590,169,589,168,586,167,583,167,581,165,581,164,581,164,581,162,581,161,581,161,581,159,583,158,586,157,590,157,590,157,595,157,599,157,599,157,603,157,606,158,608,159,609,160,612,161,617,161,617,161,621,161,626,161,626,161,630,161,630,85,630,10,324,10
603,365,600,364,599,363,598,362,595,361,592,362,590,363,590,365,590,365,590,366,592,367,595,368,598,369,599,370,599,371,599,371,599,373,599,374,599,374,599,376,600,377,603,378,606,377,608,376,608,374,608,374,608,373,608,371,608,371,608,370,608,368,608,368,608,366,606,365,603,365
595,355,590,355,590,355,586,355,583,356,581,357,583,358,586,358,590,358,590,358,595,358,598,358,599,357,598,356,595,355
577,345,574,346,572,347,572,349,572,349,572,350,574,351,577,352,580,351,581,350,581,349,581,349,581,347,580,346,577,345
568,119,565,119,564,120,564,122,564,122,564,123,565,124,568,125,571,124,572,123,572,122,572,122,572,120,571,119,568,119
568,148,564,148,564,148,559,148,556,148,555,149,553,150,550,151,547,151,546,153,544,154,541,154,537,154,537,154,533,154,530,155,528,156,527,157,524,157,521,158,519,159,521,160,524,161,528,161,528,161,533,161,537,161,537,161,541,161,546,161,546,161,550,161,553,160,555,159,556,158,559,157,564,157,564,157,568,157,571,157,572,156,572,154,572,154,572,153,572,151,572,151,572,149,571,148,568,148
568,339,565,339,564,340,565,342,568,342,571,342,572,340,571,339,568,339
559,128,555,128,555,128,550,128,547,128,546,127,546,125,546,125,546,123,544,122,541,122,538,122,537,123,537,125,537,125,537,127,537,128,537,128,537,130,537,131,537,131,537,133,537,135,537,135,537,136,537,138,537,138,537,140,538,141,541,141,546,141,546,141,550,141,553,141,555,140,555,138,555,138,555,136,555,135,555,135,555,133,556,132,559,131,562,131,564,130,562,129,559,128
559,332,556,333,555,334,556,335,559,336,562,335,564,334,562,333,559,332
533,28,530,28,528,29,528,31,524,31,521,31,519,29,519,28,519,28,519,26,521,25,524,25,527,24,528,23,527,22,524,21,519,21,519,21,515,21,510,21,510,21,506,21,502,21,502,21,497,21,493,21,493,21,488,21,484,21,484,21,479,21,475,21,475,21,471,21,468,22,466,23,468,24,471,25,474,25,475,26,476,27,479,28,484,28,484,28,488,28,491,28,493,29,494,31,497,31,500,32,502,33,503,34,506,34,509,35,510,36,510,38,510,38,510,39,510,41,510,41,510,42,510,44,510,44,510,46,510,47,510,47,510,49,510,50,510,50,510,52,512,53,515,54,518,53,519,52,521,51,524,50,527,50,528,49,528,47,528,47,528,46,530,45,533,44,536,43,537,42,536,41,533,41,530,40,528,39,528,38,528,38,528,36,528,34,528,34,528,33,528,31,533,31,536,31,537,29,536,28,533,28
391,284,388,284,386,285,388,286,391,287,394,286,395,285,394,284,391,284
240,417,237,416,236,415,234,414,231,413,227,413,227,413,223,413,218,413,218,413,214,413,209,413,209,412,208,411,205,410,200,410,200,410,196,410,192,410,192,410,187,410,184,411,183,412,184,413,187,413,192,413,192,413,196,413,200,413,200,413,205,413,209,413,209,415,211,416,214,417,217,417,218,418,220,419,223,420,226,420,227,421,228,422,231,423,236,423,236,423,240,423,243,422,245,421,245,420,245,420,245,418,243,417,240,417
240,449,237,448,236,447,234,446,231,446,228,445,227,444,226,443,223,442,220,442,218,441,217,440,214,439,209,439,209,439,205,439,202,440,200,441,200,442,200,442,200,444,202,445,205,446,208,446,209,447,211,448,214,449,217,449,218,451,220,452,223,452,226,453,227,454,228,455,231,455,236,455,236,455,240,455,243,455,245,454,245,452,245,452,245,451,243,449,240,449
143,420,140,420,138,421,140,422,143,423,146,422,147,421,146,420,143,420
72,326,69,326,68,327,69,329,72,329,75,329,76,327,75,326,72,326
54,316,51,317,50,318,50,319,50,319,50,321,51,322,54,323,57,322,59,321,59,319,59,319,59,318,57,317,54,316
