546,10,546,12,546,12,546,13,547,14,550,15,553,15,555,16,555,18,555,18,555,20,555,21,555,21,555,23,555,25,555,25,555,26,555,28,555,28,555,29,555,31,555,31,555,33,555,34,559,34,562,35,564,36,564,38,564,38,564,39,562,40,559,41,556,40,555,39,555,38,555,38,555,36,555,34,550,34,547,35,546,36,546,38,546,38,546,39,546,41,546,41,546,42,544,43,541,44,538,45,537,46,537,47,537,47,537,49,536,50,533,50,528,50,528,50,524,50,521,50,519,49,518,48,515,47,512,47,510,46,509,45,506,44,503,45,502,46,500,47,497,47,494,47,493,46,491,45,488,44,485,43,484,42,485,41,488,41,491,40,493,39,493,38,493,38,493,36,493,34,493,34,493,33,493,31,493,31,493,29,493,28,493,28,493,26,494,25,497,25,500,24,502,23,503,22,506,21,510,21,510,21,515,21,519,21,519,21,524,21,527,21,528,20,528,18,528,18,528,16,527,15,524,15,521,14,519,13,519,12,519,12,519,10,448,10,447,11,444,12,441,12,440,13,440,15,440,15,440,16,440,18,440,18,440,20,440,21,440,21,440,23,438,24,435,25,432,24,431,23,429,22,426,21,423,21,422,20,423,19,426,18,429,18,431,16,431,15,431,15,431,13,431,12,431,12,431,10,254,10,252,11,249,12,246,12,245,13,243,14,240,15,237,14,236,13,234,12,231,12,228,11,227,10,218,10,217,11,214,12,211,11,209,10,110,10,10,10,10,60,13,61,14,62,13,63,10,63,10,267,10,470,320,470,630,470,630,446,627,445,626,444,626,442,626,442,626,441,626,439,626,439,626,438,626,436,626,436,626,434,626,433,626,433,626,431,626,430,626,430,626,428,626,426,626,426,626,425,626,423,626,423,626,421,626,420,626,420,626,418,627,417,630,417,630,213,630,10,546,10
621,125,618,126,617,127,617,128,612,128,608,128,608,128,603,128,600,128,599,127,599,125,599,125,599,123,599,122,603,122,608,122,608,122,612,122,615,121,617,120,615,119,612,119,608,119,608,119,603,119,600,119,599,120,599,122,595,122,590,122,590,122,586,122,583,121,581,120,581,119,581,119,581,117,581,115,581,115,581,114,583,113,586,112,590,112,590,112,595,112,599,112,599,112,603,112,608,112,608,112,612,112,615,112,617,110,615,109,612,109,609,108,608,107,608,106,608,106,608,104,606,103,603,102,600,102,599,101,598,100,595,99,592,99,590,97,590,96,590,96,590,94,590,93,590,93,590,91,590,89,590,89,590,88,589,87,586,86,583,86,581,85,580,83,577,83,574,82,572,81,571,80,568,80,565,79,564,78,564,76,564,76,564,75,562,74,559,73,556,73,555,72,555,70,555,70,555,68,555,67,555,67,555,65,553,64,550,63,547,63,546,62,546,60,546,60,546,59,544,58,541,57,538,58,537,59,536,60,533,60,530,61,528,62,527,63,524,63,519,63,519,63,515,63,512,64,510,65,510,67,510,67,510,68,512,69,515,70,518,69,519,68,521,67,524,67,528,67,528,67,533,67,536,67,537,68,537,70,537,70,537,72,537,73,537,73,537,75,537,76,537,76,537,78,537,80,537,80,537,81,537,83,537,83,537,85,538,86,541,86,544,87,546,88,546,89,546,89,546,91,547,92,550,93,553,93,555,94,555,96,555,96,555,97,556,99,559,99,562,100,564,101,564,102,564,102,564,104,562,105,559,106,556,106,555,107,555,109,555,109,555,110,555,112,555,112,555,114,553,115,550,115,547,116,546,117,546,119,546,119,546,120,547,121,550,122,553,122,555,123,556,124,559,125,562,126,564,127,565,128,568,128,571,129,572,130,574,131,577,131,581,131,581,131,586,131,589,132,590,133,592,134,595,135,599,135,599,135,603,135,606,134,608,133,609,132,612,131,615,131,617,130,617,128,621,128,624,128,626,127,624,126,621,125
603,268,599,268,599,268,595,268,592,268,590,269,590,271,590,271,590,272,590,274,590,274,590,276,592,277,595,277,598,278,599,279,600,280,603,280,606,280,608,279,608,277,608,277,608,276,608,274,608,274,608,272,608,271,608,271,608,269,606,268,603,268
488,50,485,51,484,52,485,53,488,54,491,53,493,52,491,51,488,50
444,89,441,90,440,91,440,93,440,93,440,94,441,95,444,96,447,95,448,94,448,93,448,93,448,91,447,90,444,89
444,99,441,100,440,101,440,102,440,102,440,104,441,105,444,106,447,105,448,104,448,102,448,102,448,101,447,100,444,99
444,310,441,309,440,308,438,307,435,306,431,306,431,306,426,306,423,307,422,308,420,309,417,310,414,310,413,311,412,312,409,313,404,313,404,313,400,313,395,313,395,313,391,313,388,313,386,315,385,316,382,316,378,316,378,316,373,316,370,317,369,318,369,319,369,319,369,321,370,322,373,323,378,323,378,323,382,323,385,322,386,321,388,320,391,319,395,319,395,319,400,319,403,320,404,321,406,322,409,323,413,323,413,323,417,323,420,323,422,324,423,325,426,326,429,325,431,324,432,323,435,323,438,322,440,321,440,319,440,319,440,318,440,316,440,316,440,315,441,313,444,313,447,312,448,311,447,310,444,310
435,83,431,83,431,81,431,80,431,80,431,78,431,76,431,76,431,75,429,74,426,73,423,74,422,75,422,76,422,76,422,78,422,80,422,80,422,81,423,82,426,83,431,83,431,85,432,86,435,86,438,86,440,85,438,83,435,83
435,332,432,333,431,334,431,336,431,336,431,337,432,338,435,339,438,338,440,337,440,336,440,336,440,334,438,333,435,332
426,63,423,64,422,65,423,66,426,67,429,66,431,65,429,64,426,63
426,413,422,413,422,413,417,413,414,414,413,415,413,417,413,417,413,418,413,420,413,420,413,421,413,423,409,423,406,424,404,425,404,426,404,426,404,428,404,430,404,430,404,431,406,432,409,433,412,432,413,431,413,430,413,430,413,428,413,426,413,426,413,425,413,423,417,423,420,422,422,421,423,420,426,420,429,419,431,418,431,417,431,417,431,415,429,414,426,413
417,12,414,12,413,13,414,14,417,15,420,14,422,13,420,12,417,12
400,67,397,66,395,65,394,64,391,63,388,64,386,65,386,67,386,67,386,68,388,69,391,70,395,70,395,70,400,70,403,69,404,68,403,67,400,67
400,436,397,437,395,438,397,439,400,439,403,439,404,438,403,437,400,436
382,25,379,25,378,26,378,28,378,28,378,29,376,31,373,31,370,32,369,33,369,34,369,34,369,36,369,38,369,38,369,39,369,41,369,41,369,42,367,43,364,44,361,45,360,46,360,47,360,47,360,49,361,50,364,50,367,51,369,52,370,53,373,54,378,54,378,55,379,56,382,57,385,56,386,55,385,54,382,54,378,54,378,52,378,50,378,50,378,49,378,47,378,47,378,46,378,44,378,44,378,42,378,41,378,41,378,39,378,38,378,38,378,36,379,35,382,34,385,34,386,33,386,31,386,31,386,29,386,28,386,28,386,26,385,25,382,25
373,12,370,12,369,13,369,15,364,15,360,15,360,13,358,12,355,12,352,12,351,13,351,15,347,15,344,15,342,16,342,18,342,18,342,20,344,21,347,21,350,21,351,20,351,18,351,18,351,16,351,15,355,15,360,15,360,16,360,18,360,18,360,20,361,21,364,21,367,21,369,20,369,18,369,18,369,16,369,15,373,15,376,14,378,13,376,12,373,12
355,190,351,190,351,190,347,190,342,190,342,188,341,187,338,187,333,187,333,185,332,184,329,183,324,183,324,182,323,181,320,180,316,180,316,178,314,177,311,177,307,177,307,175,305,174,302,174,299,174,298,175,299,176,302,177,307,177,307,178,308,180,311,180,316,180,316,182,317,183,320,183,324,183,324,185,326,186,329,187,333,187,333,188,335,189,338,190,342,190,342,191,344,192,347,193,351,193,351,193,355,193,358,192,360,191,358,190,355,190
347,28,344,27,342,26,341,25,338,25,335,25,333,26,333,28,333,28,333,29,335,31,338,31,342,31,342,31,347,31,350,31,351,29,350,28,347,28
329,44,326,45,324,46,326,47,329,47,332,47,333,46,332,45,329,44
293,60,290,61,289,62,289,63,289,63,289,65,290,66,293,67,296,66,298,65,298,63,298,63,298,62,296,61,293,60
293,167,290,168,289,169,290,170,293,170,296,170,298,169,296,168,293,167
134,326,131,325,130,324,130,323,130,323,130,321,128,320,125,319,122,319,121,318,119,317,116,316,112,316,112,316,107,316,103,316,103,316,99,316,94,316,94,316,90,316,87,317,85,318,85,319,85,319,85,321,87,322,90,323,93,323,94,324,96,325,99,326,102,326,103,327,103,329,103,329,103,331,104,332,107,332,110,333,112,334,113,335,116,336,119,336,121,337,122,338,125,339,130,339,130,339,134,339,137,338,138,337,138,336,138,336,138,334,138,332,138,332,138,331,138,329,138,329,138,327,137,326,134,326
45,47,42,47,41,46,40,45,37,44,34,45,32,46,32,47,32,47,32,49,34,50,37,50,41,50,41,50,45,50,48,50,50,49,48,48,45,47
45,290,41,290,41,290,37,290,34,291,32,292,34,293,37,293,41,293,41,293,45,293,48,293,50,292,48,291,45,290
