475,10,474,11,471,12,468,11,466,10,271,10,273,11,276,12,279,12,280,13,279,14,276,15,271,15,271,15,267,15,262,15,262,15,258,15,255,14,254,13,254,12,254,12,254,10,132,10,10,10,10,240,10,470,484,470,484,468,484,468,484,467,484,465,484,465,484,464,485,462,488,462,493,462,493,460,494,459,497,459,500,458,502,457,503,456,506,455,510,455,510,455,515,455,518,456,519,457,521,458,524,459,527,459,528,460,528,462,528,462,528,464,528,465,528,465,528,467,528,468,528,468,528,470,537,470,537,468,537,468,537,467,538,466,541,465,544,466,546,467,547,468,550,468,553,469,555,470,592,470,630,470,630,70,627,70,626,72,624,73,621,73,617,73,617,73,612,73,608,73,608,73,603,73,600,74,599,75,599,76,599,76,599,78,598,79,595,80,592,80,590,81,589,82,586,83,583,83,581,85,581,86,581,86,581,88,580,89,577,89,572,89,572,89,568,89,564,89,564,89,559,89,555,89,555,89,550,89,547,89,546,88,544,87,541,86,537,86,537,86,533,86,528,86,528,86,524,86,521,86,519,85,519,83,519,83,519,81,519,80,519,80,519,78,521,77,524,76,528,76,528,76,533,76,536,76,537,75,538,74,541,73,544,73,546,72,547,70,550,70,555,70,555,70,559,70,562,69,564,68,564,67,564,67,564,65,565,64,568,63,571,63,572,62,574,61,577,60,581,60,581,60,586,60,589,60,590,59,592,58,595,57,599,57,599,57,603,57,606,58,608,59,608,60,608,60,608,62,609,63,612,63,615,64,617,65,618,66,621,67,624,66,626,65,626,63,626,63,626,62,624,61,621,60,618,60,617,59,618,58,621,57,626,57,626,57,630,57,630,33,630,10,475,10
621,86,618,87,617,88,618,89,621,89,624,89,626,88,624,87,621,86
603,119,600,119,599,120,600,121,603,122,606,121,608,120,606,119,603,119
541,15,538,15,537,16,538,18,541,18,544,18,546,16,544,15,541,15
533,235,530,235,528,234,527,232,524,232,519,232,519,232,515,232,510,232,510,232,506,232,503,232,502,234,500,235,497,235,493,235,493,235,488,235,484,235,484,234,482,232,479,232,476,232,475,234,476,235,479,235,484,235,484,237,485,238,488,238,493,238,493,238,497,238,500,239,502,240,503,241,506,242,510,242,510,242,515,242,519,242,519,242,524,242,528,242,528,242,533,242,536,241,537,240,537,238,537,238,537,237,536,236,533,235
524,18,519,18,519,18,515,18,510,18,510,18,506,18,502,18,502,18,497,18,494,19,493,20,491,21,488,21,484,21,484,21,479,21,476,21,475,20,474,19,471,18,468,19,466,20,465,21,462,21,459,22,457,23,456,24,453,25,450,25,448,26,448,28,448,28,448,29,448,31,448,31,448,33,448,34,448,34,448,36,447,37,444,38,441,38,440,39,438,40,435,41,432,41,431,42,429,43,426,44,423,45,422,46,423,47,426,47,431,47,431,47,435,47,438,48,440,49,440,50,435,50,431,50,431,50,426,50,423,51,422,52,422,54,422,54,422,55,422,57,417,57,413,57,413,57,409,57,406,58,404,59,406,60,409,60,413,60,413,60,417,60,420,60,422,59,422,57,426,57,431,57,431,57,435,57,438,56,440,55,440,54,440,54,440,52,440,50,444,50,447,50,448,49,450,48,453,47,456,48,457,49,459,50,462,50,465,51,466,52,466,54,466,54,466,55,466,57,466,57,466,59,466,60,466,60,466,62,468,63,471,63,475,63,475,63,479,63,482,63,484,62,485,61,488,60,491,60,493,59,493,57,493,57,493,55,493,54,497,54,500,53,502,52,503,51,506,50,509,50,510,49,510,47,510,47,510,46,510,44,510,44,510,42,510,41,510,41,510,39,510,38,510,38,510,36,510,34,510,34,510,33,510,31,510,31,510,29,512,28,515,28,518,27,519,26,521,25,524,25,527,24,528,23,528,21,528,21,528,20,527,19,524,18
462,229,459,229,457,230,459,231,462,232,465,231,466,230,465,229,462,229
444,93,441,93,440,94,441,95,444,96,447,95,448,94,447,93,444,93
444,413,440,413,440,413,435,413,432,413,431,412,429,411,426,410,423,411,422,412,422,413,422,413,422,415,422,417,422,417,422,418,423,419,426,420,429,419,431,418,432,417,435,417,440,417,440,417,444,417,447,416,448,415,447,414,444,413
435,63,432,64,431,65,429,66,426,67,423,67,422,68,423,69,426,70,431,70,431,70,435,70,438,69,440,68,440,67,440,67,440,65,438,64,435,63
435,76,431,76,431,76,426,76,422,76,422,76,417,76,414,77,413,78,414,79,417,80,420,80,422,81,423,82,426,83,429,83,431,85,431,86,426,86,423,87,422,88,423,89,426,89,429,89,431,88,431,86,435,86,438,86,440,85,440,83,440,83,440,81,440,80,440,80,440,78,438,77,435,76
426,449,423,448,422,447,420,446,417,446,413,446,413,446,409,446,404,446,404,446,400,446,397,445,395,444,395,442,395,442,395,441,394,440,391,439,388,439,386,438,386,436,386,436,386,434,385,433,382,433,378,433,378,433,373,433,369,433,369,433,364,433,361,433,360,434,360,436,360,436,360,438,361,439,364,439,367,440,369,441,367,442,364,442,360,442,360,442,355,442,352,443,351,444,350,445,347,446,342,446,342,446,338,446,335,446,333,447,332,448,329,449,326,449,324,451,324,452,324,452,324,454,326,455,329,455,332,456,333,457,335,458,338,459,342,459,342,459,347,459,351,459,351,459,355,459,358,458,360,457,361,456,364,455,367,455,369,454,370,453,373,452,376,453,378,454,379,455,382,455,386,455,386,455,391,455,395,455,395,455,400,455,404,455,404,455,409,455,413,455,413,455,417,455,420,455,422,454,423,453,426,452,429,452,431,451,429,449,426,449
417,25,414,25,413,26,412,27,409,28,404,28,404,26,403,25,400,25,397,25,395,26,397,27,400,28,404,28,404,29,404,31,404,31,404,33,403,34,400,34,395,34,395,34,391,34,388,34,386,33,386,31,386,31,386,29,386,28,386,28,386,26,385,25,382,25,379,25,378,26,376,27,373,28,370,28,369,29,369,31,369,31,369,33,369,34,369,34,369,36,369,38,369,38,369,39,370,40,373,41,376,40,378,39,379,38,382,38,386,38,386,38,391,38,394,38,395,39,395,41,395,41,395,42,397,43,400,44,403,43,404,42,404,41,404,41,404,39,406,38,409,38,412,37,413,36,414,35,417,34,420,34,422,33,422,31,422,31,422,29,422,28,422,28,422,26,420,25,417,25
391,57,386,57,386,55,385,54,382,54,379,54,378,55,379,56,382,57,386,57,386,59,388,60,391,60,394,60,395,59,394,58,391,57
382,15,378,15,378,13,376,12,373,12,370,12,369,13,370,14,373,15,378,15,378,16,379,18,382,18,385,18,386,16,385,15,382,15
373,420,370,419,369,418,367,417,364,417,360,417,360,417,355,417,351,417,351,417,347,417,342,417,342,417,338,417,335,416,333,415,332,414,329,413,326,413,324,412,323,411,320,410,316,410,316,410,311,410,308,410,307,408,305,407,302,407,299,406,298,405,296,404,293,404,289,404,289,404,285,404,280,404,280,404,276,404,271,404,271,404,267,404,264,404,262,405,261,406,258,407,255,407,254,408,252,410,249,410,245,410,245,410,240,410,237,411,236,412,237,413,240,413,245,413,245,413,249,413,252,414,254,415,255,416,258,417,262,417,262,417,267,417,271,417,271,417,276,417,280,417,280,417,285,417,289,417,289,417,293,417,298,417,298,417,302,417,307,417,307,417,311,417,314,417,316,418,317,419,320,420,323,420,324,421,326,422,329,423,333,423,333,423,338,423,341,424,342,425,344,426,347,426,350,427,351,428,352,429,355,430,360,430,360,430,364,430,367,429,369,428,369,426,369,426,369,425,370,424,373,423,376,422,378,421,376,420,373,420
355,12,351,12,351,12,347,12,344,12,342,13,344,14,347,15,350,15,351,16,352,18,355,18,358,18,360,16,360,15,360,15,360,13,358,12,355,12
355,54,351,54,351,54,347,54,342,54,342,54,338,54,335,54,333,55,335,56,338,57,342,57,342,57,347,57,351,57,351,57,355,57,358,56,360,55,358,54,355,54
338,28,335,27,333,26,333,25,333,25,333,23,333,21,333,21,333,20,332,19,329,18,324,18,324,16,323,15,320,15,317,15,316,16,317,18,320,18,324,18,324,20,324,21,324,21,324,23,324,25,324,25,324,26,323,27,320,28,316,28,316,28,311,28,307,28,307,26,307,25,307,25,307,23,305,22,302,21,298,21,298,21,293,21,289,21,289,21,285,21,280,21,280,21,276,21,271,21,271,21,267,21,264,21,262,20,261,19,258,18,255,19,254,20,252,21,249,21,246,21,245,20,243,19,240,18,237,19,236,20,234,21,231,21,228,22,227,23,227,25,227,25,227,26,228,27,231,28,236,28,236,28,240,28,243,27,245,26,246,25,249,25,252,25,254,26,255,27,258,28,261,27,262,26,264,25,267,25,271,25,271,25,276,25,280,25,280,25,285,25,288,25,289,26,289,28,289,28,289,29,289,31,285,31,280,31,280,31,276,31,273,32,271,33,271,34,271,34,271,36,271,38,271,38,271,39,271,41,271,41,271,42,271,44,271,44,271,46,271,47,271,47,271,49,273,50,276,50,279,50,280,49,280,47,280,47,280,46,280,44,280,44,280,42,282,41,285,41,288,40,289,39,289,38,289,38,289,36,289,34,289,34,289,33,289,31,293,31,296,31,298,29,299,28,302,28,307,28,307,29,307,31,307,31,307,33,307,34,307,34,307,36,305,37,302,38,299,38,298,39,299,40,302,41,305,41,307,42,305,43,302,44,298,44,298,44,293,44,290,45,289,46,290,47,293,47,298,47,298,47,302,47,307,47,307,47,311,47,314,47,316,46,317,45,320,44,323,43,324,42,324,41,324,41,324,39,326,38,329,38,333,38,333,39,335,40,338,41,341,40,342,39,341,38,338,38,333,38,333,36,335,35,338,34,341,34,342,33,342,31,342,31,342,29,341,28,338,28
311,50,308,51,307,52,308,53,311,54,314,53,316,52,314,51,311,50
223,12,220,12,218,13,220,14,223,15,226,14,227,13,226,12,223,12
187,60,184,60,183,59,181,58,178,57,175,58,174,59,174,60,174,60,174,62,175,63,178,63,181,64,183,65,184,66,187,67,190,66,192,65,192,63,192,63,192,62,190,61,187,60
178,44,175,43,174,42,172,41,169,41,166,40,165,39,165,38,165,38,165,36,165,34,165,34,165,33,164,32,161,31,156,31,156,31,152,31,149,32,147,33,147,34,147,34,147,36,147,38,147,38,147,39,147,41,147,41,147,42,147,44,147,44,147,46,147,47,147,47,147,49,149,50,152,50,156,50,156,50,161,50,164,50,165,49,166,48,169,47,174,47,174,47,178,47,181,47,183,46,181,45,178,44
152,358,149,358,147,357,147,355,147,355,147,353,146,352,143,352,140,351,138,350,138,349,138,349,138,347,137,346,134,345,131,345,130,344,130,342,130,342,130,340,128,339,125,339,122,338,121,337,119,336,116,336,113,336,112,337,110,338,107,339,104,339,103,340,104,342,107,342,110,343,112,344,112,345,112,345,112,347,112,349,112,349,112,350,113,351,116,352,119,352,121,353,121,355,121,355,121,357,121,358,121,358,121,360,122,361,125,361,128,362,130,363,130,365,130,365,130,366,131,367,134,368,137,369,138,370,140,371,143,371,147,371,147,371,152,371,155,371,156,370,156,368,156,368,156,366,156,365,156,365,156,363,156,361,156,361,156,360,155,359,152,358
519,470,519,468,519,468,519,467,518,466,515,465,512,465,510,464,509,462,506,462,502,462,502,462,497,462,493,462,493,464,493,465,493,465,493,467,494,468,497,468,500,469,502,470,519,470
497,44,494,45,493,46,494,47,497,47,500,47,502,46,500,45,497,44
488,50,485,51,484,52,485,53,488,54,493,54,493,52,491,51,488,50
