555,10,556,11,559,12,562,12,564,13,564,15,564,15,564,16,565,18,568,18,571,19,572,20,572,21,572,21,572,23,574,24,577,25,580,25,581,26,583,27,586,28,589,28,590,29,590,31,590,31,590,33,590,34,590,34,590,36,589,37,586,38,583,37,581,36,580,35,577,34,574,34,572,33,571,32,568,31,565,31,564,29,562,28,559,28,556,27,555,26,555,25,555,25,555,23,555,21,555,21,555,20,555,18,555,18,555,16,553,15,550,15,547,14,546,13,546,12,546,12,546,10,278,10,10,10,10,313,14,313,14,313,19,313,23,313,23,313,28,313,31,313,32,315,32,316,32,316,32,318,32,319,32,319,32,321,32,323,32,323,32,324,31,325,28,326,25,326,23,327,23,329,23,329,23,331,22,332,19,332,14,332,14,332,10,332,10,401,10,470,94,470,96,469,99,468,103,468,103,468,107,468,112,468,112,468,116,468,121,468,121,468,125,468,128,469,130,470,484,470,484,468,484,468,484,467,485,466,488,465,491,466,493,467,494,468,497,468,500,469,502,470,566,470,630,470,630,240,630,10,555,10
603,86,600,87,599,88,600,89,603,89,606,89,608,88,606,87,603,86
603,109,600,108,599,107,599,106,599,106,599,104,598,103,595,102,592,102,590,101,590,99,590,99,590,97,589,96,586,96,583,96,581,97,581,99,581,99,581,101,581,102,581,102,581,104,581,106,581,106,581,107,581,109,581,109,581,110,583,112,586,112,590,112,590,112,595,112,599,112,599,112,603,112,606,112,608,110,606,109,603,109
595,57,592,56,590,55,590,54,590,54,590,52,590,50,590,50,590,49,589,48,586,47,583,48,581,49,580,50,577,50,572,50,572,50,568,50,565,50,564,49,562,48,559,47,556,47,555,46,553,45,550,44,547,45,546,46,546,47,546,47,546,49,546,50,546,50,546,52,546,54,546,54,546,55,544,56,541,57,538,58,537,59,537,60,537,60,537,62,536,63,533,63,530,64,528,65,530,66,533,67,537,67,537,67,541,67,544,67,546,68,547,69,550,70,553,70,555,72,556,73,559,73,564,73,564,73,568,73,572,73,572,73,577,73,580,73,581,72,581,70,581,70,581,68,583,67,586,67,590,67,590,67,595,67,598,66,599,65,599,63,599,63,599,62,599,60,599,60,599,59,598,58,595,57
586,76,581,76,581,76,577,76,574,77,572,78,571,79,568,80,565,80,564,81,562,82,559,83,556,83,555,85,556,86,559,86,564,86,564,86,568,86,571,86,572,85,574,83,577,83,581,83,581,83,586,83,589,82,590,81,590,80,590,80,590,78,589,77,586,76
577,41,572,41,572,39,571,38,568,38,565,38,564,39,565,40,568,41,572,41,572,42,574,43,577,44,580,43,581,42,580,41,577,41
568,99,565,100,564,101,565,102,568,102,571,102,572,101,571,100,568,99
568,115,565,116,564,117,562,118,559,119,556,119,555,120,555,122,555,122,555,123,555,125,555,125,555,127,555,128,555,128,555,130,555,131,555,131,555,133,556,134,559,135,562,134,564,133,565,132,568,131,571,131,572,130,572,128,572,128,572,127,571,126,568,125,565,124,564,123,565,122,568,122,571,121,572,120,572,119,572,119,572,117,571,116,568,115
568,167,564,167,564,167,559,167,556,167,555,165,555,164,555,164,555,162,553,161,550,161,546,161,546,161,541,161,538,160,537,159,537,157,537,157,537,156,537,154,537,154,537,153,537,151,537,151,537,149,537,148,537,148,537,146,537,144,537,144,537,143,538,142,541,141,544,141,546,140,544,138,541,138,538,137,537,136,537,135,537,135,537,133,537,131,537,131,537,130,538,129,541,128,544,128,546,127,546,125,546,125,546,123,544,122,541,122,538,121,537,120,537,119,537,119,537,117,537,115,537,115,537,114,537,112,537,112,537,110,536,109,533,109,528,109,528,107,527,106,524,106,521,106,519,107,519,109,515,109,512,109,510,110,510,112,510,112,510,114,510,115,510,115,510,117,510,119,510,119,510,120,512,121,515,122,518,122,519,123,521,124,524,125,527,126,528,127,527,128,524,128,521,129,519,130,518,131,515,131,510,131,510,130,510,128,510,128,510,127,509,126,506,125,503,126,502,127,502,128,502,128,502,130,503,131,506,131,510,131,510,133,510,135,510,135,510,136,510,138,506,138,503,138,502,140,502,141,502,141,502,143,502,144,502,144,502,146,502,148,502,148,502,149,500,150,497,151,494,150,493,149,491,148,488,148,485,148,484,149,484,151,484,151,484,153,484,154,484,154,484,156,485,157,488,157,491,157,493,156,494,155,497,154,502,154,502,154,506,154,509,155,510,156,510,157,510,157,510,159,509,160,506,161,503,161,502,162,500,163,497,164,494,164,493,165,493,167,493,167,493,169,494,170,497,170,502,170,502,170,506,170,510,170,510,170,515,170,518,170,519,169,521,168,524,167,527,168,528,169,530,170,533,170,537,170,537,170,541,170,544,171,546,172,546,174,546,174,546,175,547,176,550,177,553,177,555,178,556,180,559,180,562,180,564,178,565,177,568,177,571,176,572,175,572,174,572,174,572,172,572,170,572,170,572,169,571,168,568,167
559,93,556,93,555,94,556,95,559,96,562,95,564,94,562,93,559,93
559,106,555,106,555,104,553,103,550,102,547,103,546,104,547,105,550,106,555,106,555,107,556,108,559,109,562,108,564,107,562,106,559,106
550,34,547,35,546,36,547,37,550,38,553,37,555,36,553,35,550,34
550,76,547,77,546,78,547,79,550,80,553,79,555,78,553,77,550,76
533,274,530,275,528,276,528,277,528,277,528,279,528,280,528,280,528,282,528,284,528,284,528,285,530,286,533,287,536,286,537,285,537,284,537,284,537,282,537,280,537,280,537,279,537,277,537,277,537,276,536,275,533,274
515,433,510,433,510,431,510,430,510,430,510,428,510,426,510,426,510,425,510,423,510,423,510,421,509,420,506,420,502,420,502,418,502,417,502,417,502,415,502,413,502,413,502,412,500,411,497,410,494,411,493,412,493,413,493,413,493,415,493,417,493,417,493,418,494,419,497,420,502,420,502,421,502,423,502,423,502,425,502,426,502,426,502,428,502,430,502,430,502,431,503,432,506,433,510,433,510,434,510,436,510,436,510,438,512,439,515,439,518,439,519,438,519,436,519,436,519,434,518,433,515,433
497,47,493,47,493,47,488,47,485,48,484,49,482,50,479,50,476,51,475,52,476,53,479,54,484,54,484,54,488,54,493,54,493,54,497,54,500,53,502,52,502,50,502,50,502,49,500,48,497,47
497,106,494,106,493,107,494,108,497,109,500,108,502,107,500,106,497,106
488,89,485,90,484,91,484,93,479,93,475,93,475,93,471,93,466,93,466,91,465,90,462,89,459,90,457,91,459,92,462,93,466,93,466,94,468,95,471,96,475,96,475,96,479,96,482,95,484,94,484,93,488,93,491,92,493,91,491,90,488,89
488,112,485,113,484,114,484,115,479,115,475,115,475,114,475,112,475,112,475,110,475,109,475,109,475,107,475,106,475,106,475,104,474,103,471,102,468,102,466,101,465,100,462,99,459,100,457,101,457,102,457,102,457,104,457,106,457,106,457,107,457,109,457,109,457,110,457,112,457,112,457,114,457,115,457,115,457,117,457,119,457,119,457,120,457,122,457,122,457,123,457,125,457,125,457,127,459,128,462,128,465,129,466,130,465,131,462,131,459,132,457,133,457,135,457,135,457,136,459,137,462,138,465,137,466,136,468,135,471,135,475,135,475,135,479,135,484,135,484,135,488,135,491,134,493,133,491,132,488,131,484,131,484,131,479,131,476,131,475,130,475,128,475,128,475,127,475,125,479,125,482,124,484,123,484,122,484,122,484,120,484,119,484,119,484,117,484,115,488,115,491,115,493,114,491,113,488,112
488,141,485,142,484,143,485,144,488,144,491,144,493,143,491,142,488,141
488,384,485,385,484,386,485,387,488,387,491,387,493,386,491,385,488,384
479,41,476,40,475,39,474,38,471,38,468,38,466,39,466,41,466,41,466,42,465,43,462,44,459,45,457,46,459,47,462,47,466,47,466,47,471,47,474,47,475,46,476,45,479,44,482,43,484,42,482,41,479,41
471,141,468,142,466,143,468,144,471,144,474,144,475,143,474,142,471,141
462,442,459,442,457,441,456,440,453,439,448,439,448,439,444,439,441,439,440,438,438,437,435,436,432,435,431,434,431,433,431,433,431,431,429,430,426,430,422,430,422,430,417,430,414,430,413,431,413,433,413,433,413,434,413,436,413,436,413,438,413,439,413,439,413,441,414,442,417,442,420,443,422,444,422,446,422,446,422,447,423,448,426,449,429,449,431,451,431,452,431,452,431,454,432,455,435,455,438,456,440,457,440,459,440,459,440,460,441,461,444,462,447,462,448,464,450,465,453,465,457,465,457,465,462,465,465,465,466,464,466,462,466,462,466,460,466,459,466,459,466,457,466,455,466,455,466,454,466,452,466,452,466,451,466,449,466,449,466,447,466,446,466,446,466,444,465,443,462,442
453,430,448,430,448,428,448,426,448,426,448,425,447,424,444,423,441,424,440,425,440,426,440,426,440,428,441,429,444,430,448,430,448,431,448,433,448,433,448,434,450,435,453,436,456,435,457,434,457,433,457,433,457,431,456,430,453,430
444,119,441,119,440,120,440,122,440,122,440,123,441,124,444,125,447,124,448,123,448,122,448,122,448,120,447,119,444,119
426,112,423,113,422,114,423,115,426,115,429,115,431,114,429,113,426,112
391,235,386,235,386,234,385,232,382,232,379,232,378,234,379,235,382,235,386,235,386,237,388,238,391,238,394,238,395,237,394,236,391,235
382,138,379,138,378,140,379,141,382,141,385,141,386,140,385,138,382,138
382,258,378,258,378,258,373,258,369,258,369,256,367,255,364,255,360,255,360,253,358,252,355,251,352,252,351,253,352,254,355,255,360,255,360,256,361,257,364,258,369,258,369,259,370,261,373,261,378,261,378,261,382,261,385,261,386,259,385,258,382,258
373,125,369,125,369,125,364,125,361,126,360,127,360,128,360,128,360,130,360,131,360,131,360,133,361,134,364,135,367,134,369,133,370,132,373,131,376,131,378,130,378,128,378,128,378,127,376,126,373,125
285,361,282,361,280,360,279,359,276,358,271,358,271,358,267,358,264,359,262,360,261,361,258,361,254,361,254,361,249,361,245,361,245,361,240,361,236,361,236,361,231,361,228,362,227,363,226,364,223,365,220,365,218,366,220,367,223,368,227,368,227,368,231,368,236,368,236,368,240,368,245,368,245,368,249,368,254,368,254,368,258,368,261,367,262,366,264,365,267,365,271,365,271,365,276,365,280,365,280,365,285,365,288,364,289,363,288,362,285,361
205,355,200,355,200,355,196,355,192,355,192,355,187,355,183,355,183,355,178,355,174,355,174,355,169,355,165,355,165,355,161,355,158,354,156,353,155,352,152,352,147,352,147,352,143,352,138,352,138,352,134,352,130,352,130,352,125,352,122,351,121,350,119,349,116,349,112,349,112,349,107,349,104,349,103,350,102,351,99,352,96,352,94,353,93,354,90,355,87,356,85,357,87,358,90,358,93,359,94,360,93,361,90,361,87,362,85,363,87,364,90,365,94,365,94,365,99,365,103,365,103,365,107,365,110,364,112,363,113,362,116,361,119,362,121,363,122,364,125,365,130,365,130,365,134,365,138,365,138,365,143,365,146,364,147,363,149,362,152,361,156,361,156,361,161,361,165,361,165,361,169,361,174,361,174,361,178,361,183,361,183,361,187,361,192,361,192,361,196,361,200,361,200,361,205,361,208,361,209,360,209,358,209,358,209,357,208,356,205,355
187,423,184,424,183,425,183,426,178,426,175,427,174,428,172,429,169,430,166,430,165,431,164,432,161,433,158,433,156,434,155,435,152,436,147,436,147,436,143,436,138,436,138,436,134,436,130,436,130,436,125,436,121,436,121,436,116,436,113,437,112,438,113,439,116,439,121,439,121,439,125,439,128,440,130,441,131,442,134,442,138,442,138,442,143,442,147,442,147,442,152,442,156,442,156,442,161,442,165,442,165,442,169,442,172,442,174,441,174,439,174,439,174,438,174,436,174,436,174,434,175,433,178,433,181,432,183,431,183,430,183,430,183,428,183,426,187,426,190,426,192,425,190,424,187,423
63,423,60,424,59,425,60,426,63,426,66,426,68,425,66,424,63,423
524,109,519,109,519,110,521,111,524,112,527,111,528,110,528,109,524,109
524,115,521,116,519,117,521,118,524,119,527,118,528,117,527,116,524,115
524,144,519,144,519,144,515,144,512,145,510,146,510,148,510,148,510,149,512,150,515,151,519,151,519,151,524,151,527,150,528,149,528,148,528,148,528,146,527,145,524,144
515,138,510,138,510,140,512,141,515,141,518,141,519,140,518,139,515,138
471,115,468,116,466,117,468,118,471,119,474,118,475,117,475,115,471,115
471,122,468,122,466,123,468,124,471,125,475,125,475,123,474,122,471,122
