599,10,599,12,599,12,599,13,599,15,599,15,599,16,599,18,599,18,599,20,599,21,599,21,599,23,598,24,595,25,592,25,590,26,589,27,586,28,583,27,581,26,580,25,577,25,574,24,572,23,572,21,572,21,572,20,572,18,572,18,572,16,571,15,568,15,565,14,564,13,564,12,564,12,564,10,287,10,10,10,10,25,14,25,14,25,19,25,23,25,23,25,28,25,31,24,32,23,34,22,37,21,40,21,41,20,40,19,37,18,34,18,32,16,34,15,37,15,41,15,41,15,45,15,48,15,50,16,51,18,54,18,57,18,59,16,60,15,63,15,66,15,68,16,68,18,68,18,68,20,66,21,63,21,60,22,59,23,57,24,54,25,51,25,50,26,48,27,45,28,41,28,41,28,37,28,32,28,32,28,28,28,25,28,23,29,22,31,19,31,14,31,14,31,10,31,10,310,13,310,14,311,14,313,14,313,14,315,16,316,19,316,22,317,23,318,23,319,23,319,23,321,22,322,19,323,16,323,14,324,13,325,10,326,10,332,13,333,14,334,14,336,14,336,14,337,14,339,14,339,14,340,14,342,14,342,14,344,16,345,19,345,22,346,23,347,23,349,23,349,23,350,25,351,28,352,31,352,32,353,32,355,32,355,32,357,32,358,32,358,32,360,34,361,37,361,40,362,41,363,41,365,41,365,41,366,41,368,41,368,41,370,42,371,45,371,48,372,50,373,50,374,50,374,50,376,51,377,54,378,57,378,59,379,59,381,59,381,59,383,60,384,63,384,66,385,68,386,69,387,72,387,75,388,76,389,76,391,76,391,76,392,76,394,76,394,76,395,78,397,81,397,84,398,85,399,85,400,85,400,85,402,87,403,90,404,93,404,94,405,94,407,94,407,94,408,94,410,94,410,94,412,94,413,94,413,94,415,94,417,94,417,94,418,93,419,90,420,87,419,85,418,85,417,85,417,85,415,84,414,81,413,78,413,76,412,75,411,72,410,69,410,68,408,66,407,63,407,60,406,59,405,59,404,59,404,59,402,59,400,59,400,59,399,59,397,59,397,59,395,57,394,54,394,51,393,50,392,50,391,50,391,50,389,48,388,45,387,42,387,41,386,41,384,41,384,41,383,40,381,37,381,34,380,32,379,32,378,32,378,32,376,31,375,28,374,25,374,23,373,23,371,23,371,23,370,22,369,19,368,16,367,14,366,14,365,14,365,14,363,14,361,14,361,14,360,13,359,10,358,10,414,10,470,320,470,630,470,630,242,627,241,626,240,626,238,626,238,626,237,627,236,630,235,630,123,630,10,599,10
595,177,592,177,590,178,592,180,595,180,598,180,599,178,598,177,595,177
568,83,564,83,564,83,559,83,555,83,555,83,550,83,547,82,546,81,546,80,546,80,546,78,546,76,546,76,546,75,547,74,550,73,555,73,555,73,559,73,562,73,564,72,562,70,559,70,556,69,555,68,555,67,555,67,555,65,555,63,555,63,555,62,553,61,550,60,546,60,546,60,541,60,537,60,537,60,533,60,528,60,528,60,524,60,521,60,519,59,519,57,519,57,519,55,519,54,519,54,519,52,518,51,515,50,512,50,510,49,509,48,506,47,502,47,502,47,497,47,494,48,493,49,493,50,488,50,485,51,484,52,484,54,484,54,484,55,485,56,488,57,493,57,493,59,493,60,493,60,493,62,491,63,488,63,485,64,484,65,482,66,479,67,476,67,475,68,475,70,475,70,475,72,475,73,475,73,475,75,475,76,475,76,475,78,475,80,475,80,475,81,474,82,471,83,468,83,466,85,465,86,462,86,459,87,457,88,459,89,462,89,465,90,466,91,466,93,462,93,459,93,457,94,457,96,457,96,457,97,457,99,457,99,457,101,457,102,457,102,457,104,457,106,457,106,457,107,459,108,462,109,465,108,466,107,466,106,466,106,466,104,466,102,466,102,466,101,466,99,466,99,466,97,466,96,466,96,466,94,466,93,471,93,474,93,475,94,475,96,475,96,475,97,475,99,475,99,475,101,476,102,479,102,482,103,484,104,484,106,484,106,484,107,485,108,488,109,491,109,493,110,493,112,493,112,493,114,493,115,493,115,493,117,494,118,497,119,500,119,502,120,502,122,502,122,502,123,500,124,497,125,494,126,493,127,494,128,497,128,500,129,502,130,502,131,502,131,502,133,502,135,502,135,502,136,502,138,502,138,502,140,503,141,506,141,509,142,510,143,510,144,510,144,510,146,512,147,515,148,519,148,519,148,524,148,527,148,528,149,527,150,524,151,521,151,519,153,519,154,519,154,519,156,519,157,519,157,519,159,521,160,524,161,528,161,528,161,533,161,536,161,537,162,538,163,541,164,544,164,546,165,547,167,550,167,553,168,555,169,556,170,559,170,564,170,564,170,568,170,571,170,572,169,572,167,572,167,572,165,572,164,572,164,572,162,571,161,568,161,565,160,564,159,562,158,559,157,556,157,555,156,553,155,550,154,546,154,546,154,541,154,538,154,537,153,538,151,541,151,544,150,546,149,546,148,546,148,546,146,546,144,546,144,546,143,546,141,546,141,546,140,546,138,546,138,546,136,546,135,546,135,546,133,544,132,541,131,538,131,537,130,538,129,541,128,546,128,546,128,550,128,553,128,555,127,553,126,550,125,547,124,546,123,546,122,546,122,546,120,547,119,550,119,553,118,555,117,553,116,550,115,547,115,546,114,544,113,541,112,538,111,537,110,537,109,537,109,537,107,537,106,537,106,537,104,537,102,537,102,537,101,537,99,537,99,537,97,538,96,541,96,546,96,546,96,550,96,555,96,555,97,556,99,559,99,562,99,564,97,562,96,559,96,555,96,555,94,555,93,555,93,555,91,556,90,559,89,562,89,564,88,565,87,568,86,571,86,572,85,571,83,568,83
550,400,547,401,546,402,546,404,546,404,546,405,546,407,546,407,546,408,547,410,550,410,553,410,555,408,555,407,555,407,555,405,555,404,555,404,555,402,553,401,550,400
462,25,457,25,457,25,453,25,450,25,448,26,450,27,453,28,457,28,457,28,462,28,465,27,466,26,465,25,462,25
338,452,335,452,333,451,332,449,329,449,324,449,324,449,320,449,316,449,316,449,311,449,307,449,307,449,302,449,298,449,298,449,293,449,290,449,289,451,290,452,293,452,298,452,298,452,302,452,307,452,307,452,311,452,314,453,316,454,317,455,320,455,324,455,324,455,329,455,333,455,333,455,338,455,341,455,342,454,341,453,338,452
329,41,326,41,324,42,324,44,324,44,324,46,326,47,329,47,332,47,333,46,333,44,333,44,333,42,332,41,329,41
302,183,299,184,298,185,299,186,302,187,305,186,307,185,305,184,302,183
231,112,228,113,227,114,228,115,231,115,234,115,236,114,234,113,231,112
223,449,220,448,218,447,217,446,214,446,211,446,209,447,209,449,209,449,209,451,211,452,214,452,218,452,218,452,223,452,226,452,227,451,226,449,223,449
178,459,175,459,174,460,174,462,169,462,166,462,165,464,165,465,161,465,158,466,156,467,158,468,161,468,164,468,165,467,165,465,169,465,172,465,174,464,174,462,178,462,181,461,183,460,181,459,178,459
152,423,149,424,147,425,149,426,152,426,155,426,156,425,155,424,152,423
99,284,96,283,94,282,93,281,90,280,87,280,85,279,84,278,81,277,76,277,76,277,72,277,69,278,68,279,66,280,63,280,59,280,59,280,54,280,51,280,50,279,50,277,50,277,50,276,50,274,50,274,50,272,48,271,45,271,41,271,41,271,37,271,34,271,32,272,32,274,32,274,32,276,32,277,32,277,32,279,32,280,32,280,32,282,32,284,32,284,32,285,34,286,37,287,40,288,41,289,41,290,41,290,41,292,41,293,41,293,41,295,41,297,41,297,41,298,42,299,45,300,48,300,50,302,50,303,50,303,50,305,51,306,54,306,57,307,59,308,60,309,63,310,66,310,68,311,69,312,72,313,76,313,76,313,81,313,84,312,85,311,87,310,90,310,93,309,94,308,94,306,94,306,94,305,94,303,94,303,94,302,94,300,94,300,94,298,96,297,99,297,102,296,103,295,103,293,103,293,103,292,103,290,103,290,103,289,103,287,103,287,103,285,102,284,99,284
63,420,59,420,59,420,54,420,50,420,50,418,48,417,45,417,42,417,41,418,42,419,45,420,50,420,50,421,51,422,54,423,59,423,59,423,63,423,66,422,68,421,66,420,63,420
45,339,41,339,41,337,41,336,41,336,41,334,40,333,37,332,34,333,32,334,32,336,32,336,32,337,34,338,37,339,41,339,41,340,42,342,45,342,48,342,50,340,48,339,45,339
541,86,538,87,537,88,538,89,541,89,544,89,546,88,544,87,541,86
533,122,530,122,528,123,530,124,533,125,536,124,537,123,536,122,533,122
524,63,521,64,519,65,521,66,524,67,527,66,528,65,527,64,524,63
506,60,503,61,502,62,502,63,502,63,502,65,502,67,502,67,502,68,502,70,502,70,502,72,503,73,506,73,509,73,510,72,510,70,510,70,510,68,510,67,510,67,510,65,510,63,510,63,510,62,509,61,506,60
497,50,493,50,493,52,493,54,493,54,493,55,493,57,497,57,500,56,502,55,502,54,502,54,502,52,500,51,497,50
488,80,485,80,484,81,484,83,484,83,484,85,485,86,488,86,491,86,493,85,493,83,493,83,493,81,491,80,488,80
488,89,485,90,484,91,485,92,488,93,491,92,493,91,491,90,488,89
