590,10,592,11,595,12,598,12,599,13,599,15,599,15,599,16,599,18,599,18,599,20,599,21,599,21,599,23,599,25,599,25,599,26,599,28,599,28,599,29,599,31,599,31,599,33,599,34,599,34,599,36,599,38,599,38,599,39,599,41,599,41,599,42,600,43,603,44,606,45,608,46,606,47,603,47,599,47,599,47,595,47,592,48,590,49,590,50,590,50,590,52,589,53,586,54,583,54,581,55,580,56,577,57,574,56,572,55,571,54,568,54,565,53,564,52,565,51,568,50,571,50,572,49,572,47,572,47,572,46,574,45,577,44,580,43,581,42,581,41,581,41,581,39,580,38,577,38,572,38,572,39,571,40,568,41,565,40,564,39,565,38,568,38,572,38,572,36,574,35,577,34,580,34,581,33,580,32,577,31,574,31,572,29,572,28,572,28,572,26,572,25,572,25,572,23,572,21,572,21,572,20,572,18,572,18,572,16,572,15,572,15,572,13,571,12,568,12,565,11,564,10,287,10,10,10,10,63,13,64,14,65,14,67,14,67,14,68,16,69,19,70,22,70,23,72,22,73,19,73,16,74,14,75,14,76,14,76,14,78,14,80,14,80,14,81,14,83,14,83,14,85,13,86,10,86,10,339,13,339,14,340,13,342,10,342,10,345,13,346,14,347,16,348,19,349,22,349,23,350,23,352,23,352,23,353,22,354,19,355,16,356,14,357,13,358,10,358,10,414,10,470,440,470,440,468,440,468,440,467,441,466,444,465,447,465,448,464,450,462,453,462,456,462,457,464,459,465,462,465,465,466,466,467,466,468,466,468,466,470,548,470,630,470,630,284,627,283,626,282,626,280,626,280,626,279,624,278,621,277,618,277,617,276,615,275,612,274,609,273,608,272,608,271,608,271,608,269,609,268,612,268,615,268,617,269,618,270,621,271,624,271,626,272,627,273,630,274,630,248,627,248,626,246,626,245,626,245,626,243,626,242,626,242,626,240,626,238,626,238,626,237,627,236,630,235,630,123,630,10,590,10
612,83,609,83,608,85,608,86,608,86,608,88,609,89,612,89,615,89,617,88,617,86,617,86,617,85,615,83,612,83
612,119,609,119,608,120,608,122,603,122,600,122,599,123,599,125,595,125,592,126,590,127,589,128,586,128,581,128,581,128,577,128,574,129,572,130,572,131,572,131,572,133,571,134,568,135,565,135,564,136,562,137,559,138,556,137,555,136,553,135,550,135,547,135,546,136,546,138,546,138,546,140,546,141,546,141,546,143,547,144,550,144,555,144,555,144,559,144,562,144,564,143,565,142,568,141,572,141,572,141,577,141,580,141,581,140,583,139,586,138,589,137,590,136,590,135,595,135,598,134,599,133,600,132,603,131,606,131,608,130,608,128,612,128,615,128,617,127,615,126,612,125,608,125,608,123,608,122,612,122,615,121,617,120,615,119,612,119
603,261,600,262,599,263,600,264,603,264,606,264,608,263,606,262,603,261
568,80,565,80,564,81,562,82,559,83,555,83,555,83,550,83,546,83,546,83,541,83,537,83,537,83,533,83,530,83,528,85,530,86,533,86,537,86,537,86,541,86,544,87,546,88,544,89,541,89,538,90,537,91,538,92,541,93,544,93,546,94,547,95,550,96,553,95,555,94,555,93,555,93,555,91,556,90,559,89,564,89,564,89,568,89,571,89,572,88,572,86,572,86,572,85,572,83,572,83,572,81,571,80,568,80
559,73,556,74,555,75,556,76,559,76,562,76,564,75,562,74,559,73
541,106,538,105,537,104,537,102,537,102,537,101,536,100,533,99,530,99,528,97,527,96,524,96,521,96,519,97,519,99,519,99,519,101,518,102,515,102,512,103,510,104,510,106,510,106,510,107,510,109,510,109,510,110,510,112,510,112,510,114,510,115,510,115,510,117,510,119,506,119,503,118,502,117,500,116,497,115,493,115,493,115,488,115,485,116,484,117,484,119,479,119,476,119,475,120,476,121,479,122,482,121,484,120,484,119,488,119,491,119,493,120,493,122,493,122,493,123,491,124,488,125,485,126,484,127,482,128,479,128,476,129,475,130,474,131,471,131,468,132,466,133,466,135,466,135,466,136,466,138,466,138,466,140,466,141,466,141,466,143,466,144,466,144,466,146,468,147,471,148,474,148,475,149,475,151,475,151,475,153,475,154,475,154,475,156,476,157,479,157,482,158,484,159,484,161,479,161,476,161,475,162,474,163,471,164,466,164,466,162,465,161,462,161,459,161,457,162,459,163,462,164,466,164,466,165,468,167,471,167,474,168,475,169,476,170,479,170,482,170,484,169,485,168,488,167,491,167,493,165,491,164,488,164,485,163,484,162,484,161,488,161,491,160,493,159,493,157,493,157,493,156,494,155,497,154,500,155,502,156,503,157,506,157,509,157,510,156,510,154,510,154,510,153,510,151,510,151,510,149,510,148,515,148,518,147,519,146,519,144,519,144,519,143,519,141,519,141,519,140,518,138,515,138,512,137,510,136,509,135,506,135,503,134,502,133,502,131,502,131,502,130,503,129,506,128,509,128,510,127,510,125,510,125,510,123,510,122,510,122,510,120,510,119,515,119,519,119,519,119,524,119,527,118,528,117,528,115,528,115,528,114,530,113,533,112,536,112,537,110,538,109,541,109,544,108,546,107,544,106,541,106
488,76,485,77,484,78,485,79,488,80,491,79,493,78,491,77,488,76
426,31,423,32,422,33,420,34,417,34,413,34,413,34,409,34,406,35,404,36,403,37,400,38,397,38,395,39,395,41,395,41,395,42,395,44,395,44,395,46,395,47,395,47,395,49,397,50,400,50,404,50,404,50,409,50,412,50,413,49,414,48,417,47,420,47,422,46,423,45,426,44,429,43,431,42,431,41,431,41,431,39,431,38,431,38,431,36,431,34,431,34,431,33,429,32,426,31
417,144,414,145,413,146,414,147,417,148,420,147,422,146,420,145,417,144
417,404,414,403,413,402,413,400,413,400,413,399,412,398,409,397,406,397,404,395,404,394,404,394,404,392,403,391,400,391,397,390,395,389,394,388,391,387,388,387,386,386,385,385,382,384,379,384,378,383,376,381,373,381,369,381,369,381,364,381,360,381,360,381,355,381,352,381,351,383,352,384,355,384,358,385,360,386,361,387,364,387,367,388,369,389,370,390,373,391,376,391,378,392,378,394,378,394,378,395,379,397,382,397,385,398,386,399,388,400,391,400,394,401,395,402,397,403,400,404,403,404,404,405,406,406,409,407,412,407,413,408,413,410,413,410,413,412,414,413,417,413,420,413,422,412,422,410,422,410,422,408,422,407,422,407,422,405,420,404,417,404
391,196,388,196,386,195,385,194,382,193,379,194,378,195,378,196,378,196,378,198,379,199,382,200,385,200,386,201,388,202,391,203,394,202,395,201,395,200,395,200,395,198,394,197,391,196
382,50,379,51,378,52,379,53,382,54,385,53,386,52,385,51,382,50
364,332,361,332,360,331,358,330,355,329,352,330,351,331,350,332,347,332,344,333,342,334,344,335,347,336,350,336,351,337,352,338,355,339,358,339,360,340,361,342,364,342,367,342,369,340,369,339,369,339,369,337,369,336,369,336,369,334,367,333,364,332
364,446,360,446,360,446,355,446,351,446,351,446,347,446,342,446,342,446,338,446,333,446,333,446,329,446,326,446,324,447,326,448,329,449,333,449,333,449,338,449,342,449,342,449,347,449,351,449,351,449,355,449,360,449,360,449,364,449,367,448,369,447,367,446,364,446
355,109,352,109,351,110,352,112,355,112,358,112,360,110,358,109,355,109
355,400,352,401,351,402,352,403,355,404,358,403,360,402,358,401,355,400
311,326,308,326,307,327,308,329,311,329,314,329,316,327,314,326,311,326
311,336,308,336,307,337,307,339,307,339,307,340,308,342,311,342,314,342,316,340,316,339,316,339,316,337,314,336,311,336
302,212,299,213,298,214,299,215,302,216,305,215,307,214,305,213,302,212
293,439,289,439,289,439,285,439,282,439,280,438,279,437,276,436,271,436,271,436,267,436,262,436,262,436,258,436,255,435,254,434,252,433,249,433,245,433,245,433,240,433,237,432,236,431,234,430,231,430,227,430,227,430,223,430,218,430,218,430,214,430,211,429,209,428,208,427,205,426,202,426,200,425,199,424,196,423,192,423,192,423,187,423,184,422,183,421,181,420,178,420,175,420,174,421,172,422,169,423,166,424,165,425,166,426,169,426,172,427,174,428,175,429,178,430,181,430,183,431,184,432,187,433,190,433,192,434,193,435,196,436,200,436,200,436,205,436,208,437,209,438,211,439,214,439,218,439,218,439,223,439,226,440,227,441,228,442,231,442,236,442,236,442,240,442,245,442,245,442,249,442,254,442,254,442,258,442,262,442,262,442,267,442,270,443,271,444,273,445,276,446,279,445,280,444,282,443,285,442,289,442,289,442,293,442,296,442,298,441,296,440,293,439
285,336,280,336,280,336,276,336,273,336,271,337,273,338,276,339,280,339,280,339,285,339,288,338,289,337,288,336,285,336
258,368,255,368,254,370,255,371,258,371,261,371,262,370,261,368,258,368
240,216,236,216,236,216,231,216,227,216,227,216,223,216,218,216,218,216,214,216,211,215,209,214,208,213,205,212,202,213,200,214,199,215,196,216,193,216,192,217,190,218,187,219,184,219,183,221,184,222,187,222,192,222,192,222,196,222,200,222,200,222,205,222,209,222,209,222,214,222,218,222,218,222,223,222,227,222,227,222,231,222,234,222,236,221,237,219,240,219,243,218,245,217,243,216,240,216
143,417,140,417,138,418,140,419,143,420,146,419,147,418,146,417,143,417
72,25,68,25,68,25,63,25,60,25,59,26,59,28,59,28,59,29,59,31,59,31,59,33,60,34,63,34,68,34,68,34,72,34,75,34,76,33,76,31,76,31,76,29,76,28,76,28,76,26,75,25,72,25
72,404,69,404,68,405,68,407,68,407,68,408,68,410,68,410,68,412,68,413,68,413,68,415,68,417,63,417,60,416,59,415,57,414,54,413,51,414,50,415,50,417,50,417,50,418,51,419,54,420,59,420,59,420,63,420,66,419,68,418,68,417,72,417,75,416,76,415,76,413,76,413,76,412,76,410,76,410,76,408,76,407,76,407,76,405,75,404,72,404
63,212,60,213,59,214,60,215,63,216,66,215,68,214,66,213,63,212
54,371,50,371,50,371,45,371,41,371,41,371,37,371,32,371,32,371,28,371,25,372,23,373,23,374,23,374,23,376,25,377,28,378,32,378,32,378,37,378,40,377,41,376,42,375,45,374,48,375,50,376,51,377,54,378,57,377,59,376,59,374,59,374,59,373,57,372,54,371
45,238,41,238,41,238,37,238,34,239,32,240,32,242,32,242,32,243,32,245,32,245,32,246,34,248,37,248,40,248,41,246,42,245,45,245,48,244,50,243,50,242,50,242,50,240,48,239,45,238
603,125,599,125,599,127,600,128,603,128,608,128,608,127,608,125,603,125
586,131,583,132,581,133,583,134,586,135,590,135,590,133,589,132,586,131
506,141,503,142,502,143,502,144,502,144,502,146,503,147,506,148,510,148,510,146,510,144,510,144,510,143,509,142,506,141
