10,21,14,21,14,21,19,21,23,21,23,20,25,19,28,18,32,18,32,16,34,15,37,15,40,15,41,16,40,18,37,18,32,18,32,20,31,21,28,21,23,21,23,23,22,24,19,25,14,25,14,25,10,25,10,323,13,323,14,324,14,326,14,326,14,327,14,329,14,329,14,331,14,332,14,332,14,334,14,336,14,336,14,337,16,338,19,339,22,339,23,340,23,342,23,342,23,344,23,345,23,345,23,347,25,348,28,349,31,349,32,350,32,352,32,352,32,353,34,354,37,355,40,356,41,357,41,358,41,358,41,360,41,361,41,361,41,363,42,364,45,365,48,365,50,366,50,368,50,368,50,370,51,371,54,371,57,372,59,373,59,374,59,374,59,376,59,378,59,378,59,379,60,380,63,381,66,381,68,383,68,384,68,384,68,386,68,387,72,387,75,388,76,389,78,390,81,391,84,391,85,392,87,393,90,394,93,394,94,395,94,397,94,397,94,399,96,400,99,400,102,401,103,402,103,404,103,404,103,405,102,406,99,407,96,407,94,408,93,410,90,410,85,410,85,410,81,410,78,410,76,408,78,407,81,407,84,406,85,405,84,404,81,404,78,403,76,402,75,401,72,400,69,400,68,399,68,397,68,397,68,395,68,394,68,394,68,392,68,391,68,391,68,389,68,387,63,387,59,387,59,387,54,387,51,387,50,386,50,384,50,384,50,383,48,381,45,381,42,380,41,379,41,378,41,378,41,376,40,375,37,374,34,374,32,373,32,371,32,371,32,370,31,369,28,368,25,367,23,366,23,365,23,365,23,363,22,362,19,361,16,361,14,360,14,358,14,358,14,357,13,356,10,355,10,413,10,470,94,470,96,469,99,468,102,469,103,470,112,470,113,469,116,468,119,468,121,467,122,466,125,465,128,466,130,467,131,468,134,468,137,469,138,470,165,470,166,469,169,468,172,469,174,470,402,470,630,470,630,240,630,10,320,10,10,10,10,21
612,174,609,173,608,172,606,171,603,170,600,170,599,169,598,168,595,167,592,167,590,165,589,164,586,164,583,163,581,162,581,161,581,161,581,159,580,158,577,157,574,157,572,156,571,155,568,154,565,154,564,153,562,151,559,151,555,151,555,151,550,151,547,150,546,149,544,148,541,148,538,147,537,146,537,144,537,144,537,143,538,142,541,141,546,141,546,143,547,144,550,144,553,144,555,143,553,142,550,141,546,141,546,140,546,138,546,138,546,136,546,135,550,135,555,135,555,135,559,135,562,134,564,133,564,131,568,131,572,131,572,131,577,131,580,131,581,130,580,129,577,128,574,128,572,127,571,126,568,125,565,126,564,127,564,128,564,128,564,130,564,131,559,131,555,131,555,131,550,131,547,132,546,133,546,135,541,135,538,134,537,133,537,131,537,131,537,130,538,129,541,128,544,128,546,127,546,125,546,125,546,123,544,122,541,122,538,121,537,120,536,119,533,119,530,119,528,120,528,122,528,122,528,123,528,125,528,125,528,127,527,128,524,128,521,129,519,130,518,131,515,131,512,132,510,133,509,134,506,135,502,135,502,135,497,135,494,135,493,136,493,138,493,138,493,140,494,141,497,141,500,141,502,140,503,139,506,138,509,139,510,140,510,141,510,141,510,143,512,144,515,144,518,144,519,143,519,141,519,141,519,140,521,139,524,138,527,139,528,140,528,141,528,141,528,143,528,144,528,144,528,146,527,147,524,148,521,148,519,149,518,150,515,151,512,150,510,149,509,148,506,148,503,148,502,149,502,151,502,151,502,153,502,154,502,154,502,156,502,157,502,157,502,159,503,160,506,161,509,161,510,162,512,163,515,164,518,163,519,162,521,161,524,161,527,160,528,159,530,158,533,157,537,157,537,157,541,157,546,157,546,157,550,157,553,158,555,159,555,161,555,161,555,162,553,163,550,164,547,164,546,165,547,167,550,167,553,168,555,169,556,170,559,170,564,170,564,170,568,170,571,171,572,172,574,173,577,174,580,174,581,175,583,176,586,177,590,177,590,177,595,177,598,177,599,178,600,180,603,180,606,180,608,178,609,177,612,177,615,176,617,175,615,174,612,174
568,83,565,83,564,85,565,86,568,86,571,86,572,85,571,83,568,83
559,361,556,362,555,363,555,365,555,365,555,366,556,367,559,368,562,367,564,366,564,365,564,365,564,363,562,362,559,361
541,44,537,44,537,44,533,44,530,43,528,42,528,41,528,41,528,39,527,38,524,38,521,37,519,36,518,35,515,34,512,35,510,36,510,38,510,38,510,39,509,40,506,41,503,40,502,39,500,38,497,38,494,38,493,39,493,41,493,41,493,42,493,44,493,44,493,46,494,47,497,47,500,47,502,46,503,45,506,44,509,45,510,46,510,47,510,47,510,49,509,50,506,50,503,51,502,52,502,54,502,54,502,55,503,56,506,57,510,57,510,57,515,57,518,56,519,55,519,54,519,54,519,52,521,51,524,50,528,50,528,50,533,50,536,51,537,52,537,54,537,54,537,55,537,57,537,57,537,59,538,60,541,60,544,60,546,59,546,57,546,57,546,55,546,54,546,54,546,52,546,50,546,50,546,49,546,47,546,47,546,46,544,45,541,44
506,119,503,119,502,120,503,121,506,122,509,121,510,120,509,119,506,119
506,125,503,126,502,127,502,128,497,128,494,129,493,130,494,131,497,131,500,131,502,130,502,128,506,128,509,128,510,127,509,126,506,125
497,96,493,96,493,94,493,93,493,93,493,91,493,89,493,89,493,88,493,86,493,86,493,85,491,83,488,83,485,82,484,81,485,80,488,80,491,79,493,78,491,77,488,76,484,76,484,76,479,76,476,77,475,78,475,80,475,80,475,81,475,83,475,83,475,85,475,86,475,86,475,88,475,89,475,89,475,91,475,93,475,93,475,94,476,95,479,96,484,96,484,96,488,96,493,96,493,97,494,99,497,99,500,99,502,97,500,96,497,96
497,106,494,106,493,107,494,108,497,109,500,108,502,107,500,106,497,106
488,21,484,21,484,21,479,21,475,21,475,21,471,21,466,21,466,21,462,21,459,22,457,23,457,25,457,25,457,26,457,28,453,28,448,28,448,26,447,25,444,25,441,25,440,26,440,28,435,28,432,28,431,29,432,31,435,31,438,31,440,29,440,28,444,28,448,28,448,29,450,31,453,31,457,31,457,33,459,34,462,34,466,34,466,34,471,34,474,34,475,33,476,32,479,31,484,31,484,31,488,31,491,31,493,29,493,28,493,28,493,26,493,25,493,25,493,23,491,22,488,21
488,112,485,111,484,110,482,109,479,109,476,109,475,110,475,112,475,112,475,114,476,115,479,115,482,116,484,117,485,118,488,119,491,118,493,117,493,115,493,115,493,114,491,113,488,112
471,99,468,100,466,101,468,102,471,102,474,102,475,101,474,100,471,99
391,287,388,288,386,289,388,290,391,290,394,290,395,289,394,288,391,287
338,436,333,436,333,436,329,436,326,437,324,438,323,439,320,439,316,439,316,439,311,439,308,440,307,441,305,442,302,442,298,442,298,442,293,442,289,442,289,442,285,442,280,442,280,442,276,442,271,442,271,442,267,442,262,442,262,442,258,442,255,443,254,444,252,445,249,446,246,445,245,444,245,442,245,442,245,441,245,439,245,439,245,438,245,436,245,436,245,434,246,433,249,433,252,432,254,431,252,430,249,430,246,429,245,428,245,426,245,426,245,425,243,424,240,423,237,424,236,425,234,426,231,426,227,426,227,426,223,426,220,427,218,428,217,429,214,430,209,430,209,430,205,430,202,430,200,431,199,432,196,433,193,433,192,434,193,435,196,436,199,437,200,438,200,439,200,439,200,441,200,442,200,442,200,444,202,445,205,446,209,446,209,446,214,446,218,446,218,446,223,446,226,446,227,447,227,449,227,449,227,451,228,452,231,452,236,452,236,452,240,452,243,453,245,454,246,455,249,455,254,455,254,455,258,455,262,455,262,455,267,455,271,455,271,455,276,455,280,455,280,455,285,455,288,455,289,454,290,453,293,452,296,452,298,451,299,449,302,449,307,449,307,449,311,449,316,449,316,449,320,449,323,448,324,447,326,446,329,446,332,445,333,444,335,443,338,442,341,442,342,441,342,439,342,439,342,438,341,437,338,436
311,219,308,219,307,221,307,222,302,222,299,223,298,224,298,225,293,225,290,226,289,227,290,228,293,229,296,228,298,227,298,225,302,225,305,225,307,224,307,222,311,222,314,222,316,221,314,219,311,219
267,426,264,427,262,428,264,429,267,430,270,429,271,428,270,427,267,426
258,462,255,462,254,464,255,465,258,465,261,465,262,464,261,462,258,462
240,462,236,462,236,460,234,459,231,459,228,459,227,460,228,461,231,462,236,462,236,464,237,465,240,465,243,465,245,464,243,462,240,462
231,102,228,103,227,104,228,105,231,106,234,105,236,104,234,103,231,102
125,274,121,274,121,274,116,274,112,274,112,274,107,274,104,273,103,272,102,271,99,271,94,271,94,271,90,271,87,270,85,269,85,268,85,268,85,266,84,265,81,264,76,264,76,264,72,264,69,265,68,266,66,267,63,268,60,267,59,266,59,264,59,264,59,263,59,261,59,261,59,259,57,258,54,258,51,258,50,259,50,261,50,261,50,263,50,264,50,264,50,266,48,267,45,268,42,268,41,269,41,271,41,271,41,272,41,274,41,274,41,276,42,277,45,277,48,278,50,279,50,280,50,280,50,282,50,284,50,284,50,285,50,287,50,287,50,289,51,290,54,290,57,291,59,292,60,293,63,293,66,293,68,292,69,291,72,290,75,290,76,289,76,287,76,287,76,285,78,284,81,284,84,284,85,285,85,287,85,287,85,289,87,290,90,290,93,290,94,289,96,288,99,287,102,286,103,285,104,284,107,284,112,284,112,284,116,284,119,283,121,282,122,281,125,280,128,280,130,279,130,277,130,277,130,276,128,275,125,274
72,423,68,423,68,423,63,423,59,423,59,421,57,420,54,420,51,420,50,421,51,422,54,423,59,423,59,425,60,426,63,426,68,426,68,426,72,426,75,426,76,425,75,424,72,423
462,28,457,28,457,29,457,31,462,31,465,31,466,29,465,28,462,28
