555,10,555,12,555,12,555,13,555,15,555,15,555,16,553,18,550,18,547,19,546,20,544,21,541,21,538,21,537,20,536,19,533,18,530,18,528,16,530,15,533,15,536,14,537,13,537,12,537,12,537,10,475,10,474,11,471,12,468,12,466,13,466,15,471,15,475,15,475,15,479,15,482,15,484,16,484,18,484,18,484,20,485,21,488,21,491,22,493,23,493,25,493,25,493,26,491,27,488,28,485,28,484,29,482,31,479,31,476,32,475,33,475,34,475,34,475,36,475,38,475,38,475,39,476,40,479,41,482,41,484,42,485,43,488,44,491,45,493,46,493,47,493,47,493,49,491,50,488,50,485,50,484,49,482,48,479,47,475,47,475,47,471,47,468,47,466,46,465,45,462,44,459,43,457,42,456,41,453,41,450,41,448,42,448,44,448,44,448,46,447,47,444,47,441,47,440,46,440,44,440,44,440,42,440,41,440,41,440,39,438,38,435,38,432,38,431,39,429,40,426,41,423,40,422,39,420,38,417,38,414,37,413,36,414,35,417,34,420,34,422,33,422,31,422,31,422,29,422,28,422,28,422,26,420,25,417,25,414,24,413,23,413,21,413,21,413,20,413,18,409,18,406,18,404,16,404,15,404,15,404,13,406,12,409,12,412,12,413,13,413,15,413,15,413,16,413,18,417,18,420,19,422,20,423,21,426,21,431,21,431,21,435,21,438,21,440,20,441,19,444,18,448,18,448,18,453,18,456,19,457,20,459,21,462,21,465,21,466,20,466,18,466,18,466,16,466,15,462,15,459,14,457,13,457,12,457,12,457,10,360,10,360,12,360,12,360,13,360,15,360,15,360,16,358,18,355,18,352,18,351,16,351,15,351,15,351,13,351,12,351,12,351,10,236,10,236,12,236,12,236,13,234,14,231,15,227,15,227,15,223,15,220,14,218,13,220,12,223,12,226,11,227,10,118,10,10,10,10,54,13,54,14,55,13,56,10,57,10,263,10,470,76,470,78,469,81,468,84,469,85,470,493,470,493,468,488,468,485,468,484,467,485,466,488,465,491,466,493,467,493,468,497,468,500,469,502,470,566,470,630,470,630,240,630,10,555,10
612,106,609,105,608,104,608,102,608,102,608,101,606,100,603,99,600,99,599,97,599,96,599,96,599,94,600,93,603,93,606,92,608,91,608,89,608,89,608,88,606,87,603,86,600,86,599,85,599,83,599,83,599,81,599,80,599,80,599,78,599,76,599,76,599,75,598,74,595,73,592,73,590,72,590,70,590,70,590,68,589,67,586,67,583,66,581,65,580,64,577,63,574,64,572,65,571,66,568,67,564,67,564,67,559,67,556,67,555,68,555,70,555,70,555,72,556,73,559,73,562,74,564,75,562,76,559,76,556,77,555,78,555,80,555,80,555,81,553,82,550,83,547,83,546,85,546,86,546,86,546,88,546,89,546,89,546,91,547,92,550,93,553,93,555,94,556,95,559,96,564,96,564,96,568,96,571,96,572,97,574,99,577,99,581,99,581,99,586,99,589,100,590,101,590,102,590,102,590,104,589,105,586,106,583,106,581,107,581,109,581,109,581,110,581,112,577,112,574,113,572,114,574,115,577,115,580,115,581,114,581,112,586,112,590,112,590,112,595,112,598,113,599,114,599,115,599,115,599,117,598,118,595,119,590,119,590,119,586,119,583,119,581,120,581,122,581,122,581,123,581,125,581,125,581,127,581,128,581,128,581,130,583,131,586,131,590,131,590,131,595,131,598,131,599,130,600,129,603,128,608,128,608,128,612,128,615,128,617,127,617,125,617,125,617,123,615,122,612,122,609,121,608,120,608,119,608,119,608,117,609,116,612,115,615,115,617,114,617,112,617,112,617,110,617,109,617,109,617,107,615,106,612,106
603,222,600,222,599,221,599,219,599,219,599,217,599,216,599,216,599,214,599,212,599,212,599,211,599,209,599,209,599,208,599,206,599,206,599,204,599,203,599,203,599,201,598,200,595,200,592,199,590,198,590,196,590,196,590,195,589,194,586,193,583,194,581,195,581,196,581,196,581,198,581,200,581,200,581,201,581,203,581,203,581,204,581,206,581,206,581,208,581,209,581,209,581,211,581,212,581,212,581,214,583,215,586,216,589,216,590,217,590,219,590,219,590,221,590,222,590,222,590,224,590,225,590,225,590,227,590,229,590,229,590,230,592,231,595,232,598,232,599,234,599,235,599,235,599,237,599,238,599,238,599,240,599,242,599,242,599,243,600,244,603,245,606,244,608,243,608,242,608,242,608,240,608,238,608,238,608,237,608,235,608,235,608,234,608,232,608,232,608,230,608,229,608,229,608,227,608,225,608,225,608,224,606,223,603,222
603,248,600,249,599,250,599,251,599,251,599,253,599,255,599,255,599,256,599,258,599,258,599,259,599,261,599,261,599,263,599,264,599,264,599,266,599,268,599,268,599,269,600,270,603,271,606,270,608,269,608,268,608,268,608,266,608,264,608,264,608,263,608,261,608,261,608,259,608,258,608,258,608,256,608,255,608,255,608,253,608,251,608,251,608,250,606,249,603,248
568,119,564,119,564,119,559,119,556,119,555,120,556,121,559,122,562,122,564,123,564,125,564,125,564,127,564,128,564,128,564,130,565,131,568,131,571,131,572,130,572,128,572,128,572,127,572,125,572,125,572,123,572,122,572,122,572,120,571,119,568,119
533,28,530,28,528,29,530,31,533,31,536,31,537,29,536,28,533,28
515,18,512,19,510,20,512,21,515,21,518,21,519,20,518,19,515,18
515,57,512,58,510,59,510,60,510,60,510,62,510,63,510,63,510,65,512,66,515,67,518,66,519,65,519,63,519,63,519,62,519,60,519,60,519,59,518,58,515,57
479,76,476,77,475,78,476,79,479,80,482,79,484,78,482,77,479,76
435,50,432,51,431,52,431,54,431,54,431,55,432,56,435,57,438,56,440,55,440,54,440,54,440,52,438,51,435,50
435,293,432,293,431,292,429,291,426,290,423,291,422,292,422,293,422,293,422,295,420,296,417,297,414,297,413,298,412,299,409,300,406,300,404,302,404,303,404,303,404,305,406,306,409,306,412,307,413,308,412,309,409,310,406,310,404,311,406,312,409,313,412,313,413,315,414,316,417,316,420,316,422,315,423,313,426,313,429,312,431,311,431,310,431,310,431,308,431,306,431,306,431,305,432,304,435,303,438,303,440,302,440,300,440,300,440,298,440,297,440,297,440,295,438,294,435,293
435,355,431,355,431,355,426,355,423,356,422,357,420,358,417,358,413,358,413,358,409,358,406,359,404,360,403,361,400,361,397,361,395,360,394,359,391,358,388,359,386,360,385,361,382,361,379,362,378,363,378,365,378,365,378,366,379,367,382,368,386,368,386,368,391,368,394,369,395,370,395,371,395,371,395,373,395,374,395,374,395,376,395,378,395,378,395,379,395,381,395,381,395,383,395,384,395,384,395,386,395,387,395,387,395,389,395,391,395,391,395,392,397,393,400,394,403,394,404,395,403,397,400,397,397,398,395,399,395,400,395,400,395,402,395,404,395,404,395,405,394,406,391,407,388,407,386,408,386,410,386,410,386,412,386,413,382,413,379,414,378,415,378,417,378,417,378,418,379,419,382,420,385,420,386,421,386,423,386,423,386,425,385,426,382,426,379,426,378,425,376,424,373,423,370,424,369,425,369,426,369,426,369,428,369,430,369,430,369,431,370,432,373,433,378,433,378,433,382,433,385,432,386,431,388,430,391,430,395,430,395,430,400,430,403,429,404,428,404,426,404,426,404,425,406,424,409,423,413,423,413,425,414,426,417,426,422,426,422,426,426,426,429,426,431,425,431,423,431,423,431,421,431,420,431,420,431,418,429,417,426,417,423,417,422,418,422,420,422,420,422,421,420,422,417,423,413,423,413,421,413,420,413,420,413,418,413,417,413,417,413,415,413,413,413,413,413,412,413,410,413,410,413,408,413,407,413,407,413,405,412,404,409,404,406,403,404,402,406,401,409,400,412,400,413,399,413,397,413,397,413,395,414,394,417,394,420,393,422,392,422,391,422,391,422,389,422,387,422,387,422,386,423,385,426,384,429,384,431,383,431,381,431,381,431,379,431,378,431,378,431,376,431,374,431,374,431,373,432,372,435,371,438,371,440,370,440,368,440,368,440,366,440,365,440,365,440,363,440,361,440,361,440,360,440,358,440,358,440,357,438,356,435,355
426,44,423,45,422,46,423,47,426,47,429,47,431,46,429,45,426,44
426,67,423,67,422,68,422,70,422,70,422,72,423,73,426,73,429,73,431,72,431,70,431,70,431,68,429,67,426,67
417,99,414,100,413,101,413,102,413,102,413,104,414,105,417,106,420,105,422,104,422,102,422,102,422,101,420,100,417,99
391,63,388,64,386,65,386,67,386,67,386,68,388,69,391,70,394,69,395,68,395,67,395,67,395,65,394,64,391,63
382,25,379,25,378,26,378,28,373,28,370,28,369,29,369,31,369,31,369,33,370,34,373,34,376,34,378,33,378,31,378,31,378,29,378,28,382,28,385,27,386,26,385,25,382,25
382,300,379,299,378,298,376,297,373,297,369,297,369,297,364,297,361,297,360,298,360,300,360,300,360,302,360,303,360,303,360,305,360,306,360,306,360,308,361,309,364,310,369,310,369,310,373,310,376,310,378,311,379,312,382,313,385,312,386,311,386,310,386,310,386,308,386,306,386,306,386,305,386,303,386,303,386,302,385,300,382,300
329,34,326,35,324,36,324,38,324,38,324,39,324,41,324,41,324,42,324,44,324,44,324,46,326,47,329,47,332,47,333,46,333,44,333,44,333,42,333,41,333,41,333,39,333,38,333,38,333,36,332,35,329,34
329,180,326,181,324,182,326,183,329,183,332,183,333,182,332,181,329,180
311,170,307,170,307,169,305,168,302,167,299,168,298,169,299,170,302,170,307,170,307,172,307,174,307,174,307,175,308,176,311,177,314,176,316,175,316,174,316,174,316,172,314,171,311,170
285,157,282,157,280,156,280,154,280,154,280,153,279,151,276,151,273,150,271,149,271,148,271,148,271,146,270,145,267,144,262,144,262,144,258,144,255,145,254,146,254,148,254,148,254,149,254,151,254,151,254,153,255,154,258,154,261,155,262,156,264,157,267,157,270,158,271,159,273,160,276,161,280,161,280,161,285,161,288,160,289,159,288,158,285,157
276,18,271,18,271,18,267,18,264,19,262,20,264,21,267,21,271,21,271,21,276,21,279,21,280,20,279,19,276,18
249,12,246,12,245,13,246,14,249,15,252,14,254,13,252,12,249,12
152,329,149,329,147,327,146,326,143,326,140,325,138,324,137,323,134,323,130,323,130,323,125,323,122,322,121,321,119,320,116,319,112,319,112,319,107,319,104,320,103,321,103,323,103,323,103,324,104,325,107,326,110,326,112,327,112,329,112,329,112,331,112,332,112,332,112,334,113,335,116,336,121,336,121,336,125,336,128,336,130,337,131,338,134,339,138,339,138,339,143,339,146,338,147,337,149,336,152,336,155,335,156,334,156,332,156,332,156,331,155,330,152,329
116,446,112,446,112,444,110,443,107,442,103,442,103,441,102,440,99,439,96,440,94,441,96,442,99,442,103,442,103,444,104,445,107,446,112,446,112,447,113,448,116,449,119,448,121,447,119,446,116,446
72,44,68,44,68,44,63,44,60,45,59,46,59,47,59,47,59,49,59,50,59,50,59,52,60,53,63,54,66,53,68,52,68,50,68,50,68,49,69,48,72,47,75,47,76,46,75,45,72,44
72,417,69,417,68,418,69,419,72,420,75,419,76,418,75,417,72,417
54,420,50,420,50,420,45,420,42,420,41,421,42,422,45,423,48,424,50,425,51,426,54,426,57,426,59,425,59,423,59,423,59,421,57,420,54,420
45,41,42,41,41,42,42,43,45,44,48,43,50,42,48,41,45,41
37,384,34,385,32,386,32,387,32,387,32,389,34,390,37,391,40,390,41,389,41,387,41,387,41,386,40,385,37,384
391,413,386,413,386,415,388,416,391,417,394,416,395,415,394,414,391,413
