537,10,537,12,537,12,537,13,537,15,537,15,537,16,537,18,541,18,544,19,546,20,544,21,541,21,538,21,537,20,537,18,533,18,530,18,528,16,528,15,528,15,528,13,527,12,524,12,521,11,519,10,265,10,10,10,10,180,13,181,14,182,14,183,14,183,14,185,14,187,14,187,14,188,14,190,14,190,14,191,14,193,14,193,14,195,14,196,14,196,14,198,14,200,14,200,14,201,14,203,14,203,14,204,14,206,14,206,14,208,13,209,10,209,10,316,13,317,14,318,16,319,19,319,23,319,23,319,28,319,31,320,32,321,32,323,32,323,32,324,32,326,32,326,32,327,31,329,28,329,25,330,23,331,22,332,19,332,14,332,14,332,10,332,10,401,10,470,112,470,113,469,116,468,121,468,121,468,125,468,128,469,130,470,475,470,476,469,479,468,482,469,484,470,557,470,630,470,630,240,630,10,537,10
621,99,617,99,617,99,612,99,609,100,608,101,609,102,612,102,617,102,617,102,621,102,624,102,626,101,624,100,621,99
612,67,609,66,608,65,608,63,608,63,608,62,606,61,603,60,599,60,599,60,595,60,590,60,590,60,586,60,583,60,581,59,580,58,577,57,574,58,572,59,572,60,572,60,572,62,571,63,568,63,565,64,564,65,562,66,559,67,556,67,555,68,555,70,555,70,555,72,556,73,559,73,562,74,564,75,564,76,564,76,564,78,564,80,564,80,564,81,562,82,559,83,556,82,555,81,555,80,555,80,555,78,553,77,550,76,547,77,546,78,546,80,546,80,546,81,546,83,546,83,546,85,546,86,546,86,546,88,546,89,546,89,546,91,546,93,546,93,546,94,547,95,550,96,553,96,555,97,555,99,555,99,555,101,553,102,550,102,547,102,546,101,544,100,541,99,537,99,537,99,533,99,530,100,528,101,527,102,524,102,521,103,519,104,518,105,515,106,512,106,510,107,510,109,510,109,510,110,509,111,506,112,503,111,502,110,502,109,502,109,502,107,502,106,502,106,502,104,502,102,502,102,502,101,502,99,502,99,502,97,500,96,497,96,494,95,493,94,493,93,493,93,493,91,493,89,493,89,493,88,491,87,488,86,485,86,484,85,485,83,488,83,491,82,493,81,493,80,493,80,493,78,493,76,493,76,493,75,491,74,488,73,485,74,484,75,482,76,479,76,476,77,475,78,475,80,475,80,475,81,475,83,475,83,475,85,475,86,475,86,475,88,475,89,475,89,475,91,474,92,471,93,468,93,466,94,466,96,466,96,466,97,466,99,466,99,466,101,466,102,466,102,466,104,466,106,466,106,466,107,466,109,466,109,466,110,465,111,462,112,459,113,457,114,457,115,457,115,457,117,457,119,457,119,457,120,457,122,457,122,457,123,457,125,457,125,457,127,457,128,457,128,457,130,457,131,457,131,457,133,459,134,462,135,465,135,466,136,466,138,466,138,466,140,466,141,466,141,466,143,468,144,471,144,474,145,475,146,475,148,475,148,475,149,475,151,475,151,475,153,475,154,475,154,475,156,476,157,479,157,484,157,484,157,488,157,491,158,493,159,493,161,493,161,493,162,493,164,493,164,493,165,494,167,497,167,502,167,502,167,506,167,509,168,510,169,512,170,515,170,518,170,519,169,521,168,524,167,527,168,528,169,530,170,533,170,536,171,537,172,538,173,541,174,544,174,546,175,546,177,546,177,546,178,546,180,546,180,546,182,547,183,550,183,553,184,555,185,556,186,559,187,564,187,564,187,568,187,571,186,572,185,572,183,572,183,572,182,571,181,568,180,565,180,564,178,564,177,564,177,564,175,562,174,559,174,556,173,555,172,555,170,555,170,555,169,555,167,555,167,555,165,553,164,550,164,546,164,546,164,541,164,538,163,537,162,537,161,537,161,537,159,537,157,537,157,537,156,537,154,537,154,537,153,537,151,537,151,537,149,537,148,537,148,537,146,537,144,537,144,537,143,537,141,537,141,537,140,536,138,533,138,530,137,528,136,530,135,533,135,536,134,537,133,536,132,533,131,530,131,528,130,530,129,533,128,537,128,537,128,541,128,546,128,546,128,550,128,555,128,555,128,559,128,562,128,564,127,564,125,564,125,564,123,564,122,568,122,571,121,572,120,572,119,572,119,572,117,574,116,577,115,580,115,581,114,583,113,586,112,590,112,590,112,595,112,598,113,599,114,600,115,603,115,606,115,608,114,608,112,608,112,608,110,606,109,603,109,600,108,599,107,598,106,595,106,590,106,590,106,586,106,583,105,581,104,581,102,581,102,581,101,581,99,581,99,581,97,581,96,581,96,581,94,581,93,586,93,589,93,590,94,592,95,595,96,599,96,599,96,603,96,606,95,608,94,606,93,603,93,600,92,599,91,599,89,599,89,599,88,600,87,603,86,608,86,608,86,612,86,615,86,617,85,617,83,617,83,617,81,617,80,617,80,617,78,617,76,617,76,617,75,617,73,617,73,617,72,617,70,617,70,617,68,615,67,612,67
612,128,608,128,608,128,603,128,600,129,599,130,599,131,599,131,599,133,600,134,603,135,606,134,608,133,609,132,612,131,615,131,617,130,615,129,612,128
559,131,556,132,555,133,556,134,559,135,562,134,564,133,562,132,559,131
515,436,512,437,510,438,510,439,510,439,510,441,510,442,510,442,510,444,512,445,515,446,518,445,519,444,519,442,519,442,519,441,519,439,519,439,519,438,518,437,515,436
506,420,503,420,502,421,502,423,502,423,502,425,502,426,502,426,502,428,502,430,502,430,502,431,503,432,506,433,509,432,510,431,510,430,510,430,510,428,510,426,510,426,510,425,510,423,510,423,510,421,509,420,506,420
479,21,476,22,475,23,476,24,479,25,482,24,484,23,482,22,479,21
453,439,450,439,448,438,448,436,448,436,448,434,448,433,448,433,448,431,448,430,448,430,448,428,448,426,448,426,448,425,447,424,444,423,441,424,440,425,438,426,435,426,431,426,431,426,426,426,423,427,422,428,422,430,422,430,422,431,423,432,426,433,429,433,431,434,431,436,431,436,431,438,431,439,431,439,431,441,431,442,431,442,431,444,431,446,431,446,431,447,432,448,435,449,438,449,440,451,441,452,444,452,448,452,448,452,453,452,456,452,457,451,457,449,457,449,457,447,457,446,457,446,457,444,457,442,457,442,457,441,456,440,453,439
400,255,397,255,395,256,395,258,391,258,386,258,386,258,382,258,378,258,378,258,373,258,370,258,369,259,369,261,369,261,369,263,370,264,373,264,376,264,378,263,379,262,382,261,386,261,386,261,391,261,394,261,395,259,395,258,400,258,403,257,404,256,403,255,400,255
391,131,388,132,386,133,388,134,391,135,394,134,395,133,394,132,391,131
355,258,351,258,351,258,347,258,344,258,342,259,342,261,342,261,342,263,341,264,338,264,335,265,333,266,335,267,338,268,342,268,342,268,347,268,350,267,351,266,351,264,351,264,351,263,352,262,355,261,358,261,360,259,358,258,355,258
223,368,218,368,218,368,214,368,209,368,209,368,205,368,202,368,200,370,202,371,205,371,209,371,209,371,214,371,218,371,218,371,223,371,226,371,227,370,226,368,223,368
169,358,166,359,165,360,165,361,161,361,156,361,156,361,152,361,149,361,147,360,146,359,143,358,138,358,138,358,134,358,130,358,130,358,125,358,121,358,121,358,116,358,113,358,112,357,110,356,107,355,103,355,103,355,99,355,96,356,94,357,93,358,90,358,85,358,85,358,81,358,78,359,76,360,76,361,76,361,76,363,78,364,81,365,85,365,85,365,90,365,93,365,94,366,96,367,99,368,102,369,103,370,104,371,107,371,112,371,112,371,116,371,121,371,121,371,125,371,128,371,130,370,131,369,134,368,138,368,138,368,143,368,146,369,147,370,149,371,152,371,155,371,156,370,158,369,161,368,164,367,165,366,165,365,165,365,165,363,165,361,169,361,172,361,174,360,172,359,169,358
577,89,574,90,572,91,574,92,577,93,581,93,581,91,580,90,577,89
559,119,556,119,555,120,555,122,559,122,564,122,564,120,562,119,559,119
550,122,547,122,546,123,547,124,550,125,553,124,555,123,555,122,550,122
533,119,530,119,528,120,528,122,528,122,528,123,530,124,533,125,536,124,537,123,537,122,537,122,537,120,536,119,533,119
497,119,494,119,493,120,491,121,488,122,485,122,484,123,485,124,488,125,493,125,493,125,497,125,500,124,502,123,502,122,502,122,502,120,500,119,497,119
