475,10,475,12,475,12,475,13,475,15,475,15,475,16,475,18,475,18,475,20,475,21,479,21,484,21,484,21,488,21,493,21,493,20,491,19,488,18,485,18,484,16,484,15,484,15,484,13,485,12,488,12,493,12,493,12,497,12,502,12,502,12,506,12,510,12,510,12,515,12,519,12,519,12,524,12,527,12,528,13,528,15,528,15,528,16,527,18,524,18,521,19,519,20,519,21,519,21,519,23,518,24,515,25,510,25,510,25,506,25,503,24,502,23,500,22,497,21,493,21,493,23,491,24,488,25,484,25,484,25,479,25,476,24,475,23,475,21,471,21,468,21,466,20,466,18,466,18,466,16,466,15,466,15,466,13,466,12,466,12,466,10,457,10,457,12,457,12,457,13,457,15,457,15,457,16,456,18,453,18,448,18,448,18,444,18,440,18,440,18,435,18,431,18,431,18,426,18,423,18,422,16,420,15,417,15,414,14,413,13,413,12,413,12,413,10,404,10,403,11,400,12,397,12,395,13,395,15,395,15,395,16,394,18,391,18,388,18,386,16,386,15,386,15,386,13,386,12,386,12,386,10,360,10,360,12,360,12,360,13,360,15,364,15,367,14,369,13,370,12,373,12,376,12,378,13,378,15,378,15,378,16,376,18,373,18,369,18,369,18,364,18,361,18,360,16,360,15,355,15,351,15,351,16,351,18,351,18,351,20,351,21,355,21,358,22,360,23,360,25,360,25,360,26,358,27,355,28,352,27,351,26,351,25,351,25,351,23,351,21,347,21,344,21,342,20,342,18,342,18,342,16,342,15,338,15,335,15,333,16,333,18,333,18,333,20,333,21,333,21,333,23,333,25,333,25,333,26,333,28,333,28,333,29,333,31,333,31,333,33,332,34,329,34,326,34,324,33,324,31,324,31,324,29,324,28,324,28,324,26,324,25,324,25,324,23,323,22,320,21,317,21,316,20,314,19,311,18,307,18,307,20,307,21,307,21,307,23,305,24,302,25,299,25,298,26,299,27,302,28,305,28,307,29,307,31,307,31,307,33,305,34,302,34,298,34,298,34,293,34,289,34,289,34,285,34,280,34,280,34,276,34,273,35,271,36,270,37,267,38,262,38,262,38,258,38,255,37,254,36,252,35,249,34,246,35,245,36,243,37,240,38,237,37,236,36,234,35,231,34,228,34,227,33,227,31,227,31,227,29,226,28,223,28,220,28,218,29,218,31,218,31,218,33,217,34,214,34,209,34,209,34,205,34,202,34,200,33,199,32,196,31,193,31,192,29,190,28,187,28,184,27,183,26,183,25,183,25,183,23,183,21,178,21,175,21,174,20,172,19,169,18,166,18,165,16,164,15,161,15,158,14,156,13,158,12,161,12,165,12,165,12,169,12,172,12,174,13,175,14,178,15,181,15,183,16,183,18,183,18,183,20,183,21,187,21,190,21,192,20,192,18,192,18,192,16,192,15,192,15,192,13,190,12,187,12,184,11,183,10,96,10,10,10,10,131,13,132,14,133,13,134,10,135,10,302,10,470,85,470,87,469,90,468,93,469,94,470,298,470,299,469,302,468,305,469,307,470,316,470,316,468,316,468,316,467,314,466,311,465,308,465,307,464,308,462,311,462,314,461,316,460,317,459,320,459,324,459,324,459,329,459,332,459,333,460,335,461,338,462,341,462,342,464,344,465,347,465,350,466,351,467,351,468,351,468,351,470,404,470,404,468,404,468,404,467,404,465,404,465,404,464,404,462,404,462,404,460,404,459,404,459,404,457,406,456,409,455,413,455,413,455,417,455,420,456,422,457,422,459,422,459,422,460,422,462,422,462,422,464,422,465,422,465,422,467,420,468,417,468,414,469,413,470,522,470,630,470,630,242,627,241,626,240,626,238,626,238,626,237,627,236,630,235,630,123,630,10,475,10
550,151,547,150,546,149,546,148,546,148,546,146,544,145,541,144,538,144,537,143,538,142,541,141,544,141,546,140,544,138,541,138,537,138,537,138,533,138,530,138,528,140,528,141,528,141,528,143,527,144,524,144,521,144,519,143,518,142,515,141,512,142,510,143,510,144,510,144,510,146,510,148,510,148,510,149,512,150,515,151,519,151,519,151,524,151,528,151,528,153,528,154,524,154,521,155,519,156,521,157,524,157,527,157,528,156,528,154,533,154,537,154,537,154,541,154,546,154,546,154,550,154,553,154,555,153,553,151,550,151
462,144,459,145,457,146,459,147,462,148,465,147,466,146,465,145,462,144
462,151,459,151,457,153,459,154,462,154,465,154,466,153,465,151,462,151
462,225,459,225,457,224,457,222,457,222,457,221,456,219,453,219,450,218,448,217,447,216,444,216,441,215,440,214,438,213,435,212,432,213,431,214,431,216,431,216,431,217,432,218,435,219,438,219,440,221,440,222,440,222,440,224,438,225,435,225,432,226,431,227,432,228,435,229,438,229,440,230,441,231,444,232,448,232,448,232,453,232,456,232,457,234,457,235,453,235,450,236,448,237,450,238,453,238,456,238,457,237,457,235,462,235,465,235,466,234,466,232,466,232,466,230,466,229,466,229,466,227,465,226,462,225
435,400,432,401,431,402,431,404,431,404,431,405,432,406,435,407,438,406,440,405,440,404,440,404,440,402,438,401,435,400
426,80,423,80,422,81,423,82,426,83,429,82,431,81,429,80,426,80
426,391,422,391,422,391,417,391,413,391,413,391,409,391,406,391,404,392,404,394,404,394,404,395,406,397,409,397,413,397,413,397,417,397,422,397,422,397,426,397,429,397,431,395,431,394,431,394,431,392,429,391,426,391
417,109,414,108,413,107,412,106,409,106,404,106,404,106,400,106,395,106,395,106,391,106,386,106,386,104,385,103,382,102,378,102,378,102,373,102,370,103,369,104,367,105,364,106,361,106,360,107,361,108,364,109,369,109,369,109,373,109,378,109,378,110,379,112,382,112,386,112,386,112,391,112,394,112,395,110,397,109,400,109,403,109,404,110,406,112,409,112,413,112,413,112,417,112,420,112,422,110,420,109,417,109
409,76,406,76,404,75,403,74,400,73,397,73,395,72,394,70,391,70,388,70,386,72,386,73,386,73,386,75,388,76,391,76,394,77,395,78,397,79,400,80,404,80,404,80,409,80,412,79,413,78,412,77,409,76
409,115,404,115,404,115,400,115,397,116,395,117,397,118,400,119,404,119,404,119,409,119,412,118,413,117,412,116,409,115
409,374,406,375,404,376,404,378,400,378,397,378,395,379,394,380,391,381,386,381,386,379,386,378,386,378,386,376,385,375,382,374,379,375,378,376,376,377,373,378,369,378,369,378,364,378,360,378,360,378,355,378,351,378,351,378,347,378,342,378,342,378,338,378,333,378,333,378,329,378,326,378,324,379,323,380,320,381,316,381,316,381,311,381,308,381,307,383,305,384,302,384,298,384,298,384,293,384,290,385,289,386,289,387,289,387,289,389,288,390,285,391,282,391,280,392,282,393,285,394,289,394,289,394,293,394,296,393,298,392,299,391,302,391,307,391,307,391,311,391,314,390,316,389,317,388,320,387,324,387,324,387,329,387,332,387,333,386,335,385,338,384,342,384,342,384,347,384,351,384,351,384,355,384,360,384,360,384,364,384,367,384,369,383,370,381,373,381,378,381,378,381,382,381,386,381,386,383,386,384,382,384,379,385,378,386,379,387,382,387,385,387,386,386,386,384,391,384,395,384,395,384,400,384,403,384,404,383,404,381,404,381,404,379,404,378,409,378,412,377,413,376,412,375,409,374
391,459,388,458,386,457,386,455,386,455,386,454,386,452,386,452,386,451,386,449,386,449,386,447,386,446,386,446,386,444,385,443,382,442,379,442,378,441,376,440,373,439,370,440,369,441,369,442,369,442,369,444,367,445,364,446,361,446,360,447,360,449,360,449,360,451,360,452,360,452,360,454,361,455,364,455,367,456,369,457,369,459,369,459,369,460,370,461,373,462,376,462,378,464,379,465,382,465,385,466,386,467,388,468,391,468,394,468,395,467,395,465,395,465,395,464,395,462,395,462,395,460,394,459,391,459
382,57,378,57,378,57,373,57,369,57,369,57,364,57,360,57,360,55,358,54,355,54,352,54,351,55,352,56,355,57,360,57,360,59,361,60,364,60,369,60,369,60,373,60,378,60,378,60,382,60,385,60,386,59,385,58,382,57
355,34,352,35,351,36,352,37,355,38,358,37,360,36,358,35,355,34
338,112,335,113,333,114,335,115,338,115,341,115,342,114,341,113,338,112
311,67,307,67,307,65,305,64,302,63,299,64,298,65,299,66,302,67,307,67,307,68,308,69,311,70,314,69,316,68,314,67,311,67
293,41,290,41,289,42,290,43,293,44,296,43,298,42,296,41,293,41
293,50,290,51,289,52,289,54,289,54,289,55,289,57,289,57,289,59,290,60,293,60,296,60,298,59,298,57,298,57,298,55,298,54,298,54,298,52,296,51,293,50
276,41,273,41,271,42,271,44,267,44,262,44,262,42,261,41,258,41,254,41,254,41,249,41,246,41,245,42,246,43,249,44,254,44,254,44,258,44,262,44,262,46,264,47,267,47,271,47,271,49,273,50,276,50,279,50,280,49,279,48,276,47,271,47,271,46,271,44,276,44,279,43,280,42,279,41,276,41
276,76,271,76,271,75,271,73,271,73,271,72,270,70,267,70,264,70,262,72,262,73,262,73,262,75,264,76,267,76,271,76,271,78,273,79,276,80,279,79,280,78,279,77,276,76
258,57,254,57,254,55,252,54,249,54,245,54,245,52,243,51,240,50,237,51,236,52,237,53,240,54,245,54,245,55,246,56,249,57,254,57,254,59,254,60,254,60,254,62,255,63,258,63,261,63,262,62,262,60,262,60,262,59,261,58,258,57
214,41,209,41,209,41,205,41,202,41,200,42,202,43,205,44,208,45,209,46,211,47,214,47,217,47,218,46,218,44,218,44,218,42,217,41,214,41
116,329,113,329,112,327,110,326,107,326,104,326,103,327,103,329,103,329,103,331,103,332,103,332,103,334,103,336,103,336,103,337,103,339,103,339,103,340,104,342,107,342,110,343,112,344,113,345,116,345,119,345,121,344,121,342,121,342,121,340,121,339,121,339,121,337,121,336,121,336,121,334,121,332,121,332,121,331,119,330,116,329
19,180,16,181,14,182,16,183,19,183,22,183,23,182,22,181,19,180
324,10,326,11,329,12,333,12,333,12,338,12,342,12,342,10,324,10
533,148,530,148,528,149,528,151,533,151,536,150,537,149,536,148,533,148
382,106,379,106,378,107,378,109,382,109,385,108,386,107,386,106,382,106
347,12,342,12,342,13,342,15,347,15,351,15,351,13,350,12,347,12
302,15,299,15,298,16,299,18,302,18,307,18,307,16,305,15,302,15
285,18,280,18,280,20,280,21,280,21,280,23,282,24,285,25,288,24,289,23,289,21,289,21,289,20,288,19,285,18
276,15,271,15,271,15,267,15,264,15,262,16,262,18,267,18,271,18,271,18,276,18,280,18,280,16,279,15,276,15
267,21,264,21,262,20,262,18,258,18,254,18,254,18,249,18,245,18,245,18,240,18,236,18,236,18,231,18,227,18,227,18,223,18,220,19,218,20,218,21,223,21,227,21,227,21,231,21,234,22,236,23,236,25,236,25,236,26,237,27,240,28,243,28,245,29,246,31,249,31,252,31,254,29,255,28,258,28,262,28,262,28,267,28,270,27,271,26,271,25,271,25,271,23,270,22,267,21
214,21,209,21,209,23,211,24,214,25,217,24,218,23,218,21,214,21
205,18,202,19,200,20,202,21,205,21,209,21,209,20,208,19,205,18
