316,10,314,11,311,12,308,11,307,10,158,10,10,10,10,323,13,323,14,324,14,326,14,326,14,327,14,329,14,329,14,331,16,332,19,332,22,333,23,334,23,336,23,336,23,337,23,339,23,339,23,340,23,342,23,342,23,344,25,345,28,345,31,346,32,347,32,349,32,349,32,350,34,351,37,352,40,352,41,353,41,355,41,355,41,357,41,358,41,358,41,360,42,361,45,361,48,362,50,363,50,365,50,365,50,366,51,367,54,368,57,368,59,370,59,371,59,371,59,373,60,374,63,374,66,375,68,376,69,377,72,378,75,378,76,379,76,381,76,381,76,383,78,384,81,384,84,385,85,386,85,387,85,387,85,389,87,390,90,391,94,391,94,391,99,391,102,391,103,392,103,394,103,394,103,395,104,397,107,397,110,398,112,399,113,400,116,400,119,401,121,402,122,403,125,404,128,404,130,405,131,406,134,407,137,407,138,408,137,410,134,410,130,410,130,410,125,410,122,410,121,408,119,407,116,407,112,407,112,407,107,407,103,407,103,407,99,407,96,406,94,405,93,404,90,404,87,403,85,402,85,400,85,400,85,399,84,398,81,397,78,397,76,395,76,394,76,394,76,392,76,391,76,391,76,389,75,388,72,387,69,387,68,386,66,385,63,384,60,384,59,383,57,381,54,381,51,380,50,379,48,378,45,378,42,377,41,376,40,375,37,374,34,374,32,373,32,371,32,371,32,370,31,369,28,368,25,367,23,366,22,365,19,365,16,364,14,363,14,361,14,361,14,360,14,358,14,358,14,357,13,356,10,355,10,413,10,470,94,470,96,469,99,468,102,469,103,470,112,470,113,469,116,468,119,468,121,467,122,466,125,465,128,466,130,467,131,468,134,468,137,469,138,470,384,470,630,470,630,174,626,174,626,174,621,174,617,174,617,174,612,174,608,174,608,174,603,174,599,174,599,174,595,174,592,173,590,172,589,171,586,170,583,170,581,169,580,168,577,167,574,167,572,165,571,164,568,164,565,163,564,162,562,161,559,161,556,160,555,159,553,158,550,157,547,157,546,156,547,155,550,154,555,154,555,154,559,154,564,154,564,154,568,154,572,154,572,154,577,154,580,155,581,156,583,157,586,157,589,158,590,159,592,160,595,161,598,161,599,162,600,163,603,164,608,164,608,164,612,164,617,164,617,164,621,164,624,164,626,165,627,167,630,167,630,89,630,10,316,10
577,128,572,128,572,128,568,128,564,128,564,128,559,128,555,128,555,128,550,128,547,128,546,127,546,125,546,125,546,123,544,122,541,122,537,122,537,122,533,122,530,122,528,123,530,124,533,125,536,126,537,127,537,128,537,128,537,130,537,131,537,131,537,133,537,135,537,135,537,136,537,138,537,138,537,140,538,141,541,141,544,141,546,140,547,139,550,138,553,137,555,136,556,135,559,135,562,134,564,133,565,132,568,131,572,131,572,131,577,131,580,131,581,130,580,129,577,128
577,349,574,349,572,350,574,351,577,352,580,351,581,350,580,349,577,349
559,34,556,35,555,36,556,37,559,38,562,37,564,36,562,35,559,34
559,352,556,352,555,353,556,354,559,355,562,354,564,353,562,352,559,352
550,339,547,339,546,340,546,342,546,342,546,344,547,345,550,345,553,345,555,344,555,342,555,342,555,340,553,339,550,339
541,34,538,35,537,36,537,38,537,38,537,39,536,40,533,41,530,41,528,42,530,43,533,44,537,44,537,44,541,44,544,43,546,42,546,41,546,41,546,39,546,38,546,38,546,36,544,35,541,34
533,151,530,151,528,153,527,154,524,154,519,154,519,154,515,154,512,155,510,156,510,157,510,157,510,159,510,161,510,161,510,162,512,163,515,164,518,163,519,162,521,161,524,161,527,160,528,159,530,158,533,157,536,157,537,156,537,154,537,154,537,153,536,151,533,151
497,41,494,41,493,42,493,44,493,44,493,46,494,47,497,47,500,47,502,46,502,44,502,44,502,42,500,41,497,41
497,63,494,64,493,65,493,67,493,67,493,68,494,69,497,70,500,69,502,68,502,67,502,67,502,65,500,64,497,63
479,25,476,25,475,26,475,28,475,28,475,29,476,31,479,31,482,31,484,29,484,28,484,28,484,26,482,25,479,25
479,93,476,93,475,94,476,95,479,96,482,95,484,94,482,93,479,93
471,99,468,100,466,101,468,102,471,102,474,102,475,101,474,100,471,99
391,284,388,284,386,285,388,286,391,287,394,286,395,285,394,284,391,284
338,439,333,439,333,439,329,439,326,440,324,441,323,442,320,442,317,443,316,444,317,445,320,446,324,446,324,446,329,446,332,445,333,444,335,443,338,442,341,442,342,441,341,440,338,439
293,212,290,213,289,214,290,215,293,216,296,215,298,214,296,213,293,212
267,446,264,446,262,447,262,449,258,449,254,449,254,449,249,449,245,449,245,449,240,449,237,448,236,447,234,446,231,446,228,445,227,444,227,442,227,442,227,441,228,440,231,439,234,439,236,438,237,437,240,436,243,435,245,434,246,433,249,433,252,432,254,431,252,430,249,430,246,429,245,428,243,427,240,426,237,426,236,425,236,423,236,423,236,421,234,420,231,420,227,420,227,420,223,420,220,420,218,421,217,422,214,423,209,423,209,423,205,423,202,424,200,425,199,426,196,426,193,427,192,428,192,430,192,430,192,431,192,433,192,433,192,434,190,435,187,436,184,437,183,438,183,439,183,439,183,441,183,442,183,442,183,444,184,445,187,446,192,446,192,446,196,446,200,446,200,446,205,446,208,446,209,447,211,448,214,449,218,449,218,449,223,449,226,449,227,451,228,452,231,452,234,453,236,454,237,455,240,455,243,455,245,454,246,453,249,452,254,452,254,452,258,452,261,452,262,451,262,449,267,449,270,448,271,447,270,446,267,446
90,245,85,245,85,245,81,245,78,244,76,243,76,242,76,242,76,240,75,239,72,238,69,239,68,240,66,241,63,242,59,242,59,242,54,242,50,242,50,242,45,242,41,242,41,242,37,242,32,242,32,242,28,242,23,242,23,242,19,242,16,242,14,243,14,245,14,245,14,246,14,248,14,248,14,250,14,251,14,251,14,253,14,255,14,255,14,256,14,258,14,258,14,259,16,261,19,261,22,261,23,259,25,258,28,258,32,258,32,258,37,258,40,258,41,259,41,261,41,261,41,263,42,264,45,264,48,265,50,266,50,268,50,268,50,269,50,271,50,271,50,272,51,273,54,274,57,273,59,272,59,271,59,271,59,269,59,268,59,268,59,266,59,264,59,264,59,263,60,262,63,261,66,261,68,259,68,258,68,258,68,256,69,255,72,255,76,255,76,255,81,255,84,254,85,253,87,252,90,251,93,251,94,250,94,248,94,248,94,246,93,245,90,245
72,423,68,423,68,423,63,423,60,424,59,425,60,426,63,426,68,426,68,426,72,426,75,426,76,425,75,424,72,423
54,319,51,319,50,318,48,317,45,316,42,317,41,318,41,319,41,319,41,321,42,322,45,323,48,323,50,324,50,326,50,326,50,327,51,329,54,329,57,329,59,327,59,326,59,326,59,324,59,323,59,323,59,321,57,320,54,319
37,12,34,12,32,13,31,14,28,15,25,15,23,16,25,18,28,18,32,18,32,18,37,18,40,18,41,16,41,15,41,15,41,13,40,12,37,12
