10,216,13,216,14,217,14,219,14,219,14,221,14,222,14,222,14,224,16,225,19,225,22,226,23,227,23,229,23,229,23,230,25,231,28,232,31,232,32,234,34,235,37,235,40,236,41,237,42,238,45,238,48,239,50,240,50,242,50,242,50,243,50,245,54,245,57,245,59,246,59,248,59,248,59,250,59,251,63,251,66,252,68,253,66,254,63,255,60,254,59,253,59,251,54,251,51,251,50,250,50,248,50,248,50,246,50,245,45,245,42,244,41,243,40,242,37,242,34,241,32,240,31,239,28,238,25,238,23,237,22,236,19,235,16,235,14,234,13,232,10,232,10,245,13,245,14,246,13,248,10,248,10,258,13,258,14,259,14,261,14,261,14,263,14,264,14,264,14,266,16,267,19,268,22,268,23,269,23,271,23,271,23,272,25,273,28,274,31,275,32,276,31,277,28,277,23,277,23,277,19,277,16,277,14,276,13,275,10,274,10,372,10,470,85,470,87,469,90,468,93,469,94,470,369,470,370,469,373,468,376,468,378,467,378,465,378,465,378,464,379,462,382,462,385,461,386,460,385,459,382,459,378,459,378,459,373,459,370,458,369,457,367,456,364,455,360,455,360,455,355,455,351,455,351,455,347,455,342,455,342,455,338,455,335,455,333,454,332,453,329,452,326,452,324,451,323,449,320,449,316,449,316,449,311,449,308,448,307,447,305,446,302,446,298,446,298,446,293,446,290,445,289,444,288,443,285,442,282,442,280,441,279,440,276,439,273,439,271,438,270,437,267,436,262,436,262,436,258,436,254,436,254,436,249,436,246,435,245,434,243,433,240,433,237,432,236,431,236,430,236,430,236,428,237,427,240,426,243,426,245,425,246,424,249,423,254,423,254,423,258,423,261,424,262,425,264,426,267,426,270,427,271,428,273,429,276,430,279,430,280,431,282,432,285,433,289,433,289,433,293,433,296,433,298,434,299,435,302,436,307,436,307,436,311,436,314,437,316,438,317,439,320,439,323,440,324,441,326,442,329,442,333,442,333,442,338,442,341,443,342,444,344,445,347,446,350,446,351,447,352,448,355,449,360,449,360,449,364,449,367,449,369,451,370,452,373,452,378,452,378,452,382,452,386,452,386,452,391,452,395,452,395,452,400,452,403,453,404,454,406,455,409,455,412,456,413,457,413,459,413,459,413,460,412,461,409,462,406,462,404,464,404,465,404,465,404,467,404,468,404,468,404,470,519,470,521,469,524,468,527,469,528,470,579,470,630,470,630,131,626,131,626,133,624,134,621,135,617,135,617,135,612,135,609,135,608,136,606,137,603,138,599,138,599,138,595,138,592,139,590,140,589,141,586,141,581,141,581,141,577,141,574,141,572,140,574,138,577,138,580,137,581,136,583,135,586,135,590,135,590,135,595,135,598,134,599,133,600,132,603,131,608,131,608,131,612,131,617,131,617,131,621,131,626,131,626,130,627,129,630,128,630,69,630,10,320,10,10,10,10,216
621,112,618,113,617,114,617,115,612,115,608,115,608,115,603,115,600,116,599,117,598,118,595,119,592,119,590,120,589,121,586,122,583,122,581,123,580,124,577,125,574,124,572,123,571,122,568,122,564,122,564,122,559,122,556,122,555,123,555,125,555,125,555,127,555,128,555,128,555,130,556,131,559,131,562,131,564,130,565,129,568,128,572,128,572,128,577,128,581,128,581,128,586,128,589,128,590,127,592,126,595,125,598,124,599,123,600,122,603,122,606,121,608,120,609,119,612,119,615,118,617,117,617,115,621,115,624,115,626,114,624,113,621,112
621,268,618,268,617,269,618,270,621,271,624,270,626,269,624,268,621,268
559,141,556,142,555,143,555,144,550,144,546,144,546,144,541,144,538,145,537,146,538,147,541,148,546,148,546,148,550,148,553,147,555,146,555,144,559,144,562,144,564,143,562,142,559,141
524,57,521,58,519,59,521,60,524,60,527,60,528,59,527,58,524,57
515,115,510,115,510,115,506,115,503,115,502,114,502,112,502,112,502,110,502,109,502,109,502,107,500,106,497,106,494,106,493,107,493,109,493,109,493,110,491,111,488,112,485,113,484,114,484,115,484,115,484,117,482,118,479,119,476,119,475,120,475,122,475,122,475,123,475,125,475,125,475,127,476,128,479,128,482,128,484,127,485,126,488,125,491,124,493,123,494,122,497,122,500,122,502,123,502,125,502,125,502,127,502,128,497,128,494,129,493,130,494,131,497,131,500,131,502,130,502,128,506,128,509,129,510,130,510,131,510,131,510,133,512,134,515,135,518,134,519,133,519,131,519,131,519,130,519,128,519,128,519,127,519,125,519,125,519,123,519,122,519,122,519,120,519,119,519,119,519,117,518,116,515,115
515,144,512,145,510,146,512,147,515,148,518,147,519,146,518,145,515,144
506,242,503,242,502,243,500,244,497,245,494,245,493,246,494,248,497,248,500,249,502,250,503,251,506,251,509,251,510,250,510,248,510,248,510,246,510,245,510,245,510,243,509,242,506,242
471,135,468,135,466,136,468,137,471,138,474,137,475,136,474,135,471,135
471,151,468,151,466,153,468,154,471,154,474,154,475,153,474,151,471,151
462,102,459,103,457,104,457,106,457,106,457,107,459,108,462,109,465,108,466,107,466,106,466,106,466,104,465,103,462,102
444,89,441,90,440,91,440,93,440,93,440,94,440,96,435,96,432,96,431,97,431,99,431,99,431,101,431,102,431,102,431,104,431,106,431,106,431,107,431,109,431,109,431,110,432,112,435,112,438,112,440,110,440,109,440,109,440,107,440,106,440,106,440,104,440,102,440,102,440,101,440,99,440,99,440,97,440,96,444,96,447,95,448,94,448,93,448,93,448,91,447,90,444,89
435,83,431,83,431,81,431,80,431,80,431,78,431,76,431,76,431,75,429,74,426,73,423,74,422,75,422,76,422,76,422,78,420,79,417,80,414,80,413,81,414,82,417,83,422,83,422,83,426,83,431,83,431,85,431,86,426,86,423,87,422,88,423,89,426,89,429,89,431,88,431,86,435,86,438,86,440,85,438,83,435,83
417,99,414,100,413,101,414,102,417,102,420,102,422,101,420,100,417,99
409,345,406,346,404,347,404,349,404,349,404,350,404,352,404,352,404,353,406,354,409,355,412,354,413,353,413,352,413,352,413,350,413,349,413,349,413,347,412,346,409,345
400,180,397,181,395,182,397,183,400,183,403,183,404,182,403,181,400,180
391,135,388,135,386,136,386,138,386,138,386,140,386,141,382,141,378,141,378,141,373,141,370,142,369,143,367,144,364,144,361,145,360,146,360,148,360,148,360,149,361,150,364,151,367,150,369,149,370,148,373,148,376,147,378,146,379,145,382,144,385,144,386,143,386,141,391,141,394,141,395,140,395,138,395,138,395,136,394,135,391,135
373,128,370,129,369,130,370,131,373,131,376,131,378,130,376,129,373,128
373,135,370,135,369,136,370,137,373,138,376,137,378,136,376,135,373,135
364,50,361,51,360,52,361,53,364,54,367,53,369,52,367,51,364,50
355,73,351,73,351,73,347,73,344,73,342,72,341,70,338,70,335,69,333,68,333,67,338,67,341,66,342,65,341,64,338,63,335,64,333,65,333,67,329,67,326,67,324,68,324,70,324,70,324,72,326,73,329,73,332,74,333,75,335,76,338,76,342,76,342,76,347,76,351,76,351,76,355,76,358,76,360,75,358,74,355,73
302,41,299,41,298,42,298,44,293,44,290,43,289,42,289,41,289,41,289,39,288,38,285,38,282,38,280,39,280,41,280,41,280,42,280,44,280,44,280,46,280,47,280,47,280,49,282,50,285,50,288,51,289,52,290,53,293,54,296,53,298,52,299,51,302,50,305,50,307,49,305,48,302,47,299,47,298,46,298,44,302,44,305,43,307,42,305,41,302,41
302,135,298,135,298,135,293,135,290,135,289,136,289,138,289,138,289,140,290,141,293,141,298,141,298,141,302,141,305,141,307,140,307,138,307,138,307,136,305,135,302,135
258,31,255,32,254,33,255,34,258,34,261,34,262,33,261,32,258,31
240,25,237,25,236,26,236,28,236,28,236,29,236,31,236,31,236,33,236,34,236,34,236,36,237,37,240,38,243,37,245,36,245,34,245,34,245,33,245,31,245,31,245,29,245,28,245,28,245,26,243,25,240,25
240,122,237,121,236,120,236,119,236,119,236,117,236,115,236,115,236,114,234,113,231,112,228,111,227,110,227,109,227,109,227,107,227,106,227,106,227,104,226,103,223,102,218,102,218,102,214,102,209,102,209,102,205,102,200,102,200,102,196,102,192,102,192,102,187,102,184,102,183,101,183,99,183,99,183,97,181,96,178,96,175,96,174,97,174,99,174,99,174,101,174,102,174,102,174,104,175,105,178,106,181,106,183,107,184,108,187,109,190,109,192,110,192,112,192,112,192,114,193,115,196,115,199,116,200,117,200,119,200,119,200,120,202,121,205,122,209,122,209,122,214,122,218,122,218,122,223,122,226,122,227,123,228,124,231,125,236,125,236,125,240,125,243,124,245,123,243,122,240,122
223,413,218,413,218,413,214,413,209,413,209,413,205,413,202,413,200,412,199,411,196,410,192,410,192,410,187,410,183,410,183,408,183,407,183,407,183,405,183,404,183,404,183,402,181,401,178,400,175,401,174,402,174,404,174,404,174,405,174,407,174,407,174,408,175,410,178,410,183,410,183,412,183,413,183,413,183,415,183,417,183,417,183,418,184,419,187,420,190,420,192,421,193,422,196,423,200,423,200,423,205,423,209,423,209,423,214,423,218,423,218,423,223,423,226,422,227,421,227,420,227,420,227,418,227,417,227,417,227,415,226,414,223,413
196,96,193,96,192,97,193,99,196,99,199,99,200,97,199,96,196,96
187,381,183,381,183,381,178,381,175,380,174,379,172,378,169,378,165,378,165,378,161,378,158,377,156,376,158,375,161,374,165,374,165,374,169,374,172,374,174,373,172,372,169,371,166,371,165,370,164,368,161,368,158,367,156,366,155,365,152,365,149,364,147,363,147,361,147,361,147,360,147,358,147,358,147,357,146,356,143,355,138,355,138,355,134,355,131,356,130,357,130,358,130,358,130,360,128,361,125,361,122,362,121,363,122,364,125,365,128,365,130,366,131,367,134,368,137,369,138,370,138,371,138,371,138,373,138,374,138,374,138,376,140,377,143,378,146,378,147,379,149,380,152,381,155,381,156,383,158,384,161,384,165,384,165,384,169,384,172,385,174,386,175,387,178,387,183,387,183,387,187,387,190,387,192,386,192,384,192,384,192,383,190,381,187,381
161,280,156,280,156,280,152,280,149,281,147,282,149,283,152,284,155,284,156,285,156,287,156,287,156,289,158,290,161,290,164,290,165,289,165,287,165,287,165,285,165,284,165,284,165,282,164,281,161,280
152,73,149,73,147,72,147,70,147,70,147,68,146,67,143,67,140,67,138,68,138,70,138,70,138,72,138,73,138,73,138,75,138,76,138,76,138,78,137,79,134,80,131,80,130,81,130,83,130,83,130,85,130,86,130,86,130,88,131,89,134,89,137,90,138,91,137,92,134,93,131,93,130,94,130,96,130,96,130,97,130,99,130,99,130,101,130,102,130,102,130,104,130,106,130,106,130,107,131,108,134,109,137,109,138,110,138,112,138,112,138,114,138,115,138,115,138,117,138,119,138,119,138,120,138,122,138,122,138,123,140,124,143,125,146,126,147,127,149,128,152,128,155,128,156,127,156,125,156,125,156,123,156,122,156,122,156,120,156,119,156,119,156,117,156,115,156,115,156,114,155,113,152,112,149,111,147,110,147,109,147,109,147,107,147,106,147,106,147,104,147,102,147,102,147,101,147,99,147,99,147,97,147,96,147,96,147,94,147,93,147,93,147,91,147,89,147,89,147,88,147,86,147,86,147,85,147,83,147,83,147,81,147,80,147,80,147,78,149,77,152,76,155,76,156,75,155,74,152,73
90,264,85,264,85,263,84,262,81,261,76,261,76,259,75,258,72,258,69,258,68,259,69,261,72,261,76,261,76,263,78,264,81,264,85,264,85,266,87,267,90,268,93,267,94,266,93,265,90,264
37,284,32,284,32,282,31,281,28,280,25,281,23,282,25,283,28,284,32,284,32,285,34,286,37,287,40,286,41,285,40,284,37,284
