528,10,530,11,533,12,536,12,537,13,538,14,541,15,544,15,546,16,546,18,546,18,546,20,546,21,546,21,546,23,544,24,541,25,537,25,537,25,533,25,530,25,528,26,530,27,533,28,536,28,537,29,537,31,537,31,537,33,536,34,533,34,530,34,528,33,527,32,524,31,519,31,519,31,515,31,512,31,510,29,510,28,506,28,503,27,502,26,502,25,502,25,502,23,503,22,506,21,509,21,510,20,510,18,510,18,510,16,510,15,510,15,510,13,510,12,510,12,510,10,475,10,475,12,475,12,475,13,474,14,471,15,468,14,466,13,466,12,466,12,466,10,238,10,10,10,10,225,14,225,14,225,19,225,22,226,23,227,23,229,23,229,23,230,25,231,28,232,31,232,32,234,32,235,32,235,32,237,34,238,37,238,40,239,41,240,41,242,41,242,41,243,42,244,45,245,48,245,50,246,50,248,50,248,50,250,50,251,54,251,57,252,59,253,59,255,63,255,66,255,68,256,68,258,72,258,75,258,76,259,78,261,81,261,84,262,85,263,85,264,85,264,85,266,87,267,90,268,93,268,94,269,96,270,99,271,102,271,103,272,103,274,103,274,103,276,104,277,107,277,110,278,112,279,110,280,107,280,103,280,103,280,99,280,96,280,94,279,93,278,90,277,87,277,85,276,84,275,81,274,78,273,76,272,76,271,76,271,76,269,76,268,76,268,76,266,75,265,72,264,69,264,68,263,68,261,68,261,68,259,68,258,63,258,60,257,59,256,59,255,54,255,50,255,50,256,50,258,50,258,50,259,50,261,54,261,57,262,59,263,57,264,54,264,51,264,50,263,50,261,45,261,42,261,41,259,41,258,41,258,41,256,41,255,37,255,34,254,32,253,31,252,28,251,25,251,23,250,22,249,19,248,16,248,14,246,13,245,10,245,10,357,10,470,85,470,87,469,90,468,94,468,94,468,99,468,102,469,103,470,360,470,360,468,360,468,360,467,360,465,360,465,360,464,360,462,360,462,360,460,358,459,355,459,351,459,351,459,347,459,342,459,342,459,338,459,335,458,333,457,332,456,329,455,324,455,324,455,320,455,316,455,316,455,311,455,308,455,307,454,305,453,302,452,299,452,298,451,296,449,293,449,289,449,289,449,285,449,282,448,280,447,279,446,276,446,273,445,271,444,270,443,267,442,262,442,262,442,258,442,255,442,254,441,252,440,249,439,245,439,245,439,240,439,237,439,236,438,234,437,231,436,228,435,227,434,227,433,227,433,227,431,226,430,223,430,220,429,218,428,217,427,214,426,209,426,209,426,205,426,202,426,200,425,199,424,196,423,193,422,192,421,192,420,192,420,192,418,190,417,187,417,184,416,183,415,183,413,178,413,175,413,174,412,175,411,178,410,181,411,183,412,183,413,187,413,192,413,192,413,196,413,199,414,200,415,202,416,205,417,209,417,209,417,214,417,217,417,218,418,220,419,223,420,226,420,227,421,228,422,231,423,236,423,236,423,240,423,245,423,245,423,249,423,254,423,254,423,258,423,261,424,262,425,261,426,258,426,255,427,254,428,255,429,258,430,261,430,262,431,264,432,267,433,270,433,271,434,273,435,276,436,279,437,280,438,282,439,285,439,289,439,289,439,293,439,296,440,298,441,299,442,302,442,305,443,307,444,308,445,311,446,314,446,316,447,317,448,320,449,323,449,324,451,326,452,329,452,333,452,333,452,338,452,342,452,342,452,347,452,350,453,351,454,352,455,355,455,360,455,360,455,364,455,369,455,369,455,373,455,376,456,378,457,379,458,382,459,385,459,386,460,386,462,386,462,386,464,386,465,386,465,386,467,386,468,386,468,386,470,508,470,630,470,630,245,627,244,626,243,626,242,626,242,626,240,627,239,630,238,630,124,630,10,528,10
612,115,609,116,608,117,609,118,612,119,615,118,617,117,615,116,612,115
586,31,583,32,581,33,583,34,586,34,589,34,590,33,589,32,586,31
586,125,581,125,581,125,577,125,574,124,572,123,571,122,568,122,565,122,564,123,564,125,564,125,564,127,562,128,559,128,556,129,555,130,555,131,555,131,555,133,556,134,559,135,564,135,564,135,568,135,571,134,572,133,572,131,572,131,572,130,574,129,577,128,580,129,581,130,583,131,586,131,589,131,590,130,590,128,590,128,590,127,589,126,586,125
586,358,583,358,581,357,580,356,577,355,574,354,572,353,572,352,572,352,572,350,571,349,568,349,565,348,564,347,562,346,559,345,555,345,555,345,550,345,546,345,546,345,541,345,537,345,537,345,533,345,530,346,528,347,528,349,528,349,528,350,530,351,533,352,536,352,537,353,538,354,541,355,546,355,546,355,550,355,553,356,555,357,555,358,555,358,555,360,553,361,550,361,546,361,546,361,541,361,537,361,537,361,533,361,530,362,528,363,530,364,533,365,537,365,537,365,541,365,546,365,546,365,550,365,555,365,555,365,559,365,564,365,564,365,568,365,572,365,572,365,577,365,581,365,581,365,586,365,589,364,590,363,590,361,590,361,590,360,589,359,586,358
541,151,538,151,537,153,537,154,533,154,528,154,528,154,524,154,521,155,519,156,519,157,515,157,512,158,510,159,512,160,515,161,518,160,519,159,519,157,524,157,528,157,528,157,533,157,536,157,537,156,537,154,541,154,544,154,546,153,544,151,541,151
533,125,530,126,528,127,528,128,528,128,528,130,528,131,528,131,528,133,530,134,533,135,536,134,537,133,537,131,537,131,537,130,537,128,537,128,537,127,536,126,533,125
524,138,519,138,519,138,515,138,510,138,510,138,506,138,503,137,502,136,500,135,497,135,494,135,493,136,491,137,488,138,485,138,484,140,484,141,484,141,484,143,484,144,479,144,475,144,475,144,471,144,468,145,466,146,466,148,466,148,466,149,466,151,466,151,466,153,466,154,466,154,466,156,468,157,471,157,475,157,475,157,479,157,484,157,484,157,488,157,491,157,493,156,494,155,497,154,502,154,502,154,506,154,509,154,510,153,510,151,510,151,510,149,509,148,506,148,503,148,502,149,500,150,497,151,493,151,493,151,488,151,485,150,484,149,484,148,484,148,484,146,484,144,488,144,493,144,493,144,497,144,502,144,502,144,506,144,510,144,510,144,515,144,518,145,519,146,519,148,519,148,519,149,521,150,524,151,527,150,528,149,528,148,528,148,528,146,528,144,528,144,528,143,528,141,528,141,528,140,527,138,524,138
515,125,512,126,510,127,510,128,510,128,510,130,512,131,515,131,518,131,519,130,519,128,519,128,519,127,518,126,515,125
515,248,512,249,510,250,512,251,515,251,518,251,519,250,518,249,515,248
497,34,494,35,493,36,494,37,497,38,500,37,502,36,500,35,497,34
497,251,494,252,493,253,493,255,493,255,493,256,493,258,493,258,493,259,494,261,497,261,500,261,502,259,502,258,502,258,502,256,502,255,502,255,502,253,500,252,497,251
479,131,476,132,475,133,476,134,479,135,482,134,484,133,482,132,479,131
471,99,466,99,466,99,462,99,457,99,457,97,457,96,457,96,457,94,456,93,453,93,450,92,448,91,447,90,444,89,440,89,440,88,438,87,435,86,432,87,431,88,432,89,435,89,440,89,440,91,440,93,440,93,440,94,441,95,444,96,447,96,448,97,448,99,444,99,441,100,440,101,440,102,440,102,440,104,441,105,444,106,447,105,448,104,448,102,448,102,448,101,448,99,453,99,457,99,457,101,457,102,457,102,457,104,457,106,457,106,457,107,457,109,457,109,457,110,457,112,457,112,457,114,457,115,457,115,457,117,459,118,462,119,465,118,466,117,466,115,466,115,466,114,468,113,471,112,474,112,475,110,474,109,471,109,468,108,466,107,466,106,466,106,466,104,468,103,471,102,474,102,475,101,474,100,471,99
453,125,450,126,448,127,450,128,453,128,456,128,457,127,456,126,453,125
426,70,423,70,422,72,422,73,422,73,422,75,423,76,426,76,429,76,431,75,431,73,431,73,431,72,429,70,426,70
417,102,414,103,413,104,413,106,413,106,413,107,413,109,413,109,413,110,414,112,417,112,420,112,422,110,422,109,422,109,422,107,422,106,422,106,422,104,420,103,417,102
391,183,388,184,386,185,386,187,386,187,386,188,386,190,382,190,379,190,378,191,379,192,382,193,385,192,386,191,386,190,391,190,394,189,395,188,395,187,395,187,395,185,394,184,391,183
364,83,360,83,360,81,360,80,360,80,360,78,358,77,355,76,352,76,351,75,351,73,351,73,351,72,351,70,351,70,351,68,350,67,347,67,344,67,342,68,342,70,342,70,342,72,341,73,338,73,333,73,333,72,333,70,333,70,333,68,332,67,329,67,324,67,324,67,320,67,317,66,316,65,317,64,320,63,324,63,324,63,329,63,333,63,333,63,338,63,342,63,342,63,347,63,350,63,351,62,350,61,347,60,342,60,342,60,338,60,333,60,333,60,329,60,324,60,324,60,320,60,316,60,316,60,311,60,308,60,307,59,307,57,307,57,307,55,308,54,311,54,316,54,316,54,320,54,323,53,324,52,323,51,320,50,316,50,316,50,311,50,308,50,307,49,305,48,302,47,299,48,298,49,298,50,298,50,298,52,298,54,298,54,298,55,296,56,293,57,290,58,289,59,290,60,293,60,296,61,298,62,299,63,302,63,305,64,307,65,307,67,307,67,307,68,308,69,311,70,316,70,316,70,320,70,323,70,324,72,326,73,329,73,333,73,333,75,333,76,333,76,333,78,335,79,338,80,341,80,342,81,344,82,347,83,351,83,351,83,355,83,360,83,360,85,358,86,355,86,352,87,351,88,352,89,355,89,358,90,360,91,360,93,360,93,360,94,361,95,364,96,367,95,369,94,369,93,369,93,369,91,369,89,369,89,369,88,369,86,369,86,369,85,367,83,364,83
285,41,282,41,280,42,280,44,280,44,280,46,282,47,285,47,288,47,289,46,289,44,289,44,289,42,288,41,285,41
285,148,282,147,280,146,279,145,276,144,273,144,271,143,270,142,267,141,264,141,262,140,261,138,258,138,254,138,254,138,249,138,245,138,245,138,240,138,236,138,236,138,231,138,228,138,227,140,227,141,227,141,227,143,227,144,227,144,227,146,227,148,227,148,227,149,228,150,231,151,234,151,236,153,237,154,240,154,245,154,245,154,249,154,254,154,254,154,258,154,261,155,262,156,264,157,267,157,271,157,271,157,276,157,280,157,280,157,285,157,288,157,289,156,289,154,289,154,289,153,289,151,289,151,289,149,288,148,285,148
223,131,220,131,218,130,218,128,218,128,218,127,218,125,218,125,218,123,218,122,218,122,218,120,217,119,214,119,211,118,209,117,209,115,209,115,209,114,208,113,205,112,202,111,200,110,199,109,196,109,192,109,192,109,187,109,184,108,183,107,183,106,183,106,183,104,181,103,178,102,175,103,174,104,174,106,174,106,174,107,174,109,174,109,174,110,172,111,169,112,166,113,165,114,165,115,165,115,165,117,165,119,165,119,165,120,165,122,165,122,165,123,166,124,169,125,172,126,174,127,174,128,174,128,174,130,174,131,174,131,174,133,174,135,174,135,174,136,175,137,178,138,181,139,183,140,183,141,183,141,183,143,184,144,187,144,190,144,192,143,193,142,196,141,199,141,200,140,202,139,205,138,208,137,209,136,211,135,214,135,218,135,218,135,223,135,226,134,227,133,226,132,223,131
205,384,202,385,200,386,199,387,196,387,193,387,192,386,192,384,192,384,192,383,190,381,187,381,183,381,183,381,178,381,174,381,174,379,174,378,174,378,174,376,174,374,174,374,174,373,172,372,169,371,166,371,165,370,164,368,161,368,156,368,156,366,156,365,156,365,156,363,156,361,156,361,156,360,155,359,152,358,149,359,147,360,146,361,143,361,140,362,138,363,140,364,143,365,146,365,147,366,149,367,152,368,156,368,156,370,155,371,152,371,149,372,147,373,147,374,147,374,147,376,149,377,152,378,155,378,156,379,156,381,156,381,156,383,158,384,161,384,165,384,165,386,166,387,169,387,174,387,174,387,178,387,181,388,183,389,184,390,187,391,190,391,192,392,193,393,196,394,199,394,200,395,202,397,205,397,208,397,209,395,209,394,209,394,209,392,209,391,209,391,209,389,209,387,209,387,209,386,208,385,205,384
169,141,166,142,165,143,166,144,169,144,172,144,174,143,172,142,169,141
152,80,147,80,147,80,143,80,140,80,138,81,138,83,138,83,138,85,138,86,138,86,138,88,138,89,138,89,138,91,138,93,138,93,138,94,138,96,138,96,138,97,138,99,134,99,131,100,130,101,130,102,130,102,130,104,130,106,130,106,130,107,131,108,134,109,138,109,138,110,138,112,138,112,138,114,137,115,134,115,131,116,130,117,131,118,134,119,137,119,138,120,138,122,138,122,138,123,138,125,138,125,138,127,138,128,138,128,138,130,138,131,138,131,138,133,138,135,138,135,138,136,138,138,138,138,138,140,138,141,138,141,138,143,138,144,138,144,138,146,138,148,138,148,138,149,140,150,143,151,146,150,147,149,147,148,147,148,147,146,147,144,147,144,147,143,147,141,147,141,147,140,147,138,147,138,147,136,147,135,147,135,147,133,147,131,147,131,147,130,147,128,147,128,147,127,147,125,147,125,147,123,147,122,147,122,147,120,147,119,147,119,147,117,147,115,147,115,147,114,147,112,147,112,147,110,146,109,143,109,138,109,138,107,138,106,138,106,138,104,138,102,138,102,138,101,138,99,143,99,146,99,147,97,147,96,147,96,147,94,147,93,147,93,147,91,147,89,147,89,147,88,149,87,152,86,155,86,156,85,156,83,156,83,156,81,155,80,152,80
45,284,42,283,41,282,40,281,37,280,34,281,32,282,32,284,32,284,32,285,34,286,37,287,41,287,41,287,45,287,48,286,50,285,48,284,45,284
10,238,14,238,14,237,14,235,14,235,14,234,13,232,10,232,10,238
169,381,166,381,165,383,165,384,169,384,172,384,174,383,174,381,169,381
515,25,512,25,510,26,510,28,515,28,518,27,519,26,518,25,515,25
45,251,42,252,41,253,41,255,45,255,50,255,50,253,50,251,45,251
19,238,14,238,14,240,16,241,19,242,22,241,23,240,22,239,19,238
