475,10,475,12,475,12,475,13,475,15,475,15,475,16,475,18,475,18,475,20,475,21,475,21,475,23,474,24,471,25,468,24,466,23,466,21,466,21,466,20,466,18,466,18,466,16,466,15,466,15,466,13,466,12,466,12,466,10,386,10,386,12,386,12,386,13,385,14,382,15,378,15,378,15,373,15,369,15,369,15,364,15,361,15,360,16,360,18,364,18,367,19,369,20,369,21,369,21,369,23,369,25,369,25,369,26,367,27,364,28,360,28,360,28,355,28,352,27,351,26,352,25,355,25,358,24,360,23,360,21,360,21,360,20,360,18,355,18,351,18,351,18,347,18,344,18,342,16,341,15,338,15,335,14,333,13,335,12,338,12,342,12,342,12,347,12,350,11,351,10,254,10,255,11,258,12,262,12,262,12,267,12,271,12,271,12,276,12,279,12,280,13,280,15,280,15,280,16,279,18,276,18,271,18,271,20,271,21,271,21,271,23,270,24,267,25,264,24,262,23,262,21,262,21,262,20,264,19,267,18,271,18,271,16,270,15,267,15,262,15,262,15,258,15,254,15,254,15,249,15,246,14,245,13,245,12,245,12,245,10,127,10,10,10,10,47,13,47,14,46,16,45,19,44,23,44,23,44,28,44,31,45,32,46,32,47,32,47,32,49,31,50,28,50,25,51,23,52,22,53,19,54,14,54,14,54,10,54,10,262,10,470,85,470,87,469,90,468,94,468,94,468,99,468,103,468,103,468,107,468,112,468,112,468,116,468,121,468,121,468,125,468,130,468,130,468,134,468,137,469,138,470,510,470,509,469,506,468,503,468,502,467,502,465,502,465,502,464,503,462,506,462,510,462,510,462,515,462,518,461,519,460,521,459,524,459,527,459,528,460,528,462,528,462,528,464,528,465,528,465,528,467,528,468,528,468,528,470,579,470,630,470,630,232,626,232,626,234,624,235,621,235,618,236,617,237,617,238,617,238,617,240,617,242,617,242,617,243,617,245,617,245,617,246,617,248,617,248,617,250,617,251,617,251,617,253,615,254,612,255,609,254,608,253,608,251,608,251,608,250,608,248,608,248,608,246,608,245,608,245,608,243,608,242,608,242,608,240,606,239,603,238,600,238,599,237,599,235,599,235,599,234,599,232,599,232,599,230,599,229,599,229,599,227,599,225,599,225,599,224,599,222,599,222,599,221,600,219,603,219,606,219,608,221,608,222,608,222,608,224,609,225,612,225,615,226,617,227,617,229,617,229,617,230,618,231,621,232,626,232,626,230,627,229,630,229,630,119,630,10,475,10
612,63,609,63,608,62,608,60,608,60,608,59,606,58,603,57,599,57,599,57,595,57,592,58,590,59,589,60,586,60,583,61,581,62,583,63,586,63,589,64,590,65,590,67,590,67,590,68,590,70,590,70,590,72,590,73,586,73,583,74,581,75,581,76,581,76,581,78,580,79,577,80,574,80,572,81,574,82,577,83,580,83,581,85,583,86,586,86,589,87,590,88,590,89,590,89,590,91,590,93,590,93,590,94,592,95,595,96,598,96,599,97,598,99,595,99,592,100,590,101,592,102,595,102,598,103,599,104,599,106,599,106,599,107,599,109,599,109,599,110,600,112,603,112,608,112,608,112,612,112,615,112,617,110,617,109,617,109,617,107,617,106,617,106,617,104,617,102,617,102,617,101,617,99,617,99,617,97,615,96,612,96,609,95,608,94,608,93,608,93,608,91,606,90,603,89,600,89,599,88,600,87,603,86,606,86,608,85,608,83,608,83,608,81,608,80,608,80,608,78,606,77,603,76,599,76,599,76,595,76,592,76,590,75,590,73,595,73,598,73,599,72,600,70,603,70,606,70,608,72,609,73,612,73,615,73,617,72,617,70,617,70,617,68,617,67,617,67,617,65,615,64,612,63
612,258,609,258,608,259,609,261,612,261,615,261,617,259,615,258,612,258
603,119,599,119,599,119,595,119,592,119,590,120,589,121,586,122,583,122,581,123,581,125,581,125,581,127,583,128,586,128,590,128,590,128,595,128,598,128,599,127,600,126,603,125,606,124,608,123,608,122,608,122,608,120,606,119,603,119
586,47,583,48,581,49,583,50,586,50,589,50,590,49,589,48,586,47
586,193,583,192,581,191,581,190,581,190,581,188,581,187,581,187,581,185,581,183,581,183,581,182,581,180,581,180,581,178,581,177,581,177,581,175,580,174,577,174,574,173,572,172,572,170,572,170,572,169,572,167,572,167,572,165,571,164,568,164,565,163,564,162,562,161,559,161,556,160,555,159,553,158,550,157,546,157,546,157,541,157,538,157,537,156,537,154,537,154,537,153,537,151,537,151,537,149,538,148,541,148,544,147,546,146,546,144,546,144,546,143,546,141,546,141,546,140,544,138,541,138,537,138,537,138,533,138,530,138,528,140,528,141,528,141,528,143,528,144,528,144,528,146,528,148,528,148,528,149,527,150,524,151,519,151,519,151,515,151,512,151,510,153,510,154,510,154,510,156,510,157,510,157,510,159,510,161,510,161,510,162,512,163,515,164,519,164,519,164,524,164,528,164,528,164,533,164,536,164,537,165,538,167,541,167,544,168,546,169,546,170,546,170,546,172,547,173,550,174,553,174,555,175,555,177,555,177,555,178,556,180,559,180,562,181,564,182,564,183,564,183,564,185,564,187,564,187,564,188,565,189,568,190,571,190,572,191,572,193,572,193,572,195,574,196,577,196,580,197,581,198,581,200,581,200,581,201,583,202,586,203,589,202,590,201,590,200,590,200,590,198,590,196,590,196,590,195,589,194,586,193
559,144,556,145,555,146,556,147,559,148,562,147,564,146,562,145,559,144
515,135,512,135,510,136,512,137,515,138,518,137,519,136,518,135,515,135
515,446,512,446,510,447,512,448,515,449,518,448,519,447,518,446,515,446
506,115,503,116,502,117,502,119,502,119,502,120,503,121,506,122,509,121,510,120,510,119,510,119,510,117,509,116,506,115
506,125,503,126,502,127,502,128,502,128,502,130,503,131,506,131,509,131,510,130,510,128,510,128,510,127,509,126,506,125
471,34,468,35,466,36,468,37,471,38,474,37,475,36,474,35,471,34
453,21,448,21,448,21,444,21,441,22,440,23,441,24,444,25,448,25,448,25,453,25,456,24,457,23,456,22,453,21
453,31,448,31,448,31,444,31,440,31,440,31,435,31,432,32,431,33,432,34,435,34,440,34,440,34,444,34,448,34,448,34,453,34,456,34,457,33,456,32,453,31
444,102,441,103,440,104,441,105,444,106,447,105,448,104,447,103,444,102
435,109,432,109,431,110,432,112,435,112,438,112,440,110,438,109,435,109
426,63,423,64,422,65,422,67,422,67,422,68,422,70,422,70,422,72,420,73,417,73,414,74,413,75,414,76,417,76,422,76,422,76,426,76,429,76,431,75,431,73,431,73,431,72,431,70,431,70,431,68,431,67,431,67,431,65,429,64,426,63
417,102,414,103,413,104,414,105,417,106,420,105,422,104,420,103,417,102
417,274,414,275,413,276,413,277,413,277,413,279,413,280,413,280,413,282,414,283,417,284,420,283,422,282,422,280,422,280,422,279,422,277,422,277,422,276,420,275,417,274
417,430,413,430,413,430,409,430,406,430,404,431,403,432,400,433,397,433,395,434,395,436,395,436,395,438,397,439,400,439,404,439,404,439,409,439,413,439,413,439,417,439,420,439,422,438,422,436,422,436,422,434,422,433,422,433,422,431,420,430,417,430
400,349,397,349,395,350,397,351,400,352,403,351,404,350,403,349,400,349
400,420,395,420,395,420,391,420,388,420,386,421,386,423,386,423,386,425,388,426,391,426,394,426,395,425,397,424,400,423,403,422,404,421,403,420,400,420
382,271,379,271,378,272,376,273,373,274,370,275,369,276,370,277,373,277,376,278,378,279,378,280,378,280,378,282,378,284,378,284,378,285,379,286,382,287,385,286,386,285,386,284,386,284,386,282,386,280,386,280,386,279,386,277,386,277,386,276,386,274,386,274,386,272,385,271,382,271
329,38,326,38,324,39,326,40,329,41,332,40,333,39,332,38,329,38
276,144,271,144,271,143,271,141,271,141,271,140,270,138,267,138,262,138,262,136,261,135,258,135,255,135,254,136,255,137,258,138,262,138,262,140,262,141,262,141,262,143,264,144,267,144,271,144,271,146,273,147,276,148,279,147,280,146,279,145,276,144
249,28,246,28,245,29,246,31,249,31,252,31,254,29,252,28,249,28
231,12,228,12,227,13,228,14,231,15,234,14,236,13,234,12,231,12
231,21,227,21,227,21,223,21,220,22,218,23,217,24,214,25,211,25,209,26,211,27,214,28,218,28,218,28,223,28,226,27,227,26,228,25,231,25,234,24,236,23,234,22,231,21
143,316,138,316,138,316,134,316,131,317,130,318,130,319,130,319,130,321,131,322,134,323,137,323,138,324,140,325,143,326,146,325,147,324,147,323,147,323,147,321,147,319,147,319,147,318,146,317,143,316
63,21,59,21,59,20,57,19,54,18,51,19,50,20,51,21,54,21,59,21,59,23,59,25,59,25,59,26,60,27,63,28,66,27,68,26,68,25,68,25,68,23,66,22,63,21
63,423,60,424,59,425,60,426,63,426,66,426,68,425,66,424,63,423
360,10,361,11,364,12,369,12,369,12,373,12,376,11,378,10,360,10
