528,10,530,11,533,12,536,12,537,13,537,15,537,15,537,16,537,18,537,18,537,20,536,21,533,21,530,22,528,23,528,25,528,25,528,26,530,27,533,28,536,28,537,29,537,31,537,31,537,33,536,34,533,34,530,34,528,33,527,32,524,31,521,31,519,29,519,28,519,28,519,26,518,25,515,25,510,25,510,25,506,25,503,24,502,23,503,22,506,21,509,21,510,20,510,18,510,18,510,16,510,15,510,15,510,13,510,12,510,12,510,10,260,10,10,10,10,222,13,223,14,224,16,225,19,225,22,226,23,227,23,229,23,229,23,230,25,231,28,232,31,232,32,234,32,235,32,235,32,237,34,238,37,238,40,239,41,240,41,242,41,242,41,243,41,245,45,245,48,245,50,246,48,248,45,248,41,248,41,250,41,251,41,251,41,253,41,255,45,255,50,255,50,253,51,252,54,251,57,252,59,253,59,255,63,255,66,255,68,256,68,258,72,258,75,258,76,259,78,261,81,261,84,262,85,263,85,264,85,264,85,266,85,268,90,268,93,268,94,269,96,270,99,271,102,271,103,272,103,274,103,274,103,276,103,277,107,277,110,278,112,279,110,280,107,280,104,280,103,279,103,277,99,277,94,277,94,277,90,277,87,277,85,276,84,275,81,274,78,273,76,272,78,271,81,271,84,270,85,269,85,268,81,268,78,267,76,266,75,265,72,264,69,264,68,263,68,261,68,261,68,259,68,258,63,258,60,257,59,256,59,255,54,255,50,255,50,256,50,258,50,258,50,259,50,261,54,261,57,262,59,263,57,264,54,264,51,264,50,263,50,261,45,261,42,261,41,259,41,258,41,258,41,256,41,255,37,255,34,254,32,253,31,252,28,251,25,251,23,250,22,249,19,248,16,248,14,246,13,245,10,245,10,357,10,470,85,470,87,469,90,468,93,469,94,470,360,470,360,468,360,468,360,467,360,465,360,465,360,464,360,462,360,462,360,460,358,459,355,459,351,459,351,459,347,459,342,459,342,459,338,459,335,458,333,457,332,456,329,455,324,455,324,455,320,455,317,455,316,454,314,453,311,452,307,452,307,452,302,452,299,452,298,451,296,449,293,449,289,449,289,449,285,449,282,448,280,447,279,446,276,446,273,445,271,444,270,443,267,442,264,442,262,441,261,440,258,439,254,439,254,439,249,439,246,439,245,438,243,437,240,436,237,435,236,434,234,433,231,433,228,432,227,431,226,430,223,430,220,429,218,428,217,427,214,426,209,426,209,426,205,426,202,426,200,425,199,424,196,423,193,422,192,421,190,420,187,420,184,419,183,418,183,417,183,417,183,415,183,413,178,413,175,413,174,412,175,411,178,410,181,411,183,412,183,413,187,413,192,413,192,413,196,413,199,414,200,415,202,416,205,417,209,417,209,417,214,417,217,417,218,418,220,419,223,420,226,420,227,421,228,422,231,423,236,423,236,423,240,423,245,423,245,423,249,423,254,423,254,423,258,423,261,424,262,425,262,426,262,426,262,428,264,429,267,430,270,430,271,431,273,432,276,433,279,433,280,434,282,435,285,436,288,437,289,438,290,439,293,439,296,440,298,441,299,442,302,442,307,442,307,442,311,442,314,443,316,444,316,446,316,446,316,447,317,448,320,449,323,449,324,451,326,452,329,452,333,452,333,452,338,452,342,452,342,452,347,452,350,453,351,454,352,455,355,455,360,455,360,455,364,455,369,455,369,455,373,455,376,456,378,457,379,458,382,459,385,459,386,460,388,461,391,462,394,462,395,464,395,465,395,465,395,467,395,468,395,468,395,470,513,470,630,470,630,245,627,244,626,243,626,242,626,242,626,240,627,239,630,238,630,124,630,10,528,10
621,112,618,113,617,114,617,115,612,115,609,116,608,117,609,118,612,119,615,118,617,117,617,115,621,115,624,115,626,114,624,113,621,112
586,125,581,125,581,125,577,125,574,124,572,123,571,122,568,122,565,122,564,123,564,125,564,125,564,127,562,128,559,128,556,129,555,130,555,131,555,131,555,133,556,134,559,135,562,134,564,133,565,132,568,131,571,131,572,130,574,129,577,128,580,129,581,130,583,131,586,131,589,131,590,130,590,128,590,128,590,127,589,126,586,125
568,358,565,359,564,360,562,361,559,361,555,361,555,361,550,361,547,362,546,363,547,364,550,365,555,365,555,365,559,365,564,365,564,365,568,365,571,364,572,363,572,361,572,361,572,360,571,359,568,358
559,349,555,349,555,349,550,349,547,348,546,347,544,346,541,345,538,346,537,347,536,348,533,349,530,349,528,350,530,351,533,352,537,352,537,352,541,352,544,352,546,353,547,354,550,355,555,355,555,355,559,355,562,354,564,353,564,352,564,352,564,350,562,349,559,349
533,125,530,126,528,127,528,128,528,128,528,130,528,131,528,131,528,133,530,134,533,135,536,134,537,133,537,131,537,131,537,130,537,128,537,128,537,127,536,126,533,125
524,141,521,141,519,140,518,138,515,138,512,138,510,140,509,141,506,141,503,141,502,140,502,138,502,138,502,136,500,135,497,135,494,135,493,136,491,137,488,138,485,138,484,140,484,141,484,141,484,143,484,144,479,144,475,144,475,144,471,144,468,145,466,146,466,148,466,148,466,149,466,151,466,151,466,153,466,154,466,154,466,156,468,157,471,157,475,157,475,157,479,157,484,157,484,157,488,157,491,157,493,156,493,154,493,154,493,153,491,151,488,151,485,150,484,149,484,148,484,148,484,146,484,144,488,144,493,144,493,144,497,144,502,144,502,144,506,144,510,144,510,144,515,144,519,144,519,144,524,144,527,144,528,143,527,142,524,141
524,148,521,148,519,149,521,150,524,151,527,150,528,149,527,148,524,148
524,154,521,155,519,156,519,157,515,157,512,158,510,159,512,160,515,161,518,160,519,159,519,157,524,157,527,157,528,156,527,155,524,154
515,125,512,126,510,127,510,128,510,128,510,130,510,131,510,131,510,133,512,134,515,135,518,134,519,133,519,131,519,131,519,130,519,128,519,128,519,127,518,126,515,125
515,248,512,249,510,250,512,251,515,251,518,251,519,250,518,249,515,248
497,34,494,35,493,36,494,37,497,38,500,37,502,36,500,35,497,34
479,131,476,132,475,133,476,134,479,135,482,134,484,133,482,132,479,131
471,12,468,12,466,13,468,14,471,15,474,14,475,13,474,12,471,12
471,99,466,99,466,99,462,99,457,99,457,97,457,96,457,96,457,94,456,93,453,93,450,92,448,91,447,90,444,89,440,89,440,88,438,87,435,86,432,87,431,88,432,89,435,89,440,89,440,91,440,93,440,93,440,94,441,95,444,96,447,96,448,97,450,99,453,99,457,99,457,101,457,102,457,102,457,104,457,106,457,106,457,107,457,109,457,109,457,110,457,112,457,112,457,114,457,115,457,115,457,117,459,118,462,119,465,118,466,117,466,115,466,115,466,114,468,113,471,112,474,112,475,110,474,109,471,109,468,108,466,107,466,106,466,106,466,104,468,103,471,102,474,102,475,101,474,100,471,99
426,70,423,70,422,72,422,73,422,73,422,75,423,76,426,76,429,76,431,75,431,73,431,73,431,72,429,70,426,70
417,102,414,103,413,104,413,106,413,106,413,107,414,108,417,109,420,108,422,107,422,106,422,106,422,104,420,103,417,102
400,180,397,181,395,182,397,183,400,183,403,183,404,182,403,181,400,180
391,187,388,187,386,188,388,189,391,190,394,189,395,188,394,187,391,187
364,83,360,83,360,81,360,80,360,80,360,78,358,77,355,76,352,76,351,75,351,73,351,73,351,72,351,70,351,70,351,68,350,67,347,67,344,67,342,68,342,70,342,70,342,72,341,73,338,73,333,73,333,72,333,70,333,70,333,68,332,67,329,67,326,67,324,68,324,70,324,70,324,72,326,73,329,73,333,73,333,75,333,76,333,76,333,78,335,79,338,80,341,80,342,81,344,82,347,83,351,83,351,83,355,83,360,83,360,85,360,86,355,86,352,87,351,88,352,89,355,89,358,89,360,88,360,86,364,86,367,86,369,85,367,83,364,83
364,93,361,93,360,94,361,95,364,96,367,95,369,94,367,93,364,93
347,60,342,60,342,60,338,60,333,60,333,60,329,60,324,60,324,60,320,60,316,60,316,60,311,60,308,60,307,59,307,57,307,57,307,55,308,54,311,54,316,54,316,54,320,54,323,53,324,52,323,51,320,50,316,50,316,50,311,50,308,50,307,49,305,48,302,47,298,47,298,46,296,45,293,44,290,43,289,42,289,41,289,41,289,39,288,38,285,38,282,38,280,39,280,41,280,41,280,42,280,44,280,44,280,46,282,47,285,47,289,47,289,47,293,47,298,47,298,49,298,50,298,50,298,52,298,54,298,54,298,55,298,57,298,57,298,59,298,60,298,60,298,62,299,63,302,63,307,63,307,63,311,63,316,63,316,63,320,63,324,63,324,63,329,63,333,63,333,63,338,63,342,63,342,63,347,63,350,63,351,62,350,61,347,60
285,151,282,150,280,149,280,148,280,148,280,146,279,145,276,144,273,144,271,143,270,142,267,141,262,141,262,141,258,141,255,141,254,140,252,138,249,138,245,138,245,138,240,138,237,138,236,140,234,141,231,141,228,142,227,143,228,144,231,144,234,145,236,146,237,147,240,148,243,148,245,149,246,150,249,151,254,151,254,151,258,151,261,151,262,153,264,154,267,154,271,154,271,154,276,154,280,154,280,154,285,154,288,154,289,153,288,151,285,151
214,115,211,115,209,114,208,113,205,112,202,111,200,110,199,109,196,109,192,109,192,109,187,109,184,108,183,107,183,106,183,106,183,104,181,103,178,102,175,103,174,104,174,106,174,106,174,107,174,109,174,109,174,110,172,111,169,112,166,113,165,114,165,115,165,115,165,117,165,119,165,119,165,120,166,121,169,122,172,122,174,123,174,125,174,125,174,127,175,128,178,128,181,129,183,130,183,131,183,131,183,133,184,134,187,135,190,135,192,136,192,138,192,138,192,140,193,141,196,141,199,141,200,140,202,139,205,138,208,137,209,136,211,135,214,135,217,134,218,133,218,131,218,131,218,130,218,128,218,128,218,127,218,125,218,125,218,123,218,122,218,122,218,120,218,119,218,119,218,117,217,116,214,115
205,384,202,385,200,386,199,387,196,387,193,387,192,386,192,384,192,384,192,383,190,381,187,381,183,381,183,381,178,381,175,380,174,379,174,378,174,378,174,376,174,374,174,374,174,373,172,372,169,371,166,371,165,370,164,368,161,368,158,367,156,366,156,365,156,365,156,363,155,362,152,361,147,361,147,361,143,361,140,362,138,363,140,364,143,365,146,365,147,366,147,368,147,368,147,370,147,371,147,371,147,373,147,374,147,374,147,376,149,377,152,378,155,378,156,379,156,381,156,381,156,383,158,384,161,384,164,385,165,386,166,387,169,387,174,387,174,387,178,387,181,388,183,389,184,390,187,391,190,391,192,392,193,393,196,394,199,394,200,395,202,397,205,397,208,397,209,395,209,394,209,394,209,392,209,391,209,391,209,389,209,387,209,387,209,386,208,385,205,384
169,141,166,142,165,143,166,144,169,144,172,144,174,143,172,142,169,141
152,80,147,80,147,80,143,80,140,80,138,81,138,83,138,83,138,85,138,86,138,86,138,88,138,89,138,89,138,91,138,93,138,93,138,94,137,95,134,96,131,96,130,97,130,99,130,99,130,101,130,102,130,102,130,104,130,106,130,106,130,107,131,108,134,109,137,109,138,110,138,112,138,112,138,114,138,115,138,115,138,117,138,119,138,119,138,120,138,122,138,122,138,123,138,125,138,125,138,127,138,128,138,128,138,130,138,131,138,131,138,133,138,135,138,135,138,136,138,138,138,138,138,140,140,141,143,141,146,141,147,140,147,138,147,138,147,136,147,135,147,135,147,133,147,131,147,131,147,130,147,128,147,128,147,127,147,125,147,125,147,123,147,122,147,122,147,120,147,119,147,119,147,117,147,115,147,115,147,114,147,112,147,112,147,110,147,109,147,109,147,107,146,106,143,106,140,105,138,104,138,102,138,102,138,101,140,100,143,99,146,99,147,97,147,96,147,96,147,94,147,93,147,93,147,91,147,89,147,89,147,88,149,87,152,86,155,86,156,85,156,83,156,83,156,81,155,80,152,80
45,284,42,283,41,282,40,281,37,280,34,281,32,282,32,284,32,284,32,285,34,286,37,287,41,287,41,287,45,287,48,286,50,285,48,284,45,284
10,238,14,238,14,237,14,235,14,235,14,234,13,232,10,232,10,238
37,245,32,245,32,246,34,248,37,248,41,248,41,246,41,245,37,245
28,242,23,242,23,243,25,244,28,245,32,245,32,243,31,242,28,242
19,238,14,238,14,240,16,241,19,242,23,242,23,240,22,239,19,238
