581,10,581,12,581,12,581,13,583,14,586,15,589,15,590,16,590,18,590,18,590,20,590,21,590,21,590,23,592,24,595,25,598,25,599,26,598,27,595,28,592,28,590,29,589,31,586,31,583,31,581,29,580,28,577,28,574,27,572,26,572,25,572,25,572,23,572,21,572,21,572,20,571,19,568,18,565,18,564,16,564,15,564,15,564,13,564,12,564,12,564,10,287,10,10,10,10,25,13,25,14,26,14,28,14,28,14,29,13,31,10,31,10,310,13,310,14,311,14,313,14,313,14,315,14,316,14,316,14,318,16,319,19,319,22,320,23,321,22,322,19,323,16,323,14,324,13,325,10,326,10,336,13,336,14,337,14,339,14,339,14,340,14,342,14,342,14,344,16,345,19,345,22,346,23,347,23,349,23,349,23,350,25,351,28,352,31,352,32,353,32,355,32,355,32,357,32,358,32,358,32,360,34,361,37,361,40,362,41,363,41,365,41,365,41,366,41,368,41,368,41,370,42,371,45,371,48,372,50,373,50,374,50,374,50,376,51,377,54,378,57,378,59,379,59,381,59,381,59,383,60,384,63,384,66,385,68,386,68,387,68,387,68,389,69,390,72,391,75,391,76,392,76,394,76,394,76,395,76,397,76,397,76,399,78,400,81,400,84,401,85,402,85,404,85,404,85,405,85,407,85,407,85,408,84,410,81,410,76,410,76,410,72,410,69,410,68,408,66,407,63,407,60,406,59,405,59,404,59,404,59,402,59,400,59,400,59,399,57,398,54,397,51,397,50,395,50,394,50,394,50,392,50,391,50,391,50,389,48,388,45,387,42,387,41,386,41,384,41,384,41,383,40,381,37,381,34,380,32,379,32,378,32,378,32,376,31,375,28,374,25,374,23,373,23,371,23,371,23,370,23,368,23,368,23,366,22,365,19,365,16,364,14,363,14,361,14,361,14,360,13,359,10,358,10,414,10,470,320,470,630,470,630,248,627,248,626,246,627,245,630,245,630,242,627,241,626,240,626,238,626,238,626,237,626,235,626,235,626,234,627,232,630,232,630,121,630,10,581,10
586,34,583,35,581,36,581,38,581,38,581,39,583,40,586,41,589,40,590,39,590,38,590,38,590,36,589,35,586,34
568,83,564,83,564,83,559,83,555,83,555,83,550,83,547,82,546,81,546,80,546,80,546,78,544,77,541,76,538,76,537,75,538,74,541,73,544,73,546,72,546,70,546,70,546,68,546,67,546,67,546,65,544,64,541,63,537,63,537,63,533,63,530,64,528,65,527,66,524,67,521,66,519,65,519,63,519,63,519,62,519,60,519,60,519,59,519,57,519,57,519,55,518,54,515,54,512,53,510,52,510,50,510,50,510,49,509,48,506,47,502,47,502,47,497,47,494,48,493,49,491,50,488,50,485,51,484,52,482,53,479,54,476,54,475,55,476,56,479,57,482,58,484,59,485,60,488,60,491,61,493,62,491,63,488,63,485,64,484,65,484,67,484,67,484,68,485,69,488,70,491,70,493,72,493,73,493,73,493,75,493,76,488,76,484,76,484,76,479,76,476,77,475,78,476,79,479,80,484,80,484,80,488,80,493,80,493,81,494,82,497,83,500,83,502,85,500,86,497,86,494,87,493,88,493,89,493,89,493,91,493,93,493,93,493,94,491,95,488,96,485,96,484,97,484,99,484,99,484,101,485,102,488,102,491,103,493,104,493,106,493,106,493,107,493,109,493,109,493,110,493,112,493,112,493,114,493,115,493,115,493,117,494,118,497,119,500,119,502,120,502,122,502,122,502,123,502,125,502,125,502,127,502,128,502,128,502,130,502,131,502,131,502,133,503,134,506,135,509,135,510,136,510,138,510,138,510,140,512,141,515,141,518,142,519,143,519,144,519,144,519,146,521,147,524,148,527,148,528,149,528,151,528,151,528,153,527,154,524,154,521,155,519,156,519,157,519,157,519,159,521,160,524,161,528,161,528,161,533,161,536,161,537,162,537,164,537,164,537,165,538,167,541,167,544,168,546,169,547,170,550,170,555,170,555,170,559,170,562,171,564,172,565,173,568,174,571,173,572,172,572,170,572,170,572,169,572,167,572,167,572,165,571,164,568,164,565,163,564,162,564,161,564,161,564,159,562,158,559,157,555,157,555,157,550,157,546,157,546,157,541,157,538,157,537,156,537,154,537,154,537,153,537,151,537,151,537,149,538,148,541,148,544,147,546,146,546,144,546,144,546,143,546,141,546,141,546,140,546,138,546,138,546,136,544,135,541,135,538,134,537,133,536,132,533,131,530,131,528,130,530,129,533,128,537,128,537,128,541,128,546,128,546,128,550,128,553,128,555,127,553,126,550,125,547,124,546,123,546,122,546,122,546,120,547,119,550,119,553,118,555,117,556,116,559,115,564,115,564,115,568,115,571,115,572,114,571,113,568,112,565,111,564,110,562,109,559,109,555,109,555,109,550,109,547,109,546,110,544,111,541,112,538,111,537,110,537,109,537,109,537,107,537,106,537,106,537,104,537,102,537,102,537,101,537,99,537,99,537,97,538,96,541,96,546,96,546,96,550,96,553,95,555,94,555,93,555,93,555,91,556,90,559,89,562,89,564,88,565,87,568,86,571,86,572,85,571,83,568,83
479,86,476,87,475,88,476,89,479,89,482,89,484,88,482,87,479,86
462,96,459,96,457,97,457,99,457,99,457,101,457,102,457,102,457,104,457,106,457,106,457,107,457,109,457,109,457,110,459,112,462,112,465,112,466,110,466,109,466,109,466,107,466,106,466,106,466,104,466,102,466,102,466,101,466,99,466,99,466,97,465,96,462,96
347,245,344,245,342,246,344,248,347,248,350,248,351,246,350,245,347,245
329,41,326,41,324,42,324,44,324,44,324,46,326,47,329,47,332,47,333,46,333,44,333,44,333,42,332,41,329,41
302,449,299,449,298,451,299,452,302,452,305,452,307,451,305,449,302,449
231,452,228,452,227,451,227,449,227,449,227,447,226,446,223,446,218,446,218,446,214,446,211,446,209,447,209,449,209,449,209,451,211,452,214,452,217,453,218,454,220,455,223,455,227,455,227,455,231,455,234,455,236,454,234,453,231,452
187,459,184,459,183,460,183,462,178,462,174,462,174,462,169,462,166,462,165,464,164,465,161,465,158,466,156,467,158,468,161,468,165,468,165,468,169,468,172,468,174,467,175,466,178,465,181,465,183,464,183,462,187,462,190,461,192,460,190,459,187,459
152,423,149,424,147,425,149,426,152,426,155,426,156,425,155,424,152,423
99,287,96,286,94,285,93,284,90,284,87,283,85,282,84,281,81,280,78,281,76,282,75,283,72,284,68,284,68,284,63,284,60,283,59,282,57,281,54,280,51,280,50,279,50,277,50,277,50,276,48,275,45,274,41,274,41,274,37,274,34,275,32,276,32,277,32,277,32,279,32,280,32,280,32,282,32,284,32,284,32,285,32,287,32,287,32,289,32,290,32,290,32,292,32,293,32,293,32,295,34,296,37,297,40,297,41,298,41,300,41,300,41,302,42,303,45,303,48,304,50,305,51,306,54,306,57,307,59,308,60,309,63,310,66,310,68,311,69,312,72,313,75,312,76,311,78,310,81,310,84,309,85,308,85,306,85,306,85,305,87,304,90,303,93,303,94,302,94,300,94,300,94,298,96,297,99,297,102,296,103,295,103,293,103,293,103,292,103,290,103,290,103,289,102,288,99,287
54,420,51,420,50,421,51,422,54,423,57,422,59,421,57,420,54,420
45,15,41,15,41,15,37,15,34,15,32,16,34,18,37,18,41,18,41,18,45,18,48,18,50,16,48,15,45,15
45,21,42,22,41,23,42,24,45,25,48,24,50,23,48,22,45,21
541,86,538,87,537,88,538,89,541,89,544,89,546,88,544,87,541,86
515,128,512,129,510,130,512,131,515,131,518,131,519,130,518,129,515,128
506,63,503,64,502,65,502,67,502,67,502,68,503,69,506,70,509,69,510,68,510,67,510,67,510,65,509,64,506,63
497,76,493,76,493,78,493,80,497,80,500,79,502,78,500,77,497,76
