546,10,546,12,546,12,546,13,544,14,541,15,538,14,537,13,537,12,537,12,537,10,528,10,528,12,528,12,528,13,528,15,528,15,528,16,527,18,524,18,519,18,519,18,515,18,510,18,510,18,506,18,502,18,502,18,497,18,493,18,493,18,488,18,484,18,484,18,479,18,476,19,475,20,474,21,471,21,466,21,466,21,462,21,457,21,457,21,453,21,450,21,448,20,447,19,444,18,440,18,440,18,435,18,431,18,431,18,426,18,423,18,422,16,420,15,417,15,414,15,413,16,412,18,409,18,406,18,404,16,403,15,400,15,397,15,395,16,395,18,395,18,395,20,394,21,391,21,388,21,386,20,385,19,382,18,379,19,378,20,376,21,373,21,370,22,369,23,369,25,369,25,369,26,369,28,369,28,369,29,367,31,364,31,361,32,360,33,360,34,360,34,360,36,360,38,360,38,360,39,358,40,355,41,352,40,351,39,351,38,351,38,351,36,351,34,351,34,351,33,351,31,351,31,351,29,351,28,351,28,351,26,351,25,351,25,351,23,350,22,347,21,344,21,342,20,342,18,342,18,342,16,341,15,338,15,335,15,333,16,333,18,333,18,333,20,333,21,333,21,333,23,333,25,333,25,333,26,333,28,333,28,333,29,333,31,333,31,333,33,332,34,329,34,326,34,324,33,323,32,320,31,317,32,316,33,314,34,311,34,307,34,307,34,302,34,299,35,298,36,296,37,293,38,290,37,289,36,288,35,285,34,280,34,280,34,276,34,273,35,271,36,270,37,267,38,262,38,262,38,258,38,255,37,254,36,252,35,249,34,246,35,245,36,245,38,245,38,245,39,246,40,249,41,252,41,254,42,254,44,258,44,262,44,262,44,267,44,271,44,271,42,273,41,276,41,280,41,280,41,285,41,289,41,289,41,293,41,296,41,298,42,296,43,293,44,290,45,289,46,289,47,289,47,289,49,288,50,285,50,280,50,280,50,276,50,271,50,271,50,267,50,262,50,262,52,261,53,258,54,255,53,254,52,255,51,258,50,262,50,262,49,261,48,258,47,255,47,254,46,254,44,249,44,246,45,245,46,243,47,240,47,237,47,236,46,236,44,236,44,236,42,234,41,231,41,228,40,227,39,226,38,223,38,218,38,218,38,214,38,211,37,209,36,208,35,205,34,202,34,200,33,199,32,196,31,193,31,192,29,192,28,192,28,192,26,192,25,192,25,192,23,192,21,192,21,192,20,192,18,192,18,192,16,190,15,187,15,184,14,183,13,183,12,183,12,183,10,96,10,10,10,10,151,13,151,14,153,14,154,19,154,22,155,23,156,22,157,19,157,16,157,14,156,14,154,10,154,10,312,10,470,307,470,308,469,311,468,314,468,316,467,316,465,316,465,316,464,317,462,320,462,324,462,324,462,329,462,332,462,333,464,335,465,338,465,341,466,342,467,342,468,342,468,342,470,386,470,386,468,386,468,386,467,386,465,386,465,386,464,385,462,382,462,379,461,378,460,378,459,378,459,378,457,378,455,378,455,378,454,378,452,378,452,378,451,378,449,378,449,378,447,379,446,382,446,386,446,386,446,391,446,394,446,395,447,395,449,395,449,395,451,395,452,395,452,395,454,395,455,395,455,395,457,395,459,395,459,395,460,397,461,400,462,403,461,404,460,404,459,404,459,404,457,406,456,409,455,412,456,413,457,413,459,413,459,413,460,413,462,413,462,413,464,413,465,413,465,413,467,413,468,413,468,413,470,608,470,608,468,608,468,608,467,609,466,612,465,615,465,617,464,618,462,621,462,624,462,626,464,626,465,626,465,626,467,624,468,621,468,618,469,617,470,623,470,630,470,630,300,627,299,626,298,627,297,630,297,630,245,627,244,626,243,626,242,626,242,626,240,626,238,626,238,626,237,627,236,630,235,630,123,630,10,546,10
559,151,556,150,555,149,553,148,550,148,547,147,546,146,546,144,546,144,546,143,546,141,546,141,546,140,544,138,541,138,538,138,537,140,536,141,533,141,528,141,528,141,524,141,521,141,519,140,518,138,515,138,512,138,510,140,510,141,510,141,510,143,510,144,510,144,510,146,512,147,515,148,518,148,519,149,521,150,524,151,527,151,528,153,530,154,533,154,537,154,537,154,541,154,546,154,546,154,550,154,555,154,555,154,559,154,562,154,564,153,562,151,559,151
462,144,457,144,457,144,453,144,450,145,448,146,450,147,453,148,457,148,457,148,462,148,465,147,466,146,465,145,462,144
453,222,450,222,448,221,448,219,448,219,448,217,447,216,444,216,440,216,440,214,438,213,435,212,431,212,431,211,429,210,426,209,423,210,422,211,423,212,426,212,431,212,431,214,432,215,435,216,440,216,440,217,440,219,440,219,440,221,438,222,435,222,432,223,431,224,429,225,426,225,423,226,422,227,422,229,422,229,422,230,423,231,426,232,431,232,431,232,435,232,440,232,440,232,444,232,448,232,448,232,453,232,456,231,457,230,457,229,457,229,457,227,457,225,457,225,457,224,456,223,453,222
444,93,441,93,440,94,441,95,444,96,447,95,448,94,447,93,444,93
444,384,440,384,440,384,435,384,431,384,431,384,426,384,423,385,422,386,420,387,417,387,413,387,413,387,409,387,406,388,404,389,404,391,404,391,404,392,406,393,409,394,413,394,413,394,417,394,420,393,422,392,423,391,426,391,429,390,431,389,432,388,435,387,440,387,440,387,444,387,447,387,448,386,447,385,444,384
435,83,431,83,431,81,429,80,426,80,423,80,422,81,423,82,426,83,431,83,431,85,432,86,435,86,438,86,440,85,438,83,435,83
435,368,431,368,431,368,426,368,423,368,422,370,420,371,417,371,414,372,413,373,413,374,413,374,413,376,414,377,417,378,420,377,422,376,423,375,426,374,429,374,431,373,432,372,435,371,438,371,440,370,438,368,435,368
426,63,423,64,422,65,423,66,426,67,429,66,431,65,429,64,426,63
409,106,406,106,404,107,404,109,404,109,404,110,406,112,409,112,412,112,413,110,413,109,413,109,413,107,412,106,409,106
400,70,395,70,395,70,391,70,388,70,386,72,388,73,391,73,394,74,395,75,397,76,400,76,403,76,404,75,404,73,404,73,404,72,403,70,400,70
391,371,386,371,386,371,382,371,379,372,378,373,378,374,378,374,378,376,379,377,382,378,385,377,386,376,388,375,391,374,394,374,395,373,394,372,391,371
382,54,379,54,378,55,376,56,373,57,370,58,369,59,370,60,373,60,378,60,378,60,382,60,385,60,386,59,386,57,386,57,386,55,385,54,382,54
364,96,361,96,360,97,361,99,364,99,367,99,369,97,367,96,364,96
364,106,361,106,360,107,361,108,364,109,367,108,369,107,367,106,364,106
338,73,333,73,333,72,332,70,329,70,324,70,324,70,320,70,317,70,316,72,317,73,320,73,324,73,324,73,329,73,333,73,333,75,335,76,338,76,341,76,342,75,341,74,338,73
338,112,335,113,333,114,335,115,338,115,341,115,342,114,341,113,338,112
329,371,326,372,324,373,324,374,320,374,317,375,316,376,314,377,311,378,308,378,307,379,305,380,302,381,299,381,298,383,298,384,298,384,298,386,299,387,302,387,305,387,307,386,308,385,311,384,314,384,316,383,317,381,320,381,323,380,324,379,324,378,324,378,324,376,324,374,329,374,332,374,333,373,332,372,329,371
293,54,290,54,289,55,289,57,289,57,289,59,290,60,293,60,296,60,298,59,298,57,298,57,298,55,296,54,293,54
293,73,290,74,289,75,290,76,293,76,296,76,298,75,296,74,293,73
125,342,122,341,121,340,121,339,121,339,121,337,121,336,121,336,121,334,119,333,116,332,113,332,112,331,112,329,112,329,112,327,110,326,107,326,104,326,103,327,103,329,103,329,103,331,103,332,103,332,103,334,103,336,103,336,103,337,103,339,103,339,103,340,104,342,107,342,110,343,112,344,112,345,112,345,112,347,113,348,116,349,119,348,121,347,122,346,125,345,128,345,130,344,128,343,125,342
484,10,485,11,488,12,491,11,493,10,484,10
369,10,369,12,373,12,376,11,378,10,369,10
533,144,530,145,528,146,530,147,533,148,536,147,537,146,536,145,533,144
364,12,361,12,360,13,361,14,364,15,367,14,369,13,369,12,364,12
276,44,271,44,271,46,273,47,276,47,279,47,280,46,279,45,276,44
