10,203,13,203,14,204,14,206,19,206,22,207,23,208,22,209,19,209,16,209,14,208,14,206,10,206,10,338,10,470,320,470,630,470,630,76,627,76,626,75,627,74,630,73,630,42,630,10,320,10,10,10,10,203
621,109,618,108,617,107,615,106,612,106,609,105,608,104,606,103,603,102,599,102,599,102,595,102,590,102,590,102,586,102,583,102,581,101,581,99,581,99,581,97,580,96,577,96,572,96,572,96,568,96,564,96,564,96,559,96,556,95,555,94,553,93,550,93,547,93,546,94,546,96,546,96,546,97,544,99,541,99,537,99,537,99,533,99,530,100,528,101,527,102,524,102,519,102,519,101,519,99,519,99,519,97,519,96,519,96,519,94,518,93,515,93,510,93,510,93,506,93,503,92,502,91,500,90,497,89,494,89,493,88,493,86,493,86,493,85,491,83,488,83,485,82,484,81,484,80,488,80,491,79,493,78,491,77,488,76,485,77,484,78,484,80,479,80,476,80,475,81,474,82,471,83,468,83,466,85,465,86,462,86,457,86,457,86,453,86,448,86,448,86,444,86,441,87,440,88,441,89,444,89,447,90,448,91,448,93,448,93,448,94,450,95,453,96,456,96,457,97,457,99,457,99,457,101,457,102,457,102,457,104,457,106,457,106,457,107,457,109,457,109,457,110,459,112,462,112,466,112,466,112,471,112,475,112,475,112,479,112,482,113,484,114,485,115,488,115,493,115,493,115,497,115,502,115,502,117,503,118,506,119,510,119,510,119,515,119,518,118,519,117,518,116,515,115,510,115,510,115,506,115,502,115,502,114,502,112,502,112,502,110,502,109,502,109,502,107,503,106,506,106,509,105,510,104,512,103,515,102,519,102,519,104,521,105,524,106,527,106,528,107,528,109,528,109,528,110,530,112,533,112,537,112,537,112,541,112,546,112,546,112,550,112,553,112,555,110,556,109,559,109,564,109,564,109,568,109,571,109,572,110,574,112,577,112,581,112,581,112,586,112,590,112,590,112,595,112,599,112,599,112,603,112,608,112,608,112,612,112,617,112,617,112,621,112,624,112,626,110,624,109,621,109
603,119,600,119,599,120,598,121,595,122,592,122,590,123,589,124,586,125,583,126,581,127,581,128,577,128,572,128,572,128,568,128,565,129,564,130,564,131,564,131,564,133,565,134,568,135,571,134,572,133,574,132,577,131,580,131,581,130,581,128,586,128,590,128,590,128,595,128,599,128,599,128,603,128,606,128,608,127,608,125,608,125,608,123,608,122,608,122,608,120,606,119,603,119
541,232,537,232,537,232,533,232,528,232,528,232,524,232,521,232,519,234,518,235,515,235,510,235,510,235,506,235,502,235,502,235,497,235,493,235,493,235,488,235,484,235,484,235,479,235,476,236,475,237,476,238,479,238,484,238,484,238,488,238,493,238,493,238,497,238,502,238,502,238,506,238,510,238,510,238,515,238,519,238,519,238,524,238,528,238,528,238,533,238,536,238,537,237,538,236,541,235,544,235,546,234,544,232,541,232
524,31,521,32,519,33,521,34,524,34,527,34,528,33,527,32,524,31
515,21,510,21,510,21,506,21,502,21,502,21,497,21,494,22,493,23,494,24,497,25,500,25,502,26,502,28,502,28,502,29,503,31,506,31,509,31,510,29,512,28,515,28,518,27,519,26,519,25,519,25,519,23,518,22,515,21
462,115,459,116,457,117,459,118,462,119,465,118,466,117,465,116,462,115
444,38,441,38,440,39,440,41,435,41,431,41,431,41,426,41,422,41,422,41,417,41,414,41,413,42,414,43,417,44,420,45,422,46,422,47,422,47,422,49,422,50,417,50,414,51,413,52,414,53,417,54,420,53,422,52,422,50,426,50,429,50,431,49,431,47,431,47,431,46,432,45,435,44,438,43,440,42,440,41,444,41,447,40,448,39,447,38,444,38
444,67,441,67,440,68,441,69,444,70,447,69,448,68,447,67,444,67
444,119,441,119,440,120,441,121,444,122,447,121,448,120,447,119,444,119
444,455,440,455,440,455,435,455,432,455,431,454,431,452,431,452,431,451,429,449,426,449,422,449,422,449,417,449,413,449,413,449,409,449,406,448,404,447,403,446,400,446,395,446,395,446,391,446,386,446,386,446,382,446,378,446,378,446,373,446,370,445,369,444,369,442,369,442,369,441,369,439,373,439,376,439,378,438,376,437,373,436,370,437,369,438,369,439,364,439,361,439,360,438,360,436,360,436,360,434,358,433,355,433,351,433,351,433,347,433,342,433,342,433,338,433,335,432,333,431,332,430,329,430,326,429,324,428,323,427,320,426,317,426,316,425,314,424,311,423,308,422,307,421,305,420,302,420,298,420,298,420,293,420,289,420,289,420,285,420,280,420,280,420,276,420,273,419,271,418,270,417,267,417,262,417,262,417,258,417,255,416,254,415,254,413,254,413,254,412,254,410,254,410,254,408,252,407,249,407,245,407,245,407,240,407,236,407,236,407,231,407,227,407,227,407,223,407,220,406,218,405,217,404,214,404,209,404,209,404,205,404,200,404,200,404,196,404,192,404,192,404,187,404,184,404,183,405,184,406,187,407,190,407,192,408,193,410,196,410,199,411,200,412,200,413,200,413,200,415,200,417,200,417,200,418,202,419,205,420,209,420,209,420,214,420,217,420,218,421,218,423,218,423,218,425,220,426,223,426,226,427,227,428,228,429,231,430,234,429,236,428,237,427,240,426,245,426,245,426,249,426,254,426,254,426,258,426,262,426,262,426,267,426,270,427,271,428,273,429,276,430,279,430,280,431,282,432,285,433,289,433,289,433,293,433,298,433,298,433,302,433,305,433,307,434,308,435,311,436,314,437,316,438,317,439,320,439,324,439,324,439,329,439,332,440,333,441,333,442,333,442,333,444,332,445,329,446,326,446,324,447,326,448,329,449,333,449,333,449,338,449,341,449,342,451,344,452,347,452,351,452,351,452,355,452,360,452,360,452,364,452,369,452,369,452,373,452,378,452,378,452,382,452,386,452,386,452,391,452,395,452,395,452,400,452,403,453,404,454,406,455,409,455,412,456,413,457,413,459,413,459,413,460,414,461,417,462,422,462,422,462,426,462,431,462,431,462,435,462,440,462,440,462,444,462,447,461,448,460,448,459,448,459,448,457,447,456,444,455
435,57,432,58,431,59,432,60,435,60,438,60,440,59,438,58,435,57
435,96,432,95,431,94,431,93,431,93,431,91,431,89,431,89,431,88,431,86,431,86,431,85,431,83,431,83,431,81,431,80,431,80,431,78,429,77,426,76,422,76,422,76,417,76,413,76,413,75,412,74,409,73,404,73,404,72,404,70,404,70,404,68,403,67,400,67,397,66,395,65,395,63,395,63,395,62,397,61,400,60,403,60,404,59,403,58,400,57,397,56,395,55,394,54,391,54,386,54,386,54,382,54,379,54,378,55,379,56,382,57,385,58,386,59,386,60,386,60,386,62,386,63,386,63,386,65,386,67,386,67,386,68,388,69,391,70,394,70,395,72,397,73,400,73,404,73,404,75,406,76,409,76,413,76,413,78,413,80,413,80,413,81,414,82,417,83,420,83,422,85,422,86,422,86,422,88,420,89,417,89,413,89,413,89,409,89,404,89,404,89,400,89,395,89,395,89,391,89,388,89,386,88,385,87,382,86,379,86,378,85,376,83,373,83,370,82,369,81,369,80,369,80,369,78,367,77,364,76,361,76,360,75,360,73,360,73,360,72,358,70,355,70,352,69,351,68,350,67,347,67,344,66,342,65,344,64,347,63,350,63,351,62,350,61,347,60,344,60,342,59,344,58,347,57,350,56,351,55,351,54,351,54,351,52,350,51,347,50,342,50,342,50,338,50,335,50,333,49,333,47,333,47,333,46,333,44,338,44,341,43,342,42,342,41,342,41,342,39,341,38,338,38,335,38,333,39,333,41,333,41,333,42,333,44,329,44,326,45,324,46,324,47,324,47,324,49,323,50,320,50,316,50,316,50,311,50,307,50,307,50,302,50,298,50,298,49,299,48,302,47,305,47,307,46,307,44,307,44,307,42,307,41,307,41,307,39,307,38,311,38,314,37,316,36,314,35,311,34,308,35,307,36,307,38,302,38,299,37,298,36,298,34,298,34,298,33,296,32,293,31,290,31,289,29,289,28,289,28,289,26,288,25,285,25,282,25,280,26,279,27,276,28,273,27,271,26,271,25,271,25,271,23,270,22,267,21,264,22,262,23,261,24,258,25,255,25,254,26,254,28,254,28,254,29,255,31,258,31,262,31,262,31,267,31,270,32,271,33,273,34,276,34,280,34,280,34,285,34,288,35,289,36,288,37,285,38,282,38,280,39,280,41,280,41,280,42,280,44,280,44,280,46,282,47,285,47,288,48,289,49,290,50,293,50,298,50,298,52,298,54,298,54,298,55,298,57,298,57,298,59,299,60,302,60,305,61,307,62,308,63,311,63,316,63,316,63,320,63,323,64,324,65,323,66,320,67,316,67,316,67,311,67,308,67,307,68,307,70,307,70,307,72,307,73,307,73,307,75,307,76,307,76,307,78,308,79,311,80,314,79,316,78,317,77,320,76,323,76,324,75,326,74,329,73,332,74,333,75,335,76,338,76,341,77,342,78,344,79,347,80,350,80,351,81,351,83,351,83,351,85,352,86,355,86,358,87,360,88,360,89,360,89,360,91,360,93,360,93,360,94,361,95,364,96,367,96,369,97,369,99,369,99,369,101,367,102,364,102,361,103,360,104,358,105,355,106,351,106,351,106,347,106,344,106,342,107,342,109,342,109,342,110,342,112,342,112,342,114,344,115,347,115,350,116,351,117,352,118,355,119,360,119,360,119,364,119,367,118,369,117,369,115,369,115,369,114,370,113,373,112,376,113,378,114,379,115,382,115,385,115,386,114,388,113,391,112,394,112,395,110,397,109,400,109,404,109,404,109,409,109,412,108,413,107,414,106,417,106,420,106,422,107,422,109,422,109,422,110,423,112,426,112,429,113,431,114,432,115,435,115,438,115,440,114,440,112,440,112,440,110,440,109,440,109,440,107,440,106,440,106,440,104,440,102,440,102,440,101,440,99,440,99,440,97,438,96,435,96
417,21,414,22,413,23,414,24,417,25,420,24,422,23,420,22,417,21
400,12,397,12,395,13,395,15,395,15,395,16,394,18,391,18,388,19,386,20,386,21,386,21,386,23,386,25,386,25,386,26,385,27,382,28,379,28,378,29,378,31,378,31,378,33,378,34,373,34,370,35,369,36,369,38,369,38,369,39,369,41,369,41,369,42,370,43,373,44,378,44,378,44,382,44,386,44,386,44,391,44,395,44,395,44,400,44,403,43,404,42,404,41,404,41,404,39,403,38,400,38,395,38,395,38,391,38,388,38,386,39,385,40,382,41,379,40,378,39,378,38,378,38,378,36,378,34,382,34,386,34,386,34,391,34,394,34,395,33,395,31,395,31,395,29,397,28,400,28,403,27,404,26,404,25,404,25,404,23,404,21,404,21,404,20,404,18,404,18,404,16,404,15,404,15,404,13,403,12,400,12
338,15,335,15,333,16,335,18,338,18,341,18,342,16,341,15,338,15
285,102,282,103,280,104,282,105,285,106,288,105,289,104,288,103,285,102
196,387,193,388,192,389,193,390,196,391,199,390,200,389,199,388,196,387
178,374,174,374,174,374,169,374,166,374,165,373,165,371,165,371,165,370,165,368,165,368,165,366,164,365,161,365,158,364,156,363,156,361,156,361,156,360,155,359,152,358,149,358,147,357,146,356,143,355,140,354,138,353,138,352,138,352,138,350,137,349,134,349,131,349,130,350,128,351,125,352,122,352,121,353,121,355,121,355,121,357,121,358,121,358,121,360,122,361,125,361,128,362,130,363,130,365,130,365,130,366,131,367,134,368,138,368,138,368,143,368,146,369,147,370,147,371,147,371,147,373,147,374,147,374,147,376,149,377,152,378,155,378,156,379,158,380,161,381,165,381,165,381,169,381,174,381,174,381,178,381,181,380,183,379,183,378,183,378,183,376,181,375,178,374
169,60,166,60,165,59,165,57,165,57,165,55,164,54,161,54,158,53,156,52,155,51,152,50,149,50,147,49,146,48,143,47,140,48,138,49,138,50,138,50,138,52,140,53,143,54,146,54,147,55,147,57,147,57,147,59,147,60,147,60,147,62,147,63,147,63,147,65,147,67,147,67,147,68,147,70,147,70,147,72,147,73,147,73,147,75,146,76,143,76,140,77,138,78,138,80,138,80,138,81,138,83,138,83,138,85,138,86,138,86,138,88,140,89,143,89,147,89,147,91,147,93,147,93,147,94,149,95,152,96,155,95,156,94,158,93,161,93,164,92,165,91,165,89,165,89,165,88,165,86,165,86,165,85,165,83,165,83,165,81,164,80,161,80,156,80,156,78,156,76,156,76,156,75,158,74,161,73,164,73,165,72,166,70,169,70,172,69,174,68,174,67,174,67,174,65,174,63,174,63,174,62,172,61,169,60
152,15,149,15,147,16,149,18,152,18,155,18,156,16,155,15,152,15
54,420,51,420,50,421,51,422,54,423,57,422,59,421,57,420,54,420
329,54,324,54,324,54,320,54,317,54,316,55,317,56,320,57,324,57,324,57,329,57,332,56,333,55,332,54,329,54
152,80,149,80,147,81,147,83,147,83,147,85,147,86,147,86,147,88,147,89,152,89,155,89,156,88,156,86,156,86,156,85,156,83,156,83,156,81,156,80,152,80
