564,10,564,12,564,12,564,13,565,14,568,15,571,15,572,16,572,18,572,18,572,20,574,21,577,21,580,22,581,23,581,25,581,25,581,26,583,27,586,28,589,28,590,29,590,31,590,31,590,33,590,34,590,34,590,36,590,38,590,38,590,39,590,41,590,41,590,42,590,44,590,44,590,46,590,47,590,47,590,49,590,50,590,50,590,52,590,54,590,54,590,55,590,57,590,57,590,59,589,60,586,60,581,60,581,60,577,60,574,61,572,62,571,63,568,63,564,63,564,63,559,63,556,64,555,65,553,66,550,67,546,67,546,67,541,67,538,66,537,65,536,64,533,63,530,63,528,62,528,60,528,60,528,59,528,57,528,57,528,55,528,54,528,54,528,52,528,50,528,50,528,49,528,47,528,47,528,46,527,45,524,44,521,43,519,42,518,41,515,41,512,40,510,39,512,38,515,38,518,37,519,36,519,34,519,34,519,33,519,31,519,31,519,29,518,28,515,28,512,27,510,26,510,25,510,25,510,23,512,22,515,21,519,21,519,21,524,21,527,22,528,23,530,24,533,25,536,25,537,26,538,27,541,28,544,27,546,26,546,25,546,25,546,23,546,21,546,21,546,20,546,18,546,18,546,16,546,15,546,15,546,13,544,12,541,12,538,11,537,10,273,10,10,10,10,316,14,316,14,316,19,316,23,316,23,316,28,316,31,317,32,318,32,319,32,319,32,321,31,322,28,323,25,323,23,324,23,326,23,326,23,327,23,329,23,329,23,331,22,332,19,332,16,333,14,334,13,335,10,336,10,403,10,470,320,470,630,470,630,240,630,10,564,10
603,86,600,87,599,88,600,89,603,89,606,89,608,88,606,87,603,86
586,96,583,96,581,97,583,99,586,99,589,99,590,97,589,96,586,96
586,106,583,106,581,107,581,109,581,109,581,110,583,112,586,112,589,112,590,110,590,109,590,109,590,107,589,106,586,106
586,128,583,129,581,130,583,131,586,131,589,131,590,130,589,129,586,128
568,125,565,126,564,127,562,128,559,128,556,129,555,130,555,131,555,131,555,133,556,134,559,135,562,134,564,133,565,132,568,131,571,131,572,130,572,128,572,128,572,127,571,126,568,125
559,106,556,106,555,107,556,108,559,109,562,108,564,107,562,106,559,106
559,157,556,157,555,156,553,155,550,154,546,154,546,154,541,154,538,154,537,153,537,151,537,151,537,149,538,148,541,148,544,147,546,146,546,144,546,144,546,143,546,141,546,141,546,140,544,138,541,138,538,137,537,136,537,135,537,135,537,133,537,131,537,131,537,130,538,129,541,128,544,128,546,127,546,125,546,125,546,123,544,122,541,122,538,121,537,120,536,119,533,119,530,118,528,117,528,115,528,115,528,114,527,113,524,112,519,112,519,112,515,112,512,113,510,114,509,115,506,115,503,115,502,114,502,112,502,112,502,110,502,109,502,109,502,107,502,106,502,106,502,104,502,102,502,102,502,101,502,99,502,99,502,97,502,96,502,96,502,94,500,93,497,93,494,92,493,91,493,89,493,89,493,88,493,86,493,86,493,85,491,83,488,83,485,83,484,85,482,86,479,86,476,87,475,88,475,89,475,89,475,91,475,93,475,93,475,94,475,96,475,96,475,97,475,99,475,99,475,101,474,102,471,102,468,103,466,104,465,105,462,106,459,106,457,107,457,109,457,109,457,110,457,112,457,112,457,114,459,115,462,115,465,116,466,117,466,119,466,119,466,120,466,122,466,122,466,123,466,125,466,125,466,127,465,128,462,128,459,129,457,130,457,131,457,131,457,133,457,135,457,135,457,136,457,138,457,138,457,140,459,141,462,141,465,142,466,143,466,144,466,144,466,146,468,147,471,148,474,148,475,149,475,151,475,151,475,153,476,154,479,154,482,155,484,156,485,157,488,157,493,157,493,157,497,157,502,157,502,157,506,157,510,157,510,157,515,157,518,158,519,159,521,160,524,161,527,161,528,162,530,163,533,164,537,164,537,164,541,164,546,164,546,164,550,164,555,164,555,164,559,164,562,163,564,162,564,161,564,161,564,159,562,158,559,157
506,50,502,50,502,49,500,48,497,47,494,48,493,49,494,50,497,50,502,50,502,52,502,54,502,54,502,55,502,57,502,57,502,59,503,60,506,60,509,60,510,59,510,57,510,57,510,55,510,54,510,54,510,52,509,51,506,50
497,76,493,76,493,76,488,76,485,77,484,78,485,79,488,80,493,80,493,80,497,80,500,79,502,78,500,77,497,76
497,410,493,410,493,408,493,407,493,407,493,405,493,404,493,404,493,402,491,401,488,400,484,400,484,399,484,397,484,397,484,395,482,394,479,394,476,394,475,395,475,397,475,397,475,399,476,400,479,400,484,400,484,402,484,404,484,404,484,405,484,407,484,407,484,408,485,410,488,410,493,410,493,412,493,413,493,413,493,415,494,416,497,417,500,416,502,415,502,413,502,413,502,412,500,411,497,410
471,31,468,31,466,29,465,28,462,28,459,27,457,26,456,25,453,25,448,25,448,25,444,25,441,24,440,23,438,22,435,21,431,21,431,21,426,21,422,21,422,21,417,21,414,22,413,23,413,25,413,25,413,26,412,27,409,28,406,28,404,29,404,31,404,31,404,33,404,34,404,34,404,36,406,37,409,38,412,38,413,39,413,41,413,41,413,42,414,43,417,44,422,44,422,44,426,44,431,44,431,44,435,44,438,45,440,46,441,47,444,47,447,47,448,46,448,44,448,44,448,42,448,41,448,41,448,39,450,38,453,38,456,38,457,39,459,40,462,41,465,40,466,39,468,38,471,38,474,37,475,36,475,34,475,34,475,33,474,32,471,31
471,384,468,385,466,386,466,387,466,387,466,389,468,390,471,391,474,390,475,389,475,387,475,387,475,386,474,385,471,384
462,378,459,378,457,379,459,380,462,381,465,380,466,379,465,378,462,378
453,430,450,430,448,431,450,432,453,433,456,432,457,431,456,430,453,430
453,462,450,461,448,460,448,459,448,459,448,457,448,455,448,455,448,454,447,453,444,452,441,452,440,451,438,449,435,449,432,448,431,447,431,446,431,446,431,444,429,443,426,442,422,442,422,442,417,442,413,442,413,442,409,442,404,442,404,442,400,442,397,443,395,444,397,445,400,446,403,446,404,447,404,449,404,449,404,451,404,452,404,452,404,454,404,455,404,455,404,457,406,458,409,459,412,459,413,460,414,461,417,462,420,461,422,460,423,459,426,459,431,459,431,459,435,459,438,459,440,460,440,462,440,462,440,464,440,465,440,465,440,467,441,468,444,468,448,468,448,468,453,468,456,468,457,467,457,465,457,465,457,464,456,462,453,462
444,119,441,119,440,120,440,122,440,122,440,123,441,124,444,125,447,124,448,123,448,122,448,122,448,120,447,119,444,119
444,423,440,423,440,421,438,420,435,420,432,420,431,421,432,422,435,423,440,423,440,425,441,426,444,426,447,426,448,425,447,424,444,423
435,99,432,100,431,101,431,102,431,102,431,104,432,105,435,106,438,105,440,104,440,102,440,102,440,101,438,100,435,99
409,76,406,77,404,78,406,79,409,80,412,79,413,78,412,77,409,76
382,135,379,135,378,136,379,137,382,138,385,137,386,136,385,135,382,135
364,125,361,126,360,127,360,128,355,128,352,129,351,130,351,131,351,131,351,133,352,134,355,135,360,135,360,136,360,138,360,138,360,140,361,141,364,141,367,141,369,140,369,138,369,138,369,136,367,135,364,135,360,135,360,133,360,131,360,131,360,130,360,128,364,128,367,128,369,127,367,126,364,125
364,251,361,252,360,253,361,254,364,255,367,254,369,253,367,252,364,251
355,106,352,106,351,107,351,109,351,109,351,110,351,112,351,112,351,114,352,115,355,115,358,115,360,114,360,112,360,112,360,110,360,109,360,109,360,107,358,106,355,106
347,119,344,119,342,120,344,121,347,122,350,121,351,120,350,119,347,119
338,248,333,248,333,246,332,245,329,245,326,245,324,246,326,248,329,248,333,248,333,250,335,251,338,251,341,251,342,250,341,249,338,248
240,352,236,352,236,352,231,352,227,352,227,352,223,352,220,351,218,350,217,349,214,349,209,349,209,349,205,349,200,349,200,349,196,349,192,349,192,349,187,349,183,349,183,349,178,349,174,349,174,349,169,349,165,349,165,349,161,349,156,349,156,349,152,349,149,349,147,350,146,351,143,352,138,352,138,352,134,352,131,351,130,350,128,349,125,349,121,349,121,349,116,349,112,349,112,349,107,349,103,349,103,349,99,349,94,349,94,349,90,349,87,349,85,350,85,352,85,352,85,353,85,355,85,355,85,357,87,358,90,358,93,359,94,360,94,361,94,361,94,363,96,364,99,365,103,365,103,365,107,365,110,364,112,363,113,362,116,361,121,361,121,361,125,361,130,361,130,361,134,361,138,361,138,361,143,361,146,361,147,360,149,359,152,358,156,358,156,358,161,358,165,358,165,358,169,358,174,358,174,358,178,358,183,358,183,358,187,358,192,358,192,358,196,358,200,358,200,358,205,358,209,358,209,358,214,358,218,358,218,358,223,358,227,358,227,358,231,358,234,358,236,357,237,356,240,355,243,354,245,353,243,352,240,352
178,439,175,439,174,438,172,437,169,436,166,435,165,434,164,433,161,433,158,433,156,434,155,435,152,436,147,436,147,436,143,436,140,435,138,434,137,433,134,433,131,433,130,434,130,436,130,436,130,438,131,439,134,439,138,439,138,439,143,439,146,440,147,441,149,442,152,442,156,442,156,442,161,442,165,442,165,442,169,442,174,442,174,442,178,442,181,442,183,441,181,440,178,439
116,119,113,119,112,120,110,121,107,122,103,122,103,122,99,122,94,122,94,122,90,122,85,122,85,122,81,122,76,122,76,122,72,122,69,122,68,123,66,124,63,125,60,126,59,127,59,128,59,128,59,130,57,131,54,131,51,132,50,133,50,135,50,135,50,136,51,137,54,138,57,137,59,136,60,135,63,135,66,134,68,133,69,132,72,131,76,131,76,131,81,131,85,131,85,131,90,131,93,131,94,130,96,129,99,128,103,128,103,128,107,128,110,128,112,127,113,126,116,125,119,124,121,123,121,122,121,122,121,120,119,119,116,119
515,128,512,129,510,130,512,131,515,131,518,131,519,130,518,129,515,128
515,138,512,139,510,140,510,141,510,141,510,143,510,144,510,144,510,146,512,147,515,148,518,147,519,146,519,144,519,144,519,143,519,141,519,141,519,140,518,139,515,138
506,119,503,119,502,120,503,121,506,122,509,121,510,120,509,119,506,119
559,28,556,28,555,29,555,31,555,31,555,33,556,34,559,34,562,34,564,33,564,31,564,31,564,29,562,28,559,28
