475,10,474,11,471,12,468,11,466,10,238,10,10,10,10,238,13,239,14,240,14,242,19,242,22,242,23,243,23,245,28,245,31,245,32,246,31,248,28,248,25,248,23,246,23,245,19,245,16,244,14,243,14,242,10,242,10,356,10,470,68,470,69,469,72,468,75,469,76,470,353,470,630,470,630,271,627,270,626,269,626,268,621,268,618,267,617,266,617,264,612,264,609,264,608,263,608,261,603,261,600,261,599,259,599,258,595,258,592,257,590,256,592,255,595,255,598,255,599,256,599,258,603,258,606,258,608,259,608,261,612,261,615,262,617,263,617,264,621,264,624,265,626,266,626,268,630,268,630,248,627,248,626,246,626,245,626,245,626,243,626,242,626,242,626,240,627,239,630,238,630,124,630,10,475,10
612,115,609,116,608,117,609,118,612,119,615,118,617,117,615,116,612,115
612,349,609,348,608,347,606,346,603,345,599,345,599,345,595,345,590,345,590,345,586,345,583,346,581,347,580,348,577,349,574,349,572,350,574,351,577,352,580,352,581,353,583,354,586,355,590,355,590,355,595,355,598,356,599,357,600,358,603,358,608,358,608,358,612,358,615,358,617,357,617,355,617,355,617,353,617,352,617,352,617,350,615,349,612,349
586,125,583,126,581,127,581,128,581,128,581,130,583,131,586,131,589,131,590,130,590,128,590,128,590,127,589,126,586,125
577,251,572,251,572,251,568,251,564,251,564,251,559,251,555,251,555,251,550,251,547,252,546,253,547,254,550,255,553,255,555,256,556,257,559,258,562,257,564,256,565,255,568,255,572,255,572,255,577,255,580,254,581,253,580,252,577,251
568,34,565,35,564,36,565,37,568,38,571,37,572,36,571,35,568,34
568,119,565,119,564,120,565,121,568,122,571,121,572,120,571,119,568,119
568,125,565,126,564,127,564,128,564,128,564,130,564,131,564,131,564,133,565,134,568,135,571,134,572,133,572,131,572,131,572,130,572,128,572,128,572,127,571,126,568,125
550,31,546,31,546,31,541,31,538,31,537,29,536,28,533,28,528,28,528,28,524,28,521,28,519,29,519,31,519,31,519,33,519,34,519,34,519,36,521,37,524,38,527,38,528,39,528,41,528,41,528,42,530,43,533,44,537,44,537,44,541,44,544,43,546,42,547,41,550,41,553,40,555,39,555,38,555,38,555,36,555,34,555,34,555,33,553,32,550,31
533,128,530,129,528,130,528,131,528,131,528,133,530,134,533,135,536,134,537,133,537,131,537,131,537,130,536,129,533,128
524,144,521,145,519,146,519,148,519,148,519,149,521,150,524,151,527,150,528,149,528,148,528,148,528,146,527,145,524,144
524,154,521,155,519,156,519,157,519,157,519,159,521,160,524,161,527,160,528,159,528,157,528,157,528,156,527,155,524,154
515,138,512,138,510,140,512,141,515,141,518,141,519,140,518,138,515,138
488,25,485,25,484,26,484,28,484,28,484,29,485,31,488,31,491,31,493,29,493,28,493,28,493,26,491,25,488,25
479,18,476,19,475,20,476,21,479,21,482,21,484,20,482,19,479,18
462,99,457,99,457,97,456,96,453,96,450,95,448,94,448,93,448,93,448,91,447,90,444,89,441,90,440,91,440,93,440,93,440,94,440,96,440,96,440,97,440,99,440,99,440,101,440,102,440,102,440,104,440,106,440,106,440,107,440,109,440,109,440,110,441,112,444,112,447,112,448,110,448,109,448,109,448,107,448,106,448,106,448,104,448,102,448,102,448,101,450,100,453,99,457,99,457,101,457,102,457,102,457,104,457,106,457,106,457,107,457,109,457,109,457,110,457,112,457,112,457,114,457,115,457,115,457,117,457,119,457,119,457,120,457,122,457,122,457,123,457,125,457,125,457,127,457,128,457,128,457,130,459,131,462,131,465,131,466,130,466,128,466,128,466,127,466,125,466,125,466,123,466,122,466,122,466,120,466,119,466,119,466,117,466,115,466,115,466,114,466,112,466,112,466,110,466,109,466,109,466,107,466,106,466,106,466,104,466,102,466,102,466,101,465,100,462,99
426,70,423,70,422,72,423,73,426,73,429,73,431,72,429,70,426,70
417,102,414,103,413,104,413,106,413,106,413,107,414,108,417,109,420,108,422,107,422,106,422,106,422,104,420,103,417,102
364,83,361,83,360,85,361,86,364,86,367,86,369,85,367,83,364,83
355,465,351,465,351,465,347,465,344,466,342,467,344,468,347,468,351,468,351,468,355,468,358,468,360,467,358,466,355,465
347,67,344,67,342,68,342,70,342,70,342,72,344,73,347,73,350,73,351,72,351,70,351,70,351,68,350,67,347,67
347,76,344,77,342,78,344,79,347,80,350,79,351,78,350,77,347,76
347,455,342,455,342,455,338,455,333,455,333,454,332,453,329,452,326,452,324,451,323,449,320,449,316,449,316,449,311,449,308,448,307,447,305,446,302,446,299,445,298,444,296,443,293,442,290,442,289,441,288,440,285,439,282,439,280,438,279,437,276,436,273,435,271,434,270,433,267,433,264,432,262,431,261,430,258,430,255,429,254,428,252,427,249,426,245,426,245,426,240,426,236,426,236,426,231,426,228,426,227,425,226,424,223,423,218,423,218,423,214,423,211,422,209,421,208,420,205,420,202,419,200,418,199,417,196,417,193,416,192,415,190,414,187,413,184,414,183,415,183,417,183,417,183,418,184,419,187,420,190,420,192,421,193,422,196,423,199,424,200,425,202,426,205,426,208,427,209,428,211,429,214,430,217,430,218,431,220,432,223,433,227,433,227,433,231,433,234,433,236,434,237,435,240,436,243,437,245,438,246,439,249,439,254,439,254,439,258,439,261,440,262,441,264,442,267,442,270,443,271,444,273,445,276,446,279,446,280,447,282,448,285,449,288,449,289,451,290,452,293,452,298,452,298,452,302,452,305,453,307,454,308,455,311,455,316,455,316,455,320,455,324,455,324,455,329,455,333,455,333,457,335,458,338,459,342,459,342,459,347,459,350,458,351,457,350,456,347,455
302,358,299,359,298,360,299,361,302,361,305,361,307,360,305,359,302,358
276,161,273,160,271,159,270,158,267,157,264,157,262,156,261,155,258,154,255,154,254,153,252,151,249,151,246,150,245,149,243,148,240,148,236,148,236,148,231,148,227,148,227,148,223,148,220,148,218,149,218,151,218,151,218,153,218,154,218,154,218,156,217,157,214,157,211,158,209,159,209,161,209,161,209,162,211,163,214,164,218,164,218,164,223,164,227,164,227,164,231,164,236,164,236,164,240,164,243,164,245,165,246,167,249,167,254,167,254,167,258,167,262,167,262,167,267,167,271,167,271,167,276,167,279,167,280,165,280,164,280,164,280,162,279,161,276,161
214,391,211,391,209,392,208,393,205,394,202,393,200,392,199,391,196,391,192,391,192,389,190,388,187,387,184,387,183,386,181,385,178,384,174,384,174,384,169,384,166,385,165,386,166,387,169,387,172,388,174,389,175,390,178,391,183,391,183,391,187,391,192,391,192,392,192,394,192,394,192,395,193,397,196,397,199,398,200,399,202,400,205,400,208,400,209,399,211,398,214,397,217,397,218,395,218,394,218,394,218,392,217,391,214,391
214,404,211,404,209,405,211,406,214,407,217,406,218,405,217,404,214,404
205,125,202,124,200,123,199,122,196,122,193,121,192,120,190,119,187,119,184,118,183,117,183,115,183,115,183,114,183,112,183,112,183,110,183,109,183,109,183,107,183,106,183,106,183,104,181,103,178,102,174,102,174,102,169,102,166,103,165,104,165,106,165,106,165,107,165,109,165,109,165,110,164,111,161,112,156,112,156,112,152,112,149,111,147,110,147,109,147,109,147,107,147,106,147,106,147,104,147,102,147,102,147,101,149,100,152,99,155,99,156,97,158,96,161,96,165,96,165,96,169,96,172,95,174,94,172,93,169,93,166,92,165,91,164,90,161,89,156,89,156,89,152,89,149,90,147,91,147,93,147,93,147,94,146,95,143,96,140,96,138,97,138,99,138,99,138,101,138,102,138,102,138,104,138,106,138,106,138,107,138,109,138,109,138,110,138,112,138,112,138,114,138,115,138,115,138,117,138,119,138,119,138,120,138,122,138,122,138,123,138,125,138,125,138,127,138,128,138,128,138,130,138,131,138,131,138,133,138,135,138,135,138,136,140,137,143,138,147,138,147,138,152,138,155,137,156,136,156,135,156,135,156,133,158,132,161,131,164,132,165,133,165,135,165,135,165,136,165,138,165,138,165,140,165,141,161,141,158,142,156,143,158,144,161,144,164,144,165,143,165,141,169,141,172,141,174,140,175,139,178,138,181,139,183,140,183,141,183,141,183,143,184,144,187,144,190,144,192,143,193,142,196,141,199,141,200,140,202,139,205,138,208,137,209,136,209,135,209,135,209,133,209,131,209,131,209,130,209,128,209,128,209,127,208,126,205,125
178,378,175,377,174,376,172,375,169,374,166,374,165,373,164,372,161,371,158,371,156,370,155,368,152,368,149,368,147,370,147,371,147,371,147,373,149,374,152,374,155,375,156,376,158,377,161,378,164,378,165,379,166,380,169,381,174,381,174,381,178,381,181,380,183,379,181,378,178,378
54,261,50,261,50,259,48,258,45,258,42,258,41,259,42,261,45,261,50,261,50,263,51,264,54,264,57,264,59,263,57,262,54,261
37,251,34,252,32,253,34,254,37,255,40,254,41,253,40,252,37,251
161,119,158,119,156,120,155,121,152,122,149,122,147,123,149,124,152,125,156,125,156,125,161,125,164,124,165,123,165,122,165,122,165,120,164,119,161,119
