555,10,555,12,555,12,555,13,555,15,555,15,555,16,555,18,555,18,555,20,555,21,555,21,555,23,555,25,555,25,555,26,553,27,550,28,547,27,546,26,544,25,541,25,538,25,537,26,537,28,537,28,537,29,537,31,537,31,537,33,537,34,537,34,537,36,536,37,533,38,528,38,528,38,524,38,521,37,519,36,519,34,519,34,519,33,519,31,519,31,519,29,521,28,524,28,527,27,528,26,528,25,528,25,528,23,528,21,528,21,528,20,528,18,528,18,528,16,528,15,528,15,528,13,528,12,528,12,528,10,475,10,474,11,471,12,468,12,466,13,465,14,462,15,459,14,457,13,457,12,457,12,457,10,448,10,447,11,444,12,441,12,440,13,440,15,440,15,440,16,440,18,444,18,447,19,448,20,448,21,448,21,448,23,450,24,453,25,456,25,457,26,457,28,457,28,457,29,457,31,457,31,457,33,457,34,457,34,457,36,457,38,457,38,457,39,456,40,453,41,448,41,448,41,444,41,441,40,440,39,440,38,440,38,440,36,438,35,435,34,431,34,431,34,426,34,423,34,422,33,422,31,422,31,422,29,422,28,422,28,422,26,420,25,417,25,414,24,413,23,413,21,413,21,413,20,413,18,409,18,406,18,404,16,406,15,409,15,412,15,413,16,413,18,417,18,422,18,422,18,426,18,431,18,431,16,431,15,431,15,431,13,431,12,431,12,431,10,245,10,245,12,249,12,252,12,254,13,252,14,249,15,246,14,245,13,245,12,240,12,236,12,236,12,231,12,228,11,227,10,118,10,10,10,10,240,10,470,493,470,493,468,488,468,485,468,484,467,485,466,488,465,491,466,493,467,493,468,497,468,500,469,502,470,566,470,630,470,630,240,630,10,555,10
612,106,609,105,608,104,608,102,608,102,608,101,606,100,603,99,600,99,599,97,598,96,595,96,592,95,590,94,590,93,590,93,590,91,590,89,590,89,590,88,590,86,590,86,590,85,590,83,590,83,590,81,590,80,590,80,590,78,590,76,590,76,590,75,589,74,586,73,581,73,581,73,577,73,572,73,572,73,568,73,565,73,564,72,564,70,564,70,564,68,562,67,559,67,556,67,555,68,555,70,555,70,555,72,553,73,550,73,547,74,546,75,546,76,546,76,546,78,546,80,546,80,546,81,546,83,546,83,546,85,546,86,546,86,546,88,546,89,546,89,546,91,547,92,550,93,553,93,555,94,556,95,559,96,562,96,564,97,565,99,568,99,571,100,572,101,574,102,577,102,581,102,581,102,586,102,589,103,590,104,590,106,590,106,590,107,590,109,586,109,581,109,581,109,577,109,572,109,572,107,571,106,568,106,565,106,564,107,565,108,568,109,572,109,572,110,572,112,572,112,572,114,574,115,577,115,580,115,581,114,583,113,586,112,589,112,590,110,590,109,595,109,598,109,599,110,600,112,603,112,608,112,608,112,612,112,615,112,617,110,617,109,617,109,617,107,615,106,612,106
612,119,609,118,608,117,606,116,603,115,600,116,599,117,598,118,595,119,590,119,590,119,586,119,581,119,581,119,577,119,572,119,572,119,568,119,565,118,564,117,562,116,559,115,556,116,555,117,555,119,555,119,555,120,555,122,555,122,555,123,556,124,559,125,562,126,564,127,565,128,568,128,571,129,572,130,574,131,577,131,581,131,581,131,586,131,590,131,590,131,595,131,599,131,599,131,603,131,606,131,608,130,606,129,603,128,600,128,599,127,600,126,603,125,606,124,608,123,609,122,612,122,615,121,617,120,615,119,612,119
603,261,600,262,599,263,599,264,599,264,599,266,599,268,599,268,599,269,599,271,599,271,599,272,600,273,603,274,606,273,608,272,608,271,608,271,608,269,608,268,608,268,608,266,608,264,608,264,608,263,606,262,603,261
595,209,592,209,590,208,590,206,590,206,590,204,590,203,590,203,590,201,590,200,590,200,590,198,589,197,586,196,583,197,581,198,581,200,581,200,581,201,581,203,581,203,581,204,581,206,581,206,581,208,581,209,581,209,581,211,583,212,586,212,589,213,590,214,590,216,590,216,590,217,590,219,590,219,590,221,592,222,595,222,598,222,599,221,599,219,599,219,599,217,599,216,599,216,599,214,599,212,599,212,599,211,598,210,595,209
533,44,528,44,528,44,524,44,521,45,519,46,519,47,519,47,519,49,521,50,524,50,527,50,528,49,530,48,533,47,536,47,537,46,536,45,533,44
515,18,512,19,510,20,510,21,510,21,510,23,510,25,506,25,503,25,502,26,500,27,497,28,494,28,493,29,493,31,493,31,493,33,494,34,497,34,502,34,502,34,506,34,509,34,510,33,510,31,510,31,510,29,510,28,510,28,510,26,510,25,515,25,518,24,519,23,519,21,519,21,519,20,518,19,515,18
515,63,512,64,510,65,512,66,515,67,518,66,519,65,518,64,515,63
488,41,484,41,484,41,479,41,476,41,475,42,475,44,475,44,475,46,476,47,479,47,482,48,484,49,484,50,484,50,484,52,485,53,488,54,491,53,493,52,493,50,493,50,493,49,493,47,493,47,493,46,493,44,493,44,493,42,491,41,488,41
479,21,475,21,475,21,471,21,468,22,466,23,466,25,466,25,466,26,466,28,466,28,466,29,468,31,471,31,474,31,475,29,476,28,479,28,482,27,484,26,484,25,484,25,484,23,482,22,479,21
444,89,441,90,440,91,441,92,444,93,447,92,448,91,447,90,444,89
435,83,432,83,431,85,432,86,435,86,438,86,440,85,438,83,435,83
435,297,431,297,431,297,426,297,423,297,422,298,422,300,422,300,422,302,422,303,422,303,422,305,420,306,417,306,414,307,413,308,412,309,409,310,406,310,404,311,404,313,404,313,404,315,406,316,409,316,412,317,413,318,414,319,417,319,422,319,422,319,426,319,429,319,431,318,431,316,431,316,431,315,431,313,431,313,431,311,431,310,431,310,431,308,432,307,435,306,438,306,440,305,440,303,440,303,440,302,440,300,440,300,440,298,438,297,435,297
435,361,432,362,431,363,431,365,426,365,423,365,422,366,423,367,426,368,429,367,431,366,431,365,435,365,438,364,440,363,438,362,435,361
426,73,423,74,422,75,423,76,426,76,429,76,431,75,429,74,426,73
426,417,422,417,422,417,417,417,414,417,413,418,413,420,413,420,413,421,413,423,413,423,413,425,412,426,409,426,406,427,404,428,406,429,409,430,413,430,413,430,417,430,420,429,422,428,423,427,426,426,429,426,431,425,431,423,431,423,431,421,431,420,431,420,431,418,429,417,426,417
417,99,414,100,413,101,414,102,417,102,420,102,422,101,420,100,417,99
417,378,414,377,413,376,413,374,413,374,413,373,412,372,409,371,404,371,404,371,400,371,397,372,395,373,395,374,395,374,395,376,395,378,395,378,395,379,395,381,395,381,395,383,397,384,400,384,403,385,404,386,406,387,409,387,412,388,413,389,414,390,417,391,420,390,422,389,422,387,422,387,422,386,422,384,422,384,422,383,422,381,422,381,422,379,420,378,417,378
409,394,406,394,404,395,406,397,409,397,412,397,413,395,412,394,409,394
409,407,406,407,404,408,404,410,404,410,404,412,406,413,409,413,412,413,413,412,413,410,413,410,413,408,412,407,409,407
400,67,397,66,395,65,394,64,391,63,388,64,386,65,386,67,386,67,386,68,388,69,391,70,395,70,395,70,400,70,403,69,404,68,403,67,400,67
391,420,388,420,386,421,388,422,391,423,394,422,395,421,394,420,391,420
382,25,379,25,378,26,378,28,378,28,378,29,378,31,373,31,370,32,369,33,369,34,369,34,369,36,369,38,369,38,369,39,369,41,369,41,369,42,369,44,369,44,369,46,369,47,369,47,369,49,370,50,373,50,376,50,378,49,378,47,378,47,378,46,378,44,378,44,378,42,378,41,378,41,378,39,378,38,378,38,378,36,378,34,378,34,378,33,378,31,382,31,385,31,386,29,386,28,386,28,386,26,385,25,382,25
382,310,379,310,378,311,378,313,378,313,378,315,378,316,378,316,378,318,379,319,382,319,385,319,386,318,386,316,386,316,386,315,386,313,386,313,386,311,385,310,382,310
373,12,370,12,369,13,369,15,364,15,361,14,360,13,358,12,355,12,352,12,351,13,351,15,351,15,351,16,352,18,355,18,360,18,360,18,364,18,367,18,369,16,369,15,373,15,376,14,378,13,376,12,373,12
338,187,335,187,333,188,335,189,338,190,341,189,342,188,341,187,338,187
329,38,326,38,324,39,324,41,324,41,324,42,324,44,324,44,324,46,326,47,329,47,332,47,333,46,333,44,333,44,333,42,333,41,333,41,333,39,332,38,329,38
302,174,299,174,298,175,299,176,302,177,305,176,307,175,305,174,302,174
143,329,140,329,138,327,138,326,138,326,138,324,137,323,134,323,131,322,130,321,128,320,125,319,121,319,121,319,116,319,113,319,112,318,110,317,107,316,103,316,103,316,99,316,96,317,94,318,94,319,94,319,94,321,94,323,94,323,94,324,96,325,99,326,102,326,103,327,104,329,107,329,110,330,112,331,112,332,112,332,112,334,113,335,116,336,119,336,121,337,122,338,125,339,130,339,130,339,134,339,137,338,138,337,140,336,143,336,146,335,147,334,147,332,147,332,147,331,146,330,143,329
54,420,51,420,50,421,51,422,54,423,57,422,59,421,57,420,54,420
45,47,41,47,41,47,37,47,34,48,32,49,34,50,37,50,41,50,41,50,45,50,48,50,50,49,48,48,45,47
435,18,431,18,431,20,432,21,435,21,438,21,440,20,440,18,435,18
