10,313,13,313,14,315,16,316,19,316,23,316,23,316,28,316,31,317,32,318,32,319,32,319,32,321,32,323,32,323,32,324,32,326,32,326,32,327,31,329,28,329,25,330,23,331,22,332,19,332,14,332,14,332,10,332,10,401,10,470,94,470,96,469,99,468,103,468,103,468,107,468,112,468,112,468,116,468,121,468,121,468,125,468,128,469,130,470,484,470,484,468,484,468,484,467,485,466,488,465,491,466,493,467,493,468,493,468,493,470,561,470,630,470,630,240,630,10,320,10,10,10,10,313
612,67,608,67,608,65,608,63,608,63,608,62,606,61,603,60,600,60,599,59,598,58,595,57,590,57,590,57,586,57,583,56,581,55,580,54,577,54,574,53,572,52,571,51,568,50,564,50,564,49,562,48,559,47,556,48,555,49,556,50,559,50,564,50,564,52,564,54,564,54,564,55,564,57,564,57,564,59,562,60,559,60,556,61,555,62,553,63,550,63,547,63,546,62,544,61,541,60,538,61,537,62,537,63,537,63,537,65,538,66,541,67,544,67,546,68,547,69,550,70,553,70,555,72,555,73,555,73,555,75,555,76,550,76,547,77,546,78,546,80,546,80,546,81,547,82,550,83,555,83,555,85,556,86,559,86,564,86,564,86,568,86,571,86,572,85,574,83,577,83,580,83,581,85,583,86,586,86,589,86,590,85,592,83,595,83,598,82,599,81,599,80,603,80,606,79,608,78,606,77,603,76,600,77,599,78,599,80,595,80,592,79,590,78,590,76,590,76,590,75,590,73,590,73,590,72,592,70,595,70,598,69,599,68,600,67,603,67,608,67,608,68,609,69,612,70,615,69,617,68,615,67,612,67
603,109,600,108,599,107,598,106,595,106,590,106,590,106,586,106,581,106,581,106,577,106,574,106,572,107,571,108,568,109,565,109,564,110,565,112,568,112,572,112,572,112,577,112,581,112,581,112,586,112,590,112,590,112,595,112,599,112,599,112,603,112,606,112,608,110,606,109,603,109
586,31,583,31,581,29,581,28,581,28,581,26,580,25,577,25,574,24,572,23,571,22,568,21,565,21,564,20,562,19,559,18,556,19,555,20,555,21,555,21,555,23,555,25,555,25,555,26,556,27,559,28,562,28,564,29,565,31,568,31,571,32,572,33,574,34,577,34,580,35,581,36,583,37,586,38,589,37,590,36,590,34,590,34,590,33,589,32,586,31
586,47,583,48,581,49,583,50,586,50,589,50,590,49,589,48,586,47
577,41,572,41,572,39,571,38,568,38,565,38,564,39,565,40,568,41,572,41,572,42,574,43,577,44,580,43,581,42,580,41,577,41
568,99,564,99,564,99,559,99,556,100,555,101,553,102,550,102,547,103,546,104,546,106,546,106,546,107,547,108,550,109,553,108,555,107,556,106,559,106,562,105,564,104,565,103,568,102,571,102,572,101,571,100,568,99
568,119,565,119,564,120,565,121,568,122,571,121,572,120,571,119,568,119
559,89,556,90,555,91,555,93,555,93,555,94,556,95,559,96,562,95,564,94,564,93,564,93,564,91,562,90,559,89
559,128,556,129,555,130,555,131,555,131,555,133,556,134,559,135,562,134,564,133,564,131,564,131,564,130,562,129,559,128
559,170,556,170,555,169,555,167,555,167,555,165,553,164,550,164,547,163,546,162,544,161,541,161,538,160,537,159,537,157,537,157,537,156,537,154,537,154,537,153,537,151,537,151,537,149,537,148,537,148,537,146,537,144,537,144,537,143,537,141,537,141,537,140,536,138,533,138,530,137,528,136,530,135,533,135,536,134,537,133,537,131,537,131,537,130,538,129,541,128,544,128,546,127,546,125,546,125,546,123,546,122,546,122,546,120,546,119,550,119,553,118,555,117,553,116,550,115,547,116,546,117,546,119,541,119,537,119,537,117,537,115,537,115,537,114,537,112,537,112,537,110,537,109,537,109,537,107,537,106,537,106,537,104,536,103,533,102,528,102,528,102,524,102,521,103,519,104,518,105,515,106,512,106,510,107,510,109,510,109,510,110,510,112,510,112,510,114,509,115,506,115,503,116,502,117,502,119,502,119,502,120,502,122,502,122,502,123,502,125,502,125,502,127,500,128,497,128,493,128,493,128,488,128,485,128,484,127,484,125,484,125,484,123,485,122,488,122,491,121,493,120,491,119,488,119,485,118,484,117,485,116,488,115,491,115,493,114,493,112,493,112,493,110,494,109,497,109,500,108,502,107,500,106,497,106,494,105,493,104,491,103,488,102,485,102,484,101,485,100,488,99,493,99,493,99,497,99,500,99,502,97,500,96,497,96,494,95,493,94,493,93,493,93,493,91,493,89,493,89,493,88,491,87,488,86,485,86,484,85,484,83,484,83,484,81,485,80,488,80,491,79,493,78,493,76,493,76,493,75,491,74,488,73,485,74,484,75,482,76,479,76,476,77,475,78,475,80,475,80,475,81,475,83,475,83,475,85,475,86,475,86,475,88,475,89,475,89,475,91,474,92,471,93,466,93,466,91,465,90,462,89,459,90,457,91,459,92,462,93,466,93,466,94,466,96,466,96,466,97,465,99,462,99,459,100,457,101,457,102,457,102,457,104,457,106,457,106,457,107,457,109,457,109,457,110,457,112,457,112,457,114,457,115,457,115,457,117,457,119,457,119,457,120,457,122,457,122,457,123,457,125,457,125,457,127,457,128,457,128,457,130,457,131,457,131,457,133,457,135,457,135,457,136,459,137,462,138,466,138,466,138,471,138,474,137,475,136,476,135,479,135,484,135,484,135,488,135,493,135,493,136,491,137,488,138,485,138,484,140,484,141,484,141,484,143,482,144,479,144,475,144,475,143,474,142,471,141,468,142,466,143,468,144,471,144,475,144,475,146,475,148,475,148,475,149,475,151,475,151,475,153,475,154,475,154,475,156,476,157,479,157,482,158,484,159,485,160,488,161,493,161,493,162,493,164,493,164,493,165,493,167,493,167,493,169,494,170,497,170,502,170,502,170,506,170,510,170,510,170,515,170,518,170,519,169,521,168,524,167,527,168,528,169,530,170,533,170,537,170,537,170,541,170,544,171,546,172,546,174,546,174,546,175,546,177,546,177,546,178,547,180,550,180,553,181,555,182,556,183,559,183,562,183,564,182,564,180,564,180,564,178,564,177,564,177,564,175,564,174,564,174,564,172,562,171,559,170
541,287,538,288,537,289,537,290,537,290,537,292,538,293,541,293,544,293,546,292,546,290,546,290,546,289,544,288,541,287
515,433,510,433,510,431,510,430,510,430,510,428,510,426,510,426,510,425,510,423,510,423,510,421,510,420,510,420,510,418,509,417,506,417,503,416,502,415,502,413,502,413,502,412,502,410,502,410,502,408,500,407,497,407,494,407,493,408,493,410,493,410,493,412,493,413,493,413,493,415,493,417,493,417,493,418,494,419,497,420,500,420,502,421,502,423,502,423,502,425,502,426,502,426,502,428,502,430,502,430,502,431,503,432,506,433,510,433,510,434,510,436,510,436,510,438,512,439,515,439,518,439,519,438,519,436,519,436,519,434,518,433,515,433
497,394,494,394,493,395,494,397,497,397,500,397,502,395,500,394,497,394
471,41,468,41,466,42,468,43,471,44,474,43,475,42,474,41,471,41
462,446,459,445,457,444,457,442,457,442,457,441,457,439,457,439,457,438,457,436,457,436,457,434,457,433,457,433,457,431,456,430,453,430,448,430,448,428,448,426,448,426,448,425,447,424,444,423,441,424,440,425,440,426,440,426,440,428,441,429,444,430,448,430,448,431,448,433,448,433,448,434,447,435,444,436,441,435,440,434,438,433,435,433,432,432,431,431,431,430,431,430,431,428,429,427,426,426,422,426,422,426,417,426,414,427,413,428,413,430,413,430,413,431,413,433,413,433,413,434,414,435,417,436,420,437,422,438,422,439,422,439,422,441,422,442,422,442,422,444,423,445,426,446,429,446,431,447,431,449,431,449,431,451,431,452,431,452,431,454,432,455,435,455,438,456,440,457,441,458,444,459,448,459,448,459,453,459,456,459,457,460,459,461,462,462,465,461,466,460,466,459,466,459,466,457,466,455,466,455,466,454,466,452,466,452,466,451,466,449,466,449,466,447,465,446,462,446
453,161,450,161,448,162,450,163,453,164,456,163,457,162,456,161,453,161
444,119,441,119,440,120,440,122,440,122,440,123,441,124,444,125,447,124,448,123,448,122,448,122,448,120,447,119,444,119
417,225,414,226,413,227,414,228,417,229,420,228,422,227,420,226,417,225
382,135,378,135,378,133,378,131,378,131,378,130,376,129,373,128,369,128,369,127,367,126,364,125,361,126,360,127,361,128,364,128,369,128,369,130,369,131,369,131,369,133,370,134,373,135,378,135,378,136,378,138,378,138,378,140,378,141,378,141,378,143,379,144,382,144,385,144,386,143,386,141,386,141,386,140,386,138,386,138,386,136,385,135,382,135
382,222,379,223,378,224,379,225,382,225,385,225,386,224,385,223,382,222
382,258,378,258,378,258,373,258,369,258,369,256,367,255,364,255,360,255,360,253,358,252,355,251,352,252,351,253,352,254,355,255,360,255,360,256,361,257,364,258,369,258,369,259,370,261,373,261,378,261,378,261,382,261,385,261,386,259,385,258,382,258
347,258,342,258,342,256,341,255,338,255,335,255,333,256,335,257,338,258,342,258,342,259,344,261,347,261,350,261,351,259,350,258,347,258
276,361,271,361,271,361,267,361,262,361,262,361,258,361,254,361,254,361,249,361,245,361,245,361,240,361,237,362,236,363,234,364,231,365,227,365,227,365,223,365,218,365,218,365,214,365,209,365,209,363,209,361,209,361,209,360,208,359,205,358,200,358,200,358,196,358,193,359,192,360,193,361,196,361,199,362,200,363,202,364,205,365,209,365,209,366,211,367,214,368,217,369,218,370,220,371,223,371,226,371,227,370,228,369,231,368,236,368,236,368,240,368,245,368,245,368,249,368,254,368,254,368,258,368,261,367,262,366,264,365,267,365,271,365,271,365,276,365,279,364,280,363,279,362,276,361
231,465,228,466,227,467,228,468,231,468,234,468,236,467,234,466,231,465
178,358,175,358,174,357,172,356,169,355,165,355,165,355,161,355,156,355,156,355,152,355,147,355,147,355,143,355,138,355,138,355,134,355,131,354,130,353,128,352,125,352,121,352,121,352,116,352,112,352,112,352,107,352,103,352,103,352,99,352,94,352,94,352,90,352,87,352,85,353,85,355,85,355,85,357,85,358,85,358,85,360,85,361,85,361,85,363,87,364,90,365,94,365,94,365,99,365,103,365,103,365,107,365,112,365,112,365,116,365,119,365,121,366,122,367,125,368,128,367,130,366,131,365,134,365,138,365,138,365,143,365,146,364,147,363,149,362,152,361,156,361,156,361,161,361,164,362,165,363,166,364,169,365,172,364,174,363,175,362,178,361,181,361,183,360,181,359,178,358
178,426,175,427,174,428,172,429,169,430,166,430,165,431,165,433,165,433,165,434,164,435,161,436,158,437,156,438,155,439,152,439,147,439,147,439,143,439,140,440,138,441,140,442,143,442,147,442,147,442,152,442,156,442,156,442,161,442,164,442,165,441,166,440,169,439,172,439,174,438,174,436,174,436,174,434,175,433,178,433,181,432,183,431,183,430,183,430,183,428,181,427,178,426
63,423,60,424,59,425,60,426,63,426,66,426,68,425,66,424,63,423
568,76,564,76,564,76,559,76,555,76,555,78,555,80,555,80,555,81,555,83,559,83,562,82,564,81,565,80,568,80,571,79,572,78,571,77,568,76
533,119,528,119,528,120,528,122,528,122,528,123,528,125,533,125,536,124,537,123,537,122,537,122,537,120,537,119,533,119
524,115,521,116,519,117,521,118,524,119,528,119,528,117,527,116,524,115
524,125,519,125,519,127,519,128,524,128,527,128,528,127,528,125,524,125
515,122,512,122,510,123,512,124,515,125,519,125,519,123,518,122,515,122
515,128,512,129,510,130,510,131,515,131,518,131,519,130,519,128,515,128
515,144,512,145,510,146,512,147,515,148,518,147,519,146,518,145,515,144
506,131,502,131,502,131,497,131,494,132,493,133,493,135,497,135,500,135,502,136,503,137,506,138,509,137,510,136,510,135,510,135,510,133,510,131,506,131
497,157,494,158,493,159,493,161,497,161,500,160,502,159,500,158,497,157
