10,232,13,232,14,234,16,235,19,235,22,236,23,237,25,238,28,238,31,238,32,237,34,236,37,235,41,235,41,235,45,235,48,235,50,234,51,232,54,232,57,232,59,234,59,235,59,235,59,237,59,238,59,238,59,240,59,242,59,242,59,243,59,245,59,245,59,246,59,248,59,248,59,250,59,251,59,251,59,253,57,254,54,255,51,255,50,256,48,257,45,258,42,258,41,259,40,261,37,261,34,262,32,263,32,264,32,264,32,266,31,267,28,268,25,268,23,269,22,270,19,271,16,271,14,272,14,274,14,274,14,276,14,277,14,277,14,279,14,280,14,280,14,282,13,283,10,284,10,326,13,326,14,327,13,329,10,329,10,336,13,336,14,337,14,339,14,339,14,340,14,342,14,342,14,344,16,345,19,345,22,346,23,347,25,348,28,349,31,349,32,350,32,352,32,352,32,353,34,354,37,355,40,356,41,357,42,358,45,358,48,359,50,360,51,361,54,361,57,362,59,363,59,365,59,365,59,366,60,367,63,368,66,368,68,370,69,371,72,371,75,372,76,373,76,374,76,374,76,376,78,377,81,378,84,378,85,379,87,380,90,381,93,381,94,383,96,384,99,384,102,385,103,386,103,387,107,387,110,388,112,389,112,391,112,391,112,392,113,393,116,394,119,394,121,395,121,397,121,397,121,399,121,400,125,400,130,400,130,400,134,400,138,400,138,400,143,400,147,400,147,400,152,400,156,400,156,400,161,400,164,401,165,402,166,403,169,404,174,404,174,404,178,404,183,404,183,404,187,404,190,404,192,405,193,406,196,407,200,407,200,407,205,407,208,407,209,408,211,410,214,410,218,410,218,410,223,410,226,411,227,412,228,413,231,413,234,414,236,415,236,417,236,417,236,418,234,419,231,420,227,420,227,420,223,420,220,419,218,418,217,417,214,417,209,417,209,417,205,417,202,416,200,415,199,414,196,413,192,413,192,413,187,413,183,413,183,413,178,413,175,413,174,412,172,411,169,410,165,410,165,410,161,410,156,410,156,410,152,410,149,410,147,408,147,407,147,407,147,405,146,404,143,404,138,404,138,404,134,404,130,404,130,404,125,404,122,403,121,402,121,400,116,400,112,400,112,400,107,400,104,400,103,399,103,397,103,397,103,395,102,394,99,394,96,393,94,392,96,391,99,391,102,390,103,389,103,387,99,387,94,387,94,387,90,387,85,387,85,387,81,387,76,387,76,387,72,387,69,387,68,386,66,385,63,384,60,384,59,383,59,381,59,381,59,379,57,378,54,378,51,377,50,376,48,375,45,374,42,374,41,373,40,372,37,371,34,371,32,370,32,368,32,368,32,366,31,365,28,365,25,364,23,363,23,361,23,361,23,360,23,358,23,358,23,357,22,356,19,355,16,354,14,353,13,352,10,352,10,411,10,470,510,470,512,469,515,468,518,469,519,470,537,470,537,468,537,468,537,467,537,465,537,465,537,464,537,462,537,462,537,460,537,459,537,459,537,457,538,456,541,455,544,456,546,457,546,459,546,459,546,460,547,461,550,462,553,462,555,464,555,465,555,465,555,467,555,468,555,468,555,470,592,470,630,470,630,248,627,248,626,246,627,245,630,245,630,170,626,170,626,170,621,170,617,170,617,170,612,170,609,170,608,169,606,168,603,167,600,167,599,165,598,164,595,164,592,163,590,162,589,161,586,161,583,160,581,159,580,158,577,157,572,157,572,157,568,157,565,158,564,159,562,160,559,161,555,161,555,161,550,161,546,161,546,161,541,161,537,161,537,161,533,161,528,161,528,161,524,161,521,160,519,159,521,158,524,157,527,157,528,156,530,155,533,154,537,154,537,154,541,154,544,154,546,153,546,151,546,151,546,149,544,148,541,148,538,147,537,146,537,144,537,144,537,143,536,142,533,141,530,141,528,140,528,138,528,138,528,136,528,135,528,135,528,133,530,132,533,131,536,131,537,130,537,128,537,128,537,127,537,125,537,125,537,123,538,122,541,122,546,122,546,122,550,122,553,121,555,120,556,119,559,119,564,119,564,119,568,119,571,119,572,120,572,122,572,122,572,123,572,125,572,125,572,127,571,128,568,128,565,129,564,130,564,131,564,131,564,133,562,134,559,135,556,135,555,136,555,138,555,138,555,140,555,141,555,141,555,143,556,144,559,144,564,144,564,144,568,144,571,145,572,146,574,147,577,148,580,148,581,149,583,150,586,151,589,151,590,153,590,154,590,154,590,156,592,157,595,157,599,157,599,157,603,157,608,157,608,157,612,157,617,157,617,157,621,157,626,157,626,157,630,157,630,84,630,10,320,10,10,10,10,232
621,115,617,115,617,115,612,115,609,116,608,117,609,118,612,119,617,119,617,119,621,119,624,118,626,117,624,116,621,115
586,125,583,126,581,127,581,128,581,128,581,130,583,131,586,131,589,131,590,130,590,128,590,128,590,127,589,126,586,125
568,339,565,339,564,340,565,342,568,342,571,342,572,340,571,339,568,339
533,15,528,15,528,15,524,15,521,14,519,13,518,12,515,12,510,12,510,12,506,12,502,12,502,12,497,12,494,12,493,13,493,15,493,15,493,16,494,18,497,18,500,19,502,20,500,21,497,21,493,21,493,21,488,21,484,21,484,21,479,21,475,21,475,20,475,18,475,18,475,16,475,15,475,15,475,13,474,12,471,12,468,12,466,13,466,15,466,15,466,16,466,18,466,18,466,20,468,21,471,21,475,21,475,23,476,24,479,25,484,25,484,25,488,25,491,25,493,26,494,27,497,28,500,28,502,29,503,31,506,31,509,32,510,33,510,34,510,34,510,36,510,38,510,38,510,39,510,41,510,41,510,42,512,43,515,44,519,44,519,46,519,47,519,47,519,49,519,50,515,50,512,51,510,52,512,53,515,54,518,53,519,52,519,50,524,50,527,50,528,49,528,47,528,47,528,46,527,45,524,44,519,44,519,42,519,41,519,41,519,39,519,38,519,38,519,36,521,35,524,34,527,34,528,33,528,31,533,31,536,31,537,29,537,28,537,28,537,26,536,25,533,25,528,25,528,23,530,22,533,21,536,21,537,20,537,18,537,18,537,16,536,15,533,15
488,465,485,466,484,467,485,468,488,468,491,468,493,467,491,466,488,465
311,102,308,102,307,101,307,99,307,99,307,97,305,96,302,96,299,96,298,97,298,99,298,99,298,101,298,102,298,102,298,104,299,105,302,106,307,106,307,106,311,106,314,105,316,104,314,103,311,102
311,109,308,109,307,110,308,112,311,112,314,112,316,110,314,109,311,109
293,200,290,200,289,201,290,202,293,203,296,202,298,201,296,200,293,200
231,446,227,446,227,446,223,446,220,446,218,447,218,449,218,449,218,451,220,452,223,452,226,453,227,454,228,455,231,455,234,455,236,454,236,452,236,452,236,451,236,449,236,449,236,447,234,446,231,446
143,420,140,420,138,421,140,422,143,423,146,422,147,421,146,420,143,420
45,423,41,423,41,423,37,423,34,424,32,425,34,426,37,426,41,426,41,426,45,426,48,426,50,425,48,424,45,423
524,25,521,25,519,26,519,28,519,28,519,29,521,31,524,31,528,31,528,29,528,28,528,28,528,26,528,25,524,25
515,18,512,19,510,20,512,21,515,21,518,21,519,20,518,19,515,18
