581,10,581,12,581,12,581,13,580,14,577,15,574,14,572,13,572,12,572,12,572,10,291,10,10,10,10,21,14,21,14,21,19,21,23,21,23,20,25,19,28,18,32,18,32,16,34,15,37,15,40,15,41,16,40,18,37,18,32,18,32,20,31,21,28,21,23,21,23,23,22,24,19,25,14,25,14,25,10,25,10,323,13,323,14,324,14,326,14,326,14,327,14,329,14,329,14,331,14,332,14,332,14,334,14,336,14,336,14,337,14,339,14,339,14,340,16,341,19,342,22,343,23,344,23,345,23,345,23,347,25,348,28,349,31,349,32,350,32,352,32,352,32,353,34,354,37,355,40,356,41,357,41,358,41,358,41,360,41,361,41,361,41,363,42,364,45,365,48,365,50,366,50,368,50,368,50,370,50,371,50,371,50,373,51,374,54,374,57,375,59,376,59,378,59,378,59,379,60,380,63,381,66,381,68,383,68,384,68,384,68,386,69,387,72,387,75,388,76,389,78,390,81,391,84,391,85,392,85,394,85,394,85,395,87,397,90,397,93,398,94,399,96,400,99,400,102,401,103,402,102,403,99,404,96,404,94,405,94,407,94,407,94,408,94,410,94,410,94,412,93,413,90,413,87,413,85,412,84,411,81,410,78,410,76,408,75,407,72,407,69,406,68,405,68,404,68,404,68,402,68,400,68,400,68,399,66,398,63,397,60,397,59,395,59,394,59,394,59,392,59,391,59,391,59,389,57,388,54,387,51,387,50,386,48,385,45,384,42,384,41,383,41,381,41,381,41,379,41,378,41,378,41,376,40,375,37,374,34,374,32,373,32,371,32,371,32,370,31,369,28,368,25,367,23,366,23,365,23,365,23,363,22,362,19,361,16,361,14,360,14,358,14,358,14,357,13,356,10,355,10,413,10,470,94,470,96,469,99,468,102,469,103,470,112,470,113,469,116,468,119,468,121,467,122,466,125,465,128,466,130,467,130,468,130,468,130,470,380,470,630,470,630,240,630,10,581,10
612,177,609,176,608,175,606,174,603,174,600,173,599,172,598,171,595,170,592,170,590,169,590,167,590,167,590,165,589,164,586,164,583,163,581,162,580,161,577,161,572,161,572,161,568,161,565,160,564,159,564,157,564,157,564,156,564,154,564,154,564,153,562,151,559,151,555,151,555,151,550,151,547,150,546,149,546,148,546,148,546,146,546,144,550,144,553,144,555,143,553,142,550,141,546,141,546,140,546,138,546,138,546,136,546,135,550,135,553,134,555,133,553,132,550,131,547,132,546,133,546,135,541,135,538,134,537,133,537,131,537,131,537,130,538,129,541,128,546,128,546,128,550,128,553,128,555,127,553,126,550,125,547,124,546,123,544,122,541,122,538,121,537,120,536,119,533,119,530,119,528,120,527,121,524,122,521,121,519,120,518,119,515,119,510,119,510,119,506,119,503,119,502,120,502,122,502,122,502,123,502,125,502,125,502,127,500,128,497,128,494,129,493,130,494,131,497,131,500,132,502,133,500,134,497,135,494,135,493,136,491,137,488,138,485,138,484,140,485,141,488,141,491,142,493,143,494,144,497,144,500,144,502,143,503,142,506,141,509,142,510,143,512,144,515,144,518,145,519,146,518,147,515,148,510,148,510,148,506,148,503,148,502,149,502,151,502,151,502,153,502,154,502,154,502,156,503,157,506,157,509,158,510,159,510,161,510,161,510,162,512,163,515,164,518,163,519,162,521,161,524,161,527,160,528,159,530,158,533,157,537,157,537,157,541,157,544,158,546,159,546,161,546,161,546,162,544,163,541,164,538,164,537,165,538,167,541,167,544,168,546,169,547,170,550,170,555,170,555,170,559,170,564,170,564,170,568,170,571,171,572,172,572,174,572,174,572,175,574,176,577,177,580,177,581,178,583,180,586,180,590,180,590,180,595,180,599,180,599,180,603,180,608,180,608,180,612,180,615,180,617,178,615,177,612,177
577,128,572,128,572,128,568,128,565,129,564,130,565,131,568,131,572,131,572,131,577,131,580,131,581,130,580,129,577,128
568,83,565,83,564,85,565,86,568,86,571,86,572,85,571,83,568,83
559,361,556,362,555,363,555,365,555,365,555,366,555,368,555,368,555,370,556,371,559,371,562,371,564,370,564,368,564,368,564,366,564,365,564,365,564,363,562,362,559,361
541,47,538,47,537,46,536,45,533,44,530,43,528,42,528,41,528,41,528,39,527,38,524,38,521,38,519,39,518,40,515,41,510,41,510,41,506,41,502,41,502,39,500,38,497,38,494,38,493,39,494,40,497,41,502,41,502,42,502,44,497,44,494,45,493,46,494,47,497,47,502,47,502,49,502,50,502,50,502,52,502,54,502,54,502,55,502,57,502,57,502,59,503,60,506,60,510,60,510,60,515,60,518,60,519,59,519,57,519,57,519,55,519,54,519,54,519,52,521,51,524,50,528,50,528,50,533,50,536,51,537,52,537,54,537,54,537,55,537,57,537,57,537,59,536,60,533,60,530,61,528,62,530,63,533,63,536,64,537,65,538,66,541,67,544,66,546,65,546,63,546,63,546,62,546,60,546,60,546,59,546,57,546,57,546,55,546,54,546,54,546,52,546,50,546,50,546,49,544,48,541,47
533,106,530,106,528,107,530,108,533,109,536,108,537,107,536,106,533,106
497,80,494,79,493,78,491,77,488,76,484,76,484,76,479,76,476,77,475,78,475,80,475,80,475,81,475,83,475,83,475,85,475,86,475,86,475,88,475,89,475,89,475,91,474,92,471,93,468,93,466,94,468,95,471,96,475,96,475,96,479,96,484,96,484,96,488,96,493,96,493,97,493,99,493,99,493,101,491,102,488,102,485,103,484,104,484,106,484,106,484,107,482,108,479,109,476,109,475,110,476,112,479,112,482,113,484,114,484,115,484,115,484,117,485,118,488,119,491,118,493,117,494,116,497,115,500,115,502,114,502,112,502,112,502,110,502,109,502,109,502,107,502,106,502,106,502,104,502,102,502,102,502,101,502,99,502,99,502,97,500,96,497,96,493,96,493,94,493,93,493,93,493,91,493,89,493,89,493,88,493,86,493,86,493,85,494,83,497,83,500,82,502,81,500,80,497,80
488,70,485,70,484,72,485,73,488,73,491,73,493,72,491,70,488,70
479,21,475,21,475,21,471,21,466,21,466,21,462,21,459,22,457,23,457,25,457,25,457,26,457,28,453,28,448,28,448,26,447,25,444,25,441,25,440,26,441,27,444,28,448,28,448,29,450,31,453,31,457,31,457,33,459,34,462,34,466,34,466,34,471,34,474,34,475,33,476,32,479,31,482,31,484,29,484,28,484,28,484,26,484,25,484,25,484,23,482,22,479,21
391,287,388,288,386,289,388,290,391,290,394,290,395,289,394,288,391,287
338,436,333,436,333,436,329,436,326,437,324,438,323,439,320,439,316,439,316,439,311,439,308,440,307,441,305,442,302,442,298,442,298,442,293,442,289,442,289,442,285,442,280,442,280,442,276,442,271,442,271,442,267,442,264,443,262,444,261,445,258,446,254,446,254,446,249,446,246,446,245,447,243,448,240,449,237,449,236,451,237,452,240,452,245,452,245,452,249,452,252,453,254,454,255,455,258,455,261,456,262,457,262,459,262,459,262,460,262,462,258,462,255,462,254,464,255,465,258,465,261,465,262,464,262,462,267,462,270,461,271,460,273,459,276,459,279,458,280,457,282,456,285,455,288,455,289,454,290,453,293,452,298,452,298,452,302,452,307,452,307,452,311,452,314,452,316,451,317,449,320,449,323,448,324,447,326,446,329,446,332,445,333,444,335,443,338,442,341,442,342,441,342,439,342,439,342,438,341,437,338,436
311,219,308,219,307,221,308,222,311,222,314,222,316,221,314,219,311,219
267,426,264,427,262,428,264,429,267,430,270,429,271,428,270,427,267,426
240,430,236,430,236,430,231,430,227,430,227,430,223,430,218,430,218,430,214,430,211,430,209,431,208,432,205,433,202,433,200,434,202,435,205,436,209,436,209,436,214,436,218,436,218,436,223,436,226,435,227,434,228,433,231,433,236,433,236,433,240,433,243,432,245,431,243,430,240,430
240,462,236,462,236,460,234,459,231,459,228,459,227,460,228,461,231,462,236,462,236,464,237,465,240,465,243,465,245,464,243,462,240,462
231,102,228,103,227,104,228,105,231,106,234,105,236,104,234,103,231,102
134,277,131,277,130,276,128,275,125,274,121,274,121,274,116,274,112,274,112,274,107,274,103,274,103,274,99,274,96,273,94,272,93,271,90,271,87,270,85,269,85,268,85,268,85,266,84,265,81,264,76,264,76,264,72,264,69,265,68,266,66,267,63,268,60,267,59,266,59,264,59,264,59,263,57,262,54,261,51,262,50,263,50,264,50,264,50,266,48,267,45,268,42,268,41,269,41,271,41,271,41,272,41,274,41,274,41,276,41,277,41,277,41,279,41,280,41,280,41,282,42,283,45,284,48,284,50,285,50,287,50,287,50,289,51,290,54,290,57,291,59,292,59,293,59,293,59,295,60,296,63,297,66,297,68,298,69,299,72,300,75,299,76,298,76,297,76,297,76,295,78,294,81,293,84,294,85,295,87,296,90,297,93,296,94,295,94,293,94,293,94,292,96,291,99,290,102,290,103,289,104,288,107,287,110,286,112,285,113,284,116,284,121,284,121,284,125,284,128,283,130,282,131,281,134,280,137,280,138,279,137,278,134,277
72,423,68,423,68,423,63,423,59,423,59,421,57,420,54,420,51,420,50,421,51,422,54,423,59,423,59,425,60,426,63,426,68,426,68,426,72,426,75,426,76,425,75,424,72,423
541,141,538,142,537,143,538,144,541,144,546,144,546,143,546,141,541,141
524,125,521,126,519,127,521,128,524,128,527,128,528,127,527,126,524,125
506,44,502,44,502,46,502,47,506,47,509,47,510,46,509,45,506,44
462,28,457,28,457,29,457,31,462,31,465,31,466,29,465,28,462,28
