537,10,538,11,541,12,544,12,546,13,546,15,546,15,546,16,547,18,550,18,553,19,555,20,555,21,555,21,555,23,555,25,555,25,555,26,555,28,555,28,555,29,555,31,555,31,555,33,555,34,559,34,562,35,564,36,562,37,559,38,556,37,555,36,555,34,550,34,547,35,546,36,546,38,546,38,546,39,546,41,546,41,546,42,544,43,541,44,538,45,537,46,536,47,533,47,530,47,528,46,528,44,528,44,528,42,528,41,528,41,528,39,528,38,528,38,528,36,528,34,528,34,528,33,528,31,528,31,528,29,530,28,533,28,536,27,537,26,537,25,537,25,537,23,536,22,533,21,530,21,528,20,528,18,528,18,528,16,528,15,528,15,528,13,527,12,524,12,521,11,519,10,360,10,358,11,355,12,351,12,351,13,351,15,351,15,351,16,351,18,351,18,351,20,351,21,351,21,351,23,350,24,347,25,342,25,342,25,338,25,335,24,333,23,333,21,333,21,333,20,333,18,333,18,333,16,335,15,338,15,341,14,342,13,344,12,347,12,351,12,351,10,298,10,298,12,298,12,298,13,296,14,293,15,289,15,289,15,285,15,282,14,280,13,280,12,280,12,280,10,262,10,261,11,258,12,255,12,254,13,252,14,249,15,245,15,245,15,240,15,237,15,236,16,234,18,231,18,227,18,227,18,223,18,218,18,218,18,214,18,211,18,209,16,209,15,209,15,209,13,208,12,205,12,202,11,200,10,23,10,22,11,19,12,16,11,14,10,12,10,10,10,10,148,13,148,14,149,13,150,10,151,10,310,10,470,85,470,87,469,90,468,93,469,94,470,617,470,617,468,617,468,617,467,617,465,617,465,617,464,617,462,617,462,617,460,617,459,617,459,617,457,617,455,617,455,617,454,617,452,617,452,617,451,617,449,617,449,617,447,617,446,617,446,617,444,617,442,617,442,617,441,617,439,617,439,617,438,617,436,617,436,617,434,618,433,621,433,624,432,626,431,626,430,626,430,626,428,626,426,626,426,626,425,627,424,630,423,630,38,627,37,626,36,626,34,626,34,626,33,627,32,630,31,630,21,630,10,537,10
612,109,609,108,608,107,608,106,608,106,608,104,606,103,603,102,599,102,599,102,595,102,590,102,590,102,586,102,583,102,581,101,581,99,581,99,581,97,581,96,581,96,581,94,580,93,577,93,572,93,572,93,568,93,564,93,564,91,564,89,564,89,564,88,565,87,568,86,571,86,572,85,571,83,568,83,564,83,564,83,559,83,555,83,555,83,550,83,547,82,546,81,546,80,546,80,546,78,546,76,546,76,546,75,546,73,546,73,546,72,546,70,546,70,546,68,546,67,546,67,546,65,546,63,546,63,546,62,546,60,546,60,546,59,546,57,546,57,546,55,544,54,541,54,538,54,537,55,536,56,533,57,530,58,528,59,528,60,528,60,528,62,528,63,528,63,528,65,528,67,528,67,528,68,528,70,528,70,528,72,528,73,528,73,528,75,528,76,528,76,528,78,528,80,528,80,528,81,528,83,528,83,528,85,530,86,533,86,536,87,537,88,537,89,537,89,537,91,538,92,541,93,546,93,546,93,550,93,555,93,555,93,559,93,564,93,564,94,562,95,559,96,556,96,555,97,556,99,559,99,562,100,564,101,564,102,559,102,556,103,555,104,555,106,555,106,555,107,553,108,550,109,547,109,546,110,546,112,541,112,538,113,537,114,536,115,533,115,530,116,528,117,528,119,528,119,528,120,528,122,528,122,528,123,530,124,533,125,537,125,537,125,541,125,546,125,546,125,550,125,553,126,555,127,553,128,550,128,547,129,546,130,547,131,550,131,553,132,555,133,556,134,559,135,564,135,564,136,565,137,568,138,572,138,572,138,577,138,580,139,581,140,583,141,586,141,590,141,590,141,595,141,598,141,599,140,600,139,603,138,606,137,608,136,606,135,603,135,599,135,599,135,595,135,590,135,590,135,586,135,583,134,581,133,583,132,586,131,589,131,590,130,590,128,590,128,590,127,590,125,595,125,599,125,599,125,603,125,606,124,608,123,609,122,612,122,615,121,617,120,615,119,612,119,609,118,608,117,608,115,608,115,608,114,609,113,612,112,615,112,617,110,615,109,612,109
603,271,599,271,599,271,595,271,592,271,590,272,590,274,590,274,590,276,590,277,590,277,590,279,592,280,595,280,599,280,599,280,603,280,606,280,608,279,608,277,608,277,608,276,608,274,608,274,608,272,606,271,603,271
541,102,537,102,537,102,533,102,528,102,528,101,527,100,524,99,521,100,519,101,521,102,524,102,528,102,528,104,528,106,528,106,528,107,530,108,533,109,536,108,537,107,538,106,541,106,544,105,546,104,544,103,541,102
515,63,512,64,510,65,510,67,510,67,510,68,512,69,515,70,518,69,519,68,519,67,519,67,519,65,518,64,515,63
471,12,468,12,466,13,468,14,471,15,474,14,475,13,474,12,471,12
453,326,448,326,448,326,444,326,441,326,440,327,438,329,435,329,432,329,431,327,431,326,431,326,431,324,431,323,431,323,431,321,429,320,426,319,423,320,422,321,420,322,417,323,414,323,413,324,412,325,409,326,406,326,404,327,403,329,400,329,397,330,395,331,394,332,391,332,386,332,386,332,382,332,378,332,378,332,373,332,369,332,369,332,364,332,361,333,360,334,358,335,355,336,352,336,351,337,351,339,351,339,351,340,352,342,355,342,358,342,360,340,361,339,364,339,369,339,369,339,373,339,378,339,378,339,382,339,386,339,386,339,391,339,395,339,395,339,400,339,404,339,404,339,409,339,412,338,413,337,414,336,417,336,420,336,422,337,422,339,422,339,422,340,422,342,422,342,422,344,422,345,422,345,422,347,423,348,426,349,429,348,431,347,432,346,435,345,438,345,440,344,440,342,440,342,440,340,441,339,444,339,447,338,448,337,448,336,448,336,448,334,450,333,453,332,456,332,457,331,457,329,457,329,457,327,456,326,453,326
444,89,441,89,440,88,440,86,440,86,440,85,438,83,435,83,432,82,431,81,431,80,431,80,431,78,429,77,426,76,423,77,422,78,420,79,417,80,414,80,413,81,414,82,417,83,420,83,422,85,422,86,422,86,422,88,423,89,426,89,429,90,431,91,432,92,435,93,438,93,440,94,440,96,435,96,432,96,431,97,431,99,431,99,431,101,431,102,431,102,431,104,432,105,435,106,438,105,440,104,440,102,440,102,440,101,440,99,440,99,440,97,440,96,444,96,447,95,448,94,448,93,448,93,448,91,447,90,444,89
444,128,441,129,440,130,441,131,444,131,447,131,448,130,447,129,444,128
417,109,414,109,413,110,414,112,417,112,420,112,422,110,420,109,417,109
417,413,414,414,413,415,413,417,413,417,413,418,413,420,409,420,406,420,404,421,406,422,409,423,412,422,413,421,413,420,417,420,420,419,422,418,422,417,422,417,422,415,420,414,417,413
409,73,404,73,404,72,404,70,404,70,404,68,403,67,400,67,397,67,395,68,395,70,395,70,395,72,397,73,400,73,404,73,404,75,406,76,409,76,412,76,413,75,412,74,409,73
400,436,397,437,395,438,397,439,400,439,403,439,404,438,403,437,400,436
382,21,379,22,378,23,378,25,378,25,378,26,379,27,382,28,385,27,386,26,386,25,386,25,386,23,385,22,382,21
373,50,370,51,369,52,370,53,373,54,376,53,378,52,376,51,373,50
364,196,360,196,360,195,358,194,355,193,352,192,351,191,350,190,347,190,344,190,342,191,341,192,338,193,335,194,333,195,335,196,338,196,342,196,342,196,347,196,351,196,351,196,355,196,360,196,360,198,361,199,364,200,367,199,369,198,367,197,364,196
347,28,344,28,342,29,342,31,342,31,342,33,344,34,347,34,350,34,351,33,351,31,351,31,351,29,350,28,347,28
320,70,317,69,316,68,314,67,311,67,308,66,307,65,305,64,302,63,299,64,298,65,298,67,298,67,298,68,299,69,302,70,305,70,307,72,308,73,311,73,316,73,316,73,320,73,323,73,324,72,323,70,320,70
293,54,290,54,289,55,288,56,285,57,280,57,280,55,279,54,276,54,273,54,271,55,273,56,276,57,280,57,280,59,282,60,285,60,289,60,289,60,293,60,296,60,298,59,298,57,298,57,298,55,296,54,293,54
276,47,273,48,271,49,273,50,276,50,279,50,280,49,279,48,276,47
267,15,264,15,262,16,261,18,258,18,255,19,254,20,254,21,254,21,254,23,255,24,258,25,262,25,262,25,267,25,270,24,271,23,271,21,271,21,271,20,271,18,271,18,271,16,270,15,267,15
249,34,245,34,245,34,240,34,237,35,236,36,237,37,240,38,245,38,245,38,249,38,252,37,254,36,252,35,249,34
240,21,236,21,236,21,231,21,228,22,227,23,227,25,227,25,227,26,228,27,231,28,236,28,236,29,237,31,240,31,243,31,245,29,243,28,240,28,236,28,236,26,237,25,240,25,243,24,245,23,243,22,240,21
134,326,131,325,130,324,130,323,130,323,130,321,128,320,125,319,122,319,121,318,119,317,116,316,113,316,112,315,110,313,107,313,104,313,103,315,103,316,103,316,103,318,103,319,103,319,103,321,104,322,107,323,110,323,112,324,112,326,112,326,112,327,112,329,112,329,112,331,112,332,112,332,112,334,113,335,116,336,119,336,121,337,122,338,125,339,128,339,130,340,131,342,134,342,137,342,138,340,138,339,138,339,138,337,138,336,138,336,138,334,138,332,138,332,138,331,138,329,138,329,138,327,137,326,134,326
630,442,627,443,626,444,626,446,626,446,626,447,626,449,626,449,626,451,626,452,626,452,626,454,626,455,626,455,626,457,626,459,626,459,626,460,626,462,626,462,626,464,626,465,626,465,626,467,626,468,626,468,626,470,628,470,630,470,630,442
595,112,592,113,590,114,589,115,586,115,583,116,581,117,581,119,581,119,581,120,581,122,581,122,581,123,583,124,586,125,590,125,590,123,592,122,595,122,598,121,599,120,599,119,599,119,599,117,599,115,599,115,599,114,598,113,595,112
568,102,564,102,564,104,565,105,568,106,571,105,572,104,571,103,568,102
568,119,564,119,564,119,559,119,555,119,555,120,556,121,559,122,564,122,564,122,568,122,571,121,572,120,571,119,568,119
568,128,565,129,564,130,564,131,564,131,564,133,564,135,568,135,571,134,572,133,572,131,572,131,572,130,571,129,568,128
550,112,546,112,546,114,546,115,546,115,546,117,547,118,550,119,555,119,555,117,555,115,555,115,555,114,553,113,550,112
223,12,220,12,218,13,220,14,223,15,226,14,227,13,226,12,223,12
