546,10,546,12,546,12,546,13,546,15,546,15,546,16,547,18,550,18,553,19,555,20,555,21,555,21,555,23,555,25,555,25,555,26,555,28,555,28,555,29,555,31,555,31,555,33,555,34,559,34,562,35,564,36,562,37,559,38,556,37,555,36,555,34,550,34,547,35,546,36,546,38,546,38,546,39,546,41,546,41,546,42,544,43,541,44,538,45,537,46,536,47,533,47,530,47,528,46,528,44,528,44,528,42,527,41,524,41,521,40,519,39,521,38,524,38,527,37,528,36,528,34,528,34,528,33,528,31,528,31,528,29,528,28,528,28,528,26,528,25,528,25,528,23,528,21,528,21,528,20,528,18,528,18,528,16,528,15,528,15,528,13,527,12,524,12,521,11,519,10,298,10,296,11,293,12,290,12,289,13,288,14,285,15,282,14,280,13,280,12,280,12,280,10,262,10,261,11,258,12,255,12,254,13,252,14,249,15,245,15,245,15,240,15,236,15,236,15,231,15,228,14,227,13,226,12,223,12,220,12,218,13,217,14,214,15,211,14,209,13,209,12,209,12,209,10,110,10,10,10,10,240,10,470,85,470,87,469,90,468,93,469,94,470,362,470,630,470,630,442,627,443,626,444,626,446,626,446,626,447,626,449,626,449,626,451,626,452,626,452,626,454,626,455,626,455,626,457,626,459,626,459,626,460,626,462,626,462,626,464,624,465,621,465,618,465,617,464,617,462,617,462,617,460,617,459,617,459,617,457,617,455,617,455,617,454,617,452,617,452,617,451,617,449,617,449,617,447,617,446,617,446,617,444,617,442,617,442,617,441,617,439,617,439,617,438,617,436,617,436,617,434,618,433,621,433,624,432,626,431,626,430,626,430,626,428,626,426,626,426,626,425,626,423,626,423,626,421,627,420,630,420,630,215,630,10,546,10
612,109,609,108,608,107,608,106,608,106,608,104,606,103,603,102,599,102,599,102,595,102,592,102,590,101,589,100,586,99,583,99,581,97,581,96,581,96,581,94,581,93,581,93,581,91,580,90,577,89,574,89,572,88,572,86,572,86,572,85,571,83,568,83,564,83,564,83,559,83,555,83,555,83,550,83,547,82,546,81,547,80,550,80,553,79,555,78,555,76,555,76,555,75,553,74,550,73,547,73,546,72,546,70,546,70,546,68,546,67,546,67,546,65,546,63,546,63,546,62,546,60,546,60,546,59,546,57,546,57,546,55,544,54,541,54,538,54,537,55,536,56,533,57,530,58,528,59,528,60,528,60,528,62,528,63,528,63,528,65,528,67,528,67,528,68,528,70,528,70,528,72,528,73,528,73,528,75,528,76,528,76,528,78,528,80,528,80,528,81,528,83,528,83,528,85,530,86,533,86,536,87,537,88,537,89,537,89,537,91,538,92,541,93,546,93,546,93,550,93,553,93,555,94,555,96,555,96,555,97,556,99,559,99,562,100,564,101,564,102,559,102,556,103,555,104,555,106,555,106,555,107,553,108,550,109,547,109,546,110,546,112,541,112,538,113,537,114,536,115,533,115,530,116,528,117,528,119,528,119,528,120,528,122,528,122,528,123,530,124,533,125,537,125,537,125,541,125,546,125,546,125,550,125,553,126,555,127,555,128,555,128,555,130,556,131,559,131,562,131,564,130,565,129,568,128,571,129,572,130,572,131,572,131,572,133,572,135,572,135,572,136,574,137,577,138,581,138,581,138,586,138,590,138,590,138,595,138,599,138,599,138,603,138,606,137,608,136,606,135,603,135,599,135,599,135,595,135,590,135,590,135,586,135,583,134,581,133,583,132,586,131,589,131,590,130,590,128,590,128,590,127,592,126,595,125,599,125,599,125,603,125,606,124,608,123,609,122,612,122,615,121,617,120,615,119,612,119,608,119,608,119,603,119,600,119,599,120,598,121,595,122,590,122,590,122,586,122,583,121,581,120,581,119,581,119,581,117,583,116,586,115,589,115,590,114,592,113,595,112,598,113,599,114,600,115,603,115,606,115,608,114,609,113,612,112,615,112,617,110,615,109,612,109
603,271,599,271,599,271,595,271,592,271,590,272,590,274,590,274,590,276,590,277,590,277,590,279,592,280,595,280,599,280,599,280,603,280,606,280,608,279,608,277,608,277,608,276,608,274,608,274,608,272,606,271,603,271
541,102,537,102,537,102,533,102,530,103,528,104,530,105,533,106,537,106,537,106,541,106,544,105,546,104,544,103,541,102
515,63,512,64,510,65,510,67,510,67,510,68,512,69,515,70,518,69,519,68,519,67,519,67,519,65,518,64,515,63
506,25,503,25,502,26,503,27,506,28,509,27,510,26,509,25,506,25
497,31,494,32,493,33,494,34,497,34,500,34,502,33,500,32,497,31
471,12,468,12,466,13,468,14,471,15,474,14,475,13,474,12,471,12
453,326,450,326,448,327,448,329,444,329,440,329,440,329,435,329,432,329,431,327,431,326,431,326,431,324,431,323,431,323,431,321,429,320,426,319,422,319,422,319,417,319,414,320,413,321,413,323,413,323,413,324,412,325,409,326,406,326,404,327,404,329,404,329,404,331,403,332,400,332,395,332,395,332,391,332,386,332,386,332,382,332,379,333,378,334,379,335,382,336,386,336,386,336,391,336,395,336,395,336,400,336,404,336,404,336,409,336,412,335,413,334,414,333,417,332,420,333,422,334,422,336,422,336,422,337,422,339,422,339,422,340,422,342,422,342,422,344,423,345,426,345,431,345,431,345,435,345,438,345,440,344,440,342,440,342,440,340,441,339,444,339,447,338,448,337,448,336,448,336,448,334,448,332,448,332,448,331,448,329,453,329,456,329,457,327,456,326,453,326
444,89,441,89,440,88,440,86,440,86,440,85,438,83,435,83,432,82,431,81,431,80,431,80,431,78,429,77,426,76,423,77,422,78,420,79,417,80,414,80,413,81,414,82,417,83,420,83,422,85,423,86,426,86,429,87,431,88,431,89,431,89,431,91,432,92,435,93,438,93,440,94,441,95,444,96,447,95,448,94,448,93,448,93,448,91,447,90,444,89
444,128,441,129,440,130,441,131,444,131,447,131,448,130,447,129,444,128
435,99,432,100,431,101,432,102,435,102,438,102,440,101,438,100,435,99
417,413,414,414,413,415,413,417,413,417,413,418,413,420,409,420,406,420,404,421,404,423,404,423,404,425,406,426,409,426,412,426,413,425,413,423,413,423,413,421,413,420,417,420,420,419,422,418,422,417,422,417,422,415,420,414,417,413
400,67,397,67,395,68,397,69,400,70,403,69,404,68,403,67,400,67
400,436,397,437,395,438,397,439,400,439,403,439,404,438,403,437,400,436
382,21,379,22,378,23,378,25,378,25,378,26,378,28,378,28,378,29,379,31,382,31,385,31,386,29,386,28,386,28,386,26,386,25,386,25,386,23,385,22,382,21
373,34,370,35,369,36,369,38,369,38,369,39,370,40,373,41,376,40,378,39,378,38,378,38,378,36,376,35,373,34
373,47,370,48,369,49,369,50,369,50,369,52,370,53,373,54,376,53,378,52,378,50,378,50,378,49,376,48,373,47
364,15,361,15,360,16,361,18,364,18,367,18,369,16,367,15,364,15
355,190,351,190,351,190,347,190,344,190,342,191,342,193,342,193,342,195,344,196,347,196,351,196,351,196,355,196,358,196,360,195,360,193,360,193,360,191,358,190,355,190
347,12,344,12,342,13,341,14,338,15,335,15,333,16,333,18,333,18,333,20,333,21,333,21,333,23,333,25,333,25,333,26,333,28,333,28,333,29,335,31,338,31,341,32,342,33,344,34,347,34,350,34,351,33,351,31,351,31,351,29,350,28,347,28,344,27,342,26,344,25,347,25,350,24,351,23,351,21,351,21,351,20,351,18,351,18,351,16,351,15,351,15,351,13,350,12,347,12
293,54,290,54,289,55,290,56,293,57,296,56,298,55,296,54,293,54
293,60,290,61,289,62,290,63,293,63,296,63,298,62,296,61,293,60
276,54,273,54,271,55,273,56,276,57,279,56,280,55,279,54,276,54
267,18,262,18,262,18,258,18,255,19,254,20,254,21,254,21,254,23,255,24,258,25,262,25,262,25,267,25,270,24,271,23,271,21,271,21,271,20,270,19,267,18
249,34,246,35,245,36,246,37,249,38,252,37,254,36,252,35,249,34
240,21,237,22,236,23,237,24,240,25,243,24,245,23,243,22,240,21
240,28,237,28,236,29,237,31,240,31,243,31,245,29,243,28,240,28
134,326,131,325,130,324,130,323,130,323,130,321,128,320,125,319,122,319,121,318,119,317,116,316,113,316,112,315,110,313,107,313,104,313,103,315,103,316,103,316,103,318,103,319,103,319,103,321,103,323,103,323,103,324,103,326,103,326,103,327,104,329,107,329,110,330,112,331,112,332,112,332,112,334,113,335,116,336,119,336,121,337,122,338,125,339,128,339,130,340,131,342,134,342,137,342,138,340,138,339,138,339,138,337,138,336,138,336,138,334,138,332,138,332,138,331,138,329,138,329,138,327,137,326,134,326
568,102,564,102,564,104,565,105,568,106,571,105,572,104,571,103,568,102
568,119,564,119,564,119,559,119,555,119,555,120,556,121,559,122,564,122,564,122,568,122,571,121,572,120,571,119,568,119
550,112,546,112,546,114,546,115,546,115,546,117,547,118,550,119,555,119,555,117,555,115,555,115,555,114,553,113,550,112
