10,187,13,186,14,185,16,184,19,183,23,183,23,183,28,183,32,183,32,183,37,183,41,183,41,183,45,183,48,184,50,185,51,186,54,187,59,187,59,187,63,187,68,187,68,187,72,187,75,187,76,188,78,189,81,190,85,190,85,190,90,190,93,190,94,191,96,192,99,193,103,193,103,193,107,193,112,193,112,193,116,193,119,192,121,191,122,190,125,190,130,190,130,190,134,190,137,190,138,191,138,193,138,193,138,195,137,196,134,196,130,196,130,196,125,196,122,197,121,198,119,199,116,200,113,200,112,201,110,202,107,203,104,203,103,204,102,205,99,206,94,206,94,206,90,206,85,206,85,206,81,206,78,205,76,204,75,203,72,203,68,203,68,203,63,203,60,203,59,204,57,205,54,206,51,207,50,208,48,209,45,209,42,210,41,211,40,212,37,212,32,212,32,212,28,212,25,212,23,211,23,209,23,209,23,208,23,206,23,206,23,204,22,203,19,203,16,203,14,204,14,206,14,206,14,208,14,209,14,209,14,211,14,212,14,212,14,214,16,215,19,216,22,216,23,217,22,218,19,219,16,219,14,221,16,222,19,222,22,223,23,224,23,225,23,225,23,227,23,229,23,229,23,230,22,231,19,232,14,232,14,232,10,232,10,310,13,310,14,311,14,313,14,313,14,315,13,316,10,316,10,323,13,323,14,324,16,325,19,326,22,326,23,327,23,329,23,329,23,331,22,332,19,332,14,332,14,332,10,332,10,401,10,470,112,470,113,469,116,468,119,469,121,470,165,470,165,468,165,468,165,467,166,466,169,465,172,466,174,467,175,468,178,468,181,469,183,470,406,470,630,470,630,135,627,135,626,136,626,138,626,138,626,140,624,141,621,141,618,142,617,143,617,144,617,144,617,146,615,147,612,148,609,148,608,149,608,151,608,151,608,153,606,154,603,154,600,155,599,156,598,157,595,157,592,157,590,156,589,155,586,154,583,154,581,153,581,151,581,151,581,149,581,148,581,148,581,146,580,145,577,144,574,144,572,143,574,142,577,141,580,141,581,140,580,139,577,138,574,137,572,136,572,135,572,135,572,133,572,131,572,131,572,130,571,129,568,128,564,128,564,128,559,128,556,129,555,130,555,131,555,131,555,133,555,135,555,135,555,136,555,138,555,138,555,140,553,141,550,141,547,142,546,143,544,144,541,144,537,144,537,144,533,144,530,144,528,143,528,141,528,141,528,140,530,138,533,138,536,137,537,136,537,135,537,135,537,133,536,132,533,131,530,131,528,130,528,128,528,128,528,127,528,125,528,125,528,123,530,122,533,122,537,122,537,122,541,122,544,121,546,120,546,119,546,119,546,117,546,115,546,115,546,114,547,113,550,112,553,113,555,114,555,115,555,115,555,117,556,118,559,119,562,118,564,117,565,116,568,115,572,115,572,115,577,115,581,115,581,115,586,115,590,115,590,115,595,115,598,115,599,114,600,113,603,112,606,113,608,114,609,115,612,115,617,115,617,115,621,115,624,116,626,117,624,118,621,119,618,119,617,120,615,121,612,122,609,122,608,123,608,125,608,125,608,127,606,128,603,128,599,128,599,128,595,128,592,129,590,130,590,131,590,131,590,133,592,134,595,135,599,135,599,135,603,135,608,135,608,135,612,135,615,134,617,133,617,131,617,131,617,130,618,129,621,128,624,128,626,127,627,126,630,125,630,67,630,10,320,10,10,10,10,187
568,290,565,291,564,292,564,293,564,293,564,295,564,297,564,297,564,298,564,300,564,300,564,302,564,303,564,303,564,305,564,306,564,306,564,308,564,310,564,310,564,311,564,313,564,313,564,315,564,316,564,316,564,318,564,319,564,319,564,321,564,323,564,323,564,324,564,326,564,326,564,327,564,329,564,329,564,331,565,332,568,332,571,332,572,331,572,329,572,329,572,327,572,326,572,326,572,324,572,323,572,323,572,321,572,319,572,319,572,318,572,316,572,316,572,315,572,313,572,313,572,311,572,310,572,310,572,308,572,306,572,306,572,305,572,303,572,303,572,302,572,300,572,300,572,298,572,297,572,297,572,295,572,293,572,293,572,292,571,291,568,290
559,96,556,96,555,97,556,99,559,99,562,99,564,97,562,96,559,96
559,161,555,161,555,161,550,161,547,161,546,162,544,163,541,164,538,164,537,165,538,167,541,167,544,168,546,169,546,170,546,170,546,172,547,173,550,174,555,174,555,174,559,174,562,173,564,172,564,170,564,170,564,169,564,167,564,167,564,165,564,164,564,164,564,162,562,161,559,161
533,151,530,151,528,153,530,154,533,154,536,154,537,153,536,151,533,151
524,423,521,424,519,425,519,426,519,426,519,428,518,429,515,430,512,430,510,431,510,433,510,433,510,434,510,436,510,436,510,438,510,439,510,439,510,441,510,442,510,442,510,444,510,446,510,446,510,447,512,448,515,449,519,449,519,449,524,449,527,448,528,447,528,446,528,446,528,444,528,442,528,442,528,441,528,439,528,439,528,438,528,436,528,436,528,434,528,433,528,433,528,431,528,430,528,430,528,428,528,426,528,426,528,425,527,424,524,423
409,144,406,145,404,146,406,147,409,148,412,147,413,146,412,145,409,144
382,268,378,268,378,268,373,268,370,268,369,269,369,271,369,271,369,272,367,273,364,274,361,275,360,276,358,277,355,277,352,278,351,279,350,280,347,280,344,281,342,282,341,283,338,284,335,284,333,285,333,287,333,287,333,289,335,290,338,290,342,290,342,290,347,290,350,290,351,289,352,288,355,287,358,286,360,285,361,284,364,284,367,284,369,285,370,286,373,287,376,286,378,285,378,284,378,284,378,282,379,281,382,280,385,280,386,279,386,277,386,277,386,276,386,274,386,274,386,272,386,271,386,271,386,269,385,268,382,268
223,187,218,187,218,187,214,187,211,187,209,188,211,189,214,190,218,190,218,190,223,190,226,189,227,188,226,187,223,187
196,190,193,190,192,191,193,192,196,193,199,192,200,191,199,190,196,190
178,378,174,378,174,378,169,378,166,377,165,376,164,375,161,374,156,374,156,374,152,374,147,374,147,374,143,374,140,374,138,373,137,372,134,371,130,371,130,371,125,371,122,371,121,370,119,368,116,368,113,367,112,366,110,365,107,365,103,365,103,365,99,365,96,364,94,363,93,362,90,361,87,361,85,360,84,359,81,358,78,358,76,357,75,356,72,355,69,354,68,353,66,352,63,352,60,351,59,350,57,349,54,349,51,348,50,347,48,346,45,345,41,345,41,344,41,342,41,342,41,340,40,339,37,339,32,339,32,337,31,336,28,336,25,336,23,337,25,338,28,339,32,339,32,340,32,342,32,342,32,344,34,345,37,345,41,345,41,347,41,349,41,349,41,350,41,352,41,352,41,353,42,354,45,355,48,356,50,357,50,358,50,358,50,360,51,361,54,361,57,362,59,363,59,365,59,365,59,366,60,367,63,368,66,369,68,370,69,371,72,371,75,372,76,373,78,374,81,374,85,374,85,374,90,374,94,374,94,374,99,374,103,374,103,374,107,374,110,375,112,376,113,377,116,378,119,378,121,379,122,380,125,381,130,381,130,381,134,381,138,381,138,381,143,381,147,381,147,381,152,381,155,381,156,383,158,384,161,384,165,384,165,384,169,384,174,384,174,384,178,384,181,384,183,383,183,381,183,381,183,379,181,378,178,378
169,190,165,190,165,190,161,190,158,190,156,191,156,193,156,193,156,195,158,196,161,196,164,196,165,195,166,194,169,193,172,192,174,191,172,190,169,190
568,122,565,122,564,123,565,124,568,125,571,124,572,123,571,122,568,122
