475,10,475,12,475,12,475,13,475,15,475,15,475,16,475,18,475,18,475,20,476,21,479,21,484,21,484,21,488,21,491,21,493,20,494,19,497,18,502,18,502,18,506,18,510,18,510,18,515,18,518,18,519,16,521,15,524,15,527,15,528,16,528,18,528,18,528,20,528,21,528,21,528,23,527,24,524,25,521,25,519,26,518,27,515,28,512,28,510,29,510,31,510,31,510,33,512,34,515,34,518,35,519,36,518,37,515,38,512,38,510,39,510,41,510,41,510,42,510,44,510,44,510,46,510,47,510,47,510,49,510,50,510,50,510,52,509,53,506,54,503,54,502,55,500,56,497,57,494,58,493,59,493,60,493,60,493,62,491,63,488,63,484,63,484,63,479,63,475,63,475,63,471,63,468,63,466,62,466,60,466,60,466,59,466,57,466,57,466,55,466,54,466,54,466,52,465,51,462,50,457,50,457,50,453,50,448,50,448,50,444,50,440,50,440,52,440,54,440,54,440,55,438,56,435,57,431,57,431,57,426,57,422,57,422,59,420,60,417,60,413,60,413,60,409,60,406,60,404,59,406,58,409,57,413,57,413,57,417,57,422,57,422,55,422,54,422,54,422,52,423,51,426,50,431,50,431,50,435,50,440,50,440,49,438,48,435,47,431,47,431,47,426,47,423,47,422,46,423,45,426,44,429,43,431,42,432,41,435,41,438,40,440,39,440,38,440,38,440,36,441,35,444,34,447,34,448,33,447,32,444,31,441,31,440,29,440,28,440,28,440,26,441,25,444,25,448,25,448,25,453,25,456,24,457,23,457,21,457,21,457,20,457,18,457,18,457,16,457,15,457,15,457,13,459,12,462,12,465,11,466,10,271,10,273,11,276,12,279,12,280,13,279,14,276,15,271,15,271,15,267,15,264,14,262,13,261,12,258,12,255,11,254,10,132,10,10,10,10,240,10,470,484,470,484,468,484,468,484,467,484,465,484,465,484,464,485,462,488,462,493,462,493,460,494,459,497,459,500,458,502,457,503,456,506,455,510,455,510,455,515,455,518,456,519,457,521,458,524,459,527,459,528,460,530,461,533,462,536,462,537,464,537,465,541,465,544,466,546,467,547,468,550,468,553,469,555,470,592,470,630,470,630,70,626,70,626,70,621,70,618,70,617,72,615,73,612,73,609,74,608,75,606,76,603,76,600,77,599,78,598,79,595,80,592,80,590,81,590,83,590,83,590,85,589,86,586,86,583,87,581,88,580,89,577,89,572,89,572,89,568,89,564,89,564,89,559,89,555,89,555,89,550,89,547,89,546,88,544,87,541,86,537,86,537,86,533,86,528,86,528,86,524,86,521,86,519,85,519,83,519,83,519,81,519,80,519,80,519,78,521,77,524,76,527,76,528,75,530,74,533,73,537,73,537,73,541,73,544,73,546,72,547,70,550,70,553,69,555,68,556,67,559,67,562,66,564,65,565,64,568,63,571,63,572,62,574,61,577,60,581,60,581,60,586,60,589,60,590,59,592,58,595,57,599,57,599,57,603,57,606,58,608,59,608,60,608,60,608,62,609,63,612,63,615,64,617,65,618,66,621,67,624,66,626,65,626,63,626,63,626,62,624,61,621,60,618,60,617,59,618,58,621,57,624,56,626,55,627,54,630,54,630,32,630,10,475,10
541,15,538,15,537,16,538,18,541,18,544,18,546,16,544,15,541,15
533,238,530,238,528,237,527,236,524,235,521,235,519,234,518,232,515,232,512,232,510,234,509,235,506,235,502,235,502,235,497,235,493,235,493,235,488,235,484,235,484,234,482,232,479,232,476,232,475,234,476,235,479,235,484,235,484,237,485,238,488,238,493,238,493,238,497,238,500,239,502,240,503,241,506,242,510,242,510,242,515,242,519,242,519,242,524,242,528,242,528,242,533,242,536,241,537,240,536,239,533,238
444,89,441,90,440,91,440,93,440,93,440,94,441,95,444,96,447,95,448,94,448,93,448,93,448,91,447,90,444,89
444,410,440,410,440,410,435,410,432,410,431,408,429,407,426,407,423,407,422,408,422,410,422,410,422,412,422,413,422,413,422,415,422,417,422,417,422,418,423,419,426,420,429,419,431,418,432,417,435,417,440,417,440,417,444,417,447,416,448,415,448,413,448,413,448,412,447,411,444,410
435,63,432,64,431,65,431,67,431,67,431,68,432,69,435,70,438,69,440,68,440,67,440,67,440,65,438,64,435,63
435,76,431,76,431,76,426,76,422,76,422,76,417,76,414,77,413,78,414,79,417,80,420,80,422,81,423,82,426,83,429,83,431,85,431,86,426,86,423,87,422,88,423,89,426,89,429,89,431,88,431,86,435,86,438,86,440,85,440,83,440,83,440,81,440,80,440,80,440,78,438,77,435,76
435,446,432,446,431,447,431,449,426,449,423,448,422,447,420,446,417,446,413,446,413,446,409,446,406,445,404,444,403,443,400,442,397,442,395,441,394,440,391,439,388,439,386,438,386,436,386,436,386,434,385,433,382,433,378,433,378,433,373,433,369,433,369,433,364,433,361,433,360,434,361,435,364,436,367,437,369,438,369,439,369,439,369,441,367,442,364,442,360,442,360,442,355,442,352,443,351,444,350,445,347,446,342,446,342,446,338,446,335,446,333,447,332,448,329,449,326,449,324,451,324,452,324,452,324,454,326,455,329,455,332,456,333,457,335,458,338,459,342,459,342,459,347,459,351,459,351,459,355,459,358,458,360,457,361,456,364,455,367,455,369,454,370,453,373,452,376,453,378,454,379,455,382,455,386,455,386,455,391,455,395,455,395,455,400,455,404,455,404,455,409,455,413,455,413,455,417,455,422,455,422,455,426,455,429,455,431,454,431,452,431,452,431,451,431,449,435,449,438,448,440,447,438,446,435,446
417,25,413,25,413,23,412,22,409,21,406,22,404,23,404,25,400,25,397,25,395,26,397,27,400,28,404,28,404,29,403,31,400,31,397,32,395,33,394,34,391,34,388,34,386,33,386,31,386,31,386,29,386,28,386,28,386,26,385,25,382,25,379,25,378,26,376,27,373,28,370,28,369,29,369,31,369,31,369,33,369,34,369,34,369,36,369,38,369,38,369,39,370,40,373,41,376,40,378,39,379,38,382,38,385,38,386,39,388,40,391,41,394,41,395,42,397,43,400,44,403,43,404,42,404,41,404,41,404,39,406,38,409,38,412,37,413,36,414,35,417,34,420,34,422,33,422,31,422,31,422,29,422,28,422,28,422,26,420,25,417,25
400,70,397,70,395,72,397,73,400,73,403,73,404,72,403,70,400,70
391,57,388,56,386,55,385,54,382,54,379,54,378,55,378,57,378,57,378,59,379,60,382,60,386,60,386,60,391,60,394,60,395,59,394,58,391,57
373,12,370,12,369,13,370,14,373,15,376,14,378,13,376,12,373,12
364,420,360,420,360,420,355,420,351,420,351,420,347,420,342,420,342,420,338,420,335,420,333,421,335,422,338,423,342,423,342,423,347,423,350,424,351,425,352,426,355,426,358,427,360,428,361,429,364,430,367,429,369,428,369,426,369,426,369,425,369,423,369,423,369,421,367,420,364,420
355,12,352,12,351,13,352,14,355,15,358,14,360,13,358,12,355,12
355,54,351,54,351,54,347,54,342,54,342,54,338,54,335,54,333,55,335,56,338,57,342,57,342,57,347,57,351,57,351,57,355,57,358,56,360,55,358,54,355,54
338,28,335,27,333,26,333,25,333,25,333,23,332,22,329,21,326,22,324,23,324,25,324,25,324,26,323,27,320,28,316,28,316,28,311,28,307,28,307,26,307,25,307,25,307,23,305,22,302,21,298,21,298,21,293,21,289,21,289,21,285,21,280,21,280,21,276,21,271,21,271,21,267,21,264,21,262,20,261,19,258,18,255,19,254,20,252,21,249,21,246,21,245,20,243,19,240,18,236,18,236,18,231,18,227,18,227,16,227,15,227,15,227,13,226,12,223,12,220,12,218,13,218,15,218,15,218,16,220,18,223,18,227,18,227,20,227,21,227,21,227,23,226,24,223,25,220,25,218,26,220,27,223,28,227,28,227,28,231,28,236,28,236,28,240,28,243,28,245,29,245,31,245,31,245,33,246,34,249,34,252,34,254,33,254,31,254,31,254,29,255,28,258,28,262,28,262,28,267,28,270,27,271,26,273,25,276,25,280,25,280,25,285,25,288,25,289,26,289,28,289,28,289,29,289,31,285,31,280,31,280,31,276,31,273,32,271,33,270,34,267,34,264,35,262,36,264,37,267,38,270,38,271,39,271,41,271,41,271,42,273,43,276,44,279,43,280,42,282,41,285,41,288,40,289,39,289,38,289,38,289,36,289,34,289,34,289,33,289,31,293,31,296,31,298,29,299,28,302,28,307,28,307,29,307,31,307,31,307,33,307,34,307,34,307,36,305,37,302,38,299,38,298,39,299,40,302,41,305,41,307,42,307,44,302,44,298,44,298,44,293,44,290,45,289,46,290,47,293,47,298,47,298,47,302,47,305,47,307,46,307,44,311,44,316,44,316,44,320,44,323,43,324,42,324,41,324,41,324,39,326,38,329,38,333,38,333,39,335,40,338,41,341,40,342,39,341,38,338,38,333,38,333,36,335,35,338,34,341,34,342,33,342,31,342,31,342,29,341,28,338,28
320,15,317,15,316,16,317,18,320,18,323,18,324,16,323,15,320,15
320,73,317,74,316,75,317,76,320,76,323,76,324,75,323,74,320,73
320,410,316,410,316,410,311,410,308,410,307,408,305,407,302,407,299,406,298,405,296,404,293,404,289,404,289,404,285,404,280,404,280,404,276,404,271,404,271,404,267,404,264,404,262,405,261,406,258,407,255,407,254,408,252,410,249,410,246,411,245,412,246,413,249,413,254,413,254,413,258,413,261,414,262,415,264,416,267,417,271,417,271,417,276,417,280,417,280,417,285,417,288,416,289,415,290,414,293,413,298,413,298,413,302,413,305,414,307,415,308,416,311,417,316,417,316,417,320,417,323,416,324,415,324,413,324,413,324,412,323,411,320,410
311,50,307,50,307,50,302,50,299,51,298,52,299,53,302,54,307,54,307,54,311,54,314,53,316,52,314,51,311,50
276,47,273,48,271,49,273,50,276,50,279,50,280,49,279,48,276,47
187,60,184,61,183,62,184,63,187,63,190,63,192,62,190,61,187,60
169,41,166,40,165,39,165,38,165,38,165,36,165,34,165,34,165,33,164,32,161,31,158,32,156,33,156,34,156,34,156,36,156,38,156,38,156,39,156,41,156,41,156,42,156,44,152,44,149,45,147,46,149,47,152,47,155,47,156,46,156,44,161,44,165,44,165,44,169,44,172,43,174,42,172,41,169,41
152,365,149,364,147,363,147,361,147,361,147,360,147,358,147,358,147,357,146,356,143,355,140,354,138,353,138,352,138,352,138,350,138,349,138,349,138,347,137,346,134,345,131,345,130,344,130,342,130,342,130,340,128,339,125,339,121,339,121,339,116,339,112,339,112,339,107,339,104,339,103,340,104,342,107,342,110,343,112,344,112,345,112,345,112,347,112,349,112,349,112,350,113,351,116,352,119,352,121,353,121,355,121,355,121,357,121,358,121,358,121,360,121,361,121,361,121,363,122,364,125,365,128,365,130,366,131,367,134,368,137,369,138,370,140,371,143,371,147,371,147,371,152,371,155,371,156,370,156,368,156,368,156,366,155,365,152,365
510,470,512,469,515,468,518,468,519,467,518,466,515,465,512,465,510,464,509,462,506,462,502,462,502,462,497,462,493,462,493,464,493,465,493,465,493,467,494,468,497,468,500,469,502,470,510,470
537,470,537,468,537,468,537,467,537,465,533,465,530,466,528,467,528,468,528,468,528,470,537,470
409,25,404,25,404,26,404,28,409,28,412,27,413,26,413,25,409,25
