316,10,314,11,311,12,308,11,307,10,158,10,10,10,10,323,13,323,14,324,14,326,14,326,14,327,14,329,14,329,14,331,16,332,19,332,22,333,23,334,23,336,23,336,23,337,23,339,23,339,23,340,23,342,23,342,23,344,25,345,28,345,31,346,32,347,32,349,32,349,32,350,34,351,37,352,40,352,41,353,41,355,41,355,41,357,41,358,41,358,41,360,42,361,45,361,48,362,50,363,50,365,50,365,50,366,51,367,54,368,57,368,59,370,59,371,59,371,59,373,60,374,63,374,66,375,68,376,68,378,68,378,68,379,69,380,72,381,75,381,76,383,76,384,76,384,76,386,76,387,81,387,84,388,85,389,87,390,90,391,93,391,94,392,96,393,99,394,102,394,103,395,103,397,103,397,103,399,104,400,107,400,110,401,112,402,113,403,116,404,119,404,121,405,119,406,116,407,112,407,112,407,107,407,103,407,103,407,99,407,96,406,94,405,93,404,90,404,87,403,85,402,84,401,81,400,78,400,76,399,76,397,76,397,76,395,76,394,76,394,76,392,76,391,76,391,76,389,76,387,72,387,69,387,68,386,66,385,63,384,60,384,59,383,57,381,54,381,51,380,50,379,48,378,45,378,42,377,41,376,40,375,37,374,34,374,32,373,32,371,32,371,32,370,31,369,28,368,25,367,23,366,22,365,19,365,16,364,14,363,14,361,14,361,14,360,14,358,14,358,14,357,13,356,10,355,10,413,10,470,94,470,96,469,99,468,102,469,103,470,112,470,113,469,116,468,119,468,121,467,122,466,125,465,128,466,130,467,131,468,134,468,137,469,138,470,384,470,630,470,630,174,626,174,626,174,621,174,617,174,617,174,612,174,608,174,608,174,603,174,599,174,599,174,595,174,590,174,590,174,586,174,583,173,581,172,580,171,577,170,574,170,572,169,571,168,568,167,565,167,564,165,564,164,564,164,564,162,562,161,559,161,556,160,555,159,553,158,550,157,546,157,546,157,541,157,537,157,537,157,533,157,530,158,528,159,527,160,524,161,521,161,519,162,518,163,515,164,512,163,510,162,510,161,510,161,510,159,510,157,510,157,510,156,510,154,510,154,510,153,512,151,515,151,518,151,519,153,521,154,524,154,527,154,528,153,530,151,533,151,536,151,537,153,538,154,541,154,546,154,546,154,550,154,555,154,555,154,559,154,564,154,564,154,568,154,571,155,572,156,574,157,577,157,580,158,581,159,583,160,586,161,590,161,590,161,595,161,598,161,599,162,600,163,603,164,608,164,608,164,612,164,615,164,617,165,618,167,621,167,626,167,626,167,630,167,630,89,630,10,316,10
577,128,572,128,572,128,568,128,564,128,564,128,559,128,555,128,555,128,550,128,547,128,546,127,546,125,546,125,546,123,544,122,541,122,537,122,537,122,533,122,530,122,528,123,530,124,533,125,536,126,537,127,537,128,537,128,537,130,537,131,537,131,537,133,537,135,537,135,537,136,536,137,533,138,530,138,528,140,530,141,533,141,537,141,537,141,541,141,544,141,546,140,546,138,546,138,546,136,547,135,550,135,555,135,555,135,559,135,562,134,564,133,565,132,568,131,572,131,572,131,577,131,580,131,581,130,580,129,577,128
541,38,538,38,537,39,536,40,533,41,530,41,528,42,530,43,533,44,537,44,537,44,541,44,544,43,546,42,546,41,546,41,546,39,544,38,541,38
515,135,512,135,510,136,512,137,515,138,518,137,519,136,518,135,515,135
497,41,494,41,493,42,493,44,493,44,493,46,494,47,497,47,500,47,502,46,502,44,502,44,502,42,500,41,497,41
497,63,494,64,493,65,494,66,497,67,500,66,502,65,500,64,497,63
479,25,475,25,475,23,474,22,471,21,468,22,466,23,468,24,471,25,475,25,475,26,475,28,475,28,475,29,476,31,479,31,482,31,484,29,484,28,484,28,484,26,482,25,479,25
479,93,476,93,475,94,476,95,479,96,482,95,484,94,482,93,479,93
471,99,468,100,466,101,468,102,471,102,474,102,475,101,474,100,471,99
338,439,333,439,333,439,329,439,326,440,324,441,323,442,320,442,317,443,316,444,317,445,320,446,324,446,324,446,329,446,332,445,333,444,335,443,338,442,341,442,342,441,341,440,338,439
276,446,271,446,271,446,267,446,262,446,262,446,258,446,255,446,254,447,252,448,249,449,245,449,245,449,240,449,237,448,236,447,234,446,231,446,228,445,227,444,227,442,227,442,227,441,228,440,231,439,234,439,236,438,237,437,240,436,243,435,245,434,246,433,249,433,252,432,254,431,252,430,249,430,246,429,245,428,243,427,240,426,237,426,236,425,234,424,231,423,227,423,227,423,223,423,218,423,218,423,214,423,209,423,209,423,205,423,202,424,200,425,199,426,196,426,193,427,192,428,192,430,192,430,192,431,192,433,192,433,192,434,190,435,187,436,184,437,183,438,183,439,183,439,183,441,184,442,187,442,190,443,192,444,193,445,196,446,200,446,200,446,205,446,208,446,209,447,211,448,214,449,218,449,218,449,223,449,226,449,227,451,228,452,231,452,234,453,236,454,237,455,240,455,243,455,245,454,246,453,249,452,254,452,254,452,258,452,262,452,262,452,267,452,270,452,271,451,273,449,276,449,279,448,280,447,279,446,276,446
72,423,68,423,68,423,63,423,59,423,59,421,57,420,54,420,51,420,50,421,51,422,54,423,59,423,59,425,60,426,63,426,68,426,68,426,72,426,75,426,76,425,75,424,72,423
63,255,60,254,59,253,59,251,59,251,59,250,59,248,59,248,59,246,57,245,54,245,50,245,50,245,45,245,42,245,41,246,40,248,37,248,34,249,32,250,32,251,32,251,32,253,32,255,32,255,32,256,34,257,37,258,41,258,41,258,45,258,48,258,50,259,50,261,50,261,50,263,50,264,50,264,50,266,48,267,45,268,42,268,41,269,42,270,45,271,48,271,50,272,51,273,54,274,57,275,59,276,60,277,63,277,66,277,68,276,68,274,68,274,68,272,66,271,63,271,60,270,59,269,59,268,59,268,59,266,59,264,59,264,59,263,60,262,63,261,66,261,68,259,68,258,68,258,68,256,66,255,63,255
54,319,50,319,50,319,45,319,42,320,41,321,42,322,45,323,48,323,50,324,50,326,50,326,50,327,51,329,54,329,57,329,59,327,59,326,59,326,59,324,59,323,59,323,59,321,57,320,54,319
37,15,34,15,32,16,34,18,37,18,40,18,41,16,40,15,37,15
19,251,16,252,14,253,14,255,14,255,14,256,16,257,19,258,22,257,23,256,23,255,23,255,23,253,22,252,19,251
