546,10,546,12,546,12,546,13,546,15,546,15,546,16,544,18,541,18,538,18,537,16,537,15,537,15,537,13,536,12,533,12,530,12,528,13,527,14,524,15,521,15,519,16,518,18,515,18,510,18,510,18,506,18,502,18,502,18,497,18,493,18,493,18,488,18,484,18,484,18,479,18,476,19,475,20,474,21,471,21,466,21,466,21,462,21,457,21,457,21,453,21,448,21,448,21,444,21,441,22,440,23,438,24,435,25,431,25,431,26,429,27,426,28,423,27,422,26,423,25,426,25,431,25,431,23,431,21,431,21,431,20,429,19,426,18,422,18,422,18,417,18,413,18,413,18,409,18,404,18,404,18,400,18,397,19,395,20,394,21,391,21,388,22,386,23,385,24,382,25,378,25,378,25,373,25,370,25,369,26,369,28,369,28,369,29,367,31,364,31,361,32,360,33,360,34,360,34,360,36,360,38,360,38,360,39,358,40,355,41,352,40,351,39,351,38,351,38,351,36,351,34,351,34,351,33,351,31,351,31,351,29,351,28,351,28,351,26,350,25,347,25,344,24,342,23,342,21,342,21,342,20,342,18,342,18,342,16,341,15,338,15,335,15,333,16,333,18,333,18,333,20,333,21,333,21,333,23,333,25,333,25,333,26,333,28,333,28,333,29,333,31,333,31,333,33,332,34,329,34,324,34,324,34,320,34,316,34,316,34,311,34,307,34,307,34,302,34,299,35,298,36,296,37,293,38,289,38,289,39,289,41,289,41,289,42,290,43,293,44,296,45,298,46,296,47,293,47,290,48,289,49,289,50,289,50,289,52,288,53,285,54,280,54,280,55,279,56,276,57,273,56,271,55,273,54,276,54,280,54,280,52,279,51,276,50,271,50,271,50,267,50,262,50,262,52,261,53,258,54,255,53,254,52,255,51,258,50,262,50,262,49,261,48,258,47,255,47,254,46,255,45,258,44,262,44,262,44,267,44,271,44,271,42,273,41,276,41,279,40,280,39,282,38,285,38,289,38,289,36,288,35,285,34,280,34,280,34,276,34,273,35,271,36,270,37,267,38,262,38,262,38,258,38,254,38,254,38,249,38,246,38,245,39,245,41,245,41,245,42,245,44,245,44,245,46,243,47,240,47,237,47,236,46,236,44,236,44,236,42,234,41,231,41,227,41,227,41,223,41,220,40,218,39,217,38,214,38,211,37,209,36,208,35,205,34,202,34,200,33,199,32,196,31,193,31,192,29,192,28,192,28,192,26,192,25,192,25,192,23,192,21,192,21,192,20,190,19,187,18,184,18,183,16,183,15,183,15,183,13,181,12,178,12,175,11,174,10,92,10,10,10,10,151,13,151,14,153,14,154,19,154,22,155,23,156,22,157,19,157,16,157,14,156,14,154,10,154,10,312,10,470,307,470,308,469,311,468,314,468,316,467,317,466,320,465,323,465,324,464,326,462,329,462,332,462,333,464,333,465,333,465,333,467,333,468,333,468,333,470,386,470,386,468,386,468,386,467,386,465,386,465,386,464,386,462,386,462,386,460,385,459,382,459,379,458,378,457,379,456,382,455,385,455,386,454,386,452,386,452,386,451,386,449,386,449,386,447,386,446,386,446,386,444,388,443,391,442,394,443,395,444,395,446,395,446,395,447,395,449,395,449,395,451,395,452,395,452,395,454,395,455,395,455,395,457,397,458,400,459,403,458,404,457,406,456,409,455,412,456,413,457,413,459,413,459,413,460,413,462,413,462,413,464,413,465,413,465,413,467,413,468,413,468,413,470,608,470,608,468,608,468,608,467,609,466,612,465,615,465,617,464,618,462,621,462,624,462,626,464,626,465,626,465,626,467,624,468,621,468,618,469,617,470,623,470,630,470,630,303,627,303,626,302,626,300,626,300,626,298,626,297,626,297,626,295,626,293,626,293,626,292,627,291,630,290,630,245,627,244,626,243,626,242,626,242,626,240,626,238,626,238,626,237,627,236,630,235,630,123,630,10,546,10
586,148,583,148,581,149,581,151,577,151,572,151,572,151,568,151,564,151,564,151,559,151,556,150,555,149,553,148,550,148,547,147,546,146,546,144,546,144,546,143,544,142,541,141,538,142,537,143,537,144,537,144,537,146,536,147,533,148,530,147,528,146,528,144,528,144,528,143,527,142,524,141,521,141,519,140,518,138,515,138,512,138,510,140,510,141,510,141,510,143,510,144,510,144,510,146,512,147,515,148,518,148,519,149,521,150,524,151,527,151,528,153,530,154,533,154,537,154,537,154,541,154,544,155,546,156,547,157,550,157,553,157,555,156,556,155,559,154,564,154,564,154,568,154,572,154,572,154,577,154,580,154,581,153,581,151,586,151,589,150,590,149,589,148,586,148
577,135,574,135,572,136,574,137,577,138,580,137,581,136,580,135,577,135
453,144,450,145,448,146,450,147,453,148,456,147,457,146,456,145,453,144
453,384,448,384,448,384,444,384,440,384,440,384,435,384,431,384,431,384,426,384,422,384,422,384,417,384,414,384,413,383,414,381,417,381,420,380,422,379,423,378,426,378,429,377,431,376,432,375,435,374,438,374,440,373,441,372,444,371,447,371,448,370,448,368,448,368,448,366,447,365,444,365,440,365,440,365,435,365,431,365,431,365,426,365,423,365,422,366,420,367,417,368,413,368,413,368,409,368,404,368,404,368,400,368,395,368,395,368,391,368,386,368,386,368,382,368,379,368,378,370,378,371,378,371,378,373,378,374,378,374,378,376,379,377,382,378,385,377,386,376,388,375,391,374,395,374,395,374,400,374,404,374,404,374,409,374,412,375,413,376,412,377,409,378,406,378,404,379,404,381,404,381,404,383,404,384,404,384,404,386,404,387,404,387,404,389,404,391,404,391,404,392,406,393,409,394,413,394,413,394,417,394,420,393,422,392,423,391,426,391,429,390,431,389,432,388,435,387,440,387,440,387,444,387,448,387,448,387,453,387,456,387,457,386,456,385,453,384
444,89,441,90,440,91,440,93,440,93,440,94,440,96,435,96,432,96,431,97,432,99,435,99,438,99,440,97,440,96,444,96,447,95,448,94,448,93,448,93,448,91,447,90,444,89
444,216,440,216,440,214,438,213,435,212,431,212,431,211,429,210,426,209,422,209,422,208,420,207,417,206,414,207,413,208,414,209,417,209,422,209,422,211,423,212,426,212,431,212,431,214,432,215,435,216,440,216,440,217,440,219,440,219,440,221,438,222,435,222,432,223,431,224,429,225,426,225,423,226,422,227,422,229,422,229,422,230,423,231,426,232,431,232,431,232,435,232,440,232,440,232,444,232,447,231,448,230,448,229,448,229,448,227,448,225,448,225,448,224,448,222,448,222,448,221,448,219,448,219,448,217,447,216,444,216
435,83,431,83,431,81,431,80,431,80,431,78,429,77,426,76,423,77,422,78,422,80,422,80,422,81,423,82,426,83,431,83,431,85,432,86,435,86,438,86,440,85,438,83,435,83
426,63,423,64,422,65,423,66,426,67,429,66,431,65,429,64,426,63
409,109,406,109,404,110,406,112,409,112,412,112,413,110,412,109,409,109
400,67,395,67,395,67,391,67,388,67,386,68,386,70,386,70,386,72,388,73,391,73,394,74,395,75,397,76,400,76,403,76,404,75,404,73,404,73,404,72,404,70,404,70,404,68,403,67,400,67
382,54,378,54,378,54,373,54,370,54,369,55,369,57,369,57,369,59,370,60,373,60,378,60,378,60,382,60,385,60,386,59,386,57,386,57,386,55,385,54,382,54
364,96,361,96,360,97,361,99,364,99,367,99,369,97,367,96,364,96
364,106,361,106,360,107,361,108,364,109,367,108,369,107,367,106,364,106
347,76,342,76,342,75,341,74,338,73,333,73,333,72,332,70,329,70,324,70,324,70,320,70,316,70,316,70,311,70,308,70,307,72,308,73,311,73,316,73,316,73,320,73,324,73,324,73,329,73,333,73,333,75,335,76,338,76,342,76,342,78,344,79,347,80,350,79,351,78,350,77,347,76
347,368,342,368,342,368,338,368,335,368,333,370,332,371,329,371,326,372,324,373,323,374,320,374,316,374,316,374,311,374,308,375,307,376,307,378,307,378,307,379,305,380,302,381,299,381,298,383,298,384,298,384,298,386,299,387,302,387,305,387,307,386,308,385,311,384,314,384,316,383,317,381,320,381,323,380,324,379,326,378,329,378,332,377,333,376,335,375,338,374,341,374,342,373,344,372,347,371,350,371,351,370,350,368,347,368
338,112,335,113,333,114,335,115,338,115,341,115,342,114,341,113,338,112
320,76,316,76,316,76,311,76,307,76,307,76,302,76,298,76,298,75,298,73,298,73,298,72,296,70,293,70,290,69,289,68,289,67,289,67,289,65,289,63,289,63,289,62,289,60,293,60,296,60,298,59,296,58,293,57,290,58,289,59,289,60,285,60,282,61,280,62,280,63,280,63,280,65,280,67,280,67,280,68,280,70,280,70,280,72,282,73,285,73,288,74,289,75,290,76,293,76,298,76,298,78,299,79,302,80,307,80,307,80,311,80,316,80,316,80,320,80,323,79,324,78,323,77,320,76
125,342,122,341,121,340,121,339,121,339,121,337,121,336,121,336,121,334,119,333,116,332,113,332,112,331,110,330,107,329,104,330,103,331,103,332,103,332,103,334,103,336,103,336,103,337,103,339,103,339,103,340,103,342,103,342,103,344,104,345,107,345,110,346,112,347,113,348,116,349,121,349,121,349,125,349,128,348,130,347,130,345,130,345,130,344,128,343,125,342
369,10,369,12,373,12,376,11,378,10,369,10
351,10,352,11,355,12,360,12,360,10,351,10
364,12,360,12,360,13,361,14,364,15,367,14,369,13,369,12,364,12
276,44,271,44,271,46,273,47,276,47,279,47,280,46,279,45,276,44
