10,193,13,194,14,195,14,196,14,196,14,198,14,200,14,200,14,201,13,202,10,203,10,303,13,304,14,305,13,306,10,306,10,313,13,313,14,315,16,316,19,316,23,316,23,316,28,316,31,317,32,318,32,319,32,319,32,321,32,323,32,323,32,324,32,326,32,326,32,327,31,329,28,329,25,330,23,331,22,332,19,332,14,332,14,332,10,332,10,401,10,470,94,470,96,469,99,468,103,468,103,468,107,468,112,468,112,468,116,468,121,468,121,468,125,468,130,468,130,468,134,468,137,469,138,470,484,470,485,469,488,468,491,469,493,470,561,470,630,470,630,240,630,10,320,10,10,10,10,193
612,67,609,66,608,65,608,63,608,63,608,62,606,61,603,60,599,60,599,60,595,60,590,60,590,60,586,60,583,60,581,59,581,57,581,57,581,55,580,54,577,54,574,54,572,55,572,57,572,57,572,59,571,60,568,60,565,61,564,62,562,63,559,63,555,63,555,63,550,63,547,64,546,65,547,66,550,67,553,67,555,68,555,70,555,70,555,72,555,73,555,73,555,75,555,76,550,76,547,77,546,78,546,80,546,80,546,81,547,82,550,83,555,83,555,85,556,86,559,86,564,86,564,86,568,86,571,86,572,85,574,83,577,83,580,83,581,85,583,86,586,86,590,86,590,88,590,89,590,89,590,91,592,92,595,93,598,92,599,91,599,89,599,89,599,88,598,87,595,86,590,86,590,85,592,83,595,83,599,83,599,83,603,83,606,82,608,81,608,80,608,80,608,78,608,76,612,76,615,76,617,75,617,73,617,73,617,72,617,70,617,70,617,68,615,67,612,67
603,109,599,109,599,109,595,109,590,109,590,109,586,109,583,108,581,107,581,106,581,106,581,104,581,102,581,102,581,101,581,99,581,99,581,97,581,96,581,96,581,94,580,93,577,93,574,92,572,91,571,90,568,89,564,89,564,89,559,89,556,90,555,91,553,92,550,93,547,93,546,94,547,95,550,96,555,96,555,96,559,96,562,96,564,97,562,99,559,99,556,100,555,101,553,102,550,102,547,103,546,104,546,106,546,106,546,107,547,108,550,109,553,108,555,107,556,106,559,106,564,106,564,106,568,106,571,106,572,107,571,108,568,109,565,109,564,110,564,112,564,112,564,114,565,115,568,115,571,115,572,114,574,113,577,112,581,112,581,112,586,112,590,112,590,112,595,112,599,112,599,112,603,112,606,112,608,110,606,109,603,109
586,47,583,48,581,49,583,50,586,50,589,50,590,49,589,48,586,47
577,25,574,24,572,23,571,22,568,21,565,21,564,20,562,19,559,18,556,19,555,20,555,21,555,21,555,23,555,25,555,25,555,26,555,28,555,28,555,29,556,31,559,31,564,31,564,31,568,31,571,32,572,33,574,34,577,34,580,34,581,33,581,31,581,31,581,29,581,28,581,28,581,26,580,25,577,25
577,41,574,41,572,42,574,43,577,44,580,43,581,42,580,41,577,41
568,119,565,119,564,120,565,121,568,122,571,121,572,120,571,119,568,119
568,180,565,180,564,178,564,177,564,177,564,175,562,174,559,174,556,173,555,172,555,170,555,170,555,169,553,168,550,167,547,167,546,165,544,164,541,164,538,163,537,162,537,161,537,161,537,159,536,158,533,157,530,157,528,156,530,155,533,154,536,154,537,153,537,151,537,151,537,149,537,148,537,148,537,146,537,144,537,144,537,143,537,141,537,141,537,140,536,138,533,138,530,137,528,136,527,135,524,135,521,134,519,133,519,131,519,131,519,130,521,129,524,128,527,128,528,127,528,125,528,125,528,123,528,122,528,122,528,120,528,119,533,119,536,119,537,120,537,122,537,122,537,123,537,125,537,125,537,127,538,128,541,128,544,128,546,127,546,125,546,125,546,123,546,122,546,122,546,120,547,119,550,119,553,118,555,117,553,116,550,115,546,115,546,115,541,115,538,115,537,114,537,112,537,112,537,110,537,109,537,109,537,107,537,106,537,106,537,104,537,102,537,102,537,101,536,100,533,99,528,99,528,99,524,99,521,100,519,101,519,102,519,102,519,104,518,105,515,106,512,106,510,107,510,109,510,109,510,110,509,111,506,112,503,113,502,114,500,115,497,115,494,115,493,114,493,112,493,112,493,110,494,109,497,109,500,108,502,107,502,106,502,106,502,104,502,102,502,102,502,101,502,99,502,99,502,97,500,96,497,96,494,95,493,94,493,93,493,93,493,91,493,89,493,89,493,88,493,86,493,86,493,85,493,83,493,83,493,81,493,80,493,80,493,78,493,76,493,76,493,75,493,73,493,73,493,72,491,70,488,70,485,70,484,72,482,73,479,73,476,74,475,75,475,76,475,76,475,78,475,80,475,80,475,81,475,83,475,83,475,85,474,86,471,86,468,87,466,88,466,89,462,89,459,90,457,91,459,92,462,93,466,93,466,94,466,96,466,96,466,97,465,99,462,99,459,100,457,101,457,102,457,102,457,104,457,106,457,106,457,107,457,109,457,109,457,110,457,112,457,112,457,114,457,115,457,115,457,117,457,119,457,119,457,120,457,122,457,122,457,123,457,125,457,125,457,127,457,128,457,128,457,130,457,131,457,131,457,133,459,134,462,135,465,135,466,136,466,138,466,138,466,140,466,141,466,141,466,143,468,144,471,144,475,144,475,146,475,148,475,148,475,149,475,151,475,151,475,153,475,154,475,154,475,156,476,157,479,157,482,158,484,159,484,161,484,161,484,162,484,164,484,164,484,165,485,167,488,167,491,168,493,169,494,170,497,170,502,170,502,170,506,170,510,170,510,170,515,170,518,170,519,169,521,168,524,167,527,168,528,169,530,170,533,170,536,171,537,172,538,173,541,174,544,174,546,175,546,177,546,177,546,178,546,180,546,180,546,182,547,183,550,183,553,184,555,185,556,186,559,187,564,187,564,187,568,187,571,186,572,185,572,183,572,183,572,182,571,181,568,180
559,128,556,129,555,130,555,131,555,131,555,133,556,134,559,135,562,134,564,133,564,131,564,131,564,130,562,129,559,128
541,284,538,284,537,285,537,287,537,287,537,289,537,290,537,290,537,292,537,293,537,293,537,295,537,297,537,297,537,298,537,300,537,300,537,302,537,303,537,303,537,305,537,306,537,306,537,308,538,309,541,310,544,309,546,308,546,306,546,306,546,305,546,303,546,303,546,302,546,300,546,300,546,298,546,297,546,297,546,295,546,293,546,293,546,292,546,290,546,290,546,289,546,287,546,287,546,285,544,284,541,284
533,60,530,61,528,62,530,63,533,63,536,63,537,62,536,61,533,60
515,436,512,437,510,438,512,439,515,439,518,439,519,438,518,437,515,436
506,394,503,393,502,392,500,391,497,391,494,391,493,392,493,394,493,394,493,395,494,397,497,397,500,398,502,399,502,400,502,400,502,402,500,403,497,404,494,404,493,405,493,407,493,407,493,408,493,410,493,410,493,412,493,413,493,413,493,415,493,417,493,417,493,418,494,419,497,420,500,420,502,421,502,423,502,423,502,425,502,426,502,426,502,428,502,430,502,430,502,431,503,432,506,433,509,432,510,431,510,430,510,430,510,428,510,426,510,426,510,425,510,423,510,423,510,421,510,420,510,420,510,418,510,417,510,417,510,415,510,413,510,413,510,412,510,410,510,410,510,408,510,407,510,407,510,405,510,404,510,404,510,402,510,400,510,400,510,399,510,397,510,397,510,395,509,394,506,394
497,63,494,64,493,65,494,66,497,67,500,66,502,65,500,64,497,63
479,21,476,22,475,23,474,24,471,25,468,25,466,26,466,28,466,28,466,29,468,31,471,31,474,31,475,29,476,28,479,28,482,27,484,26,484,25,484,25,484,23,482,22,479,21
462,446,459,445,457,444,457,442,457,442,457,441,457,439,457,439,457,438,457,436,457,436,457,434,456,433,453,433,450,433,448,434,447,435,444,436,441,435,440,434,440,433,440,433,440,431,440,430,444,430,447,429,448,428,448,426,448,426,448,425,447,424,444,423,441,424,440,425,440,426,440,426,440,428,440,430,435,430,432,429,431,428,431,426,431,426,431,425,429,424,426,423,422,423,422,423,417,423,414,424,413,425,413,426,413,426,413,428,413,430,413,430,413,431,414,432,417,433,420,433,422,434,422,436,422,436,422,438,422,439,422,439,422,441,422,442,422,442,422,444,423,445,426,446,429,446,431,447,431,449,431,449,431,451,431,452,431,452,431,454,432,455,435,455,438,455,440,454,441,453,444,452,447,453,448,454,450,455,453,455,456,456,457,457,459,458,462,459,465,458,466,457,466,455,466,455,466,454,466,452,466,452,466,451,466,449,466,449,466,447,465,446,462,446
453,161,450,161,448,162,450,163,453,164,456,163,457,162,456,161,453,161
444,86,441,87,440,88,441,89,444,89,447,89,448,88,447,87,444,86
444,119,441,119,440,120,440,122,440,122,440,123,441,124,444,125,447,124,448,123,448,122,448,122,448,120,447,119,444,119
435,102,431,102,431,102,426,102,423,103,422,104,423,105,426,106,431,106,431,106,435,106,438,105,440,104,438,103,435,102
417,225,413,225,413,225,409,225,406,226,404,227,406,228,409,229,413,229,413,229,417,229,420,228,422,227,420,226,417,225
400,138,395,138,395,138,391,138,388,137,386,136,386,135,391,135,394,134,395,133,394,132,391,131,388,132,386,133,386,135,382,135,379,134,378,133,378,131,378,131,378,130,376,129,373,128,370,129,369,130,369,131,369,131,369,133,369,135,369,135,369,136,369,138,369,138,369,140,370,141,373,141,376,142,378,143,379,144,382,144,385,144,386,143,388,142,391,141,395,141,395,141,400,141,403,141,404,140,403,138,400,138
400,255,397,255,395,256,395,258,391,258,386,258,386,258,382,258,378,258,378,258,373,258,369,258,369,256,367,255,364,255,361,254,360,253,358,252,355,251,351,251,351,251,347,251,344,252,342,253,341,254,338,255,335,255,333,256,333,258,333,258,333,259,333,261,333,261,333,263,335,264,338,264,342,264,342,264,347,264,350,264,351,263,352,262,355,261,358,261,360,259,361,258,364,258,369,258,369,259,370,261,373,261,378,261,378,261,382,261,386,261,386,261,391,261,394,261,395,259,395,258,400,258,403,257,404,256,403,255,400,255
391,222,388,222,386,221,385,219,382,219,379,219,378,221,378,222,378,222,378,224,378,225,378,225,378,227,379,228,382,229,385,228,386,227,388,226,391,225,394,225,395,224,394,223,391,222
276,361,273,362,271,363,270,364,267,365,264,364,262,363,261,362,258,361,254,361,254,361,249,361,246,362,245,363,243,364,240,365,236,365,236,365,231,365,227,365,227,365,223,365,220,364,218,363,217,362,214,361,211,361,209,360,208,359,205,358,200,358,200,358,196,358,193,359,192,360,193,361,196,361,199,362,200,363,200,365,200,365,200,366,202,367,205,368,208,369,209,370,211,371,214,371,218,371,218,371,223,371,227,371,227,371,231,371,234,371,236,370,237,369,240,368,245,368,245,368,249,368,252,369,254,370,255,371,258,371,262,371,262,371,267,371,270,371,271,370,273,369,276,368,279,367,280,366,280,365,280,365,280,363,279,362,276,361
231,465,228,466,227,467,228,468,231,468,234,468,236,467,234,466,231,465
178,358,174,358,174,358,169,358,165,358,165,358,161,358,158,358,156,357,155,356,152,355,147,355,147,355,143,355,138,355,138,355,134,355,130,355,130,355,125,355,121,355,121,355,116,355,113,354,112,353,110,352,107,352,103,352,103,352,99,352,94,352,94,352,90,352,87,351,85,350,84,349,81,349,76,349,76,349,72,349,69,349,68,350,69,351,72,352,75,352,76,353,78,354,81,355,84,356,85,357,85,358,85,358,85,360,85,361,85,361,85,363,87,364,90,365,94,365,94,365,99,365,103,365,103,365,107,365,110,365,112,366,113,367,116,368,121,368,121,368,125,368,130,368,130,368,134,368,137,367,138,366,140,365,143,365,147,365,147,365,152,365,155,365,156,366,158,367,161,368,164,367,165,366,166,365,169,365,172,364,174,363,175,362,178,361,181,361,183,360,181,359,178,358
178,426,175,427,174,428,172,429,169,430,166,430,165,431,165,433,165,433,165,434,164,435,161,436,158,437,156,438,155,439,152,439,149,440,147,441,149,442,152,442,156,442,156,442,161,442,164,442,165,441,166,440,169,439,174,439,174,439,178,439,181,439,183,438,183,436,183,436,183,434,183,433,183,433,183,431,183,430,183,430,183,428,181,427,178,426
161,151,158,150,156,149,155,148,152,148,149,148,147,149,146,150,143,151,138,151,138,151,134,151,130,151,130,151,125,151,121,151,121,151,116,151,113,151,112,153,112,154,112,154,112,156,113,157,116,157,121,157,121,157,125,157,130,157,130,157,134,157,138,157,138,157,143,157,147,157,147,157,152,157,155,157,156,156,158,155,161,154,164,154,165,153,164,151,161,151
81,151,78,151,76,153,78,154,81,154,84,154,85,153,84,151,81,151
63,423,59,423,59,423,54,423,50,423,50,423,45,423,42,424,41,425,42,426,45,426,50,426,50,426,54,426,59,426,59,426,63,426,66,426,68,425,66,424,63,423
603,70,600,70,599,72,598,73,595,73,592,74,590,75,592,76,595,76,599,76,599,76,603,76,608,76,608,75,608,73,608,73,608,72,606,70,603,70
568,76,564,76,564,76,559,76,555,76,555,78,555,80,555,80,555,81,555,83,559,83,562,82,564,81,565,80,568,80,571,79,572,78,571,77,568,76
524,112,521,113,519,114,519,115,519,115,519,117,521,118,524,119,528,119,528,117,528,115,528,115,528,114,527,113,524,112
515,144,512,145,510,146,512,147,515,148,518,147,519,146,518,145,515,144
506,131,502,131,502,131,497,131,494,132,493,133,493,135,497,135,502,135,502,135,506,135,509,134,510,133,509,132,506,131
497,119,494,119,493,120,491,121,488,122,485,122,484,123,485,124,488,125,491,126,493,127,494,128,497,128,500,128,502,127,502,125,502,125,502,123,502,122,502,122,502,120,500,119,497,119
488,135,484,135,484,135,479,135,476,135,475,136,476,137,479,138,484,138,484,138,488,138,491,137,493,136,493,135,488,135
479,141,476,142,475,143,475,144,479,144,482,144,484,143,482,142,479,141
471,89,466,89,466,91,466,93,471,93,474,92,475,91,474,90,471,89
