546,10,546,12,546,12,546,13,546,15,546,15,546,16,546,18,546,18,546,20,544,21,541,21,538,21,537,20,536,19,533,18,528,18,528,18,524,18,519,18,519,20,518,21,515,21,512,21,510,20,512,19,515,18,519,18,519,16,519,15,519,15,519,13,519,12,519,12,519,10,265,10,10,10,10,180,13,181,14,182,14,183,14,183,14,185,14,187,14,187,14,188,14,190,14,190,14,191,14,193,14,193,14,195,14,196,14,196,14,198,14,200,14,200,14,201,14,203,14,203,14,204,14,206,14,206,14,208,16,209,19,209,22,210,23,211,23,212,23,212,23,214,23,216,23,216,23,217,23,219,23,219,23,221,23,222,23,222,23,224,22,225,19,225,16,225,14,224,13,223,10,222,10,319,13,320,14,321,16,322,19,323,23,323,23,323,28,323,31,323,32,324,32,326,32,326,32,327,31,329,28,329,23,329,23,329,19,329,16,330,14,331,13,332,10,332,10,401,10,470,289,470,289,468,289,468,289,467,290,466,293,465,296,466,298,467,299,468,302,468,305,469,307,470,475,470,476,469,479,468,482,469,484,470,528,470,528,468,528,468,528,467,530,466,533,465,536,466,537,467,537,468,537,468,537,470,584,470,630,470,630,63,627,63,626,62,627,61,630,60,630,35,630,10,546,10
621,76,618,76,617,75,617,73,617,73,617,72,617,70,617,70,617,68,615,67,612,67,609,66,608,65,608,63,608,63,608,62,606,61,603,60,599,60,599,60,595,60,592,61,590,62,589,63,586,63,583,63,581,62,580,61,577,60,574,61,572,62,572,63,572,63,572,65,571,66,568,67,564,67,564,67,559,67,556,67,555,68,555,70,555,70,555,72,556,73,559,73,562,74,564,75,564,76,564,76,564,78,562,79,559,80,556,79,555,78,553,77,550,76,547,77,546,78,546,80,546,80,546,81,546,83,546,83,546,85,546,86,546,86,546,88,544,89,541,89,538,90,537,91,538,92,541,93,544,93,546,94,544,95,541,96,538,96,537,97,536,99,533,99,530,100,528,101,527,102,524,102,521,103,519,104,518,105,515,106,512,106,510,107,510,109,510,109,510,110,509,111,506,112,503,111,502,110,502,109,502,109,502,107,502,106,502,106,502,104,502,102,502,102,502,101,502,99,502,99,502,97,500,96,497,96,493,96,493,96,488,96,485,95,484,94,482,93,479,93,476,93,475,94,475,96,475,96,475,97,474,99,471,99,468,100,466,101,466,102,466,102,466,104,466,106,466,106,466,107,466,109,466,109,466,110,466,112,466,112,466,114,466,115,466,115,466,117,466,119,466,119,466,120,465,121,462,122,459,122,457,123,459,124,462,125,465,126,466,127,466,128,466,128,466,130,466,131,466,131,466,133,466,135,466,135,466,136,466,138,466,138,466,140,466,141,466,141,466,143,466,144,466,144,466,146,468,147,471,148,474,148,475,149,475,151,475,151,475,153,476,154,479,154,484,154,484,154,488,154,491,155,493,156,494,157,497,157,500,158,502,159,500,160,497,161,494,161,493,162,494,163,497,164,500,164,502,165,503,167,506,167,510,167,510,167,515,167,519,167,519,167,524,167,527,168,528,169,530,170,533,170,536,171,537,172,538,173,541,174,544,174,546,175,546,177,546,177,546,178,546,180,546,180,546,182,547,183,550,183,553,184,555,185,556,186,559,187,564,187,564,187,568,187,571,186,572,185,572,183,572,183,572,182,571,181,568,180,565,180,564,178,564,177,564,177,564,175,564,174,564,174,564,172,562,171,559,170,556,170,555,169,555,167,555,167,555,165,553,164,550,164,547,163,546,162,544,161,541,161,538,160,537,159,537,157,537,157,537,156,537,154,537,154,537,153,537,151,537,151,537,149,538,148,541,148,544,147,546,146,544,145,541,144,538,144,537,143,538,142,541,141,544,141,546,140,547,139,550,138,553,139,555,140,556,141,559,141,562,141,564,140,564,138,564,138,564,136,562,135,559,135,556,134,555,133,553,132,550,131,546,131,546,130,547,129,550,128,555,128,555,128,559,128,562,128,564,127,565,126,568,125,571,124,572,123,572,122,572,122,572,120,574,119,577,119,580,118,581,117,583,116,586,115,590,115,590,115,595,115,598,116,599,117,600,118,603,119,606,118,608,117,608,115,608,115,608,114,608,112,608,112,608,110,608,109,608,109,608,107,606,106,603,106,600,105,599,104,599,102,599,102,599,101,600,100,603,99,606,100,608,101,609,102,612,102,615,103,617,104,618,105,621,106,624,105,626,104,626,102,626,102,626,101,626,99,626,99,626,97,624,96,621,96,618,95,617,94,617,93,617,93,617,91,617,89,617,89,617,88,618,87,621,86,624,86,626,85,626,83,626,83,626,81,626,80,626,80,626,78,624,77,621,76
621,119,618,119,617,120,618,121,621,122,624,121,626,120,624,119,621,119
612,125,609,126,608,127,606,128,603,128,600,129,599,130,599,131,599,131,599,133,598,134,595,135,592,135,590,136,592,137,595,138,599,138,599,138,603,138,606,137,608,136,609,135,612,135,615,134,617,133,617,131,617,131,617,130,617,128,617,128,617,127,615,126,612,125
577,128,574,129,572,130,574,131,577,131,580,131,581,130,580,129,577,128
577,135,574,135,572,136,574,137,577,138,580,137,581,136,580,135,577,135
550,303,547,304,546,305,546,306,546,306,546,308,546,310,546,310,546,311,546,313,546,313,546,315,546,316,546,316,546,318,544,319,541,319,538,320,537,321,538,322,541,323,544,323,546,324,546,326,546,326,546,327,546,329,546,329,546,331,547,332,550,332,553,332,555,331,555,329,555,329,555,327,555,326,555,326,555,324,555,323,555,323,555,321,555,319,555,319,555,318,555,316,555,316,555,315,555,313,555,313,555,311,555,310,555,310,555,308,555,306,555,306,555,305,553,304,550,303
533,28,530,28,528,29,530,31,533,31,536,31,537,29,536,28,533,28
524,417,521,417,519,418,519,420,519,420,519,421,519,423,519,423,519,425,519,426,519,426,519,428,521,429,524,430,527,429,528,428,528,426,528,426,528,425,528,423,528,423,528,421,528,420,528,420,528,418,527,417,524,417
524,452,521,453,519,454,519,455,519,455,519,457,521,458,524,459,527,458,528,457,528,455,528,455,528,454,527,453,524,452
515,407,512,407,510,408,510,410,510,410,510,412,512,413,515,413,518,413,519,412,519,410,519,410,519,408,518,407,515,407
515,436,512,437,510,438,510,439,510,439,510,441,510,442,510,442,510,444,510,446,510,446,510,447,512,448,515,449,518,448,519,447,519,446,519,446,519,444,519,442,519,442,519,441,519,439,519,439,519,438,518,437,515,436
506,423,503,424,502,425,502,426,502,426,502,428,502,430,502,430,502,431,503,432,506,433,509,432,510,431,510,430,510,430,510,428,510,426,510,426,510,425,509,424,506,423
488,76,484,76,484,76,479,76,476,77,475,78,475,80,475,80,475,81,475,83,475,83,475,85,475,86,475,86,475,88,476,89,479,89,482,89,484,88,484,86,484,86,484,85,485,83,488,83,491,82,493,81,493,80,493,80,493,78,491,77,488,76
479,21,476,22,475,23,476,24,479,25,482,24,484,23,482,22,479,21
453,439,450,439,448,438,448,436,448,436,448,434,448,433,448,433,448,431,448,430,448,430,448,428,448,426,448,426,448,425,447,424,444,423,440,423,440,423,435,423,432,424,431,425,431,426,431,426,431,428,431,430,431,430,431,431,431,433,431,433,431,434,431,436,431,436,431,438,431,439,431,439,431,441,431,442,431,442,431,444,432,445,435,446,438,446,440,447,440,449,440,449,440,451,441,452,444,452,447,452,448,451,450,449,453,449,456,448,457,447,457,446,457,446,457,444,457,442,457,442,457,441,456,440,453,439
400,255,397,255,395,256,395,258,391,258,386,258,386,258,382,258,378,258,378,258,373,258,369,258,369,258,364,258,360,258,360,258,355,258,351,258,351,258,347,258,344,258,342,259,344,261,347,261,350,262,351,263,350,264,347,264,342,264,342,264,338,264,333,264,333,264,329,264,326,265,324,266,324,268,324,268,324,269,326,270,329,271,332,271,333,272,335,273,338,274,341,273,342,272,344,271,347,271,351,271,351,271,355,271,358,270,360,269,361,268,364,268,367,267,369,266,370,265,373,264,376,264,378,263,379,262,382,261,386,261,386,261,391,261,394,261,395,259,395,258,400,258,403,257,404,256,403,255,400,255
302,57,299,58,298,59,299,60,302,60,305,60,307,59,305,58,302,57
223,371,220,371,218,370,217,368,214,368,209,368,209,368,205,368,200,368,200,368,196,368,193,368,192,370,192,371,192,371,192,373,193,374,196,374,200,374,200,374,205,374,208,375,209,376,211,377,214,378,217,377,218,376,220,375,223,374,226,374,227,373,226,372,223,371
178,167,174,167,174,167,169,167,165,167,165,167,161,167,158,168,156,169,155,170,152,170,147,170,147,170,143,170,138,170,138,170,134,170,130,170,130,170,125,170,122,171,121,172,119,173,116,174,112,174,112,174,107,174,104,174,103,175,103,177,103,177,103,178,103,180,103,180,103,182,102,183,99,183,96,184,94,185,94,187,94,187,94,188,96,189,99,190,103,190,103,190,107,190,110,189,112,188,113,187,116,187,119,186,121,185,121,183,121,183,121,182,122,181,125,180,128,180,130,178,131,177,134,177,138,177,138,177,143,177,147,177,147,177,152,177,156,177,156,177,161,177,164,176,165,175,166,174,169,174,172,173,174,172,175,171,178,170,181,170,183,169,181,168,178,167
161,361,156,361,156,361,152,361,147,361,147,361,143,361,138,361,138,361,134,361,130,361,130,361,125,361,122,361,121,360,119,359,116,358,112,358,112,358,107,358,103,358,103,358,99,358,94,358,94,358,90,358,85,358,85,358,81,358,78,358,76,357,75,356,72,355,69,356,68,357,68,358,68,358,68,360,68,361,68,361,68,363,69,364,72,365,76,365,76,365,81,365,84,365,85,366,87,367,90,368,93,369,94,370,96,371,99,371,103,371,103,371,107,371,112,371,112,371,116,371,121,371,121,371,125,371,130,371,130,371,134,371,138,371,138,371,143,371,147,371,147,371,152,371,155,371,156,370,158,369,161,368,164,367,165,366,165,365,165,365,165,363,164,362,161,361
37,177,34,177,32,178,31,180,28,180,25,181,23,182,23,183,23,183,23,185,25,186,28,187,31,187,32,188,32,190,32,190,32,191,32,193,32,193,32,195,34,196,37,196,40,196,41,195,41,193,41,193,41,191,41,190,41,190,41,188,41,187,41,187,41,185,41,183,41,183,41,182,41,180,41,180,41,178,40,177,37,177
541,131,538,132,537,133,538,134,541,135,544,134,546,133,546,131,541,131
533,122,530,122,528,123,530,124,533,125,536,124,537,123,536,122,533,122
