502,10,503,11,506,12,510,12,510,12,515,12,519,12,519,12,524,12,527,12,528,13,528,15,528,15,528,16,527,18,524,18,521,19,519,20,518,21,515,21,510,21,510,21,506,21,503,21,502,20,500,19,497,18,493,18,493,18,488,18,485,18,484,16,482,15,479,15,476,15,475,16,475,18,475,18,475,20,474,21,471,21,466,21,466,21,462,21,459,21,457,20,456,19,453,18,448,18,448,18,444,18,440,18,440,18,435,18,431,18,431,18,426,18,423,18,422,16,420,15,417,15,414,14,413,13,412,12,409,12,406,12,404,13,403,14,400,15,397,15,395,16,394,18,391,18,388,18,386,16,386,15,386,15,386,13,385,12,382,12,378,12,378,13,378,15,378,15,378,16,376,18,373,18,370,19,369,20,369,21,369,21,369,23,369,25,369,25,369,26,367,27,364,28,361,28,360,29,360,31,360,31,360,33,360,34,360,34,360,36,358,37,355,38,352,37,351,36,351,34,351,34,351,33,351,31,351,31,351,29,351,28,351,28,351,26,351,25,351,25,351,23,350,22,347,21,344,21,342,20,342,18,342,18,342,16,341,15,338,15,335,15,333,16,333,18,333,18,333,20,333,21,333,21,333,23,333,25,333,25,333,26,333,28,333,28,333,29,333,31,333,31,333,33,332,34,329,34,326,34,324,33,324,31,324,31,324,29,323,28,320,28,317,28,316,29,314,31,311,31,308,32,307,33,305,34,302,34,299,35,298,36,296,37,293,38,290,37,289,36,288,35,285,34,280,34,280,34,276,34,273,35,271,36,270,37,267,38,262,38,262,38,258,38,255,37,254,36,252,35,249,34,246,35,245,36,243,37,240,38,236,38,236,38,231,38,227,38,227,38,223,38,218,38,218,38,214,38,211,37,209,36,208,35,205,34,202,34,200,33,199,32,196,31,193,31,192,29,190,28,187,28,184,27,183,26,184,25,187,25,190,24,192,23,192,21,192,21,192,20,192,18,192,18,192,16,190,15,187,15,184,14,183,13,183,12,183,12,183,10,96,10,10,10,10,240,10,470,316,470,316,468,316,468,316,467,316,465,316,465,316,464,317,462,320,462,323,461,324,460,326,459,329,459,332,459,333,460,333,462,333,462,333,464,335,465,338,465,341,466,342,467,342,468,342,468,342,470,386,470,386,468,386,468,386,467,385,466,382,465,379,465,378,464,378,462,378,462,378,460,378,459,378,459,378,457,378,455,378,455,378,454,378,452,378,452,378,451,378,449,378,449,378,447,376,446,373,446,370,445,369,444,370,443,373,442,378,442,378,442,382,442,385,443,386,444,386,446,386,446,386,447,386,449,386,449,386,451,388,452,391,452,394,453,395,454,395,455,395,455,395,457,395,459,395,459,395,460,395,462,395,462,395,464,397,465,400,465,403,465,404,464,404,462,404,462,404,460,404,459,404,459,404,457,406,456,409,455,412,456,413,457,413,459,413,459,413,460,414,461,417,462,420,462,422,464,420,465,417,465,414,466,413,467,413,468,413,468,413,470,608,470,609,469,612,468,615,469,617,470,623,470,630,470,630,242,627,241,626,240,626,238,626,238,626,237,627,236,630,235,630,123,630,10,502,10
550,148,547,147,546,146,546,144,546,144,546,143,546,141,546,141,546,140,544,138,541,138,538,138,537,140,536,141,533,141,528,141,528,141,524,141,521,141,519,140,518,138,515,138,512,138,510,140,510,141,510,141,510,143,510,144,510,144,510,146,512,147,515,148,518,148,519,149,521,150,524,151,528,151,528,153,530,154,533,154,537,154,537,154,541,154,546,154,546,154,550,154,553,154,555,153,555,151,555,151,555,149,553,148,550,148
462,144,459,145,457,146,459,147,462,148,465,147,466,146,465,145,462,144
462,229,459,228,457,227,457,225,457,225,457,224,457,222,457,222,457,221,456,219,453,219,450,218,448,217,447,216,444,216,440,216,440,214,438,213,435,212,432,213,431,214,432,215,435,216,440,216,440,217,440,219,440,219,440,221,438,222,435,222,432,223,431,224,429,225,426,225,423,226,422,227,422,229,422,229,422,230,423,231,426,232,431,232,431,232,435,232,440,232,440,232,444,232,448,232,448,232,453,232,457,232,457,232,462,232,465,231,466,230,465,229,462,229
426,63,423,64,422,65,423,66,426,67,429,66,431,65,429,64,426,63
426,80,423,80,422,81,423,82,426,83,429,82,431,81,429,80,426,80
426,368,423,368,422,370,423,371,426,371,429,371,431,370,429,368,426,368
426,387,422,387,422,387,417,387,414,388,413,389,412,390,409,391,406,391,404,392,406,393,409,394,413,394,413,394,417,394,420,393,422,392,423,391,426,391,429,390,431,389,429,388,426,387
409,106,404,106,404,106,400,106,397,106,395,107,397,108,400,109,403,109,404,110,406,112,409,112,412,112,413,110,413,109,413,109,413,107,412,106,409,106
400,70,395,70,395,70,391,70,388,70,386,72,388,73,391,73,394,74,395,75,397,76,400,76,403,76,404,75,404,73,404,73,404,72,403,70,400,70
382,54,379,54,378,55,376,56,373,57,370,58,369,59,370,60,373,60,378,60,378,60,382,60,385,60,386,59,386,57,386,57,386,55,385,54,382,54
382,374,379,375,378,376,378,378,373,378,370,378,369,379,370,380,373,381,376,380,378,379,378,378,382,378,385,377,386,376,385,375,382,374
364,96,361,96,360,97,361,99,364,99,367,99,369,97,367,96,364,96
364,106,361,106,360,107,361,108,364,109,367,108,369,107,367,106,364,106
338,73,333,73,333,72,332,70,329,70,326,70,324,72,326,73,329,73,333,73,333,75,335,76,338,76,341,76,342,75,341,74,338,73
338,112,335,113,333,114,335,115,338,115,341,115,342,114,341,113,338,112
329,381,326,381,324,383,326,384,329,384,332,384,333,383,332,381,329,381
311,67,307,67,307,65,305,64,302,63,299,64,298,65,299,66,302,67,307,67,307,68,308,69,311,70,314,69,316,68,314,67,311,67
311,378,308,378,307,379,305,380,302,381,299,381,298,383,298,384,298,384,298,386,298,387,293,387,290,388,289,389,290,390,293,391,296,390,298,389,298,387,302,387,305,387,307,386,308,385,311,384,314,384,316,383,316,381,316,381,316,379,314,378,311,378
293,41,290,41,289,42,290,43,293,44,296,43,298,42,296,41,293,41
293,50,289,50,289,49,288,48,285,47,280,47,280,47,276,47,273,47,271,46,271,44,276,44,279,43,280,42,279,41,276,41,273,41,271,42,271,44,267,44,262,44,262,42,261,41,258,41,254,41,254,41,249,41,245,41,245,41,240,41,237,41,236,42,237,43,240,44,245,44,245,44,249,44,254,44,254,44,258,44,262,44,262,46,262,47,262,47,262,49,264,50,267,50,271,50,271,50,276,50,280,50,280,50,285,50,289,50,289,52,289,54,289,54,289,55,289,57,289,57,289,59,290,60,293,60,296,60,298,59,298,57,298,57,298,55,298,54,298,54,298,52,296,51,293,50
214,41,211,41,209,42,211,43,214,44,217,43,218,42,217,41,214,41
125,342,122,341,121,340,121,339,121,339,121,337,121,336,121,336,121,334,119,333,116,332,113,332,112,331,112,329,112,329,112,327,110,326,107,326,104,326,103,327,103,329,103,329,103,331,103,332,103,332,103,334,103,336,103,336,103,337,103,339,103,339,103,340,104,342,107,342,110,343,112,344,113,345,116,345,121,345,121,345,125,345,128,345,130,344,128,343,125,342
475,10,476,11,479,12,484,12,484,12,488,12,491,11,493,10,475,10
360,10,360,12,360,12,360,13,360,15,364,15,367,14,369,13,370,12,373,12,378,12,378,10,360,10
533,144,530,145,528,146,528,148,528,148,528,149,528,151,533,151,536,150,537,149,537,148,537,148,537,146,536,145,533,144
355,15,352,15,351,16,352,18,355,18,358,18,360,16,360,15,355,15
