546,10,547,11,550,12,553,12,555,13,555,15,555,15,555,16,555,18,555,18,555,20,555,21,555,21,555,23,555,25,555,25,555,26,553,27,550,28,547,28,546,29,544,31,541,31,538,32,537,33,537,34,537,34,537,36,537,38,537,38,537,39,537,41,537,41,537,42,537,44,537,44,537,46,536,47,533,47,530,48,528,49,527,50,524,50,521,50,519,49,519,47,519,47,519,46,519,44,519,44,519,42,518,41,515,41,512,41,510,42,509,43,506,44,503,45,502,46,502,47,502,47,502,49,500,50,497,50,494,51,493,52,491,53,488,54,485,53,484,52,484,50,484,50,484,49,482,48,479,47,476,47,475,46,476,45,479,44,482,43,484,42,484,41,484,41,484,39,484,38,484,38,484,36,485,35,488,34,491,34,493,33,493,31,493,31,493,29,493,28,493,28,493,26,494,25,497,25,500,24,502,23,503,22,506,21,510,21,510,21,515,21,519,21,519,21,524,21,527,21,528,20,528,18,528,18,528,16,527,15,524,15,521,14,519,13,519,12,519,12,519,10,466,10,466,12,466,12,466,13,465,14,462,15,459,14,457,13,457,12,457,12,457,10,448,10,448,12,448,12,448,13,448,15,448,15,448,16,447,18,444,18,441,19,440,20,440,21,440,21,440,23,440,25,440,25,440,26,440,28,440,28,440,29,438,31,435,31,432,31,431,29,429,28,426,28,423,27,422,26,420,25,417,25,414,24,413,23,413,21,413,21,413,20,413,18,413,18,413,16,413,15,413,15,413,13,413,12,413,12,413,10,254,10,252,11,249,12,246,12,245,13,243,14,240,15,237,14,236,13,234,12,231,12,228,11,227,10,118,10,10,10,10,60,13,61,14,62,13,63,10,63,10,267,10,470,320,470,630,470,630,446,627,445,626,444,626,442,626,442,626,441,626,439,626,439,626,438,626,436,626,436,626,434,626,433,626,433,626,431,626,430,626,430,626,428,626,426,626,426,626,425,626,423,626,423,626,421,627,420,630,420,630,215,630,10,546,10
612,109,609,108,608,107,608,106,608,106,608,104,606,103,603,102,600,102,599,101,598,100,595,99,592,99,590,97,590,96,590,96,590,94,590,93,590,93,590,91,590,89,590,89,590,88,590,86,590,86,590,85,590,83,590,83,590,81,589,80,586,80,581,80,581,80,577,80,574,79,572,78,572,76,572,76,572,75,571,74,568,73,565,73,564,72,562,70,559,70,556,69,555,68,553,67,550,67,546,67,546,65,546,63,546,63,546,62,544,61,541,60,537,60,537,60,533,60,530,61,528,62,528,63,528,63,528,65,530,66,533,67,537,67,537,67,541,67,546,67,546,68,546,70,546,70,546,72,544,73,541,73,538,74,537,75,537,76,537,76,537,78,538,79,541,80,544,80,546,81,546,83,546,83,546,85,546,86,546,86,546,88,546,89,546,89,546,91,547,92,550,93,553,93,555,94,555,96,555,96,555,97,556,99,559,99,562,100,564,101,564,102,564,102,564,104,564,106,564,106,564,107,564,109,564,109,564,110,564,112,564,112,564,114,562,115,559,115,555,115,555,115,550,115,547,116,546,117,547,118,550,119,553,119,555,120,555,122,555,122,555,123,556,124,559,125,562,126,564,127,565,128,568,128,571,129,572,130,574,131,577,131,581,131,581,131,586,131,589,132,590,133,592,134,595,135,599,135,599,135,603,135,606,134,608,133,609,132,612,131,615,131,617,130,615,129,612,128,608,128,608,128,603,128,600,128,599,127,600,126,603,125,606,124,608,123,609,122,612,122,615,121,617,120,615,119,612,119,608,119,608,119,603,119,600,119,599,120,598,121,595,122,592,121,590,120,589,119,586,119,583,118,581,117,581,115,581,115,581,114,583,113,586,112,589,112,590,110,590,109,595,109,598,109,599,110,600,112,603,112,608,112,608,112,612,112,615,112,617,110,615,109,612,109
603,268,599,268,599,268,595,268,592,268,590,269,590,271,590,271,590,272,590,274,590,274,590,276,592,277,595,277,599,277,599,277,603,277,606,277,608,276,608,274,608,274,608,272,608,271,608,271,608,269,606,268,603,268
586,203,583,203,581,204,581,206,581,206,581,208,583,209,586,209,589,209,590,208,590,206,590,206,590,204,589,203,586,203
559,34,556,35,555,36,556,37,559,38,562,37,564,36,562,35,559,34
515,63,512,64,510,65,512,66,515,67,518,66,519,65,518,64,515,63
488,465,485,466,484,467,485,468,488,468,491,468,493,467,491,466,488,465
444,34,441,35,440,36,441,37,444,38,447,37,448,36,447,35,444,34
444,89,441,90,440,91,441,92,444,93,447,92,448,91,447,90,444,89
444,99,441,100,440,101,440,102,440,102,440,104,441,105,444,106,447,105,448,104,448,102,448,102,448,101,447,100,444,99
444,310,441,309,440,308,440,306,440,306,440,305,438,304,435,303,431,303,431,303,426,303,423,304,422,305,420,306,417,306,414,307,413,308,413,310,413,310,413,311,412,312,409,313,406,312,404,311,403,310,400,310,397,310,395,311,394,312,391,313,386,313,386,313,382,313,379,313,378,315,376,316,373,316,370,317,369,318,369,319,369,319,369,321,370,322,373,323,378,323,378,323,382,323,385,322,386,321,388,320,391,319,395,319,395,319,400,319,404,319,404,319,409,319,412,320,413,321,414,322,417,323,422,323,422,323,426,323,431,323,431,323,435,323,438,322,440,321,440,319,440,319,440,318,440,316,440,316,440,315,441,313,444,313,447,312,448,311,447,310,444,310
435,83,432,83,431,85,432,86,435,86,438,86,440,85,438,83,435,83
426,63,423,64,422,65,423,66,426,67,429,66,431,65,429,64,426,63
426,73,423,74,422,75,423,76,426,76,429,76,431,75,429,74,426,73
426,413,423,414,422,415,420,416,417,417,414,417,413,418,413,420,413,420,413,421,412,422,409,423,406,424,404,425,404,426,404,426,404,428,404,430,404,430,404,431,406,432,409,433,412,432,413,431,414,430,417,430,420,429,422,428,423,427,426,426,429,426,431,425,431,423,431,423,431,421,431,420,431,420,431,418,431,417,431,417,431,415,429,414,426,413
400,18,397,19,395,20,395,21,391,21,388,22,386,23,385,24,382,25,379,25,378,26,378,28,378,28,378,29,376,31,373,31,370,32,369,33,369,34,369,34,369,36,369,38,369,38,369,39,369,41,369,41,369,42,369,44,369,44,369,46,369,47,369,47,369,49,369,50,369,50,369,52,370,53,373,54,376,53,378,52,378,50,378,50,378,49,378,47,378,47,378,46,378,44,378,44,378,42,378,41,378,41,378,39,378,38,378,38,378,36,379,35,382,34,385,34,386,33,386,31,386,31,386,29,388,28,391,28,394,27,395,26,395,25,395,25,395,23,395,21,400,21,403,21,404,20,403,19,400,18
400,67,397,66,395,65,394,64,391,63,388,64,386,65,386,67,386,67,386,68,388,69,391,70,395,70,395,70,400,70,403,69,404,68,403,67,400,67
400,436,397,437,395,438,397,439,400,439,403,439,404,438,403,437,400,436
373,12,370,12,369,13,369,15,364,15,360,15,360,13,358,12,355,12,352,12,351,13,352,14,355,15,360,15,360,16,361,18,364,18,367,18,369,16,369,15,373,15,376,14,378,13,376,12,373,12
347,28,342,28,342,28,338,28,335,28,333,29,335,31,338,31,342,31,342,31,347,31,350,31,351,29,350,28,347,28
347,190,342,190,342,188,341,187,338,187,333,187,333,185,332,184,329,183,324,183,324,182,323,181,320,180,316,180,316,178,314,177,311,177,307,177,307,175,305,174,302,174,299,174,298,175,299,176,302,177,307,177,307,178,308,180,311,180,316,180,316,182,317,183,320,183,324,183,324,185,326,186,329,187,333,187,333,188,335,189,338,190,342,190,342,191,344,192,347,193,350,192,351,191,350,190,347,190
329,41,326,41,324,42,324,44,324,44,324,46,326,47,329,47,332,47,333,46,333,44,333,44,333,42,332,41,329,41
293,167,289,167,289,165,288,164,285,164,282,164,280,165,282,167,285,167,289,167,289,169,290,170,293,170,296,170,298,169,296,168,293,167
134,326,131,325,130,324,130,323,130,323,130,321,128,320,125,319,121,319,121,319,116,319,113,319,112,318,110,317,107,316,103,316,103,316,99,316,94,316,94,316,90,316,87,317,85,318,85,319,85,319,85,321,87,322,90,323,93,323,94,324,94,326,94,326,94,327,96,329,99,329,102,330,103,331,104,332,107,332,110,333,112,334,113,335,116,336,119,336,121,337,122,338,125,339,130,339,130,339,134,339,137,338,138,337,138,336,138,336,138,334,138,332,138,332,138,331,138,329,138,329,138,327,137,326,134,326
45,47,42,47,41,46,40,45,37,44,34,45,32,46,32,47,32,47,32,49,34,50,37,50,41,50,41,50,45,50,48,50,50,49,48,48,45,47
45,290,41,290,41,290,37,290,34,291,32,292,34,293,37,293,41,293,41,293,45,293,48,293,50,292,48,291,45,290
422,10,422,12,422,12,422,13,423,14,426,15,429,14,431,13,431,12,431,12,431,10,422,10
586,106,583,106,581,107,583,108,586,109,590,109,590,107,589,106,586,106
515,31,512,32,510,33,512,34,515,34,518,34,519,33,518,32,515,31
