10,180,13,181,14,182,13,183,10,183,10,187,13,187,14,188,14,190,14,190,14,191,14,193,14,193,14,195,14,196,14,196,14,198,14,200,14,200,14,201,13,202,10,203,10,303,13,304,14,305,13,306,10,306,10,313,13,313,14,315,14,316,14,316,14,318,16,319,19,319,23,319,23,319,28,319,31,320,32,321,32,323,32,323,32,324,32,326,32,326,32,327,31,329,28,329,25,330,23,331,22,332,19,332,14,332,14,332,10,332,10,401,10,470,94,470,96,469,99,468,103,468,103,468,107,468,112,468,112,468,116,468,121,468,121,468,125,468,128,469,130,470,484,470,485,469,488,468,491,469,493,470,561,470,630,470,630,240,630,10,320,10,10,10,10,180
612,67,609,66,608,65,608,63,608,63,608,62,606,61,603,60,599,60,599,60,595,60,590,60,590,60,586,60,583,60,581,59,581,57,581,57,581,55,580,54,577,54,574,54,572,55,572,57,572,57,572,59,571,60,568,60,565,61,564,62,564,63,564,63,564,65,562,66,559,67,555,67,555,65,553,64,550,63,547,64,546,65,547,66,550,67,555,67,555,68,555,70,555,70,555,72,555,73,555,73,555,75,555,76,550,76,547,77,546,78,546,80,546,80,546,81,546,83,546,83,546,85,547,86,550,86,555,86,555,86,559,86,562,87,564,88,562,89,559,89,556,90,555,91,553,92,550,93,547,93,546,94,547,95,550,96,553,96,555,97,555,99,555,99,555,101,553,102,550,102,547,102,546,101,544,100,541,99,537,99,537,99,533,99,528,99,528,99,524,99,521,100,519,101,519,102,519,102,519,104,518,105,515,106,512,106,510,107,510,109,510,109,510,110,509,111,506,112,502,112,502,110,502,109,502,109,502,107,502,106,502,106,502,104,502,102,502,102,502,101,502,99,502,99,502,97,500,96,497,96,494,95,493,94,493,93,493,93,493,91,493,89,493,89,493,88,493,86,493,86,493,85,493,83,493,83,493,81,493,80,493,80,493,78,493,76,493,76,493,75,491,74,488,73,485,74,484,75,482,76,479,76,476,77,475,78,475,80,475,80,475,81,475,83,475,83,475,85,474,86,471,86,468,87,466,88,468,89,471,89,474,90,475,91,474,92,471,93,468,93,466,94,466,96,466,96,466,97,465,99,462,99,459,100,457,101,457,102,457,102,457,104,459,105,462,106,465,106,466,107,465,108,462,109,459,109,457,110,457,112,457,112,457,114,457,115,457,115,457,117,457,119,457,119,457,120,457,122,457,122,457,123,457,125,457,125,457,127,457,128,457,128,457,130,457,131,457,131,457,133,459,134,462,135,465,135,466,136,466,138,466,138,466,140,466,141,466,141,466,143,468,144,471,144,474,145,475,146,475,148,475,148,475,149,475,151,475,151,475,153,475,154,475,154,475,156,476,157,479,157,482,158,484,159,484,161,484,161,484,162,485,163,488,164,491,164,493,165,493,167,493,167,493,169,494,170,497,170,502,170,502,170,506,170,510,170,510,170,515,170,518,170,519,169,521,168,524,167,527,168,528,169,530,170,533,170,536,171,537,172,538,173,541,174,544,174,546,175,546,177,546,177,546,178,546,180,546,180,546,182,547,183,550,183,553,184,555,185,556,186,559,187,564,187,564,187,568,187,571,186,572,185,572,183,572,183,572,182,571,181,568,180,565,180,564,178,564,177,564,177,564,175,562,174,559,174,556,173,555,172,555,170,555,170,555,169,555,167,555,167,555,165,553,164,550,164,546,164,546,164,541,164,538,163,537,162,537,161,537,161,537,159,537,157,537,157,537,156,537,154,537,154,537,153,537,151,537,151,537,149,537,148,537,148,537,146,537,144,537,144,537,143,537,141,537,141,537,140,536,138,533,138,530,137,528,136,528,135,528,135,528,133,528,131,528,131,528,130,528,128,528,128,528,127,528,125,528,125,528,123,528,122,528,122,528,120,528,119,533,119,536,119,537,120,537,122,537,122,537,123,537,125,537,125,537,127,538,128,541,128,544,128,546,127,546,125,546,125,546,123,547,122,550,122,553,121,555,120,555,119,555,119,555,117,553,116,550,115,547,115,546,114,546,112,546,112,546,110,547,109,550,109,553,109,555,110,556,112,559,112,562,113,564,114,565,115,568,115,572,115,572,115,577,115,580,115,581,114,583,113,586,112,590,112,590,112,595,112,599,112,599,112,603,112,606,112,608,110,606,109,603,109,600,108,599,107,598,106,595,106,590,106,590,106,586,106,583,105,581,104,581,102,581,102,581,101,581,99,581,99,581,97,581,96,581,96,581,94,580,93,577,93,574,92,572,91,572,89,572,89,572,88,574,87,577,86,581,86,581,86,586,86,589,87,590,88,590,89,590,89,590,91,592,92,595,93,598,92,599,91,599,89,599,89,599,88,599,86,599,86,599,85,600,83,603,83,608,83,608,83,612,83,615,82,617,81,615,80,612,80,609,79,608,78,609,77,612,76,615,76,617,75,617,73,617,73,617,72,617,70,617,70,617,68,615,67,612,67
586,47,583,48,581,49,583,50,586,50,589,50,590,49,589,48,586,47
577,28,574,27,572,26,572,25,572,25,572,23,571,22,568,21,565,21,564,20,562,19,559,18,556,19,555,20,555,21,555,21,555,23,555,25,555,25,555,26,555,28,555,28,555,29,556,31,559,31,564,31,564,31,568,31,572,31,572,31,577,31,580,31,581,29,580,28,577,28
568,119,565,119,564,120,565,121,568,122,571,121,572,120,571,119,568,119
559,125,556,126,555,127,555,128,555,128,555,130,555,131,555,131,555,133,556,134,559,135,562,134,564,133,564,131,564,131,564,130,564,128,564,128,564,127,562,126,559,125
541,287,538,288,537,289,537,290,537,290,537,292,537,293,537,293,537,295,537,297,537,297,537,298,537,300,537,300,537,302,538,303,541,303,544,303,546,302,546,300,546,300,546,298,546,297,546,297,546,295,546,293,546,293,546,292,546,290,546,290,546,289,544,288,541,287
515,436,512,437,510,438,510,439,510,439,510,441,512,442,515,442,518,442,519,441,519,439,519,439,519,438,518,437,515,436
506,400,503,401,502,402,503,403,506,404,509,403,510,402,509,401,506,400
506,417,503,417,502,418,502,420,502,420,502,421,502,423,502,423,502,425,502,426,502,426,502,428,502,430,502,430,502,431,503,432,506,433,509,432,510,431,510,430,510,430,510,428,510,426,510,426,510,425,510,423,510,423,510,421,510,420,510,420,510,418,509,417,506,417
497,63,494,64,493,65,494,66,497,67,500,66,502,65,500,64,497,63
479,21,476,22,475,23,475,25,475,25,475,26,476,27,479,28,482,27,484,26,484,25,484,25,484,23,482,22,479,21
462,449,459,448,457,447,457,446,457,446,457,444,457,442,457,442,457,441,457,439,457,439,457,438,457,436,457,436,457,434,456,433,453,433,450,432,448,431,448,430,448,430,448,428,448,426,448,426,448,425,447,424,444,423,441,424,440,425,438,426,435,426,432,426,431,425,429,424,426,423,423,424,422,425,420,426,417,426,414,427,413,428,413,430,413,430,413,431,414,432,417,433,420,433,422,434,422,436,422,436,422,438,422,439,422,439,422,441,423,442,426,442,429,443,431,444,431,446,431,446,431,447,431,449,431,449,431,451,432,452,435,452,440,452,440,452,444,452,447,453,448,454,450,455,453,455,456,455,457,454,459,453,462,452,465,452,466,451,465,449,462,449
400,255,397,255,395,256,395,258,391,258,386,258,386,258,382,258,378,258,378,258,373,258,369,258,369,256,367,255,364,255,361,255,360,256,360,258,355,258,352,257,351,256,350,255,347,255,342,255,342,255,338,255,335,255,333,256,333,258,333,258,333,259,333,261,333,261,333,263,335,264,338,264,342,264,342,264,347,264,350,264,351,263,352,262,355,261,358,261,360,259,360,258,364,258,369,258,369,259,370,261,373,261,378,261,378,261,382,261,386,261,386,261,391,261,394,261,395,259,395,258,400,258,403,257,404,256,403,255,400,255
391,131,388,132,386,133,386,135,382,135,378,135,378,133,378,131,378,131,378,130,376,129,373,128,370,129,369,130,369,131,369,131,369,133,370,134,373,135,378,135,378,136,378,138,378,138,378,140,378,141,378,141,378,143,379,144,382,144,385,144,386,143,388,142,391,141,394,141,395,140,394,138,391,138,388,137,386,136,386,135,391,135,394,134,395,133,394,132,391,131
391,222,386,222,386,222,382,222,379,223,378,224,379,225,382,225,386,225,386,225,391,225,394,225,395,224,394,223,391,222
240,365,236,365,236,365,231,365,227,365,227,365,223,365,218,365,218,365,214,365,209,365,209,363,208,362,205,361,202,362,200,363,202,364,205,365,209,365,209,366,208,367,205,368,202,368,200,370,202,371,205,371,209,371,209,371,214,371,218,371,218,371,223,371,226,371,227,370,228,369,231,368,236,368,236,368,240,368,243,367,245,366,243,365,240,365
231,465,228,466,227,467,228,468,231,468,234,468,236,467,234,466,231,465
178,430,175,430,174,431,174,433,169,433,166,433,165,434,165,436,165,436,165,438,165,439,161,439,156,439,156,439,152,439,149,440,147,441,149,442,152,442,156,442,156,442,161,442,164,442,165,441,165,439,169,439,172,439,174,438,174,436,174,436,174,434,174,433,178,433,181,432,183,431,181,430,178,430
169,358,165,358,165,358,161,358,156,358,156,358,152,358,149,358,147,357,146,356,143,355,138,355,138,355,134,355,130,355,130,355,125,355,121,355,121,355,116,355,112,355,112,355,107,355,104,354,103,353,102,352,99,352,94,352,94,352,90,352,87,352,85,353,85,355,85,355,85,357,85,358,85,358,85,360,84,361,81,361,78,362,76,363,78,364,81,365,85,365,85,365,90,365,94,365,94,365,99,365,103,365,103,365,107,365,110,365,112,366,113,367,116,368,121,368,121,368,125,368,130,368,130,368,134,368,137,367,138,366,140,365,143,365,147,365,147,365,152,365,155,365,156,366,158,367,161,368,164,367,165,366,166,365,169,365,172,364,174,363,174,361,174,361,174,360,172,359,169,358
63,423,59,423,59,423,54,423,50,423,50,423,45,423,42,424,41,425,42,426,45,426,50,426,50,426,54,426,59,426,59,426,63,426,66,426,68,425,66,424,63,423
559,76,555,76,555,78,555,80,555,80,555,81,556,82,559,83,562,82,564,81,564,80,564,80,564,78,562,77,559,76
524,115,521,116,519,117,521,118,524,119,528,119,528,117,527,116,524,115
515,144,512,145,510,146,512,147,515,148,518,147,519,146,518,145,515,144
497,112,494,113,493,114,494,115,497,115,500,115,502,114,502,112,497,112
497,119,494,119,493,120,491,121,488,122,485,122,484,123,485,124,488,125,493,125,493,125,497,125,500,124,502,123,502,122,502,122,502,120,500,119,497,119
