10,219,13,219,14,221,14,222,14,222,14,224,16,225,19,225,22,226,23,227,23,229,23,229,23,230,25,231,28,232,31,232,32,234,32,235,32,235,32,237,34,238,37,238,40,239,41,240,42,241,45,242,48,242,50,243,50,245,50,245,50,246,50,248,54,248,57,249,59,250,59,251,63,251,66,252,68,253,68,255,68,255,68,256,68,258,72,258,75,258,76,259,76,261,81,261,84,262,85,263,85,264,90,264,93,265,94,266,93,267,90,268,87,267,85,266,85,264,81,264,78,264,76,263,76,261,72,261,69,261,68,259,68,258,63,258,60,257,59,256,59,255,59,255,59,253,59,251,54,251,51,251,50,250,50,248,45,248,42,248,41,246,40,245,37,245,34,244,32,243,31,242,28,242,25,241,23,240,22,239,19,238,14,238,14,240,14,242,14,242,14,243,16,244,19,245,22,245,23,246,23,248,28,248,31,249,32,250,31,251,28,251,25,251,23,250,23,248,19,248,14,248,14,248,10,248,10,258,13,258,14,259,13,261,10,261,10,366,10,470,85,470,87,469,90,468,93,469,94,470,360,470,361,469,364,468,367,468,369,467,370,466,373,465,376,465,378,464,378,462,378,462,378,460,376,459,373,459,369,459,369,459,364,459,360,459,360,459,355,459,352,458,351,457,350,456,347,455,342,455,342,455,338,455,333,455,333,455,329,455,324,455,324,455,320,455,317,455,316,454,314,453,311,452,308,452,307,451,305,449,302,449,299,448,298,447,296,446,293,446,289,446,289,446,285,446,282,445,280,444,279,443,276,442,273,442,271,441,270,440,267,439,262,439,262,439,258,439,255,439,254,438,252,437,249,436,245,436,245,436,240,436,237,435,236,434,236,433,236,433,236,431,234,430,231,430,228,429,227,428,226,427,223,426,220,426,218,425,217,424,214,423,209,423,209,423,205,423,200,423,200,423,196,423,193,422,192,421,190,420,187,420,184,419,183,418,183,417,183,417,183,415,181,414,178,413,175,413,174,412,175,411,178,410,183,410,183,410,187,410,190,411,192,412,193,413,196,413,200,413,200,413,205,413,208,414,209,415,211,416,214,417,218,417,218,417,223,417,226,417,227,418,227,420,227,420,227,421,228,422,231,423,236,423,236,423,240,423,245,423,245,423,249,423,254,423,254,423,258,423,261,424,262,425,264,426,267,426,270,427,271,428,273,429,276,430,279,430,280,431,282,432,285,433,288,433,289,434,290,435,293,436,296,437,298,438,299,439,302,439,307,439,307,439,311,439,314,440,316,441,317,442,320,442,323,443,324,444,324,446,324,446,324,447,326,448,329,449,333,449,333,449,338,449,342,449,342,449,347,449,350,449,351,451,352,452,355,452,360,452,360,452,364,452,369,452,369,452,373,452,376,453,378,454,379,455,382,455,386,455,386,455,391,455,395,455,395,455,400,455,403,456,404,457,404,459,404,459,404,460,404,462,404,462,404,464,404,465,404,465,404,467,404,468,404,468,404,470,517,470,630,470,630,242,627,241,626,240,627,239,630,238,630,124,630,10,320,10,10,10,10,219
621,112,618,113,617,114,617,115,612,115,608,115,608,115,603,115,600,116,599,117,598,118,595,119,592,119,590,120,590,122,586,122,583,122,581,123,580,124,577,125,574,124,572,123,571,122,568,122,564,122,564,122,559,122,556,122,555,123,555,125,555,125,555,127,555,128,555,128,555,130,556,131,559,131,562,131,564,130,565,129,568,128,572,128,572,128,577,128,581,128,581,128,586,128,589,128,590,127,590,125,590,125,590,123,590,122,595,122,599,122,599,122,603,122,606,121,608,120,609,119,612,119,615,118,617,117,617,115,621,115,624,115,626,114,624,113,621,112
559,141,556,142,555,143,555,144,550,144,546,144,546,144,541,144,538,145,537,146,538,147,541,148,546,148,546,148,550,148,553,147,555,146,555,144,559,144,562,144,564,143,562,142,559,141
524,21,521,22,519,23,521,24,524,25,527,24,528,23,527,22,524,21
524,141,519,141,519,141,515,141,512,142,510,143,510,144,510,144,510,146,512,147,515,148,518,147,519,146,521,145,524,144,527,144,528,143,527,142,524,141
515,119,510,119,510,119,506,119,503,118,502,117,500,116,497,115,493,115,493,115,488,115,485,116,484,117,482,118,479,119,476,119,475,120,475,122,475,122,475,123,475,125,475,125,475,127,476,128,479,128,482,128,484,127,485,126,488,125,491,124,493,123,494,122,497,122,500,122,502,123,502,125,502,125,502,127,500,128,497,128,494,129,493,130,493,131,493,131,493,133,494,134,497,135,500,134,502,133,503,132,506,131,509,132,510,133,512,134,515,135,518,134,519,133,519,131,519,131,519,130,519,128,519,128,519,127,519,125,519,125,519,123,519,122,519,122,519,120,518,119,515,119
515,248,510,248,510,248,506,248,503,249,502,250,503,251,506,251,510,251,510,251,515,251,518,251,519,250,518,249,515,248
479,144,475,144,475,144,471,144,468,145,466,146,466,148,466,148,466,149,466,151,466,151,466,153,468,154,471,154,475,154,475,154,479,154,482,154,484,153,484,151,484,151,484,149,484,148,484,148,484,146,482,145,479,144
471,99,468,100,466,101,466,102,462,102,459,103,457,104,457,106,457,106,457,107,457,109,457,109,457,110,457,112,457,112,457,114,457,115,457,115,457,117,459,118,462,119,465,118,466,117,466,115,466,115,466,114,468,113,471,112,474,112,475,110,474,109,471,109,468,108,466,107,466,106,466,106,466,104,466,102,471,102,474,102,475,101,474,100,471,99
471,135,468,135,466,136,468,137,471,138,474,137,475,136,474,135,471,135
453,96,448,96,448,94,448,93,448,93,448,91,447,90,444,89,441,90,440,91,440,93,440,93,440,94,441,95,444,96,448,96,448,97,450,99,453,99,456,99,457,97,456,96,453,96
435,83,431,83,431,81,431,80,431,80,431,78,431,76,431,76,431,75,429,74,426,73,423,74,422,75,422,76,422,76,422,78,422,80,422,80,422,81,423,82,426,83,431,83,431,85,431,86,426,86,423,87,422,88,423,89,426,89,429,89,431,88,431,86,435,86,438,86,440,85,438,83,435,83
400,180,397,181,395,182,395,183,395,183,395,185,397,186,400,187,403,186,404,185,404,183,404,183,404,182,403,181,400,180
391,135,388,135,386,136,386,138,386,138,386,140,386,141,382,141,379,142,378,143,378,144,373,144,370,145,369,146,370,147,373,148,376,147,378,146,378,144,382,144,385,144,386,143,386,141,391,141,394,141,395,140,395,138,395,138,395,136,394,135,391,135
347,60,342,60,342,60,338,60,335,61,333,62,335,63,338,63,342,63,342,63,347,63,350,63,351,62,350,61,347,60
347,67,344,67,342,68,342,70,342,70,342,72,341,73,338,73,333,73,333,72,333,70,333,70,333,68,332,67,329,67,326,67,324,68,324,70,324,70,324,72,326,73,329,73,333,73,333,75,335,76,338,76,341,77,342,78,344,79,347,80,350,79,351,78,351,76,351,76,351,75,351,73,351,73,351,72,351,70,351,70,351,68,350,67,347,67
320,50,317,51,316,52,317,53,320,54,323,53,324,52,323,51,320,50
302,47,299,47,298,46,296,45,293,44,289,44,289,42,289,41,289,41,289,39,288,38,285,38,282,38,280,39,280,41,280,41,280,42,282,43,285,44,289,44,289,46,288,47,285,47,282,48,280,49,282,50,285,50,289,50,289,50,293,50,298,50,298,50,302,50,305,50,307,49,305,48,302,47
302,138,299,138,298,140,299,141,302,141,305,141,307,140,305,138,302,138
223,109,220,108,218,107,217,106,214,106,209,106,209,106,205,106,200,106,200,106,196,106,192,106,192,106,187,106,184,105,183,104,183,102,183,102,183,101,183,99,183,99,183,97,181,96,178,96,175,96,174,97,174,99,174,99,174,101,174,102,174,102,174,104,174,106,174,106,174,107,174,109,174,109,174,110,174,112,174,112,174,114,175,115,178,115,181,116,183,117,183,119,183,119,183,120,184,121,187,122,190,122,192,123,193,124,196,125,199,126,200,127,202,128,205,128,208,128,209,127,211,126,214,125,217,124,218,123,220,122,223,122,226,121,227,120,227,119,227,119,227,117,227,115,227,115,227,114,227,112,227,112,227,110,226,109,223,109
205,306,202,307,200,308,202,309,205,310,208,309,209,308,208,307,205,306
196,96,193,96,192,97,193,99,196,99,199,99,200,97,199,96,196,96
187,381,183,381,183,381,178,381,175,380,174,379,172,378,169,378,165,378,165,378,161,378,156,378,156,376,158,375,161,374,165,374,165,374,169,374,172,374,174,373,172,372,169,371,166,371,165,370,165,368,165,368,165,366,164,365,161,365,158,364,156,363,155,362,152,361,149,361,147,360,147,358,147,358,147,357,146,356,143,355,140,356,138,357,138,358,138,358,138,360,137,361,134,361,131,362,130,363,130,365,130,365,130,366,131,367,134,368,137,369,138,370,140,371,143,371,146,372,147,373,147,374,147,374,147,376,149,377,152,378,156,378,156,379,156,381,156,381,156,383,158,384,161,384,164,385,165,386,166,387,169,387,174,387,174,387,178,387,183,387,183,387,187,387,190,387,192,386,192,384,192,384,192,383,190,381,187,381
169,290,165,290,165,289,164,288,161,287,158,288,156,289,158,290,161,290,165,290,165,292,166,293,169,293,172,293,174,292,172,291,169,290
161,280,158,281,156,282,158,283,161,284,164,283,165,282,164,281,161,280
143,73,140,74,138,75,138,76,138,76,138,78,138,80,138,80,138,81,138,83,138,83,138,85,138,86,138,86,138,88,138,89,138,89,138,91,138,93,138,93,138,94,137,95,134,96,131,96,130,97,130,99,130,99,130,101,130,102,130,102,130,104,130,106,130,106,130,107,131,108,134,109,137,109,138,110,138,112,138,112,138,114,138,115,138,115,138,117,138,119,138,119,138,120,138,122,138,122,138,123,138,125,138,125,138,127,138,128,138,128,138,130,138,131,138,131,138,133,140,134,143,135,146,134,147,133,147,131,147,131,147,130,147,128,147,128,147,127,147,125,147,125,147,123,147,122,147,122,147,120,147,119,147,119,147,117,147,115,147,115,147,114,147,112,147,112,147,110,147,109,147,109,147,107,147,106,147,106,147,104,147,102,147,102,147,101,147,99,147,99,147,97,147,96,147,96,147,94,147,93,147,93,147,91,147,89,147,89,147,88,147,86,147,86,147,85,147,83,147,83,147,81,147,80,147,80,147,78,147,76,147,76,147,75,146,74,143,73
45,284,42,283,41,282,40,281,37,280,32,280,32,280,28,280,25,281,23,282,25,283,28,284,31,284,32,285,34,286,37,287,41,287,41,287,45,287,48,286,50,285,48,284,45,284
10,238,14,238,14,237,13,236,10,235,10,238
