546,10,547,11,550,12,553,12,555,13,555,15,555,15,555,16,555,18,555,18,555,20,555,21,555,21,555,23,555,25,555,25,555,26,553,27,550,28,546,28,546,28,541,28,538,28,537,29,537,31,537,31,537,33,537,34,537,34,537,36,537,38,537,38,537,39,537,41,537,41,537,42,537,44,537,44,537,46,536,47,533,47,530,48,528,49,527,50,524,50,521,50,519,49,519,47,519,47,519,46,521,45,524,44,527,43,528,42,527,41,524,41,521,40,519,39,518,38,515,38,512,38,510,39,509,40,506,41,503,41,502,42,500,43,497,44,494,45,493,46,493,47,493,47,493,49,493,50,493,50,493,52,491,53,488,54,485,53,484,52,484,50,484,50,484,49,482,48,479,47,476,47,475,46,475,44,475,44,475,42,476,41,479,41,482,40,484,39,485,38,488,38,491,37,493,36,493,34,493,34,493,33,493,31,493,31,493,29,493,28,493,28,493,26,494,25,497,25,500,24,502,23,503,22,506,21,510,21,510,21,515,21,518,22,519,23,519,25,519,25,519,26,521,27,524,28,527,27,528,26,528,25,528,25,528,23,528,21,528,21,528,20,528,18,528,18,528,16,527,15,524,15,521,14,519,13,519,12,519,12,519,10,466,10,466,12,466,12,466,13,465,14,462,15,459,14,457,13,457,12,457,12,457,10,448,10,448,12,448,12,448,13,448,15,448,15,448,16,448,18,448,18,448,20,447,21,444,21,441,22,440,23,440,25,440,25,440,26,441,27,444,28,448,28,448,28,453,28,456,28,457,29,457,31,457,31,457,33,456,34,453,34,450,35,448,36,448,38,448,38,448,39,447,40,444,41,441,40,440,39,440,38,440,38,440,36,438,35,435,34,431,34,431,34,426,34,423,34,422,33,422,31,422,31,422,29,422,28,422,28,422,26,420,25,417,25,414,24,413,23,413,21,413,21,413,20,413,18,409,18,406,18,404,16,406,15,409,15,413,15,413,13,414,12,417,12,420,12,422,13,420,14,417,15,413,15,413,16,413,18,417,18,422,18,422,18,426,18,429,18,431,16,431,15,431,15,431,13,431,12,431,12,431,10,245,10,245,12,249,12,252,12,254,13,252,14,249,15,246,14,245,13,245,12,240,12,236,12,236,12,231,12,228,11,227,10,118,10,10,10,10,60,13,61,14,62,13,63,10,63,10,267,10,470,320,470,630,470,630,442,627,442,626,441,626,439,626,439,626,438,626,436,626,436,626,434,626,433,626,433,626,431,626,430,626,430,626,428,626,426,626,426,626,425,627,424,630,423,630,217,630,10,546,10
612,106,609,105,608,104,606,103,603,102,600,102,599,101,599,99,599,99,599,97,598,96,595,96,592,95,590,94,590,93,590,93,590,91,590,89,590,89,590,88,590,86,590,86,590,85,590,83,590,83,590,81,590,80,590,80,590,78,589,77,586,76,581,76,581,76,577,76,574,76,572,75,571,74,568,73,565,73,564,72,562,70,559,70,555,70,555,70,550,70,547,70,546,72,546,73,546,73,546,75,546,76,546,76,546,78,546,80,546,80,546,81,546,83,546,83,546,85,546,86,546,86,546,88,546,89,546,89,546,91,547,92,550,93,553,93,555,94,555,96,555,96,555,97,556,99,559,99,562,100,564,101,564,102,564,102,564,104,564,106,564,106,564,107,564,109,564,109,564,110,564,112,564,112,564,114,562,115,559,115,556,116,555,117,555,119,555,119,555,120,555,122,555,122,555,123,556,124,559,125,562,126,564,127,565,128,568,128,571,129,572,130,574,131,577,131,581,131,581,131,586,131,590,131,590,131,595,131,599,131,599,131,603,131,606,131,608,130,606,129,603,128,600,128,599,127,600,126,603,125,606,124,608,123,609,122,612,122,615,121,617,120,615,119,612,119,608,119,608,119,603,119,599,119,599,119,595,119,590,119,590,119,586,119,583,118,581,117,581,115,581,115,581,114,583,113,586,112,589,112,590,110,590,109,595,109,598,109,599,110,600,112,603,112,608,112,608,112,612,112,615,112,617,110,617,109,617,109,617,107,615,106,612,106
603,268,600,268,599,269,598,270,595,271,592,271,590,272,592,273,595,274,598,275,599,276,600,277,603,277,606,277,608,276,608,274,608,274,608,272,608,271,608,271,608,269,606,268,603,268
595,216,592,216,590,217,592,218,595,219,598,218,599,217,598,216,595,216
586,200,583,200,581,201,581,203,581,203,581,204,581,206,581,206,581,208,583,209,586,209,589,209,590,208,590,206,590,206,590,204,590,203,590,203,590,201,589,200,586,200
533,60,530,61,528,62,530,63,533,63,536,63,537,62,536,61,533,60
515,63,512,64,510,65,512,66,515,67,518,66,519,65,518,64,515,63
488,465,485,466,484,467,485,468,488,468,491,468,493,467,491,466,488,465
444,89,441,90,440,91,441,92,444,93,447,92,448,91,447,90,444,89
444,102,441,103,440,104,441,105,444,106,447,105,448,104,447,103,444,102
435,83,432,83,431,85,432,86,435,86,438,86,440,85,438,83,435,83
435,303,431,303,431,303,426,303,423,304,422,305,420,306,417,306,414,307,413,308,412,309,409,310,404,310,404,310,400,310,397,310,395,311,394,312,391,313,386,313,386,313,382,313,379,313,378,315,378,316,378,316,378,318,378,319,373,319,370,320,369,321,370,322,373,323,376,322,378,321,378,319,382,319,386,319,386,319,391,319,394,319,395,318,397,317,400,316,403,317,404,318,406,319,409,319,413,319,413,319,417,319,422,319,422,319,426,319,431,319,431,319,435,319,438,319,440,318,440,316,440,316,440,315,438,313,435,313,432,312,431,311,432,310,435,310,438,309,440,308,440,306,440,306,440,305,438,304,435,303
426,63,423,64,422,65,423,66,426,67,429,66,431,65,429,64,426,63
426,73,423,74,422,75,423,76,426,76,429,76,431,75,429,74,426,73
426,417,422,417,422,417,417,417,414,417,413,418,413,420,413,420,413,421,412,422,409,423,406,424,404,425,404,426,404,426,404,428,404,430,404,430,404,431,406,432,409,433,412,432,413,431,414,430,417,430,420,429,422,428,423,427,426,426,429,426,431,425,431,423,431,423,431,421,431,420,431,420,431,418,429,417,426,417
417,99,414,100,413,101,414,102,417,102,420,102,422,101,420,100,417,99
417,384,414,385,413,386,413,387,413,387,413,389,414,390,417,391,420,390,422,389,422,387,422,387,422,386,420,385,417,384
409,394,406,394,404,395,406,397,409,397,412,397,413,395,412,394,409,394
400,67,397,66,395,65,394,64,391,63,388,64,386,65,386,67,386,67,386,68,388,69,391,70,395,70,395,70,400,70,403,69,404,68,403,67,400,67
400,378,397,378,395,379,397,380,400,381,403,380,404,379,403,378,400,378
400,436,397,437,395,438,397,439,400,439,403,439,404,438,403,437,400,436
391,420,388,420,386,421,388,422,391,423,394,422,395,421,394,420,391,420
382,25,379,25,378,26,378,28,378,28,378,29,378,31,373,31,370,32,369,33,369,34,369,34,369,36,369,38,369,38,369,39,369,41,369,41,369,42,369,44,369,44,369,46,369,47,369,47,369,49,369,50,369,50,369,52,370,53,373,54,376,53,378,52,378,50,378,50,378,49,378,47,378,47,378,46,378,44,378,44,378,42,378,41,378,41,378,39,378,38,378,38,378,36,378,34,378,34,378,33,378,31,382,31,385,31,386,29,386,28,386,28,386,26,385,25,382,25
373,12,370,12,369,13,369,15,364,15,360,15,360,13,358,12,355,12,352,12,351,13,352,14,355,15,360,15,360,16,361,18,364,18,367,18,369,16,369,15,373,15,376,14,378,13,376,12,373,12
338,187,333,187,333,185,332,184,329,183,324,183,324,182,323,181,320,180,316,180,316,178,314,177,311,177,307,177,307,175,305,174,302,174,299,174,298,175,299,176,302,177,307,177,307,178,308,180,311,180,316,180,316,182,317,183,320,183,324,183,324,185,326,186,329,187,333,187,333,188,335,189,338,190,341,189,342,188,341,187,338,187
329,38,326,38,324,39,324,41,324,41,324,42,324,44,324,44,324,46,326,47,329,47,332,47,333,46,333,44,333,44,333,42,333,41,333,41,333,39,332,38,329,38
293,167,290,168,289,169,290,170,293,170,296,170,298,169,296,168,293,167
143,332,140,332,138,331,138,329,138,329,138,327,137,326,134,326,131,325,130,324,130,323,130,323,130,321,128,320,125,319,121,319,121,319,116,319,113,319,112,318,110,317,107,316,103,316,103,316,99,316,94,316,94,316,90,316,87,317,85,318,85,319,85,319,85,321,87,322,90,323,93,323,94,324,96,325,99,326,102,326,103,327,103,329,103,329,103,331,104,332,107,332,110,333,112,334,113,335,116,336,119,336,121,337,122,338,125,339,130,339,130,339,134,339,137,338,138,337,140,336,143,336,146,335,147,334,146,333,143,332
45,47,42,47,41,46,40,45,37,44,34,45,32,46,32,47,32,47,32,49,34,50,37,50,41,50,41,50,45,50,48,50,50,49,48,48,45,47
45,290,41,290,41,290,37,290,34,291,32,292,34,293,37,293,41,293,41,293,45,293,48,293,50,292,48,291,45,290
586,102,581,102,581,102,577,102,574,103,572,104,574,105,577,106,580,106,581,107,583,108,586,109,590,109,590,107,590,106,590,106,590,104,589,103,586,102
515,31,512,32,510,33,512,34,515,34,518,34,519,33,518,32,515,31
