475,10,475,12,475,12,475,13,474,14,471,15,468,14,466,13,466,12,466,12,466,10,238,10,10,10,10,238,13,239,14,240,14,242,19,242,22,242,23,243,23,245,28,245,31,245,32,246,31,248,28,248,25,248,23,246,23,245,19,245,16,244,14,243,14,242,10,242,10,356,10,470,68,470,69,469,72,468,75,469,76,470,353,470,630,470,630,248,627,248,626,246,626,245,626,245,626,243,626,242,626,242,626,240,627,239,630,238,630,124,630,10,475,10
612,115,609,116,608,117,609,118,612,119,615,118,617,117,615,116,612,115
603,258,600,258,599,259,600,261,603,261,606,261,608,259,606,258,603,258
586,125,583,126,581,127,581,128,581,128,581,130,583,131,586,131,589,131,590,130,590,128,590,128,590,127,589,126,586,125
586,349,581,349,581,349,577,349,572,349,572,349,568,349,565,349,564,350,565,351,568,352,572,352,572,352,577,352,581,352,581,352,586,352,589,351,590,350,589,349,586,349
568,122,565,122,564,123,564,125,564,125,564,127,564,128,564,128,564,130,564,131,564,131,564,133,565,134,568,135,571,134,572,133,572,131,572,131,572,130,572,128,572,128,572,127,572,125,572,125,572,123,571,122,568,122
550,34,547,34,546,33,544,32,541,31,538,31,537,29,536,28,533,28,530,27,528,26,528,25,528,25,528,23,527,22,524,21,519,21,519,20,518,19,515,18,512,19,510,20,512,21,515,21,519,21,519,23,519,25,519,25,519,26,519,28,519,28,519,29,519,31,519,31,519,33,521,34,524,34,527,35,528,36,528,38,528,38,528,39,528,41,528,41,528,42,530,43,533,44,536,43,537,42,538,41,541,41,544,40,546,39,547,38,550,38,553,37,555,36,553,35,550,34
533,125,530,126,528,127,528,128,528,128,528,130,528,131,528,131,528,133,530,134,533,135,536,134,537,133,537,131,537,131,537,130,537,128,537,128,537,127,536,126,533,125
524,141,521,141,519,140,518,138,515,138,512,138,510,140,510,141,510,141,510,143,512,144,515,144,518,145,519,146,519,148,519,148,519,149,521,150,524,151,527,150,528,149,528,148,528,148,528,146,528,144,528,144,528,143,527,142,524,141
524,154,521,155,519,156,518,157,515,157,512,158,510,159,512,160,515,161,519,161,519,161,524,161,527,160,528,159,528,157,528,157,528,156,527,155,524,154
479,144,476,145,475,146,474,147,471,148,468,148,466,149,468,150,471,151,475,151,475,151,479,151,482,150,484,149,484,148,484,148,484,146,482,145,479,144
462,99,457,99,457,97,457,96,457,96,457,94,456,93,453,93,450,92,448,91,447,90,444,89,441,90,440,91,440,93,440,93,440,94,441,95,444,96,447,96,448,97,448,99,444,99,441,100,440,101,440,102,440,102,440,104,440,106,440,106,440,107,441,108,444,109,447,108,448,107,448,106,448,106,448,104,448,102,448,102,448,101,448,99,453,99,457,99,457,101,457,102,457,102,457,104,457,106,457,106,457,107,457,109,457,109,457,110,457,112,457,112,457,114,457,115,457,115,457,117,457,119,457,119,457,120,457,122,457,122,457,123,457,125,457,125,457,127,459,128,462,128,465,128,466,127,466,125,466,125,466,123,466,122,466,122,466,120,466,119,466,119,466,117,466,115,466,115,466,114,466,112,466,112,466,110,466,109,466,109,466,107,466,106,466,106,466,104,466,102,466,102,466,101,465,100,462,99
426,70,423,70,422,72,422,73,422,73,422,75,423,76,426,76,429,76,431,75,431,73,431,73,431,72,429,70,426,70
417,102,414,103,413,104,413,106,413,106,413,107,414,108,417,109,420,108,422,107,422,106,422,106,422,104,420,103,417,102
364,83,360,83,360,81,360,80,360,80,360,78,358,77,355,76,352,76,351,75,351,73,351,73,351,72,351,70,351,70,351,68,350,67,347,67,344,67,342,68,342,70,342,70,342,72,341,73,338,73,335,74,333,75,335,76,338,76,341,77,342,78,344,79,347,80,350,80,351,81,352,82,355,83,360,83,360,85,361,86,364,86,367,86,369,85,367,83,364,83
364,465,360,465,360,465,355,465,351,465,351,465,347,465,344,466,342,467,344,468,347,468,351,468,351,468,355,468,360,468,360,468,364,468,367,468,369,467,367,466,364,465
347,455,344,455,342,454,341,453,338,452,333,452,333,452,329,452,326,452,324,451,323,449,320,449,316,449,316,449,311,449,308,448,307,447,305,446,302,446,299,445,298,444,296,443,293,442,290,442,289,441,288,440,285,439,282,439,280,438,279,437,276,436,273,435,271,434,270,433,267,433,264,432,262,431,261,430,258,430,255,429,254,428,252,427,249,426,245,426,245,426,240,426,237,426,236,425,234,424,231,423,227,423,227,423,223,423,218,423,218,423,214,423,211,422,209,421,209,420,209,420,209,418,208,417,205,417,200,417,200,417,196,417,193,416,192,415,190,414,187,413,184,414,183,415,183,417,183,417,183,418,184,419,187,420,190,420,192,421,193,422,196,423,199,424,200,425,202,426,205,426,208,427,209,428,211,429,214,430,217,430,218,431,220,432,223,433,226,433,227,434,228,435,231,436,236,436,236,436,240,436,243,437,245,438,246,439,249,439,252,440,254,441,255,442,258,442,262,442,262,442,267,442,270,443,271,444,273,445,276,446,279,446,280,447,282,448,285,449,288,449,289,451,290,452,293,452,298,452,298,452,302,452,305,453,307,454,308,455,311,455,316,455,316,455,320,455,324,455,324,455,329,455,332,456,333,457,335,458,338,459,342,459,342,459,347,459,350,458,351,457,350,456,347,455
267,148,264,147,262,146,261,145,258,144,254,144,254,144,249,144,245,144,245,144,240,144,236,144,236,144,231,144,228,145,227,146,227,148,227,148,227,149,227,151,227,151,227,153,226,154,223,154,220,155,218,156,218,157,218,157,218,159,220,160,223,161,227,161,227,161,231,161,234,160,236,159,237,158,240,157,243,158,245,159,246,160,249,161,252,161,254,162,255,163,258,164,261,163,262,162,262,161,262,161,262,159,262,157,262,157,262,156,264,155,267,154,270,154,271,153,271,151,271,151,271,149,270,148,267,148
214,128,211,128,209,127,209,125,209,125,209,123,208,122,205,122,202,121,200,120,199,119,196,119,193,118,192,117,192,115,192,115,192,114,190,113,187,112,184,111,183,110,183,109,183,109,183,107,183,106,183,106,183,104,181,103,178,102,175,103,174,104,172,105,169,106,166,106,165,107,165,109,165,109,165,110,165,112,165,112,165,114,165,115,165,115,165,117,165,119,165,119,165,120,165,122,165,122,165,123,165,125,165,125,165,127,165,128,165,128,165,130,165,131,165,131,165,133,165,135,165,135,165,136,165,138,165,138,165,140,165,141,165,141,165,143,166,144,169,144,172,144,174,143,174,141,174,141,174,140,175,139,178,138,181,139,183,140,183,141,183,141,183,143,184,144,187,144,190,144,192,143,193,142,196,141,199,141,200,140,202,139,205,138,208,137,209,136,211,135,214,135,217,134,218,133,218,131,218,131,218,130,217,129,214,128
214,391,211,391,209,392,208,393,205,394,202,393,200,392,199,391,196,391,192,391,192,389,192,387,192,387,192,386,192,384,192,384,192,383,190,381,187,381,184,380,183,379,181,378,178,378,175,377,174,376,172,375,169,374,166,374,165,373,164,372,161,371,158,371,156,370,155,368,152,368,149,368,147,370,147,371,147,371,147,373,149,374,152,374,155,375,156,376,158,377,161,378,164,378,165,379,165,381,161,381,158,381,156,383,158,384,161,384,165,384,165,386,166,387,169,387,174,387,174,387,178,387,181,388,183,389,184,390,187,391,192,391,192,392,192,394,192,394,192,395,193,397,196,397,199,398,200,399,202,400,205,400,208,400,209,399,211,398,214,397,217,397,218,395,218,394,218,394,218,392,217,391,214,391
152,112,149,111,147,110,147,109,147,109,147,107,147,106,147,106,147,104,147,102,147,102,147,101,147,99,147,99,147,97,147,96,147,96,147,94,146,93,143,93,140,93,138,94,138,96,138,96,138,97,138,99,138,99,138,101,138,102,138,102,138,104,138,106,138,106,138,107,138,109,138,109,138,110,138,112,138,112,138,114,138,115,138,115,138,117,138,119,138,119,138,120,138,122,138,122,138,123,138,125,138,125,138,127,138,128,138,128,138,130,138,131,138,131,138,133,138,135,138,135,138,136,138,138,138,138,138,140,140,141,143,141,146,141,147,140,147,138,147,138,147,136,149,135,152,135,155,134,156,133,156,131,156,131,156,130,155,129,152,128,149,128,147,127,147,125,147,125,147,123,147,122,147,122,147,120,149,119,152,119,155,118,156,117,156,115,156,115,156,114,155,113,152,112
152,361,149,362,147,363,149,364,152,365,155,364,156,363,155,362,152,361
90,271,85,271,85,269,84,268,81,268,78,268,76,269,78,270,81,271,85,271,85,272,85,274,85,274,85,276,87,277,90,277,93,277,94,276,94,274,94,274,94,272,93,271,90,271
54,261,50,261,50,259,48,258,45,258,42,258,41,259,42,261,45,261,50,261,50,263,51,264,54,264,57,264,59,263,57,262,54,261
37,251,34,252,32,253,34,254,37,255,40,254,41,253,40,252,37,251
169,381,165,381,165,383,165,384,169,384,172,384,174,383,172,381,169,381
