386,10,385,11,382,12,379,11,378,10,360,10,361,11,364,12,367,12,369,13,367,14,364,15,360,15,360,15,355,15,351,15,351,15,347,15,344,14,342,13,344,12,347,12,350,11,351,10,289,10,289,12,289,12,289,13,289,15,289,15,289,16,288,18,285,18,282,19,280,20,279,21,276,21,273,22,271,23,270,24,267,25,262,25,262,26,261,27,258,28,254,28,254,29,254,31,254,31,254,33,252,34,249,34,246,34,245,33,245,31,245,31,245,29,246,28,249,28,254,28,254,26,255,25,258,25,262,25,262,23,261,22,258,21,255,21,254,20,254,18,254,18,254,16,254,15,254,15,254,13,255,12,258,12,261,11,262,10,165,10,164,11,161,12,158,12,156,13,156,15,161,15,164,15,165,16,164,18,161,18,158,18,156,16,156,15,152,15,149,14,147,13,147,12,147,12,147,10,79,10,10,10,10,44,13,45,14,46,14,47,14,47,14,49,13,50,10,50,10,260,10,470,85,470,87,469,90,468,94,468,94,468,99,468,103,468,103,468,107,468,112,468,112,468,116,468,121,468,121,468,125,468,130,468,130,468,134,468,137,469,138,470,156,470,158,469,161,468,164,469,165,470,510,470,509,469,506,468,503,468,502,467,502,465,502,465,502,464,503,462,506,462,510,462,510,462,515,462,519,462,519,462,524,462,527,462,528,464,528,465,528,465,528,467,528,468,528,468,528,470,537,470,537,468,537,468,537,467,538,466,541,465,544,466,546,467,546,468,546,468,546,470,588,470,630,470,630,248,627,248,626,246,627,245,630,245,630,232,627,232,626,234,626,235,626,235,626,237,624,238,621,238,618,239,617,240,617,242,617,242,617,243,617,245,617,245,617,246,617,248,617,248,617,250,617,251,617,251,617,253,617,255,617,255,617,256,615,257,612,258,609,257,608,256,608,255,608,255,608,253,608,251,608,251,608,250,608,248,608,248,608,246,608,245,608,245,608,243,608,242,608,242,608,240,608,238,608,238,608,237,608,235,608,235,608,234,608,232,608,232,608,230,608,229,608,229,608,227,609,226,612,225,615,226,617,227,618,228,621,229,626,229,626,229,630,229,630,119,630,10,386,10
612,54,609,53,608,52,608,50,608,50,608,49,608,47,608,47,608,46,606,45,603,44,600,43,599,42,599,41,599,41,599,39,599,38,599,38,599,36,599,34,599,34,599,33,598,32,595,31,590,31,590,29,590,28,590,28,590,26,590,25,590,25,590,23,589,22,586,21,583,22,581,23,581,25,581,25,581,26,581,28,581,28,581,29,583,31,586,31,590,31,590,33,590,34,590,34,590,36,590,38,590,38,590,39,590,41,590,41,590,42,589,43,586,44,583,45,581,46,581,47,581,47,581,49,581,50,581,50,581,52,583,53,586,54,589,54,590,55,590,57,590,57,590,59,590,60,590,60,590,62,590,63,590,63,590,65,592,66,595,67,598,66,599,65,600,64,603,63,606,63,608,62,609,61,612,60,615,60,617,59,617,57,617,57,617,55,615,54,612,54
612,106,609,106,608,107,608,109,608,109,608,110,609,112,612,112,615,112,617,110,617,109,617,109,617,107,615,106,612,106
603,119,600,119,599,120,598,121,595,122,592,122,590,123,592,124,595,125,599,125,599,125,603,125,606,124,608,123,608,122,608,122,608,120,606,119,603,119
586,193,583,192,581,191,581,190,581,190,581,188,580,187,577,187,572,187,572,187,568,187,565,187,564,188,564,190,564,190,564,191,565,192,568,193,571,194,572,195,574,196,577,196,580,197,581,198,583,199,586,200,589,199,590,198,590,196,590,196,590,195,589,194,586,193
568,135,564,135,564,135,559,135,556,135,555,136,556,137,559,138,564,138,564,138,568,138,571,137,572,136,571,135,568,135
568,164,564,164,564,164,559,164,556,163,555,162,553,161,550,161,547,161,546,162,544,163,541,164,538,164,537,165,538,167,541,167,544,168,546,169,547,170,550,170,553,171,555,172,556,173,559,174,562,174,564,175,564,177,564,177,564,178,565,180,568,180,571,180,572,178,572,177,572,177,572,175,572,174,572,174,572,172,572,170,572,170,572,169,572,167,572,167,572,165,571,164,568,164
541,138,537,138,537,138,533,138,530,138,528,140,530,141,533,141,536,142,537,143,537,144,533,144,530,145,528,146,528,148,528,148,528,149,530,150,533,151,536,150,537,149,537,148,537,148,537,146,537,144,541,144,544,144,546,143,546,141,546,141,546,140,544,138,541,138
524,125,521,126,519,127,521,128,524,128,527,128,528,127,527,126,524,125
524,157,521,158,519,159,521,160,524,161,527,160,528,159,527,158,524,157
524,436,519,436,519,436,515,436,512,437,510,438,509,439,506,439,503,440,502,441,503,442,506,442,509,443,510,444,512,445,515,446,518,445,519,444,521,443,524,442,527,442,528,441,528,439,528,439,528,438,527,437,524,436
515,115,512,116,510,117,512,118,515,119,518,118,519,117,518,116,515,115
515,151,512,151,510,153,512,154,515,154,518,154,519,153,518,151,515,151
462,106,459,106,457,107,459,108,462,109,465,108,466,107,465,106,462,106
462,128,459,129,457,130,459,131,462,131,465,131,466,130,465,129,462,128
453,119,450,119,448,120,450,121,453,122,456,121,457,120,456,119,453,119
444,80,441,80,440,81,441,82,444,83,447,82,448,81,447,80,444,80
444,86,441,87,440,88,441,89,444,89,447,89,448,88,447,87,444,86
444,93,441,93,440,94,440,96,440,96,440,97,440,99,440,99,440,101,440,102,440,102,440,104,438,105,435,106,432,106,431,107,432,108,435,109,440,109,440,109,444,109,447,108,448,107,448,106,448,106,448,104,448,102,448,102,448,101,448,99,448,99,448,97,448,96,448,96,448,94,447,93,444,93
426,67,423,67,422,68,423,69,426,70,429,69,431,68,429,67,426,67
409,430,406,430,404,431,403,432,400,433,397,433,395,434,395,436,395,436,395,438,395,439,395,439,395,441,397,442,400,442,403,442,404,441,406,440,409,439,412,439,413,438,413,436,413,436,413,434,413,433,413,433,413,431,412,430,409,430
382,261,378,261,378,261,373,261,370,262,369,263,369,264,369,264,369,266,369,268,369,268,369,269,369,271,369,271,369,272,370,273,373,274,376,275,378,276,378,277,378,277,378,279,379,280,382,280,385,280,386,279,386,277,386,277,386,276,386,274,386,274,386,272,386,271,386,271,386,269,386,268,386,268,386,266,386,264,386,264,386,263,385,262,382,261
382,426,378,426,378,426,373,426,370,427,369,428,369,430,369,430,369,431,370,432,373,433,378,433,378,433,382,433,385,432,386,431,386,430,386,430,386,428,385,427,382,426
364,21,361,22,360,23,360,25,355,25,352,25,351,26,352,27,355,28,358,27,360,26,360,25,364,25,367,24,369,23,367,22,364,21
267,138,264,138,262,140,264,141,267,141,270,141,271,140,270,138,267,138
249,128,246,129,245,130,246,131,249,131,252,131,254,130,252,129,249,128
231,12,228,12,227,13,228,14,231,15,234,14,236,13,234,12,231,12
152,306,149,306,147,305,146,304,143,303,140,303,138,302,137,300,134,300,130,300,130,300,125,300,122,299,121,298,119,297,116,297,112,297,112,297,107,297,104,297,103,298,103,300,103,300,103,302,103,303,103,303,103,305,104,306,107,306,110,307,112,308,113,309,116,310,119,310,121,311,122,312,125,313,130,313,130,313,134,313,138,313,138,313,143,313,146,312,147,311,149,310,152,310,155,309,156,308,155,307,152,306
72,18,68,18,68,18,63,18,60,19,59,20,60,21,63,21,68,21,68,21,72,21,75,21,76,20,75,19,72,18
63,423,60,424,59,425,60,426,63,426,66,426,68,425,66,424,63,423
19,355,16,356,14,357,16,358,19,358,22,358,23,357,22,356,19,355
