404,10,404,12,404,12,404,13,404,15,404,15,404,16,406,18,409,18,413,18,413,18,417,18,422,18,422,18,426,18,429,19,431,20,429,21,426,21,422,21,422,21,417,21,414,22,413,23,413,25,413,25,413,26,412,27,409,28,406,28,404,29,403,31,400,31,397,32,395,33,394,34,391,34,388,34,386,33,386,31,386,31,386,29,386,28,386,28,386,26,386,25,386,25,386,23,386,21,386,21,386,20,388,19,391,18,394,18,395,16,395,15,395,15,395,13,395,12,395,12,395,10,386,10,386,12,386,12,386,13,385,14,382,15,379,14,378,13,378,12,378,12,378,10,289,10,290,11,293,12,296,12,298,13,298,15,298,15,298,16,296,18,293,18,289,18,289,20,289,21,289,21,289,23,288,24,285,25,282,24,280,23,280,21,280,21,280,20,282,19,285,18,289,18,289,16,288,15,285,15,282,14,280,13,280,12,280,12,280,10,145,10,10,10,10,240,10,470,320,470,630,470,630,99,627,99,626,97,626,96,626,96,626,94,626,93,626,93,626,91,626,89,626,89,626,88,626,86,626,86,626,85,626,83,626,83,626,81,626,80,626,80,626,78,626,76,626,76,626,75,626,73,626,73,626,72,627,70,630,70,630,40,630,10,404,10
612,99,608,99,608,99,603,99,599,99,599,99,595,99,590,99,590,99,586,99,583,99,581,97,581,96,581,96,581,94,581,93,581,93,581,91,581,89,581,89,581,88,580,87,577,86,574,86,572,85,571,83,568,83,565,83,564,85,564,86,564,86,564,88,564,89,559,89,555,89,555,89,550,89,547,90,546,91,544,92,541,93,538,93,537,94,537,96,537,96,537,97,538,99,541,99,544,100,546,101,546,102,541,102,538,103,537,104,537,106,537,106,537,107,538,108,541,109,544,108,546,107,546,106,546,106,546,104,546,102,550,102,553,103,555,104,555,106,555,106,555,107,556,108,559,109,562,108,564,107,565,106,568,106,572,106,572,106,577,106,580,106,581,107,583,108,586,109,590,109,590,109,595,109,598,109,599,110,600,112,603,112,608,112,608,112,612,112,615,112,617,110,617,109,617,109,617,107,617,106,617,106,617,104,617,102,617,102,617,101,615,100,612,99
603,60,600,61,599,62,598,63,595,63,592,64,590,65,592,66,595,67,599,67,599,67,603,67,606,66,608,65,608,63,608,63,608,62,606,61,603,60
603,122,599,122,599,122,595,122,592,122,590,123,589,124,586,125,581,125,581,125,577,125,574,126,572,127,571,128,568,128,564,128,564,128,559,128,556,129,555,130,553,131,550,131,546,131,546,131,541,131,538,131,537,130,536,129,533,128,530,129,528,130,527,131,524,131,519,131,519,131,515,131,512,131,510,130,509,129,506,128,502,128,502,128,497,128,494,129,493,130,494,131,497,131,500,132,502,133,503,134,506,135,510,135,510,135,515,135,519,135,519,135,524,135,528,135,528,135,533,135,537,135,537,135,541,135,546,135,546,135,550,135,555,135,555,135,559,135,562,134,564,133,565,132,568,131,572,131,572,131,577,131,581,131,581,131,586,131,589,131,590,130,592,129,595,128,598,128,599,127,600,126,603,125,606,124,608,123,606,122,603,122
595,83,592,83,590,85,592,86,595,86,598,86,599,85,598,83,595,83
586,70,583,70,581,72,581,73,581,73,581,75,581,76,581,76,581,78,583,79,586,80,589,79,590,78,590,76,590,76,590,75,590,73,590,73,590,72,589,70,586,70
541,232,537,232,537,232,533,232,528,232,528,232,524,232,519,232,519,232,515,232,512,232,510,234,509,235,506,235,502,235,502,235,497,235,493,235,493,235,488,235,484,235,484,234,482,232,479,232,475,232,475,232,471,232,468,232,466,234,468,235,471,235,475,235,475,235,479,235,484,235,484,237,485,238,488,238,493,238,493,238,497,238,500,239,502,240,503,241,506,242,510,242,510,242,515,242,519,242,519,242,524,242,527,241,528,240,530,239,533,238,537,238,537,238,541,238,544,238,546,237,546,235,546,235,546,234,544,232,541,232
524,89,519,89,519,89,515,89,512,89,510,88,509,87,506,86,502,86,502,86,497,86,494,86,493,85,491,83,488,83,485,82,484,81,482,80,479,80,475,80,475,80,471,80,468,80,466,81,466,83,466,83,466,85,465,86,462,86,459,87,457,88,459,89,462,89,465,90,466,91,466,93,466,93,466,94,465,95,462,96,457,96,457,94,456,93,453,93,450,93,448,94,450,95,453,96,457,96,457,97,459,99,462,99,465,100,466,101,466,102,466,102,466,104,468,105,471,106,474,106,475,107,475,109,475,109,475,110,476,112,479,112,482,113,484,114,485,115,488,115,491,116,493,117,494,118,497,119,502,119,502,119,506,119,510,119,510,119,515,119,518,118,519,117,518,116,515,115,510,115,510,115,506,115,503,115,502,114,502,112,502,112,502,110,502,109,502,109,502,107,502,106,502,106,502,104,502,102,502,102,502,101,503,100,506,99,510,99,510,99,515,99,518,99,519,97,521,96,524,96,527,95,528,94,528,93,528,93,528,91,527,90,524,89
515,21,510,21,510,21,506,21,502,21,502,21,497,21,494,22,493,23,491,24,488,25,485,25,484,26,484,28,484,28,484,29,484,31,479,31,476,32,475,33,474,34,471,34,468,34,466,33,465,32,462,31,459,32,457,33,457,34,457,34,457,36,459,37,462,38,466,38,466,38,471,38,475,38,475,38,479,38,482,37,484,36,484,34,484,34,484,33,484,31,488,31,491,32,493,33,494,34,497,34,500,34,502,33,503,32,506,31,509,31,510,29,510,28,510,28,510,26,512,25,515,25,518,24,519,23,518,22,515,21
515,459,510,459,510,459,506,459,503,459,502,460,502,462,502,462,502,464,503,465,506,465,509,465,510,464,512,462,515,462,518,461,519,460,518,459,515,459
453,41,450,41,448,42,448,44,448,44,448,46,450,47,453,47,456,47,457,46,457,44,457,44,457,42,456,41,453,41
453,76,450,77,448,78,450,79,453,80,456,79,457,78,456,77,453,76
453,229,450,229,448,230,450,231,453,232,456,231,457,230,456,229,453,229
444,86,441,87,440,88,441,89,444,89,447,89,448,88,447,87,444,86
435,28,432,28,431,29,429,31,426,31,423,32,422,33,423,34,426,34,431,34,431,34,435,34,438,34,440,33,440,31,440,31,440,29,438,28,435,28
435,44,432,45,431,46,432,47,435,47,438,47,440,46,438,45,435,44
435,102,432,103,431,104,431,106,431,106,431,107,431,109,431,109,431,110,432,112,435,112,438,112,440,110,440,109,440,109,440,107,440,106,440,106,440,104,438,103,435,102
435,455,432,455,431,454,431,452,431,452,431,451,429,449,426,449,423,448,422,447,420,446,417,446,413,446,413,446,409,446,404,446,404,446,400,446,397,445,395,444,394,443,391,442,386,442,386,442,382,442,379,442,378,441,376,440,373,439,369,439,369,439,364,439,360,439,360,438,361,437,364,436,367,435,369,434,369,433,369,433,369,431,369,430,373,430,376,429,378,428,376,427,373,426,370,427,369,428,369,430,364,430,360,430,360,430,355,430,352,430,351,431,350,432,347,433,342,433,342,433,338,433,333,433,333,433,329,433,324,433,324,431,326,430,329,430,333,430,333,430,338,430,341,429,342,428,342,426,342,426,342,425,341,424,338,423,333,423,333,423,329,423,326,422,324,421,323,420,320,420,317,419,316,418,314,417,311,417,307,417,307,417,302,417,298,417,298,417,293,417,290,417,289,418,289,420,289,420,289,421,288,422,285,423,282,424,280,425,280,426,280,426,280,428,282,429,285,430,289,430,289,430,293,430,296,429,298,428,299,427,302,426,305,427,307,428,308,429,311,430,314,430,316,431,317,432,320,433,324,433,324,434,326,435,329,436,332,437,333,438,335,439,338,439,342,439,342,439,347,439,351,439,351,439,355,439,360,439,360,441,358,442,355,442,352,443,351,444,350,445,347,446,342,446,342,446,338,446,335,446,333,447,332,448,329,449,326,449,324,451,326,452,329,452,333,452,333,452,338,452,342,452,342,452,347,452,351,452,351,452,355,452,360,452,360,452,364,452,369,452,369,452,373,452,378,452,378,452,382,452,386,452,386,452,391,452,395,452,395,452,400,452,404,452,404,452,409,452,412,453,413,454,413,455,413,455,413,457,413,459,413,459,413,460,414,461,417,462,422,462,422,462,426,462,431,462,431,462,435,462,438,461,440,460,440,459,440,459,440,457,438,456,435,455
426,38,423,38,422,39,423,40,426,41,429,40,431,39,429,38,426,38
426,76,422,76,422,76,417,76,414,76,413,75,414,74,417,73,420,73,422,72,422,70,422,70,422,68,420,67,417,67,413,67,413,67,409,67,406,67,404,68,403,69,400,70,397,70,395,72,397,73,400,73,403,74,404,75,404,76,404,76,404,78,406,79,409,80,413,80,413,80,417,80,420,80,422,81,420,82,417,83,414,83,413,85,413,86,413,86,413,88,412,89,409,89,404,89,404,89,400,89,395,89,395,89,391,89,386,89,386,88,386,86,386,86,386,85,386,83,386,83,386,81,385,80,382,80,379,79,378,78,378,76,378,76,378,75,379,74,382,73,385,73,386,72,385,70,382,70,379,69,378,68,376,67,373,67,370,67,369,68,367,69,364,70,361,69,360,68,358,67,355,67,352,66,351,65,351,63,351,63,351,62,351,60,351,60,351,59,351,57,351,57,351,55,351,54,351,54,351,52,350,51,347,50,342,50,342,50,338,50,335,50,333,49,333,47,338,47,341,47,342,46,344,45,347,44,350,43,351,42,350,41,347,41,344,40,342,39,341,38,338,38,335,37,333,36,333,34,333,34,333,33,332,32,329,31,324,31,324,29,323,28,320,28,316,28,316,28,311,28,308,28,307,29,308,31,311,31,316,31,316,31,320,31,324,31,324,33,323,34,320,34,317,35,316,36,317,37,320,38,323,38,324,39,326,40,329,41,332,41,333,42,333,44,333,44,333,46,333,47,329,47,324,47,324,47,320,47,316,47,316,47,311,47,308,47,307,46,305,45,302,44,299,45,298,46,298,47,298,47,298,49,298,50,298,50,298,52,298,54,298,54,298,55,298,57,298,57,298,59,299,60,302,60,307,60,307,60,311,60,316,60,316,62,316,63,311,63,308,64,307,65,307,67,307,67,307,68,308,69,311,70,314,70,316,72,317,73,320,73,324,73,324,73,329,73,332,74,333,75,335,76,338,76,341,77,342,78,344,79,347,80,351,80,351,80,355,80,358,80,360,81,358,82,355,83,352,83,351,85,352,86,355,86,358,87,360,88,360,89,360,89,360,91,360,93,360,93,360,94,361,95,364,96,369,96,369,96,373,96,378,96,378,97,376,99,373,99,370,100,369,101,369,102,369,102,369,104,369,106,369,106,369,107,369,109,369,109,369,110,370,112,373,112,376,113,378,114,378,115,378,115,378,117,379,118,382,119,385,118,386,117,386,115,386,115,386,114,388,113,391,112,394,112,395,110,397,109,400,109,403,108,404,107,403,106,400,106,397,105,395,104,395,102,395,102,395,101,397,100,400,99,404,99,404,99,409,99,412,100,413,101,414,102,417,102,420,102,422,101,422,99,422,99,422,97,423,96,426,96,429,95,431,94,431,93,431,93,431,91,431,89,431,89,431,88,431,86,431,86,431,85,431,83,431,83,431,81,431,80,431,80,431,78,429,77,426,76
409,34,406,35,404,36,404,38,400,38,397,38,395,39,397,40,400,41,403,40,404,39,404,38,409,38,412,37,413,36,412,35,409,34
409,54,406,54,404,55,404,57,400,57,395,57,395,55,394,54,391,54,388,54,386,55,386,57,382,57,379,58,378,59,379,60,382,60,385,60,386,59,386,57,391,57,395,57,395,59,397,60,400,60,403,60,404,59,404,57,409,57,412,56,413,55,412,54,409,54
382,41,378,41,378,41,373,41,370,41,369,42,370,43,373,44,378,44,378,44,382,44,385,43,386,42,385,41,382,41
373,28,370,28,369,29,367,31,364,31,361,32,360,33,360,34,355,34,352,35,351,36,352,37,355,38,358,37,360,36,360,34,364,34,369,34,369,34,373,34,376,34,378,33,378,31,378,31,378,29,376,28,373,28
364,122,361,122,360,123,361,124,364,125,367,124,369,123,367,122,364,122
355,106,351,106,351,106,347,106,344,106,342,107,342,109,342,109,342,110,344,112,347,112,350,113,351,114,352,115,355,115,358,115,360,114,360,112,360,112,360,110,360,109,360,109,360,107,358,106,355,106
347,21,344,22,342,23,344,24,347,25,350,24,351,23,350,22,347,21
338,15,335,15,333,16,335,18,338,18,341,18,342,16,341,15,338,15
311,21,308,22,307,23,308,24,311,25,314,24,316,23,314,22,311,21
267,21,262,21,262,21,258,21,254,21,254,21,249,21,245,21,245,21,240,21,237,22,236,23,237,24,240,25,245,25,245,25,249,25,252,25,254,26,254,28,254,28,254,29,255,31,258,31,262,31,262,31,267,31,270,31,271,29,271,28,271,28,271,26,271,25,271,25,271,23,270,22,267,21
267,413,264,413,262,412,262,410,262,410,262,408,261,407,258,407,254,407,254,407,249,407,245,407,245,407,240,407,237,407,236,408,234,410,231,410,227,410,227,410,223,410,220,411,218,412,218,413,218,413,218,415,217,416,214,417,211,417,209,418,211,419,214,420,218,420,218,420,223,420,226,420,227,421,227,423,227,423,227,425,228,426,231,426,234,426,236,425,237,424,240,423,243,422,245,421,246,420,249,420,254,420,254,420,258,420,261,419,262,418,264,417,267,417,270,416,271,415,270,414,267,413
231,12,228,12,227,13,228,14,231,15,234,14,236,13,234,12,231,12
205,404,200,404,200,404,196,404,193,404,192,405,193,406,196,407,200,407,200,407,205,407,208,406,209,405,208,404,205,404
178,63,175,63,174,62,174,60,174,60,174,59,174,57,174,57,174,55,174,54,174,54,174,52,172,51,169,50,166,50,165,49,164,48,161,47,158,47,156,46,155,45,152,44,149,43,147,42,146,41,143,41,138,41,138,41,134,41,131,41,130,42,130,44,130,44,130,46,130,47,130,47,130,49,131,50,134,50,137,51,138,52,138,54,138,54,138,55,140,56,143,57,146,58,147,59,147,60,147,60,147,62,149,63,152,63,155,64,156,65,155,66,152,67,149,67,147,68,149,69,152,70,155,70,156,72,156,73,152,73,149,74,147,75,147,76,147,76,147,78,147,80,147,80,147,81,149,82,152,83,156,83,156,83,161,83,164,82,165,81,165,80,165,80,165,78,164,77,161,76,158,76,156,75,156,73,161,73,164,73,165,72,166,70,169,70,172,69,174,68,175,67,178,67,181,66,183,65,181,64,178,63
169,89,166,89,165,88,164,87,161,86,158,87,156,88,156,89,156,89,156,91,158,92,161,93,164,93,165,94,166,95,169,96,172,95,174,94,174,93,174,93,174,91,172,90,169,89
152,349,149,348,147,347,147,345,147,345,147,344,146,343,143,342,140,341,138,340,137,339,134,339,131,339,130,340,130,342,130,342,130,344,128,345,125,345,122,346,121,347,121,349,121,349,121,350,122,351,125,352,128,352,130,353,130,355,130,355,130,357,130,358,130,358,130,360,130,361,130,361,130,363,131,364,134,365,138,365,138,365,143,365,147,365,147,365,152,365,155,364,156,363,156,361,156,361,156,360,155,359,152,358,149,358,147,357,149,356,152,355,155,354,156,353,156,352,156,352,156,350,155,349,152,349
63,423,60,424,59,425,60,426,63,426,66,426,68,425,66,424,63,423
45,209,42,210,41,211,42,212,45,212,48,212,50,211,48,210,45,209
19,206,16,207,14,208,16,209,19,209,22,209,23,208,22,207,19,206
568,89,564,89,564,91,565,92,568,93,571,92,572,91,571,90,568,89
382,89,379,90,378,91,378,93,378,93,378,94,378,96,382,96,385,95,386,94,386,93,386,93,386,91,386,89,382,89
373,83,370,83,369,85,370,86,373,86,376,86,378,85,376,83,373,83
320,57,317,58,316,59,316,60,320,60,323,60,324,59,323,58,320,57
320,63,316,63,316,65,317,66,320,67,323,66,324,65,323,64,320,63
