475,10,475,12,475,12,475,13,474,14,471,15,468,14,466,13,466,12,466,12,466,10,238,10,10,10,10,238,13,239,14,240,14,242,19,242,22,242,23,243,25,244,28,245,31,245,32,246,34,248,37,248,40,249,41,250,41,251,41,251,41,253,40,254,37,255,34,254,32,253,31,252,28,251,25,251,23,250,22,249,19,248,16,248,14,246,14,245,14,245,14,243,14,242,10,242,10,356,10,470,85,470,87,469,90,468,93,469,94,470,362,470,630,470,630,245,627,244,626,243,626,242,626,242,626,240,627,239,630,238,630,124,630,10,475,10
612,115,609,116,608,117,609,118,612,119,615,118,617,117,615,116,612,115
586,125,583,126,581,127,581,128,581,128,581,130,583,131,586,131,589,131,590,130,590,128,590,128,590,127,589,126,586,125
568,122,565,122,564,123,564,125,564,125,564,127,562,128,559,128,556,129,555,130,555,131,555,131,555,133,556,134,559,135,564,135,564,135,568,135,571,134,572,133,572,131,572,131,572,130,572,128,572,128,572,127,572,125,572,125,572,123,571,122,568,122
568,349,564,349,564,349,559,349,555,349,555,349,550,349,547,349,546,350,547,351,550,352,553,352,555,353,556,354,559,355,562,354,564,353,565,352,568,352,571,351,572,350,571,349,568,349
550,34,546,34,546,34,541,34,538,34,537,33,537,31,537,31,537,29,536,28,533,28,530,27,528,26,528,25,528,25,528,23,528,21,528,21,528,20,527,19,524,18,519,18,519,18,515,18,512,19,510,20,509,21,506,21,503,22,502,23,503,24,506,25,510,25,510,25,515,25,518,25,519,26,519,28,519,28,519,29,519,31,519,31,519,33,521,34,524,34,527,35,528,36,530,37,533,38,536,38,537,39,538,40,541,41,544,40,546,39,547,38,550,38,553,37,555,36,553,35,550,34
533,125,530,126,528,127,528,128,528,128,528,130,528,131,528,131,528,133,530,134,533,135,536,134,537,133,537,131,537,131,537,130,537,128,537,128,537,127,536,126,533,125
524,141,521,141,519,140,518,138,515,138,512,138,510,140,510,141,510,141,510,143,512,144,515,144,518,145,519,146,519,148,519,148,519,149,521,150,524,151,527,150,528,149,528,148,528,148,528,146,528,144,528,144,528,143,527,142,524,141
524,154,521,155,519,156,518,157,515,157,512,158,510,159,512,160,515,161,519,161,519,161,524,161,527,160,528,159,528,157,528,157,528,156,527,155,524,154
479,144,475,144,475,144,471,144,468,145,466,146,466,148,466,148,466,149,468,150,471,151,474,151,475,153,476,154,479,154,482,154,484,153,484,151,484,151,484,149,484,148,484,148,484,146,482,145,479,144
462,99,457,99,457,97,457,96,457,96,457,94,456,93,453,93,450,92,448,91,447,90,444,89,441,90,440,91,440,93,440,93,440,94,441,95,444,96,447,96,448,97,448,99,444,99,441,100,440,101,440,102,440,102,440,104,441,105,444,106,447,105,448,104,448,102,448,102,448,101,448,99,453,99,457,99,457,101,457,102,457,102,457,104,457,106,457,106,457,107,457,109,457,109,457,110,457,112,457,112,457,114,457,115,457,115,457,117,457,119,457,119,457,120,459,121,462,122,465,121,466,120,466,119,466,119,466,117,466,115,466,115,466,114,466,112,466,112,466,110,466,109,466,109,466,107,466,106,466,106,466,104,466,102,466,102,466,101,465,100,462,99
426,70,423,70,422,72,422,73,422,73,422,75,423,76,426,76,429,76,431,75,431,73,431,73,431,72,429,70,426,70
417,102,414,103,413,104,413,106,413,106,413,107,414,108,417,109,420,108,422,107,422,106,422,106,422,104,420,103,417,102
373,465,369,465,369,465,364,465,360,465,360,465,355,465,352,466,351,467,352,468,355,468,360,468,360,468,364,468,369,468,369,468,373,468,376,468,378,467,376,466,373,465
364,83,360,83,360,81,360,80,360,80,360,78,358,77,355,76,352,76,351,75,351,73,351,73,351,72,351,70,351,70,351,68,350,67,347,67,344,67,342,68,342,70,342,70,342,72,341,73,338,73,335,74,333,75,335,76,338,76,341,77,342,78,344,79,347,80,350,80,351,81,352,82,355,83,360,83,360,85,361,86,364,86,367,86,369,85,367,83,364,83
364,93,361,93,360,94,361,95,364,96,367,95,369,94,367,93,364,93
364,459,360,459,360,457,358,456,355,455,351,455,351,455,347,455,344,455,342,454,341,453,338,452,333,452,333,452,329,452,326,452,324,451,323,449,320,449,317,448,316,447,314,446,311,446,308,445,307,444,305,443,302,442,298,442,298,442,293,442,290,442,289,441,288,440,285,439,282,439,280,438,279,437,276,436,273,435,271,434,270,433,267,433,264,432,262,431,261,430,258,430,255,429,254,428,252,427,249,426,246,426,245,425,243,424,240,423,236,423,236,423,231,423,227,423,227,423,223,423,220,422,218,421,217,420,214,420,211,419,209,418,208,417,205,417,202,416,200,415,199,414,196,413,192,413,192,413,187,413,183,413,183,412,181,411,178,410,175,411,174,412,175,413,178,413,183,413,183,415,183,417,183,417,183,418,184,419,187,420,190,420,192,421,193,422,196,423,199,424,200,425,202,426,205,426,209,426,209,426,214,426,217,427,218,428,220,429,223,430,226,430,227,431,227,433,227,433,227,434,228,435,231,436,236,436,236,436,240,436,243,437,245,438,246,439,249,439,252,440,254,441,255,442,258,442,262,442,262,442,267,442,270,443,271,444,273,445,276,446,279,446,280,447,282,448,285,449,288,449,289,451,290,452,293,452,298,452,298,452,302,452,305,453,307,454,308,455,311,455,316,455,316,455,320,455,324,455,324,455,329,455,332,456,333,457,335,458,338,459,342,459,342,459,347,459,351,459,351,459,355,459,360,459,360,460,361,461,364,462,367,461,369,460,367,459,364,459
329,67,326,67,324,68,326,69,329,70,332,69,333,68,332,67,329,67
302,60,299,61,298,62,299,63,302,63,305,63,307,62,305,61,302,60
276,148,273,147,271,146,270,145,267,144,264,144,262,143,261,142,258,141,254,141,254,141,249,141,245,141,245,141,240,141,236,141,236,141,231,141,228,142,227,143,227,144,227,144,227,146,227,148,227,148,227,149,227,151,227,151,227,153,227,154,227,154,227,156,228,157,231,157,236,157,236,157,240,157,245,157,245,157,249,157,252,157,254,156,255,155,258,154,262,154,262,154,267,154,270,155,271,156,273,157,276,157,279,157,280,156,280,154,280,154,280,153,280,151,280,151,280,149,279,148,276,148
214,128,211,128,209,127,209,125,209,125,209,123,208,122,205,122,202,121,200,120,200,119,200,119,200,117,199,116,196,115,193,115,192,114,190,113,187,112,184,111,183,110,183,109,183,109,183,107,183,106,183,106,183,104,181,103,178,102,175,103,174,104,174,106,174,106,174,107,174,109,174,109,174,110,172,111,169,112,166,113,165,114,165,115,165,115,165,117,165,119,165,119,165,120,165,122,165,122,165,123,165,125,165,125,165,127,165,128,165,128,165,130,165,131,165,131,165,133,166,134,169,135,172,135,174,136,174,138,169,138,166,138,165,140,165,141,165,141,165,143,166,144,169,144,172,144,174,143,174,141,174,141,174,140,174,138,178,138,181,139,183,140,183,141,183,141,183,143,184,144,187,144,190,144,192,143,193,142,196,141,199,141,200,140,202,139,205,138,208,137,209,136,211,135,214,135,217,134,218,133,218,131,218,131,218,130,217,129,214,128
214,391,209,391,209,391,205,391,202,390,200,389,199,388,196,387,193,387,192,386,192,384,192,384,192,383,190,381,187,381,184,380,183,379,181,378,178,378,175,377,174,376,174,374,174,374,174,373,172,372,169,371,165,371,165,371,161,371,158,371,156,370,156,368,156,368,156,366,156,365,156,365,156,363,155,362,152,361,149,362,147,363,147,365,147,365,147,366,147,368,147,368,147,370,147,371,147,371,147,373,149,374,152,374,155,375,156,376,158,377,161,378,164,378,165,379,165,381,161,381,158,381,156,383,158,384,161,384,165,384,165,386,166,387,169,387,174,387,174,387,178,387,181,388,183,389,184,390,187,391,190,391,192,392,193,393,196,394,199,394,200,395,202,397,205,397,208,397,209,395,211,394,214,394,217,393,218,392,217,391,214,391
152,115,149,115,147,114,147,112,147,112,147,110,147,109,147,109,147,107,146,106,143,106,140,106,138,107,138,109,138,109,138,110,138,112,138,112,138,114,138,115,138,115,138,117,138,119,138,119,138,120,138,122,138,122,138,123,138,125,138,125,138,127,138,128,138,128,138,130,138,131,138,131,138,133,138,135,138,135,138,136,138,138,138,138,138,140,140,141,143,141,146,141,147,140,147,138,147,138,147,136,147,135,147,135,147,133,147,131,147,131,147,130,147,128,147,128,147,127,147,125,147,125,147,123,147,122,147,122,147,120,149,119,152,119,155,118,156,117,155,116,152,115
143,86,140,87,138,88,138,89,138,89,138,91,138,93,138,93,138,94,138,96,138,96,138,97,140,99,143,99,146,99,147,97,147,96,147,96,147,94,147,93,147,93,147,91,147,89,147,89,147,88,146,87,143,86
90,271,85,271,85,269,84,268,81,268,78,268,76,269,78,270,81,271,85,271,85,272,85,274,85,274,85,276,87,277,90,277,93,277,94,276,94,274,94,274,94,272,93,271,90,271
54,261,50,261,50,259,48,258,45,258,42,258,41,259,42,261,45,261,50,261,50,263,51,264,54,264,57,264,59,263,57,262,54,261
169,381,165,381,165,383,165,384,169,384,172,384,174,383,172,381,169,381
