10,232,13,232,14,234,16,235,19,235,22,236,23,237,25,238,28,238,31,238,32,237,32,235,32,235,32,234,34,232,37,232,41,232,41,232,45,232,50,232,50,232,54,232,57,232,59,234,59,235,59,235,59,237,59,238,59,238,59,240,59,242,59,242,59,243,59,245,59,245,59,246,59,248,59,248,59,250,59,251,59,251,59,253,59,255,59,255,59,256,57,257,54,258,51,258,50,259,48,261,45,261,41,261,41,261,37,261,34,262,32,263,32,264,32,264,32,266,31,267,28,268,25,268,23,269,23,271,23,271,23,272,23,274,23,274,23,276,23,277,23,277,23,279,22,280,19,280,16,281,14,282,13,283,10,284,10,323,13,323,14,324,14,326,14,326,14,327,13,329,10,329,10,336,13,336,14,337,14,339,14,339,14,340,16,341,19,342,22,343,23,344,23,345,23,345,23,347,25,348,28,349,31,349,32,350,34,351,37,352,40,352,41,353,42,354,45,355,48,356,50,357,50,358,50,358,50,360,51,361,54,361,57,362,59,363,60,364,63,365,66,365,68,366,68,368,68,368,68,370,69,371,72,371,75,372,76,373,78,374,81,374,84,375,85,376,87,377,90,378,93,378,94,379,96,380,99,381,102,381,103,383,103,384,103,384,103,386,102,387,99,387,94,387,94,387,90,387,85,387,85,387,81,387,78,387,76,386,75,385,72,384,69,384,68,383,68,381,68,381,68,379,66,378,63,378,59,378,59,378,54,378,51,377,50,376,48,375,45,374,42,374,41,373,40,372,37,371,34,371,32,370,32,368,32,368,32,366,32,365,32,365,32,363,31,362,28,361,25,361,23,360,23,358,23,358,23,357,22,356,19,355,16,354,14,353,14,352,14,352,14,350,13,349,10,349,10,409,10,470,510,470,512,469,515,468,518,469,519,470,537,470,537,468,537,468,537,467,537,465,537,465,537,464,537,462,537,462,537,460,537,459,537,459,537,457,537,455,537,455,537,454,538,453,541,452,544,453,546,454,546,455,546,455,546,457,546,459,546,459,546,460,547,461,550,462,553,462,555,464,555,465,555,465,555,467,555,468,555,468,555,470,592,470,630,470,630,248,627,248,626,246,627,245,630,245,630,167,627,168,626,169,624,170,621,170,618,170,617,169,615,168,612,167,609,167,608,165,606,164,603,164,600,163,599,162,598,161,595,161,590,161,590,161,586,161,581,161,581,161,577,161,572,161,572,161,568,161,564,161,564,161,559,161,555,161,555,161,550,161,547,161,546,162,544,163,541,164,538,163,537,162,536,161,533,161,528,161,528,161,524,161,521,160,519,159,521,158,524,157,527,157,528,156,528,154,528,154,528,153,530,151,533,151,536,151,537,153,538,154,541,154,544,154,546,153,546,151,546,151,546,149,544,148,541,148,538,147,537,146,537,144,537,144,537,143,536,142,533,141,530,141,528,140,528,138,528,138,528,136,527,135,524,135,519,135,519,135,515,135,512,134,510,133,512,132,515,131,519,131,519,131,524,131,527,131,528,130,528,128,528,128,528,127,528,125,528,125,528,123,530,122,533,122,537,122,537,122,541,122,544,121,546,120,547,119,550,119,555,119,555,119,559,119,564,119,564,119,568,119,571,119,572,120,574,121,577,122,580,122,581,123,583,124,586,125,589,126,590,127,590,128,590,128,590,130,589,131,586,131,583,131,581,130,580,129,577,128,572,128,572,128,568,128,565,129,564,130,564,131,564,131,564,133,562,134,559,135,556,135,555,136,555,138,555,138,555,140,555,141,555,141,555,143,556,144,559,144,564,144,564,144,568,144,571,145,572,146,574,147,577,148,581,148,581,148,586,148,589,148,590,149,590,151,590,151,590,153,590,154,590,154,590,156,592,157,595,157,598,157,599,156,600,155,603,154,608,154,608,154,612,154,617,154,617,154,621,154,624,154,626,153,627,151,630,151,630,80,630,10,320,10,10,10,10,232
612,115,609,116,608,117,609,118,612,119,615,118,617,117,615,116,612,115
533,15,530,14,528,13,527,12,524,12,519,12,519,12,515,12,510,12,510,12,506,12,502,12,502,12,497,12,494,12,493,13,494,14,497,15,500,15,502,16,503,18,506,18,510,18,510,18,515,18,519,18,519,18,524,18,527,19,528,20,530,21,533,21,536,21,537,20,537,18,537,18,537,16,536,15,533,15
524,47,521,48,519,49,521,50,524,50,527,50,528,49,527,48,524,47
515,21,510,21,510,21,506,21,502,21,502,21,497,21,494,22,493,23,494,24,497,25,502,25,502,25,506,25,509,25,510,26,510,28,510,28,510,29,510,31,510,31,510,33,510,34,510,34,510,36,512,37,515,38,518,37,519,36,519,34,519,34,519,33,519,31,519,31,519,29,519,28,519,28,519,26,519,25,519,25,519,23,518,22,515,21
488,465,485,466,484,467,485,468,488,468,491,468,493,467,491,466,488,465
471,12,468,12,466,13,466,15,466,15,466,16,466,18,466,18,466,20,468,21,471,21,474,21,475,20,475,18,475,18,475,16,475,15,475,15,475,13,474,12,471,12
311,109,308,109,307,110,308,112,311,112,314,112,316,110,314,109,311,109
231,413,228,413,227,412,226,411,223,410,220,410,218,408,217,407,214,407,209,407,209,407,205,407,202,406,200,405,199,404,196,404,192,404,192,404,187,404,183,404,183,404,178,404,175,403,174,402,172,401,169,400,165,400,165,400,161,400,156,400,156,400,152,400,147,400,147,400,143,400,138,400,138,400,134,400,131,401,130,402,131,403,134,404,138,404,138,404,143,404,146,404,147,405,149,406,152,407,156,407,156,407,161,407,164,407,165,408,166,410,169,410,174,410,174,410,178,410,181,411,183,412,184,413,187,413,192,413,192,413,196,413,199,414,200,415,202,416,205,417,209,417,209,417,214,417,218,417,218,417,223,417,227,417,227,417,231,417,234,416,236,415,234,414,231,413
231,452,227,452,227,451,227,449,227,449,227,447,226,446,223,446,220,446,218,447,218,449,218,449,218,451,220,452,223,452,227,452,227,454,228,455,231,455,234,455,236,454,234,453,231,452
143,420,140,420,138,421,140,422,143,423,146,422,147,421,146,420,143,420
116,394,113,393,112,392,110,391,107,391,104,391,103,392,103,394,103,394,103,395,104,397,107,397,112,397,112,397,116,397,119,397,121,395,119,394,116,394
45,423,41,423,41,423,37,423,34,424,32,425,34,426,37,426,41,426,41,426,45,426,48,426,50,425,48,424,45,423
