537,10,537,12,537,12,537,13,536,14,533,15,530,14,528,13,528,12,528,12,528,10,269,10,10,10,10,180,13,181,14,182,14,183,14,183,14,185,14,187,14,187,14,188,14,190,14,190,14,191,14,193,14,193,14,195,14,196,14,196,14,198,14,200,14,200,14,201,14,203,14,203,14,204,13,205,10,206,10,313,13,313,14,315,14,316,14,316,14,318,16,319,19,319,23,319,23,319,28,319,31,320,32,321,32,323,32,323,32,324,32,326,32,326,32,327,31,329,28,329,25,330,23,331,22,332,19,332,14,332,14,332,10,332,10,401,10,470,103,470,104,469,107,468,112,468,112,468,116,468,121,468,121,468,125,468,128,469,130,470,484,470,485,469,488,468,491,469,493,470,561,470,630,470,630,240,630,10,537,10
612,67,609,66,608,65,608,63,608,63,608,62,606,61,603,60,599,60,599,60,595,60,590,60,590,60,586,60,583,60,581,59,580,58,577,57,574,58,572,59,571,60,568,60,565,61,564,62,564,63,564,63,564,65,562,66,559,67,556,67,555,68,555,70,555,70,555,72,555,73,555,73,555,75,555,76,550,76,547,77,546,78,546,80,546,80,546,81,546,83,546,83,546,85,547,86,550,86,555,86,555,86,559,86,562,87,564,88,562,89,559,89,556,90,555,91,553,92,550,93,547,93,546,94,547,95,550,96,553,96,555,97,555,99,555,99,555,101,553,102,550,102,547,102,546,101,544,100,541,99,537,99,537,99,533,99,530,100,528,101,527,102,524,102,521,103,519,104,518,105,515,106,512,106,510,107,510,109,510,109,510,110,509,111,506,112,502,112,502,110,502,109,502,109,502,107,502,106,502,106,502,104,502,102,502,102,502,101,502,99,502,99,502,97,500,96,497,96,494,95,493,94,493,93,493,93,493,91,493,89,493,89,493,88,493,86,493,86,493,85,493,83,493,83,493,81,493,80,493,80,493,78,493,76,493,76,493,75,491,74,488,73,485,74,484,75,482,76,479,76,476,77,475,78,475,80,475,80,475,81,475,83,475,83,475,85,474,86,471,86,468,87,466,88,468,89,471,89,474,90,475,91,474,92,471,93,468,93,466,94,466,96,466,96,466,97,466,99,466,99,466,101,466,102,466,102,466,104,466,106,466,106,466,107,465,108,462,109,459,109,457,110,457,112,457,112,457,114,457,115,457,115,457,117,457,119,457,119,457,120,457,122,457,122,457,123,457,125,457,125,457,127,457,128,457,128,457,130,457,131,457,131,457,133,459,134,462,135,465,135,466,136,466,138,466,138,466,140,466,141,466,141,466,143,468,144,471,144,474,145,475,146,475,148,475,148,475,149,475,151,475,151,475,153,475,154,475,154,475,156,476,157,479,157,482,158,484,159,485,160,488,161,491,161,493,162,493,164,493,164,493,165,494,167,497,167,500,168,502,169,503,170,506,170,510,170,510,170,515,170,518,170,519,169,521,168,524,167,527,168,528,169,530,170,533,170,536,171,537,172,538,173,541,174,544,174,546,175,546,177,546,177,546,178,546,180,546,180,546,182,547,183,550,183,553,184,555,185,556,186,559,187,564,187,564,187,568,187,571,186,572,185,572,183,572,183,572,182,571,181,568,180,565,180,564,178,564,177,564,177,564,175,562,174,559,174,556,173,555,172,555,170,555,170,555,169,555,167,555,167,555,165,553,164,550,164,546,164,546,164,541,164,538,163,537,162,537,161,537,161,537,159,537,157,537,157,537,156,537,154,537,154,537,153,537,151,537,151,537,149,537,148,537,148,537,146,537,144,537,144,537,143,537,141,537,141,537,140,536,138,533,138,530,137,528,136,528,135,528,135,528,133,528,131,528,131,528,130,530,129,533,128,537,128,537,128,541,128,546,128,546,128,550,128,555,128,555,128,559,128,562,128,564,127,562,126,559,125,555,125,555,125,550,125,547,124,546,123,547,122,550,122,553,121,555,120,555,119,555,119,555,117,553,116,550,115,547,115,546,114,547,113,550,112,555,112,555,112,559,112,562,113,564,114,565,115,568,115,572,115,572,115,577,115,580,115,581,114,583,113,586,112,590,112,590,112,595,112,599,112,599,112,603,112,606,112,608,110,606,109,603,109,600,108,599,107,598,106,595,106,590,106,590,106,586,106,583,105,581,104,581,102,581,102,581,101,581,99,581,99,581,97,581,96,581,96,581,94,580,93,577,93,574,92,572,91,572,89,572,89,572,88,574,87,577,86,580,87,581,88,583,89,586,89,589,90,590,91,592,92,595,93,598,92,599,91,599,89,599,89,599,88,599,86,599,86,599,85,600,83,603,83,608,83,608,83,612,83,615,82,617,81,617,80,617,80,617,78,617,76,617,76,617,75,617,73,617,73,617,72,617,70,617,70,617,68,615,67,612,67
612,99,609,100,608,101,609,102,612,102,615,102,617,101,615,100,612,99
586,47,583,48,581,49,583,50,586,50,589,50,590,49,589,48,586,47
577,28,572,28,572,26,572,25,572,25,572,23,571,22,568,21,564,21,564,21,559,21,556,22,555,23,555,25,555,25,555,26,556,27,559,28,564,28,564,28,568,28,572,28,572,29,574,31,577,31,580,31,581,29,580,28,577,28
568,119,565,119,564,120,565,121,568,122,571,121,572,120,571,119,568,119
559,131,556,132,555,133,556,134,559,135,562,134,564,133,562,132,559,131
541,290,538,291,537,292,538,293,541,293,544,293,546,292,544,291,541,290
515,436,512,437,510,438,510,439,510,439,510,441,510,442,510,442,510,444,512,445,515,446,518,445,519,444,519,442,519,442,519,441,519,439,519,439,519,438,518,437,515,436
506,420,503,420,502,421,502,423,502,423,502,425,502,426,502,426,502,428,502,430,502,430,502,431,503,432,506,433,509,432,510,431,510,430,510,430,510,428,510,426,510,426,510,425,510,423,510,423,510,421,509,420,506,420
479,21,476,22,475,23,476,24,479,25,482,24,484,23,482,22,479,21
453,433,450,432,448,431,448,430,448,430,448,428,448,426,448,426,448,425,447,424,444,423,441,424,440,425,438,426,435,426,432,426,431,425,429,424,426,423,423,424,422,425,422,426,422,426,422,428,422,430,422,430,422,431,422,433,422,433,422,434,422,436,422,436,422,438,423,439,426,439,429,440,431,441,431,442,431,442,431,444,431,446,431,446,431,447,431,449,431,449,431,451,432,452,435,452,440,452,440,452,444,452,448,452,448,452,453,452,456,452,457,451,457,449,457,449,457,447,457,446,457,446,457,444,457,442,457,442,457,441,457,439,457,439,457,438,457,436,457,436,457,434,456,433,453,433
400,255,397,255,395,256,395,258,391,258,386,258,386,258,382,258,378,258,378,258,373,258,370,258,369,259,370,261,373,261,378,261,378,261,382,261,386,261,386,261,391,261,394,261,395,259,395,258,400,258,403,257,404,256,403,255,400,255
391,131,388,132,386,133,388,134,391,135,394,134,395,133,394,132,391,131
382,138,379,138,378,140,379,141,382,141,385,141,386,140,385,138,382,138
382,222,379,223,378,224,379,225,382,225,385,225,386,224,385,223,382,222
355,258,351,258,351,258,347,258,344,258,342,259,341,261,338,261,335,262,333,263,335,264,338,264,342,264,342,264,347,264,350,264,351,263,352,262,355,261,358,261,360,259,358,258,355,258
231,365,227,365,227,365,223,365,218,365,218,365,214,365,211,365,209,366,208,367,205,368,202,368,200,370,202,371,205,371,209,371,209,371,214,371,218,371,218,371,223,371,226,371,227,370,228,369,231,368,234,367,236,366,234,365,231,365
231,465,228,466,227,467,228,468,231,468,234,468,236,467,234,466,231,465
169,358,165,358,165,358,161,358,156,358,156,358,152,358,147,358,147,358,143,358,138,358,138,358,134,358,130,358,130,358,125,358,122,358,121,357,119,356,116,355,112,355,112,355,107,355,103,355,103,355,99,355,94,355,94,355,90,355,87,356,85,357,84,358,81,358,78,359,76,360,76,361,76,361,76,363,78,364,81,365,85,365,85,365,90,365,94,365,94,365,99,365,102,365,103,366,104,367,107,368,110,369,112,370,113,371,116,371,119,371,121,370,122,369,125,368,130,368,130,368,134,368,137,367,138,366,140,365,143,365,147,365,147,365,152,365,155,365,156,366,158,367,161,368,164,367,165,366,165,365,165,365,165,363,166,362,169,361,172,361,174,360,172,359,169,358
169,436,166,437,165,438,166,439,169,439,172,439,174,438,172,437,169,436
152,439,149,440,147,441,149,442,152,442,155,442,156,441,155,440,152,439
559,76,555,76,555,78,555,80,555,80,555,81,556,82,559,83,562,82,564,81,564,80,564,80,564,78,562,77,559,76
533,119,530,119,528,120,528,122,528,122,528,123,530,124,533,125,536,124,537,123,537,122,537,122,537,120,536,119,533,119
497,112,494,113,493,114,494,115,497,115,500,115,502,114,502,112,497,112
497,119,494,119,493,120,491,121,488,122,485,122,484,123,485,124,488,125,493,125,493,125,497,125,500,124,502,123,502,122,502,122,502,120,500,119,497,119
