555,10,555,12,555,12,555,13,555,15,555,15,555,16,553,18,550,18,547,19,546,20,546,21,546,21,546,23,544,24,541,25,537,25,537,26,537,28,537,28,537,29,537,31,537,31,537,33,536,34,533,34,530,35,528,36,527,37,524,38,521,37,519,36,519,34,519,34,519,33,521,32,524,31,527,31,528,29,528,28,528,28,528,26,530,25,533,25,537,25,537,23,536,22,533,21,530,21,528,20,528,18,528,18,528,16,528,15,528,15,528,13,528,12,528,12,528,10,475,10,474,11,471,12,468,12,466,13,466,15,471,15,474,15,475,16,475,18,479,18,482,19,484,20,484,21,484,21,484,23,485,24,488,25,491,25,493,26,491,27,488,28,484,28,484,28,479,28,476,28,475,29,475,31,475,31,475,33,474,34,471,34,468,34,466,33,465,32,462,31,459,32,457,33,457,34,457,34,457,36,457,38,457,38,457,39,456,40,453,41,450,41,448,42,447,43,444,44,441,43,440,42,440,41,440,41,440,39,440,38,440,38,440,36,438,35,435,34,431,34,431,34,426,34,423,34,422,33,422,31,422,31,422,29,422,28,422,28,422,26,420,25,417,25,414,24,413,23,413,21,413,21,413,20,413,18,409,18,406,18,404,16,406,15,409,15,412,15,413,16,413,18,417,18,420,19,422,20,423,21,426,21,431,21,431,21,435,21,438,21,440,20,441,19,444,18,447,19,448,20,450,21,453,21,456,22,457,23,459,24,462,25,465,24,466,23,468,22,471,21,474,21,475,20,475,18,471,18,468,18,466,16,466,15,462,15,459,14,457,13,457,12,457,12,457,10,245,10,245,12,249,12,252,12,254,13,252,14,249,15,246,14,245,13,245,12,240,12,236,12,236,12,231,12,228,11,227,10,118,10,10,10,10,240,10,470,493,470,493,468,488,468,485,468,484,467,485,466,488,465,491,466,493,467,493,468,497,468,500,469,502,470,566,470,630,470,630,240,630,10,555,10
612,106,609,105,608,104,608,102,608,102,608,101,606,100,603,99,600,99,599,97,599,96,599,96,599,94,598,93,595,93,592,92,590,91,592,90,595,89,598,89,599,88,599,86,599,86,599,85,599,83,599,83,599,81,599,80,599,80,599,78,598,77,595,76,592,76,590,75,589,74,586,73,583,73,581,72,580,70,577,70,572,70,572,70,568,70,565,69,564,68,562,67,559,67,556,67,555,68,555,70,555,70,555,72,556,73,559,73,562,74,564,75,562,76,559,76,555,76,555,76,550,76,547,77,546,78,546,80,546,80,546,81,546,83,546,83,546,85,546,86,546,86,546,88,546,89,546,89,546,91,547,92,550,93,553,93,555,94,556,95,559,96,562,96,564,97,565,99,568,99,571,100,572,101,574,102,577,102,581,102,581,102,586,102,589,103,590,104,589,105,586,106,583,106,581,107,580,108,577,109,574,109,572,110,572,112,572,112,572,114,574,115,577,115,580,115,581,114,583,113,586,112,590,112,590,112,595,112,598,113,599,114,599,115,599,115,599,117,598,118,595,119,590,119,590,119,586,119,583,119,581,120,580,121,577,122,574,121,572,120,571,119,568,119,565,118,564,117,562,116,559,115,556,116,555,117,555,119,555,119,555,120,556,121,559,122,562,122,564,123,564,125,564,125,564,127,564,128,564,128,564,130,565,131,568,131,571,131,572,130,574,129,577,128,580,129,581,130,583,131,586,131,590,131,590,131,595,131,598,131,599,130,600,129,603,128,608,128,608,128,612,128,615,128,617,127,615,126,612,125,609,124,608,123,609,122,612,122,615,121,617,120,615,119,612,119,609,118,608,117,609,116,612,115,615,115,617,114,617,112,617,112,617,110,617,109,617,109,617,107,615,106,612,106
603,258,600,258,599,259,599,261,599,261,599,263,599,264,599,264,599,266,599,268,599,268,599,269,599,271,599,271,599,272,600,273,603,274,606,273,608,272,608,271,608,271,608,269,608,268,608,268,608,266,608,264,608,264,608,263,608,261,608,261,608,259,606,258,603,258
595,203,592,202,590,201,590,200,590,200,590,198,589,197,586,196,583,197,581,198,581,200,581,200,581,201,581,203,581,203,581,204,581,206,581,206,581,208,581,209,581,209,581,211,583,212,586,212,589,213,590,214,590,216,590,216,590,217,590,219,590,219,590,221,590,222,590,222,590,224,592,225,595,225,598,225,599,224,599,222,599,222,599,221,599,219,599,219,599,217,599,216,599,216,599,214,599,212,599,212,599,211,599,209,599,209,599,208,599,206,599,206,599,204,598,203,595,203
515,18,512,19,510,20,510,21,510,21,510,23,512,24,515,25,518,24,519,23,519,21,519,21,519,20,518,19,515,18
515,63,512,64,510,65,512,66,515,67,518,66,519,65,518,64,515,63
488,41,484,41,484,41,479,41,476,41,475,42,475,44,475,44,475,46,476,47,479,47,482,48,484,49,485,50,488,50,491,50,493,49,493,47,493,47,493,46,493,44,493,44,493,42,491,41,488,41
435,293,431,293,431,293,426,293,423,294,422,295,422,297,422,297,422,298,420,299,417,300,414,300,413,302,413,303,413,303,413,305,413,306,413,306,413,308,412,309,409,310,406,310,404,311,404,313,404,313,404,315,406,316,409,316,413,316,413,316,417,316,422,316,422,316,426,316,429,316,431,315,431,313,431,313,431,311,431,310,431,310,431,308,432,307,435,306,438,306,440,305,440,303,440,303,440,302,440,300,440,300,440,298,440,297,440,297,440,295,438,294,435,293
435,361,431,361,431,361,426,361,423,362,422,363,422,365,422,365,422,366,422,368,422,368,422,370,422,371,422,371,422,373,420,374,417,374,414,374,413,373,413,371,413,371,413,370,413,368,413,368,413,366,412,365,409,365,404,365,404,365,400,365,395,365,395,363,394,362,391,361,388,362,386,363,388,364,391,365,395,365,395,366,395,368,395,368,395,370,395,371,395,371,395,373,395,374,395,374,395,376,395,378,395,378,395,379,395,381,395,381,395,383,395,384,395,384,395,386,397,387,400,387,403,388,404,389,404,391,404,391,404,392,404,394,404,394,404,395,404,397,404,397,404,399,404,400,400,400,397,401,395,402,395,404,395,404,395,405,395,407,395,407,395,408,397,410,400,410,403,411,404,412,404,413,404,413,404,415,406,416,409,417,412,416,413,415,413,413,413,413,413,412,413,410,413,410,413,408,412,407,409,407,406,406,404,405,404,404,404,404,404,402,404,400,409,400,412,400,413,399,413,397,413,397,413,395,413,394,413,394,413,392,414,391,417,391,420,390,422,389,422,387,422,387,422,386,422,384,422,384,422,383,423,381,426,381,429,380,431,379,431,378,431,378,431,376,431,374,431,374,431,373,431,371,431,371,431,370,432,369,435,368,438,367,440,366,440,365,440,365,440,363,438,362,435,361
426,70,423,70,422,72,423,73,426,73,429,73,431,72,429,70,426,70
426,417,423,417,422,418,420,419,417,420,414,420,413,421,413,423,413,423,413,425,414,426,417,426,422,426,422,426,426,426,429,426,431,425,431,423,431,423,431,421,431,420,431,420,431,418,429,417,426,417
417,99,414,100,413,101,413,102,413,102,413,104,414,105,417,106,420,105,422,104,422,102,422,102,422,101,420,100,417,99
400,423,395,423,395,421,395,420,395,420,395,418,394,417,391,417,388,417,386,418,386,420,386,420,386,421,388,422,391,423,395,423,395,425,395,426,391,426,388,427,386,428,388,429,391,430,394,429,395,428,395,426,400,426,403,426,404,425,403,424,400,423
391,63,388,64,386,65,386,67,386,67,386,68,388,69,391,70,394,69,395,68,395,67,395,67,395,65,394,64,391,63
382,25,379,25,378,26,378,28,378,28,378,29,378,31,373,31,370,32,369,33,369,34,369,34,369,36,370,37,373,38,376,37,378,36,378,34,378,34,378,33,378,31,382,31,385,31,386,29,386,28,386,28,386,26,385,25,382,25
382,306,378,306,378,305,376,304,373,303,370,304,369,305,370,306,373,306,378,306,378,308,378,310,378,310,378,311,379,312,382,313,385,312,386,311,386,310,386,310,386,308,385,307,382,306
373,41,370,41,369,42,369,44,369,44,369,46,369,47,369,47,369,49,370,50,373,50,376,50,378,49,378,47,378,47,378,46,378,44,378,44,378,42,376,41,373,41
364,15,361,14,360,13,358,12,355,12,352,12,351,13,351,15,351,15,351,16,352,18,355,18,360,18,360,18,364,18,367,18,369,16,367,15,364,15
329,38,326,38,324,39,324,41,324,41,324,42,324,44,324,44,324,46,326,47,329,47,332,47,333,46,333,44,333,44,333,42,333,41,333,41,333,39,332,38,329,38
276,154,271,154,271,153,270,151,267,151,264,151,262,153,264,154,267,154,271,154,271,156,271,157,271,157,271,159,273,160,276,161,279,160,280,159,280,157,280,157,280,156,279,155,276,154
143,326,140,325,138,324,137,323,134,323,131,322,130,321,128,320,125,319,121,319,121,319,116,319,112,319,112,319,107,319,103,319,103,319,99,319,96,320,94,321,94,323,94,323,94,324,96,325,99,326,102,326,103,327,104,329,107,329,110,330,112,331,112,332,112,332,112,334,113,335,116,336,119,336,121,337,122,338,125,339,130,339,130,339,134,339,138,339,138,339,143,339,146,338,147,337,147,336,147,336,147,334,147,332,147,332,147,331,147,329,147,329,147,327,146,326,143,326
54,420,50,420,50,420,45,420,42,420,41,421,42,422,45,423,50,423,50,423,54,423,57,422,59,421,57,420,54,420
