475,10,475,12,475,12,475,13,475,15,475,15,475,16,476,18,479,18,484,18,484,18,488,18,493,18,493,18,497,18,502,18,502,18,506,18,510,18,510,18,515,18,518,18,519,16,521,15,524,15,527,15,528,16,528,18,528,18,528,20,527,21,524,21,521,22,519,23,519,25,519,25,519,26,518,27,515,28,512,28,510,29,510,31,510,31,510,33,512,34,515,34,518,35,519,36,518,37,515,38,512,38,510,39,510,41,510,41,510,42,510,44,510,44,510,46,510,47,510,47,510,49,510,50,510,50,510,52,509,53,506,54,503,54,502,55,500,56,497,57,494,58,493,59,493,60,493,60,493,62,491,63,488,63,485,64,484,65,482,66,479,67,476,66,475,65,474,64,471,63,466,63,466,63,462,63,459,63,457,62,459,61,462,60,465,60,466,59,466,57,466,57,466,55,465,54,462,54,457,54,457,54,453,54,450,53,448,52,447,51,444,50,440,50,440,52,440,54,440,54,440,55,438,56,435,57,431,57,431,57,426,57,422,57,422,59,420,60,417,60,413,60,413,60,409,60,406,60,404,59,406,58,409,57,413,57,413,57,417,57,422,57,422,55,422,54,422,54,422,52,423,51,426,50,431,50,431,50,435,50,440,50,440,49,438,48,435,47,431,47,431,47,426,47,423,47,422,46,422,44,422,44,422,42,422,41,422,41,422,39,422,38,417,38,413,38,413,38,409,38,406,38,404,39,404,41,404,41,404,42,403,43,400,44,397,43,395,42,394,41,391,41,388,40,386,39,385,38,382,38,379,38,378,39,376,40,373,41,370,40,369,39,367,38,364,38,361,37,360,36,361,35,364,34,367,34,369,33,369,31,369,31,369,29,370,28,373,28,376,27,378,26,379,25,382,25,385,25,386,26,386,28,386,28,386,29,388,31,391,31,394,31,395,29,395,28,395,28,395,26,397,25,400,25,403,24,404,23,406,22,409,21,413,21,413,21,417,21,422,21,422,21,426,21,429,22,431,23,431,25,431,25,431,26,432,27,435,28,438,27,440,26,441,25,444,25,447,24,448,23,448,21,448,21,448,20,450,19,453,18,456,18,457,16,457,15,457,15,457,13,459,12,462,12,465,11,466,10,262,10,262,12,267,12,270,12,271,13,270,14,267,15,264,14,262,13,262,12,258,12,255,11,254,10,165,10,165,12,165,12,165,13,164,14,161,15,158,14,156,13,156,12,156,12,156,10,83,10,10,10,10,240,10,470,493,470,493,468,488,468,485,468,484,467,484,465,484,465,484,464,485,462,488,462,493,462,493,460,494,459,497,459,500,458,502,457,503,456,506,455,510,455,510,455,515,455,518,456,519,457,521,458,524,459,528,459,528,459,533,459,536,459,537,460,538,461,541,462,544,462,546,464,546,465,546,465,546,467,547,468,550,468,553,469,555,470,592,470,630,470,630,70,627,69,626,68,626,67,626,67,626,65,624,64,621,63,617,63,617,65,617,67,617,67,617,68,617,70,617,70,617,72,617,73,617,73,617,75,617,76,617,76,617,78,615,79,612,80,608,80,608,80,603,80,600,80,599,81,598,82,595,83,592,83,590,85,589,86,586,86,583,87,581,88,580,89,577,89,572,89,572,89,568,89,564,89,564,89,559,89,555,89,555,89,550,89,547,89,546,88,544,87,541,86,537,86,537,86,533,86,528,86,528,86,524,86,521,86,519,85,519,83,519,83,519,81,519,80,519,80,519,78,521,77,524,76,527,76,528,75,530,74,533,73,536,73,537,72,538,70,541,70,544,69,546,68,547,67,550,67,555,67,555,67,559,67,562,66,564,65,565,64,568,63,571,63,572,62,574,61,577,60,581,60,581,60,586,60,589,60,590,59,592,58,595,57,598,56,599,55,600,54,603,54,606,54,608,55,609,56,612,57,615,56,617,55,618,54,621,54,624,53,626,52,627,51,630,50,630,30,630,10,475,10
603,465,599,465,599,464,598,462,595,462,592,462,590,464,592,465,595,465,599,465,599,467,600,468,603,468,606,468,608,467,606,466,603,465
541,15,538,15,537,16,538,18,541,18,544,18,546,16,544,15,541,15
533,238,528,238,528,238,524,238,521,238,519,237,519,235,519,235,519,234,518,232,515,232,512,232,510,234,509,235,506,235,502,235,502,235,497,235,493,235,493,235,488,235,484,235,484,234,482,232,479,232,475,232,475,230,474,229,471,229,468,229,466,230,468,231,471,232,475,232,475,234,476,235,479,235,484,235,484,237,485,238,488,238,493,238,493,238,497,238,500,239,502,240,503,241,506,242,510,242,510,242,515,242,519,242,519,242,524,242,528,242,528,242,533,242,536,241,537,240,536,239,533,238
453,96,448,96,448,94,448,93,448,93,448,91,447,90,444,89,441,90,440,91,440,93,440,93,440,94,441,95,444,96,448,96,448,97,450,99,453,99,456,99,457,97,456,96,453,96
444,410,440,410,440,410,435,410,432,410,431,408,429,407,426,407,423,407,422,408,422,410,422,410,422,412,422,413,422,413,422,415,422,417,422,417,422,418,422,420,417,420,414,420,413,421,414,422,417,423,420,422,422,421,422,420,426,420,429,419,431,418,432,417,435,417,440,417,440,417,444,417,447,416,448,415,448,413,448,413,448,412,447,411,444,410
435,60,432,61,431,62,429,63,426,63,423,64,422,65,423,66,426,67,429,67,431,68,432,69,435,70,438,69,440,68,440,67,440,67,440,65,440,63,440,63,440,62,438,61,435,60
435,76,431,76,431,76,426,76,422,76,422,76,417,76,414,77,413,78,414,79,417,80,420,80,422,81,423,82,426,83,431,83,431,85,431,86,426,86,423,87,422,88,423,89,426,89,429,89,431,88,431,86,435,86,438,86,440,85,438,83,435,83,431,83,431,81,432,80,435,80,438,79,440,78,438,77,435,76
435,446,432,446,431,447,431,449,426,449,423,448,422,447,420,446,417,446,414,445,413,444,412,443,409,442,404,442,404,442,400,442,397,442,395,441,395,439,395,439,395,438,394,437,391,436,388,435,386,434,385,433,382,433,378,433,378,433,373,433,369,433,369,433,364,433,361,433,360,434,361,435,364,436,367,437,369,438,369,439,369,439,369,441,367,442,364,442,360,442,360,442,355,442,352,443,351,444,350,445,347,446,344,446,342,447,341,448,338,449,333,449,333,449,329,449,326,449,324,451,326,452,329,452,332,453,333,454,333,455,333,455,333,457,335,458,338,459,341,459,342,460,344,461,347,462,350,461,351,460,352,459,355,459,358,458,360,457,361,456,364,455,367,455,369,454,370,453,373,452,376,453,378,454,379,455,382,455,386,455,386,455,391,455,395,455,395,455,400,455,404,455,404,455,409,455,412,456,413,457,414,458,417,459,420,458,422,457,423,456,426,455,429,455,431,454,431,452,431,452,431,451,431,449,435,449,438,448,440,447,438,446,435,446
400,70,397,70,395,72,397,73,400,73,403,73,404,72,403,70,400,70
391,57,388,56,386,55,385,54,382,54,379,54,378,55,378,57,378,57,378,59,379,60,382,60,386,60,386,60,391,60,394,60,395,59,394,58,391,57
364,12,361,12,360,13,361,14,364,15,367,14,369,13,367,12,364,12
355,420,351,420,351,420,347,420,344,420,342,421,344,422,347,423,350,424,351,425,352,426,355,426,358,426,360,425,360,423,360,423,360,421,358,420,355,420
347,54,342,54,342,54,338,54,335,54,333,55,335,56,338,57,342,57,342,57,347,57,350,56,351,55,350,54,347,54
338,28,335,27,333,26,333,25,333,25,333,23,332,22,329,21,326,22,324,23,324,25,324,25,324,26,323,27,320,28,316,28,316,28,311,28,307,28,307,26,307,25,307,25,307,23,305,22,302,21,298,21,298,21,293,21,289,21,289,21,285,21,280,21,280,21,276,21,273,21,271,20,270,19,267,18,262,18,262,18,258,18,254,18,254,18,249,18,245,18,245,18,240,18,237,18,236,16,234,15,231,15,228,14,227,13,226,12,223,12,220,12,218,13,218,15,218,15,218,16,218,18,218,18,218,20,220,21,223,21,226,22,227,23,226,24,223,25,220,25,218,26,220,27,223,28,226,28,227,29,228,31,231,31,236,31,236,31,240,31,243,32,245,33,246,34,249,34,252,34,254,33,255,32,258,31,261,31,262,29,264,28,267,28,270,27,271,26,273,25,276,25,279,25,280,26,282,27,285,28,289,28,289,29,288,31,285,31,280,31,280,31,276,31,273,32,271,33,270,34,267,34,264,35,262,36,264,37,267,38,270,38,271,39,271,41,271,41,271,42,273,43,276,44,279,43,280,42,282,41,285,41,288,40,289,39,289,38,289,38,289,36,290,35,293,34,296,34,298,33,298,31,298,31,298,29,298,28,302,28,307,28,307,29,307,31,307,31,307,33,307,34,307,34,307,36,305,37,302,38,299,38,298,39,299,40,302,41,305,41,307,42,308,43,311,44,316,44,316,44,320,44,323,43,324,42,326,41,329,41,332,40,333,39,333,38,333,38,333,36,335,35,338,34,341,34,342,33,342,31,342,31,342,29,341,28,338,28
320,12,317,12,316,13,316,15,316,15,316,16,317,18,320,18,323,18,324,16,324,15,324,15,324,13,323,12,320,12
320,73,316,73,316,73,311,73,308,74,307,75,308,76,311,76,316,76,316,76,320,76,323,76,324,75,323,74,320,73
311,50,307,50,307,50,302,50,299,51,298,52,299,53,302,54,307,54,307,54,311,54,314,53,316,52,314,51,311,50
302,407,298,407,298,407,293,407,290,406,289,405,288,404,285,404,280,404,280,404,276,404,271,404,271,404,267,404,264,404,262,405,261,406,258,407,255,407,254,408,252,410,249,410,246,411,245,412,246,413,249,413,254,413,254,413,258,413,262,413,262,413,267,413,271,413,271,413,276,413,280,413,280,413,285,413,289,413,289,413,293,413,298,413,298,413,302,413,305,413,307,412,307,410,307,410,307,408,305,407,302,407
293,44,290,45,289,46,290,47,293,47,296,47,298,46,296,45,293,44
223,34,220,35,218,36,220,37,223,38,226,37,227,36,226,35,223,34
205,38,202,38,200,39,202,40,205,41,208,40,209,39,208,38,205,38
187,25,184,24,183,23,181,22,178,21,175,22,174,23,174,25,174,25,174,26,175,27,178,28,183,28,183,28,187,28,190,27,192,26,190,25,187,25
187,31,184,32,183,33,184,34,187,34,190,34,192,33,190,32,187,31
169,34,166,34,165,33,165,31,165,31,165,29,165,28,165,28,165,26,164,25,161,25,158,25,156,26,156,28,156,28,156,29,156,31,156,31,156,33,156,34,156,34,156,36,156,38,156,38,156,39,158,40,161,41,165,41,165,41,169,41,172,40,174,39,174,38,174,38,174,36,172,35,169,34
152,365,149,364,147,363,147,361,147,361,147,360,147,358,147,358,147,357,146,356,143,355,140,354,138,353,138,352,138,352,138,350,137,349,134,349,131,348,130,347,130,345,130,345,130,344,128,343,125,342,122,341,121,340,119,339,116,339,113,338,112,337,110,336,107,336,104,336,103,337,103,339,103,339,103,340,103,342,103,342,103,344,104,345,107,345,110,346,112,347,112,349,112,349,112,350,112,352,112,352,112,353,113,354,116,355,119,356,121,357,121,358,121,358,121,360,121,361,121,361,121,363,122,364,125,365,128,365,130,366,131,367,134,368,137,369,138,370,140,371,143,371,147,371,147,371,152,371,155,371,156,370,156,368,156,368,156,366,155,365,152,365
510,470,512,469,515,468,518,468,519,467,518,466,515,465,512,465,510,464,509,462,506,462,502,462,502,462,497,462,493,462,493,464,493,465,493,465,493,467,493,468,497,468,500,469,502,470,510,470
537,470,537,468,537,468,537,467,536,466,533,465,530,466,528,467,528,468,528,468,528,470,537,470
293,25,290,25,289,26,289,28,293,28,298,28,298,26,296,25,293,25
435,38,431,38,431,39,432,40,435,41,438,40,440,39,438,38,435,38
426,34,423,35,422,36,422,38,426,38,431,38,431,36,429,35,426,34
612,60,609,61,608,62,609,63,612,63,617,63,617,62,615,61,612,60
