10,187,13,186,14,185,16,184,19,183,23,183,23,183,28,183,32,183,32,183,37,183,41,183,41,183,45,183,48,184,50,185,51,186,54,187,59,187,59,187,63,187,66,187,68,188,69,189,72,190,76,190,76,190,81,190,85,190,85,190,90,190,94,190,94,190,99,190,102,190,103,191,104,192,107,193,112,193,112,193,116,193,119,192,121,191,122,190,125,190,130,190,130,190,134,190,137,190,138,191,140,192,143,193,146,192,147,191,149,190,152,190,156,190,156,190,161,190,165,190,165,190,169,190,172,190,174,191,174,193,174,193,174,195,172,196,169,196,165,196,165,196,161,196,156,196,156,196,152,196,147,196,147,196,143,196,140,197,138,198,137,199,134,200,130,200,130,200,125,200,121,200,121,200,116,200,113,200,112,201,110,202,107,203,104,203,103,204,102,205,99,206,96,207,94,208,93,209,90,209,85,209,85,209,81,209,78,209,76,208,76,206,76,206,76,204,75,203,72,203,68,203,68,203,63,203,60,203,59,204,57,205,54,206,51,207,50,208,48,209,45,209,42,210,41,211,40,212,37,212,34,212,32,211,31,210,28,209,25,209,23,208,23,206,23,206,23,204,22,203,19,203,16,203,14,204,14,206,14,206,14,208,14,209,14,209,14,211,16,212,19,212,22,213,23,214,23,216,23,216,23,217,23,219,23,219,23,221,23,222,23,222,23,224,23,225,23,225,23,227,23,229,23,229,23,230,23,232,23,232,23,234,22,235,19,235,16,235,14,234,13,232,10,232,10,310,13,310,14,311,14,313,14,313,14,315,14,316,14,316,14,318,13,319,10,319,10,323,13,323,14,324,16,325,19,326,22,326,23,327,23,329,23,329,23,331,22,332,19,332,14,332,14,332,10,332,10,401,10,470,112,470,113,469,116,468,119,469,121,470,165,470,165,468,165,468,165,467,166,466,169,465,172,466,174,467,175,468,178,468,181,469,183,470,406,470,630,470,630,138,627,139,626,140,624,141,621,141,618,142,617,143,617,144,617,144,617,146,615,147,612,148,609,148,608,149,608,151,608,151,608,153,606,154,603,154,600,155,599,156,599,157,599,157,599,159,598,160,595,161,590,161,590,161,586,161,583,160,581,159,581,157,581,157,581,156,581,154,581,154,581,153,581,151,581,151,581,149,581,148,581,148,581,146,581,144,581,144,581,143,581,141,581,141,581,140,581,138,577,138,574,137,572,136,572,135,572,135,572,133,574,132,577,131,580,131,581,130,580,129,577,128,574,128,572,127,572,125,572,125,572,123,571,122,568,122,565,121,564,120,565,119,568,119,572,119,572,119,577,119,581,119,581,119,586,119,589,118,590,117,592,116,595,115,598,115,599,114,600,113,603,112,606,113,608,114,609,115,612,115,615,115,617,114,618,113,621,112,624,113,626,114,626,115,626,115,626,117,624,118,621,119,618,119,617,120,615,121,612,122,609,122,608,123,608,125,608,125,608,127,606,128,603,128,599,128,599,128,595,128,592,129,590,130,590,131,590,131,590,133,589,134,586,135,583,135,581,136,581,138,586,138,590,138,590,138,595,138,598,138,599,140,600,141,603,141,606,141,608,140,608,138,608,138,608,136,609,135,612,135,615,134,617,133,617,131,617,131,617,130,618,129,621,128,624,128,626,127,627,126,630,125,630,67,630,10,320,10,10,10,10,187
568,157,564,157,564,157,559,157,556,158,555,159,553,160,550,161,547,161,546,162,544,163,541,164,538,164,537,165,538,167,541,167,544,168,546,169,546,170,546,170,546,172,547,173,550,174,553,174,555,175,556,176,559,177,562,176,564,175,564,174,564,174,564,172,565,171,568,170,571,170,572,169,572,167,572,167,572,165,572,164,572,164,572,162,572,161,572,161,572,159,571,158,568,157
568,290,565,291,564,292,564,293,564,293,564,295,564,297,564,297,564,298,564,300,564,300,564,302,564,303,564,303,564,305,564,306,564,306,564,308,564,310,564,310,564,311,564,313,564,313,564,315,564,316,564,316,564,318,564,319,564,319,564,321,564,323,564,323,564,324,564,326,564,326,564,327,564,329,564,329,564,331,564,332,564,332,564,334,565,335,568,336,571,335,572,334,572,332,572,332,572,331,572,329,572,329,572,327,572,326,572,326,572,324,572,323,572,323,572,321,572,319,572,319,572,318,572,316,572,316,572,315,572,313,572,313,572,311,572,310,572,310,572,308,572,306,572,306,572,305,572,303,572,303,572,302,572,300,572,300,572,298,572,297,572,297,572,295,572,293,572,293,572,292,571,291,568,290
550,112,547,113,546,114,546,115,546,115,546,117,547,118,550,119,553,118,555,117,555,115,555,115,555,114,553,113,550,112
550,128,547,128,546,127,546,125,546,125,546,123,544,122,541,122,537,122,537,122,533,122,530,122,528,123,528,125,528,125,528,127,530,128,533,128,536,129,537,130,537,131,537,131,537,133,537,135,537,135,537,136,536,137,533,138,530,138,528,140,530,141,533,141,537,141,537,141,541,141,546,141,546,141,550,141,553,141,555,140,555,138,555,138,555,136,555,135,555,135,555,133,555,131,555,131,555,130,553,129,550,128
524,423,521,424,519,425,519,426,519,426,519,428,518,429,515,430,512,430,510,431,510,433,510,433,510,434,510,436,510,436,510,438,510,439,510,439,510,441,510,442,510,442,510,444,510,446,510,446,510,447,512,448,515,449,518,449,519,451,521,452,524,452,527,452,528,451,528,449,528,449,528,447,528,446,528,446,528,444,528,442,528,442,528,441,528,439,528,439,528,438,528,436,528,436,528,434,528,433,528,433,528,431,528,430,528,430,528,428,528,426,528,426,528,425,527,424,524,423
515,164,512,164,510,165,512,167,515,167,518,167,519,165,518,164,515,164
409,144,406,145,404,146,406,147,409,148,412,147,413,146,412,145,409,144
382,271,378,271,378,271,373,271,370,271,369,272,367,273,364,274,361,275,360,276,358,277,355,277,352,278,351,279,350,280,347,280,344,281,342,282,341,283,338,284,335,284,333,285,332,286,329,287,326,288,324,289,324,290,324,290,324,292,326,293,329,293,332,293,333,292,335,291,338,290,342,290,342,290,347,290,350,290,351,289,352,288,355,287,358,286,360,285,361,284,364,284,367,283,369,282,370,281,373,280,378,280,378,280,382,280,385,280,386,279,386,277,386,277,386,276,386,274,386,274,386,272,385,271,382,271
231,183,228,184,227,185,227,187,223,187,218,187,218,187,214,187,209,187,209,187,205,187,200,187,200,187,196,187,193,187,192,188,190,189,187,190,184,190,183,191,184,192,187,193,192,193,192,193,196,193,200,193,200,193,205,193,209,193,209,193,214,193,217,192,218,191,220,190,223,190,226,189,227,188,227,187,231,187,234,186,236,185,234,184,231,183
178,378,174,378,174,378,169,378,166,377,165,376,164,375,161,374,156,374,156,374,152,374,147,374,147,374,143,374,140,374,138,373,137,372,134,371,130,371,130,371,125,371,122,371,121,370,119,368,116,368,113,367,112,366,110,365,107,365,103,365,103,365,99,365,96,364,94,363,93,362,90,361,87,361,85,360,84,359,81,358,78,358,76,357,75,356,72,355,69,354,68,353,66,352,63,352,60,351,59,350,57,349,54,349,50,349,50,349,45,349,42,349,41,350,42,351,45,352,48,352,50,353,50,355,50,355,50,357,50,358,50,358,50,360,51,361,54,361,57,362,59,363,59,365,59,365,59,366,60,367,63,368,66,369,68,370,69,371,72,371,75,372,76,373,78,374,81,374,85,374,85,374,90,374,94,374,94,374,99,374,102,375,103,376,104,377,107,378,112,378,112,378,116,378,119,378,121,379,122,380,125,381,130,381,130,381,134,381,138,381,138,381,143,381,147,381,147,381,152,381,155,381,156,383,158,384,161,384,165,384,165,384,169,384,174,384,174,384,178,384,181,384,183,383,183,381,183,381,183,379,181,378,178,378
63,423,60,424,59,425,60,426,63,426,66,426,68,425,66,424,63,423
37,339,32,339,32,337,31,336,28,336,25,336,23,337,25,338,28,339,32,339,32,340,34,342,37,342,40,342,41,340,40,339,37,339
