590,10,590,12,590,12,590,13,590,15,590,15,590,16,590,18,590,18,590,20,590,21,590,21,590,23,592,24,595,25,598,25,599,26,599,28,599,28,599,29,599,31,599,31,599,33,599,34,599,34,599,36,599,38,599,38,599,39,599,41,599,41,599,42,600,43,603,44,606,45,608,46,606,47,603,47,599,47,599,47,595,47,592,48,590,49,590,50,590,50,590,52,590,54,590,54,590,55,589,56,586,57,583,56,581,55,580,54,577,54,574,53,572,52,572,50,572,50,572,49,571,48,568,47,565,47,564,46,565,45,568,44,572,44,572,44,577,44,580,43,581,42,580,41,577,41,572,41,572,41,568,41,565,40,564,39,565,38,568,38,572,38,572,38,577,38,580,37,581,36,581,34,581,34,581,33,580,32,577,31,574,31,572,29,572,28,572,28,572,26,572,25,572,25,572,23,572,21,572,21,572,20,572,18,572,18,572,16,572,15,572,15,572,13,571,12,568,12,565,11,564,10,287,10,10,10,10,63,13,64,14,65,14,67,14,67,14,68,14,70,14,70,14,72,14,73,14,73,14,75,14,76,14,76,14,78,14,80,14,80,14,81,14,83,14,83,14,85,14,86,14,86,14,88,13,89,10,89,10,345,13,346,14,347,14,349,14,349,14,350,14,352,14,352,14,353,13,354,10,355,10,413,10,470,448,470,447,469,444,468,441,468,440,467,440,465,440,465,440,464,441,462,444,462,448,462,448,462,453,462,456,462,457,464,459,465,462,465,465,466,466,467,466,468,466,468,466,470,548,470,630,470,630,280,627,280,626,279,626,277,626,277,626,276,626,274,621,274,618,273,617,272,617,271,612,271,609,270,608,269,609,268,612,268,615,268,617,269,617,271,621,271,624,271,626,272,626,274,630,274,630,248,627,248,626,246,626,245,626,245,626,243,627,242,630,242,630,126,630,10,590,10
612,125,608,125,608,123,606,122,603,122,600,122,599,123,599,125,595,125,592,126,590,127,589,128,586,128,581,128,581,128,577,128,574,129,572,130,572,131,572,131,572,133,572,135,572,135,572,136,571,137,568,138,565,138,564,140,564,141,559,141,556,142,555,143,556,144,559,144,562,144,564,143,564,141,568,141,572,141,572,141,577,141,580,141,581,140,583,139,586,138,589,137,590,136,590,135,595,135,598,134,599,133,600,132,603,131,606,131,608,130,608,128,612,128,615,128,617,127,615,126,612,125
568,70,564,70,564,70,559,70,556,70,555,72,555,73,555,73,555,75,553,76,550,76,546,76,546,76,541,76,538,77,537,78,536,79,533,80,530,80,528,81,528,83,528,83,528,85,528,86,528,86,528,88,528,89,528,89,528,91,527,92,524,93,521,93,519,94,519,96,519,96,519,97,518,99,515,99,512,100,510,101,510,102,510,102,510,104,510,106,510,106,510,107,510,109,510,109,510,110,510,112,510,112,510,114,509,115,506,115,503,115,502,114,500,113,497,112,494,113,493,114,491,115,488,115,484,115,484,115,479,115,476,116,475,117,475,119,475,119,475,120,476,121,479,122,482,122,484,123,482,124,479,125,476,126,475,127,475,128,475,128,475,130,474,131,471,131,468,132,466,133,466,135,466,135,466,136,466,138,466,138,466,140,466,141,466,141,466,143,466,144,466,144,466,146,468,147,471,148,474,148,475,149,475,151,475,151,475,153,475,154,475,154,475,156,476,157,479,157,482,158,484,159,485,160,488,161,491,160,493,159,494,158,497,157,502,157,502,157,506,157,509,157,510,156,510,154,510,154,510,153,510,151,510,151,510,149,512,148,515,148,519,148,519,148,524,148,527,147,528,146,528,144,528,144,528,143,527,142,524,141,521,141,519,140,519,138,519,138,519,136,519,135,519,135,519,133,518,132,515,131,512,131,510,130,510,128,510,128,510,127,512,126,515,125,518,124,519,123,519,122,519,122,519,120,521,119,524,119,527,118,528,117,530,116,533,115,536,115,537,114,538,113,541,112,544,112,546,110,546,109,546,109,546,107,546,106,546,106,546,104,546,102,546,102,546,101,546,99,546,99,546,97,547,96,550,96,553,96,555,97,555,99,555,99,555,101,556,102,559,102,562,103,564,104,565,105,568,106,571,105,572,104,572,102,572,102,572,101,571,100,568,99,565,99,564,97,564,96,564,96,564,94,565,93,568,93,571,92,572,91,572,89,572,89,572,88,572,86,572,86,572,85,572,83,572,83,572,81,571,80,568,80,564,80,564,78,564,76,564,76,564,75,565,74,568,73,571,73,572,72,571,70,568,70
488,76,485,77,484,78,485,79,488,80,491,79,493,78,491,77,488,76
479,109,475,109,475,109,471,109,468,109,466,110,468,112,471,112,475,112,475,112,479,112,482,112,484,110,482,109,479,109
479,164,475,164,475,164,471,164,466,164,466,164,462,164,459,164,457,165,459,167,462,167,465,168,466,169,468,170,471,170,475,170,475,170,479,170,482,170,484,169,484,167,484,167,484,165,482,164,479,164
471,25,466,25,466,25,462,25,459,25,457,26,459,27,462,28,466,28,466,28,471,28,474,27,475,26,474,25,471,25
435,177,432,177,431,178,431,180,431,180,431,182,432,183,435,183,438,183,440,182,440,180,440,180,440,178,438,177,435,177
417,144,414,145,413,146,414,147,417,148,420,147,422,146,420,145,417,144
409,38,404,38,404,38,400,38,395,38,395,38,391,38,386,38,386,38,382,38,379,38,378,39,379,40,382,41,385,41,386,42,385,43,382,44,379,45,378,46,379,47,382,47,386,47,386,47,391,47,394,47,395,46,397,45,400,44,404,44,404,44,409,44,412,43,413,42,413,41,413,41,413,39,412,38,409,38
373,50,370,51,369,52,370,53,373,54,376,53,378,52,376,51,373,50
373,57,369,57,369,57,364,57,361,58,360,59,361,60,364,60,367,61,369,62,370,63,373,63,376,63,378,62,378,60,378,60,378,59,376,58,373,57
364,446,360,446,360,446,355,446,351,446,351,446,347,446,344,445,342,444,341,443,338,442,333,442,333,442,329,442,324,442,324,442,320,442,317,443,316,444,317,445,320,446,323,446,324,447,326,448,329,449,332,449,333,451,335,452,338,452,342,452,342,452,347,452,351,452,351,452,355,452,360,452,360,452,364,452,367,452,369,451,369,449,369,449,369,447,367,446,364,446
302,439,299,440,298,441,299,442,302,442,305,442,307,441,305,440,302,439
285,439,282,439,280,438,279,437,276,436,271,436,271,436,267,436,264,435,262,434,261,433,258,433,254,433,254,433,249,433,245,433,245,433,240,433,236,433,236,433,231,433,227,433,227,433,223,433,220,432,218,431,217,430,214,430,211,429,209,428,208,427,205,426,200,426,200,426,196,426,193,426,192,425,190,424,187,423,184,422,183,421,181,420,178,420,174,420,174,420,169,420,166,420,165,421,165,423,165,423,165,425,165,426,165,426,165,428,166,429,169,430,174,430,174,430,178,430,181,430,183,431,184,432,187,433,190,433,192,434,193,435,196,436,200,436,200,436,205,436,209,436,209,436,214,436,217,437,218,438,220,439,223,439,227,439,227,439,231,439,236,439,236,439,240,439,245,439,245,439,249,439,254,439,254,439,258,439,261,440,262,441,264,442,267,442,271,442,271,442,276,442,280,442,280,442,285,442,288,442,289,441,288,440,285,439
143,417,140,417,138,418,140,419,143,420,146,419,147,418,146,417,143,417
72,25,69,24,68,23,66,22,63,21,59,21,59,21,54,21,51,22,50,23,48,24,45,25,41,25,41,23,40,22,37,21,32,21,32,21,28,21,25,22,23,23,25,24,28,25,32,25,32,25,37,25,41,25,41,26,42,27,45,28,48,28,50,29,51,31,54,31,57,32,59,33,60,34,63,34,66,35,68,36,69,37,72,38,75,37,76,36,76,34,76,34,76,33,76,31,76,31,76,29,76,28,76,28,76,26,75,25,72,25
72,410,69,411,68,412,69,413,72,413,75,413,76,412,75,411,72,410
45,238,42,238,41,237,40,236,37,235,34,236,32,237,32,238,32,238,32,240,32,242,32,242,32,243,32,245,32,245,32,246,34,248,37,248,40,248,41,246,42,245,45,245,48,244,50,243,50,242,50,242,50,240,48,239,45,238
603,125,599,125,599,127,600,128,603,128,608,128,608,127,608,125,603,125
586,131,583,132,581,133,583,134,586,135,590,135,590,133,589,132,586,131
559,80,556,80,555,81,556,82,559,83,562,82,564,81,564,80,559,80
