572,10,572,12,572,12,572,13,574,14,577,15,580,15,581,16,583,18,586,18,589,19,590,20,590,21,590,21,590,23,592,24,595,25,598,25,599,26,599,28,599,28,599,29,599,31,599,31,599,33,598,34,595,34,592,35,590,36,590,38,590,38,590,39,589,40,586,41,583,40,581,39,581,38,581,38,581,36,581,34,581,34,581,33,581,31,581,31,581,29,580,28,577,28,574,27,572,26,572,25,572,25,572,23,571,22,568,21,565,21,564,20,564,18,564,18,564,16,564,15,564,15,564,13,564,12,564,12,564,10,287,10,10,10,10,25,13,25,14,26,13,27,10,28,10,31,13,32,14,33,14,34,14,34,14,36,13,37,10,38,10,310,13,310,14,311,14,313,14,313,14,315,14,316,14,316,14,318,14,319,14,319,14,321,14,323,14,323,14,324,13,325,10,326,10,336,13,336,14,337,14,339,14,339,14,340,14,342,14,342,14,344,16,345,19,345,22,346,23,347,23,349,23,349,23,350,25,351,28,352,31,352,32,353,32,355,32,355,32,357,32,358,32,358,32,360,34,361,37,361,40,362,41,363,41,365,41,365,41,366,41,368,41,368,41,370,42,371,45,371,48,372,50,373,50,374,50,374,50,376,51,377,54,378,57,378,59,379,59,381,59,381,59,383,59,384,59,384,59,386,60,387,63,387,66,388,68,389,68,391,68,391,68,392,68,394,68,394,68,395,69,397,72,397,75,398,76,399,78,400,81,400,84,401,85,402,85,404,85,404,85,405,84,406,81,407,76,407,76,407,72,407,68,407,68,407,63,407,60,406,59,405,59,404,59,404,59,402,59,400,59,400,59,399,57,398,54,397,51,397,50,395,50,394,50,394,50,392,50,391,50,391,50,389,48,388,45,387,42,387,41,386,41,384,41,384,41,383,40,381,37,381,34,380,32,379,32,378,32,378,32,376,32,374,32,374,32,373,31,372,28,371,25,371,23,370,23,368,23,368,23,366,22,365,19,365,16,364,14,363,14,361,14,361,14,360,13,359,10,358,10,414,10,470,156,470,158,469,161,468,165,468,165,467,166,466,169,465,174,465,174,464,175,462,178,462,183,462,183,460,184,459,187,459,192,459,192,457,193,456,196,455,199,456,200,457,199,458,196,459,192,459,192,460,190,461,187,462,183,462,183,464,181,465,178,465,174,465,174,467,172,468,169,468,165,468,165,470,398,470,630,470,630,248,627,248,626,246,627,245,630,245,630,238,627,238,626,237,626,235,626,235,626,234,627,232,630,232,630,121,630,10,572,10
577,174,572,174,572,172,572,170,572,170,572,169,572,167,572,167,572,165,571,164,568,164,565,163,564,162,562,161,559,161,556,160,555,159,553,158,550,157,546,157,546,157,541,157,538,157,537,156,537,154,537,154,537,153,537,151,537,151,537,149,538,148,541,148,544,147,546,146,546,144,546,144,546,143,546,141,546,141,546,140,546,138,546,138,546,136,544,135,541,135,538,134,537,133,536,132,533,131,530,131,528,130,530,129,533,128,537,128,537,128,541,128,544,128,546,127,546,125,546,125,546,123,546,122,546,122,546,120,547,119,550,119,553,118,555,117,556,116,559,115,564,115,564,115,568,115,571,115,572,114,571,113,568,112,565,111,564,110,562,109,559,109,555,109,555,109,550,109,547,109,546,110,544,111,541,112,538,111,537,110,537,109,537,109,537,107,537,106,537,106,537,104,537,102,537,102,537,101,537,99,537,99,537,97,538,96,541,96,544,95,546,94,547,93,550,93,553,92,555,91,556,90,559,89,562,89,564,88,564,86,564,86,564,85,562,83,559,83,556,83,555,85,553,86,550,86,546,86,546,85,544,83,541,83,538,82,537,81,537,80,537,80,537,78,537,76,537,76,537,75,538,74,541,73,544,73,546,72,546,70,546,70,546,68,544,67,541,67,537,67,537,67,533,67,528,67,528,67,524,67,521,66,519,65,519,63,519,63,519,62,518,61,515,60,512,60,510,59,510,57,510,57,510,55,510,54,510,54,510,52,510,50,510,50,510,49,509,48,506,47,503,47,502,46,500,45,497,44,494,45,493,46,491,47,488,47,485,48,484,49,484,50,484,50,484,52,482,53,479,54,476,54,475,55,475,57,475,57,475,59,476,60,479,60,482,61,484,62,484,63,484,63,484,65,484,67,484,67,484,68,485,69,488,70,491,70,493,72,493,73,493,73,493,75,493,76,488,76,484,76,484,76,479,76,476,77,475,78,476,79,479,80,484,80,484,80,488,80,491,79,493,78,493,76,497,76,500,77,502,78,502,80,502,80,502,81,502,83,502,83,502,85,500,86,497,86,494,87,493,88,493,89,493,89,493,91,493,93,493,93,493,94,493,96,493,96,493,97,493,99,493,99,493,101,493,102,493,102,493,104,494,105,497,106,500,106,502,107,502,109,502,109,502,110,503,112,506,112,509,113,510,114,509,115,506,115,502,115,502,115,497,115,494,116,493,117,494,118,497,119,500,119,502,120,502,122,502,122,502,123,502,125,502,125,502,127,502,128,502,128,502,130,502,131,502,131,502,133,503,134,506,135,509,135,510,136,512,137,515,138,518,139,519,140,519,141,519,141,519,143,519,144,519,144,519,146,521,147,524,148,527,148,528,149,528,151,528,151,528,153,527,154,524,154,521,155,519,156,519,157,519,157,519,159,521,160,524,161,528,161,528,161,533,161,536,161,537,162,537,164,537,164,537,165,538,167,541,167,544,168,546,169,547,170,550,170,553,171,555,172,556,173,559,174,564,174,564,174,568,174,572,174,572,175,574,176,577,177,580,176,581,175,580,174,577,174
568,38,565,38,564,39,565,40,568,41,571,40,572,39,571,38,568,38
559,131,556,132,555,133,556,134,559,135,562,134,564,133,562,132,559,131
559,430,556,430,555,431,556,432,559,433,562,432,564,431,562,430,559,430
462,96,459,96,457,97,457,99,457,99,457,101,457,102,457,102,457,104,457,106,457,106,457,107,457,109,457,109,457,110,457,112,457,112,457,114,457,115,453,115,450,116,448,117,450,118,453,119,456,118,457,117,457,115,462,115,465,115,466,114,466,112,466,112,466,110,466,109,466,109,466,107,466,106,466,106,466,104,466,102,466,102,466,101,466,99,466,99,466,97,465,96,462,96
391,313,388,313,386,315,388,316,391,316,394,316,395,315,394,313,391,313
355,238,352,239,351,240,352,241,355,242,358,241,360,240,358,239,355,238
347,245,344,245,342,246,344,248,347,248,350,248,351,246,350,245,347,245
347,433,342,433,342,433,338,433,335,433,333,434,333,436,333,436,333,438,335,439,338,439,341,439,342,438,344,437,347,436,350,435,351,434,350,433,347,433
329,41,326,41,324,42,324,44,324,44,324,46,326,47,329,47,332,47,333,46,333,44,333,44,333,42,332,41,329,41
311,436,308,437,307,438,308,439,311,439,314,439,316,438,314,437,311,436
293,439,290,440,289,441,290,442,293,442,296,442,298,441,296,440,293,439
240,119,237,119,236,120,237,121,240,122,243,121,245,120,243,119,240,119
231,449,228,448,227,447,226,446,223,446,218,446,218,446,214,446,211,446,209,447,211,448,214,449,217,449,218,451,217,452,214,452,211,453,209,454,211,455,214,455,218,455,218,455,223,455,227,455,227,455,231,455,234,455,236,454,236,452,236,452,236,451,234,449,231,449
152,423,149,424,147,425,149,426,152,426,155,426,156,425,155,424,152,423
99,287,96,286,94,285,93,284,90,284,87,283,85,282,84,281,81,280,78,281,76,282,75,283,72,284,68,284,68,284,63,284,60,283,59,282,57,281,54,280,51,280,50,279,50,277,50,277,50,276,48,275,45,274,41,274,41,274,37,274,34,275,32,276,31,277,28,277,25,278,23,279,23,280,23,280,23,282,25,283,28,284,31,284,32,285,32,287,32,287,32,289,32,290,32,290,32,292,32,293,32,293,32,295,34,296,37,297,40,297,41,298,41,300,41,300,41,302,41,303,41,303,41,305,42,306,45,306,48,307,50,308,51,309,54,310,59,310,59,310,63,310,68,310,68,310,72,310,75,309,76,308,78,307,81,306,84,306,85,305,87,304,90,303,93,303,94,302,96,300,99,300,102,299,103,298,103,297,103,297,103,295,103,293,103,293,103,292,103,290,103,290,103,289,102,288,99,287
45,15,42,15,41,16,42,18,45,18,48,18,50,16,48,15,45,15
541,86,538,87,537,88,538,89,541,89,544,89,546,88,546,86,541,86
515,128,512,129,510,130,512,131,515,131,518,131,519,130,518,129,515,128
506,63,503,64,502,65,502,67,502,67,502,68,503,69,506,70,509,69,510,68,510,67,510,67,510,65,509,64,506,63
