475,10,475,12,475,12,475,13,476,14,479,15,484,15,484,15,488,15,493,15,493,15,497,15,502,15,502,15,506,15,509,14,510,13,512,12,515,12,518,12,519,13,519,15,519,15,519,16,519,18,519,18,519,20,519,21,519,21,519,23,519,25,519,25,519,26,518,27,515,28,512,27,510,26,509,25,506,25,503,25,502,26,502,28,502,28,502,29,502,31,502,31,502,33,503,34,506,34,509,35,510,36,510,38,510,38,510,39,509,40,506,41,503,41,502,42,500,43,497,44,493,44,493,46,493,47,493,47,493,49,491,50,488,50,485,50,484,49,484,47,484,47,484,46,485,45,488,44,493,44,493,42,493,41,493,41,493,39,493,38,493,38,493,36,493,34,493,34,493,33,493,31,493,31,493,29,493,28,493,28,493,26,491,25,488,25,485,25,484,26,482,27,479,28,476,28,475,29,474,31,471,31,466,31,466,31,462,31,457,31,457,31,453,31,450,31,448,29,448,28,448,28,448,26,447,25,444,25,440,25,440,25,435,25,431,25,431,26,429,27,426,28,423,27,422,26,423,25,426,25,431,25,431,23,429,22,426,21,422,21,422,21,417,21,414,22,413,23,412,24,409,25,406,24,404,23,403,22,400,21,395,21,395,21,391,21,388,22,386,23,388,24,391,25,394,25,395,26,395,28,395,28,395,29,394,31,391,31,386,31,386,33,386,34,386,34,386,36,386,38,391,38,394,38,395,39,395,41,400,41,403,41,404,42,403,43,400,44,395,44,395,46,394,47,391,47,388,47,386,46,388,45,391,44,395,44,395,42,395,41,391,41,388,40,386,39,386,38,382,38,379,37,378,36,376,35,373,34,370,35,369,36,369,38,369,38,369,39,369,41,369,41,369,42,370,43,373,44,376,45,378,46,378,47,378,47,378,49,376,50,373,50,370,50,369,49,367,48,364,47,361,47,360,46,360,44,360,44,360,42,358,41,355,41,352,40,351,39,351,38,351,38,351,36,351,34,351,34,351,33,352,32,355,31,358,31,360,29,360,28,360,28,360,26,360,25,360,25,360,23,358,22,355,21,352,22,351,23,350,24,347,25,344,24,342,23,342,21,342,21,342,20,344,19,347,18,350,18,351,16,350,15,347,15,342,15,342,15,338,15,335,15,333,16,333,18,333,18,333,20,333,21,333,21,333,23,333,25,333,25,333,26,333,28,333,28,333,29,333,31,333,31,333,33,333,34,333,34,333,36,335,37,338,38,341,38,342,39,341,40,338,41,333,41,333,41,329,41,326,40,324,39,323,38,320,38,316,38,316,38,311,38,307,38,307,38,302,38,299,38,298,39,298,41,302,41,305,41,307,42,305,43,302,44,299,43,298,42,298,41,293,41,289,41,289,41,285,41,282,40,280,39,280,38,280,38,280,36,279,35,276,34,273,35,271,36,271,38,271,38,271,39,271,41,271,41,271,42,271,44,271,44,271,46,270,47,267,47,264,47,262,46,262,44,262,44,262,42,261,41,258,41,255,40,254,39,254,38,254,38,254,36,252,35,249,34,245,34,245,34,240,34,237,34,236,33,237,32,240,31,245,31,245,31,249,31,252,31,254,29,252,28,249,28,246,27,245,26,245,25,245,25,245,23,243,22,240,21,237,21,236,20,234,19,231,18,228,18,227,16,227,15,227,15,227,13,227,12,227,12,227,10,218,10,217,11,214,12,211,11,209,10,110,10,10,10,10,240,10,470,333,470,333,468,333,468,333,467,332,466,329,465,326,465,324,464,324,462,324,462,324,460,323,459,320,459,317,458,316,457,317,456,320,455,323,455,324,454,326,453,329,452,332,452,333,451,333,449,333,449,333,447,335,446,338,446,342,446,342,446,347,446,351,446,351,446,355,446,360,446,360,446,364,446,367,446,369,447,370,448,373,449,376,449,378,451,378,452,378,452,378,454,378,455,378,455,378,457,379,458,382,459,385,459,386,460,386,462,386,462,386,464,386,465,386,465,386,467,388,468,391,468,394,469,395,470,404,470,404,468,404,468,404,467,404,465,404,465,404,464,406,462,409,462,412,461,413,460,414,459,417,459,420,459,422,460,422,462,422,462,422,464,422,465,422,465,422,467,422,468,422,468,422,470,526,470,630,470,630,63,627,63,626,62,624,61,621,60,618,60,617,59,617,57,617,57,617,55,617,54,617,54,617,52,617,50,617,50,617,49,617,47,617,47,617,46,618,45,621,44,624,45,626,46,626,47,626,47,626,49,627,50,630,50,630,30,630,10,475,10
612,63,609,64,608,65,608,67,608,67,608,68,609,69,612,70,615,69,617,68,617,67,617,67,617,65,615,64,612,63
603,119,599,119,599,119,595,119,592,119,590,120,592,121,595,122,599,122,599,122,603,122,606,121,608,120,606,119,603,119
595,60,592,61,590,62,589,63,586,63,583,64,581,65,583,66,586,67,589,67,590,68,590,70,590,70,590,72,592,73,595,73,598,73,599,72,599,70,599,70,599,68,599,67,599,67,599,65,599,63,599,63,599,62,598,61,595,60
568,70,564,70,564,70,559,70,556,70,555,72,556,73,559,73,564,73,564,73,568,73,571,73,572,72,571,70,568,70
568,76,565,77,564,78,565,79,568,80,571,79,572,78,571,77,568,76
515,54,510,54,510,52,509,51,506,50,503,51,502,52,503,53,506,54,510,54,510,55,510,57,510,57,510,59,510,60,510,60,510,62,512,63,515,63,518,63,519,62,519,60,519,60,519,59,519,57,519,57,519,55,518,54,515,54
479,232,475,232,475,230,474,229,471,229,466,229,466,227,466,225,466,225,466,224,465,223,462,222,459,223,457,224,457,225,457,225,457,227,459,228,462,229,466,229,466,230,468,231,471,232,475,232,475,234,476,235,479,235,482,235,484,234,482,232,479,232
471,38,466,38,466,36,465,35,462,34,457,34,457,34,453,34,450,35,448,36,448,38,448,38,448,39,448,41,448,41,448,42,450,43,453,44,456,43,457,42,457,41,457,41,457,39,459,38,462,38,466,38,466,39,468,40,471,41,474,40,475,39,474,38,471,38
471,44,468,45,466,46,466,47,466,47,466,49,468,50,471,50,474,50,475,49,475,47,475,47,475,46,474,45,471,44
444,50,441,51,440,52,441,53,444,54,447,53,448,52,447,51,444,50
426,31,423,32,422,33,423,34,426,34,429,34,431,33,429,32,426,31
426,67,423,67,422,68,422,70,422,70,422,72,423,73,426,73,429,73,431,72,431,70,431,70,431,68,429,67,426,67
426,400,422,400,422,400,417,400,414,400,413,399,412,398,409,397,406,397,404,395,403,394,400,394,397,393,395,392,394,391,391,391,388,391,386,392,385,393,382,394,379,394,378,395,376,397,373,397,369,397,369,397,364,397,361,398,360,399,358,400,355,400,352,401,351,402,351,404,351,404,351,405,352,406,355,407,360,407,360,407,364,407,369,407,369,407,373,407,376,406,378,405,379,404,382,404,386,404,386,404,391,404,394,403,395,402,397,401,400,400,403,401,404,402,404,404,404,404,404,405,406,406,409,407,413,407,413,407,417,407,420,406,422,405,423,404,426,404,429,403,431,402,429,401,426,400
417,144,414,145,413,146,414,147,417,148,420,147,422,146,420,145,417,144
400,73,397,74,395,75,397,76,400,76,403,76,404,75,403,74,400,73
391,63,388,63,386,62,386,60,386,60,386,59,385,58,382,57,378,57,378,57,373,57,369,57,369,57,364,57,360,57,360,57,355,57,351,57,351,57,347,57,344,58,342,59,344,60,347,60,351,60,351,60,355,60,360,60,360,60,364,60,367,61,369,62,369,63,369,63,369,65,369,67,369,67,369,68,370,69,373,70,376,69,378,68,379,67,382,67,385,67,386,68,388,69,391,70,394,69,395,68,395,67,395,67,395,65,394,64,391,63
347,109,342,109,342,109,338,109,335,109,333,110,335,112,338,112,341,113,342,114,344,115,347,115,350,115,351,114,351,112,351,112,351,110,350,109,347,109
329,54,326,54,324,55,326,56,329,57,332,56,333,55,332,54,329,54
329,387,324,387,324,387,320,387,316,387,316,387,311,387,308,388,307,389,305,390,302,391,298,391,298,391,293,391,290,391,289,392,288,393,285,394,282,394,280,395,279,397,276,397,273,398,271,399,273,400,276,400,280,400,280,400,285,400,289,400,289,400,293,400,296,400,298,399,299,398,302,397,307,397,307,397,311,397,316,397,316,397,320,397,323,397,324,395,326,394,329,394,332,393,333,392,333,391,333,391,333,389,332,388,329,387
205,44,200,44,200,42,200,41,200,41,200,39,199,38,196,38,193,37,192,36,190,35,187,34,184,34,183,33,183,31,183,31,183,29,181,28,178,28,175,27,174,26,172,25,169,25,166,25,165,26,165,28,165,28,165,29,166,31,169,31,172,32,174,33,174,34,174,34,174,36,175,37,178,38,181,38,183,39,184,40,187,41,190,41,192,42,193,43,196,44,200,44,200,46,202,47,205,47,208,47,209,46,208,45,205,44
161,15,158,15,156,16,158,18,161,18,164,18,165,16,164,15,161,15
125,342,121,342,121,340,121,339,121,339,121,337,121,336,121,336,121,334,119,333,116,332,112,332,112,332,107,332,104,333,103,334,104,335,107,336,110,336,112,337,112,339,112,339,112,340,113,342,116,342,121,342,121,344,122,345,125,345,128,345,130,344,128,343,125,342
457,10,457,12,462,12,465,11,466,10,457,10
404,10,406,11,409,12,413,12,413,12,417,12,420,12,422,13,423,14,426,15,431,15,431,15,435,15,440,15,440,15,444,15,447,15,448,16,450,18,453,18,456,18,457,16,457,15,457,15,457,13,457,12,453,12,450,11,448,10,404,10
378,10,378,12,378,12,378,13,378,15,378,15,378,16,378,18,382,18,385,18,386,16,388,15,391,15,394,14,395,13,394,12,391,12,388,11,386,10,378,10
262,10,264,11,267,12,271,12,271,12,276,12,279,11,280,10,262,10
236,10,237,11,240,12,243,12,245,13,246,14,249,15,252,14,254,13,254,12,254,12,254,10,236,10
382,28,379,28,378,29,379,31,382,31,386,31,386,29,385,28,382,28
373,18,370,19,369,20,369,21,369,21,369,23,370,24,373,25,376,24,378,23,378,21,378,21,378,20,378,18,373,18
