10,219,13,219,14,221,14,222,14,222,14,224,16,225,19,225,22,226,23,227,23,229,23,229,23,230,25,231,28,232,31,232,32,234,32,235,32,235,32,237,34,238,37,238,40,239,41,240,41,242,41,242,41,243,41,245,45,245,48,245,50,246,50,248,54,248,57,249,59,250,59,251,59,251,59,253,59,255,63,255,66,255,68,256,68,258,72,258,75,258,76,259,76,261,81,261,84,262,85,263,85,264,90,264,93,265,94,266,93,267,90,268,87,267,85,266,85,264,81,264,78,264,76,263,76,261,72,261,69,261,68,259,68,258,63,258,60,257,59,256,59,255,54,255,51,254,50,253,50,251,50,251,50,250,50,248,45,248,42,248,41,246,41,245,37,245,34,244,32,243,31,242,28,242,25,241,23,240,22,239,19,238,14,238,14,240,14,242,14,242,14,243,14,245,19,245,22,245,23,246,23,248,28,248,31,249,32,250,32,251,37,251,40,252,41,253,40,254,37,255,34,254,32,253,32,251,28,251,25,251,23,250,23,248,19,248,16,248,14,246,14,245,10,245,10,357,10,470,85,470,87,469,90,468,93,469,94,470,360,470,360,468,360,468,360,467,361,466,364,465,367,465,369,464,369,462,369,462,369,460,367,459,364,459,360,459,360,459,355,459,351,459,351,459,347,459,344,458,342,457,341,456,338,455,333,455,333,455,329,455,324,455,324,455,320,455,317,455,316,454,314,453,311,452,308,452,307,451,305,449,302,449,298,449,298,449,293,449,290,448,289,447,288,446,285,446,280,446,280,446,276,446,273,445,271,444,271,442,271,442,271,441,270,440,267,439,262,439,262,439,258,439,255,439,254,438,252,437,249,436,245,436,245,436,240,436,237,435,236,434,234,433,231,433,228,432,227,431,226,430,223,430,220,429,218,428,217,427,214,426,211,426,209,425,208,424,205,423,200,423,200,423,196,423,193,422,192,421,190,420,187,420,184,419,183,418,183,417,183,417,183,415,183,413,178,413,175,413,174,412,175,411,178,410,181,411,183,412,183,413,187,413,192,413,192,413,196,413,199,414,200,415,202,416,205,417,209,417,209,417,214,417,217,417,218,418,220,419,223,420,226,420,227,421,228,422,231,423,236,423,236,423,240,423,245,423,245,423,249,423,254,423,254,423,258,423,261,424,262,425,262,426,262,426,262,428,264,429,267,430,270,430,271,431,273,432,276,433,279,433,280,434,282,435,285,436,288,437,289,438,290,439,293,439,298,439,298,439,302,439,307,439,307,439,311,439,314,440,316,441,317,442,320,442,323,443,324,444,324,446,324,446,324,447,326,448,329,449,333,449,333,449,338,449,342,449,342,449,347,449,350,449,351,451,351,452,351,452,351,454,352,455,355,455,360,455,360,455,364,455,369,455,369,455,373,455,378,455,378,455,382,455,385,456,386,457,388,458,391,459,395,459,395,459,400,459,403,459,404,460,404,462,404,462,404,464,404,465,404,465,404,467,404,468,404,468,404,470,517,470,630,470,630,242,627,241,626,240,627,239,630,238,630,124,630,10,320,10,10,10,10,219
621,112,618,113,617,114,617,115,612,115,609,116,608,117,608,119,603,119,600,119,599,120,600,121,603,122,606,121,608,120,608,119,612,119,615,118,617,117,617,115,621,115,624,115,626,114,624,113,621,112
586,122,583,122,581,123,580,124,577,125,574,124,572,123,571,122,568,122,564,122,564,122,559,122,556,122,555,123,555,125,555,125,555,127,555,128,555,128,555,130,555,131,555,131,555,133,556,134,559,135,562,134,564,133,564,131,564,131,564,130,565,129,568,128,572,128,572,128,577,128,581,128,581,128,586,128,589,128,590,127,590,125,590,125,590,123,589,122,586,122
541,144,538,145,537,146,538,147,541,148,544,147,546,146,544,145,541,144
524,18,519,18,519,18,515,18,512,19,510,20,512,21,515,21,518,22,519,23,521,24,524,25,527,24,528,23,528,21,528,21,528,20,527,19,524,18
524,141,521,141,519,140,518,138,515,138,512,138,510,140,510,141,510,141,510,143,510,144,510,144,510,146,512,147,515,148,518,147,519,146,521,145,524,144,527,144,528,143,527,142,524,141
515,119,510,119,510,119,506,119,502,119,502,117,500,116,497,115,494,116,493,117,494,118,497,119,502,119,502,120,502,122,502,122,502,123,503,124,506,125,509,126,510,127,510,128,510,128,510,130,510,131,510,131,510,133,512,134,515,135,518,134,519,133,519,131,519,131,519,130,519,128,519,128,519,127,519,125,519,125,519,123,519,122,519,122,519,120,518,119,515,119
515,157,512,158,510,159,512,160,515,161,518,160,519,159,518,158,515,157
515,248,512,249,510,250,512,251,515,251,518,251,519,250,518,249,515,248
497,128,494,129,493,130,494,131,497,131,500,131,502,130,500,129,497,128
497,135,494,135,493,136,493,138,493,138,493,140,491,141,488,141,485,142,484,143,484,144,479,144,475,144,475,144,471,144,468,145,466,146,466,148,466,148,466,149,466,151,466,151,466,153,466,154,466,154,466,156,468,157,471,157,475,157,475,157,479,157,482,157,484,156,484,154,484,154,484,153,484,151,484,151,484,149,484,148,484,148,484,146,484,144,488,144,493,144,493,144,497,144,500,144,502,143,502,141,502,141,502,140,502,138,502,138,502,136,500,135,497,135
488,122,485,121,484,120,482,119,479,119,476,119,475,120,475,122,475,122,475,123,475,125,475,125,475,127,476,128,479,128,482,128,484,127,485,126,488,125,491,124,493,123,491,122,488,122
471,99,466,99,466,99,462,99,457,99,457,97,456,96,453,96,448,96,448,94,448,93,448,93,448,91,447,90,444,89,441,90,440,91,440,93,440,93,440,94,441,95,444,96,448,96,448,97,450,99,453,99,457,99,457,101,457,102,457,102,457,104,457,106,457,106,457,107,457,109,457,109,457,110,457,112,457,112,457,114,457,115,457,115,457,117,459,118,462,119,465,118,466,117,466,115,466,115,466,114,468,113,471,112,474,112,475,110,474,109,471,109,468,108,466,107,466,106,466,106,466,104,468,103,471,102,474,102,475,101,474,100,471,99
471,135,468,135,466,136,468,137,471,138,474,137,475,136,474,135,471,135
426,73,423,74,422,75,423,76,426,76,429,76,431,75,429,74,426,73
417,102,414,103,413,104,414,105,417,106,420,105,422,104,420,103,417,102
400,180,397,181,395,182,397,183,400,183,403,183,404,182,403,181,400,180
391,187,388,187,386,188,388,189,391,190,394,189,395,188,394,187,391,187
382,141,379,142,378,143,379,144,382,144,385,144,386,143,385,142,382,141
355,76,352,76,351,75,351,73,351,73,351,72,351,70,351,70,351,68,350,67,347,67,344,67,342,68,342,70,342,70,342,72,341,73,338,73,333,73,333,72,333,70,333,70,333,68,332,67,329,67,326,67,324,68,324,70,324,70,324,72,326,73,329,73,333,73,333,75,335,76,338,76,341,77,342,78,344,79,347,80,351,80,351,80,355,80,358,79,360,78,358,77,355,76
347,60,342,60,342,60,338,60,333,60,333,60,329,60,326,61,324,62,326,63,329,63,333,63,333,63,338,63,342,63,342,63,347,63,350,63,351,62,350,61,347,60
320,50,317,51,316,52,317,53,320,54,323,53,324,52,323,51,320,50
302,47,298,47,298,46,296,45,293,44,289,44,289,42,289,41,289,41,289,39,288,38,285,38,282,38,280,39,280,41,280,41,280,42,282,43,285,44,289,44,289,46,289,47,285,47,282,48,280,49,282,50,285,50,288,50,289,49,289,47,293,47,298,47,298,49,299,50,302,50,305,50,307,49,305,48,302,47
302,54,299,54,298,55,298,57,298,57,298,59,299,60,302,60,305,60,307,59,307,57,307,57,307,55,305,54,302,54
223,112,220,111,218,110,217,109,214,109,209,109,209,109,205,109,202,108,200,107,199,106,196,106,192,106,192,106,187,106,184,105,183,104,183,102,183,102,183,101,183,99,183,99,183,97,181,96,178,96,175,96,174,97,174,99,174,99,174,101,174,102,174,102,174,104,174,106,174,106,174,107,174,109,174,109,174,110,174,112,174,112,174,114,172,115,169,115,166,116,165,117,166,118,169,119,174,119,174,119,178,119,181,119,183,120,183,122,183,122,183,123,184,124,187,125,190,126,192,127,193,128,196,128,199,129,200,130,202,131,205,131,208,131,209,130,211,129,214,128,217,128,218,127,218,125,218,125,218,123,218,122,218,122,218,120,220,119,223,119,226,118,227,117,227,115,227,115,227,114,226,113,223,112
187,381,183,381,183,381,178,381,175,380,174,379,172,378,169,378,166,377,165,376,166,375,169,374,172,374,174,373,172,372,169,371,166,371,165,370,164,368,161,368,158,367,156,366,156,365,156,365,156,363,155,362,152,361,149,361,147,360,146,359,143,358,140,359,138,360,137,361,134,361,131,362,130,363,131,364,134,365,137,365,138,366,140,367,143,368,146,369,147,370,147,371,147,371,147,373,147,374,147,374,147,376,149,377,152,378,155,378,156,379,156,381,156,381,156,383,158,384,161,384,164,385,165,386,166,387,169,387,174,387,174,387,178,387,183,387,183,387,187,387,190,387,192,386,192,384,192,384,192,383,190,381,187,381
143,76,140,77,138,78,138,80,138,80,138,81,138,83,138,83,138,85,138,86,138,86,138,88,138,89,138,89,138,91,138,93,138,93,138,94,137,95,134,96,131,96,130,97,130,99,130,99,130,101,130,102,130,102,130,104,130,106,130,106,130,107,131,108,134,109,137,109,138,110,138,112,138,112,138,114,138,115,138,115,138,117,138,119,138,119,138,120,138,122,138,122,138,123,138,125,138,125,138,127,138,128,138,128,138,130,138,131,138,131,138,133,138,135,138,135,138,136,140,137,143,138,146,137,147,136,147,135,147,135,147,133,147,131,147,131,147,130,147,128,147,128,147,127,147,125,147,125,147,123,147,122,147,122,147,120,147,119,147,119,147,117,147,115,147,115,147,114,147,112,147,112,147,110,147,109,147,109,147,107,147,106,147,106,147,104,147,102,147,102,147,101,147,99,147,99,147,97,147,96,147,96,147,94,147,93,147,93,147,91,147,89,147,89,147,88,147,86,147,86,147,85,147,83,147,83,147,81,147,80,147,80,147,78,146,77,143,76
45,284,42,283,41,282,40,281,37,280,32,280,32,280,28,280,25,281,23,282,25,283,28,284,31,284,32,285,34,286,37,287,41,287,41,287,45,287,48,286,50,285,48,284,45,284
10,238,14,238,14,237,13,236,10,235,10,238
