546,10,546,12,546,12,546,13,546,15,546,15,546,16,546,18,546,18,546,20,544,21,541,21,538,21,537,20,536,19,533,18,530,18,528,16,527,15,524,15,521,14,519,13,519,12,519,12,519,10,265,10,10,10,10,180,13,181,14,182,14,183,14,183,14,185,14,187,14,187,14,188,14,190,14,190,14,191,14,193,14,193,14,195,14,196,14,196,14,198,14,200,14,200,14,201,14,203,14,203,14,204,14,206,14,206,14,208,16,209,19,209,22,210,23,211,23,212,23,212,23,214,22,215,19,216,16,216,14,217,13,218,10,219,10,316,13,317,14,318,14,319,14,319,14,321,16,322,19,323,23,323,23,323,28,323,31,323,32,324,32,326,32,326,32,327,31,329,28,329,23,329,23,329,19,329,16,330,14,331,13,332,10,332,10,401,10,470,289,470,290,469,293,468,296,469,298,470,475,470,476,469,479,468,482,469,484,470,557,470,630,470,630,240,630,10,546,10
621,80,618,79,617,78,617,76,617,76,617,75,617,73,617,73,617,72,617,70,617,70,617,68,615,67,612,67,609,66,608,65,608,63,608,63,608,62,606,61,603,60,599,60,599,60,595,60,592,61,590,62,589,63,586,63,583,63,581,62,581,60,581,60,581,59,580,58,577,57,574,58,572,59,572,60,572,60,572,62,571,63,568,63,565,64,564,65,562,66,559,67,556,67,555,68,555,70,555,70,555,72,556,73,559,73,562,74,564,75,564,76,564,76,564,78,562,79,559,80,556,79,555,78,553,77,550,76,547,77,546,78,546,80,546,80,546,81,546,83,546,83,546,85,546,86,546,86,546,88,546,89,546,89,546,91,546,93,546,93,546,94,546,96,546,96,546,97,544,99,541,99,537,99,537,99,533,99,530,100,528,101,527,102,524,102,521,103,519,104,518,105,515,106,512,106,510,107,510,109,510,109,510,110,509,111,506,112,503,111,502,110,502,109,502,109,502,107,502,106,502,106,502,104,502,102,502,102,502,101,502,99,502,99,502,97,500,96,497,96,493,96,493,96,488,96,485,95,484,94,484,93,484,93,484,91,485,90,488,89,491,89,493,88,491,87,488,86,485,86,484,85,485,83,488,83,491,82,493,81,493,80,493,80,493,78,491,77,488,76,484,76,484,76,479,76,476,77,475,78,475,80,475,80,475,81,475,83,475,83,475,85,475,86,475,86,475,88,475,89,475,89,475,91,475,93,475,93,475,94,474,95,471,96,468,96,466,97,466,99,466,99,466,101,466,102,466,102,466,104,466,106,466,106,466,107,466,109,466,109,466,110,466,112,466,112,466,114,465,115,462,115,459,116,457,117,457,119,457,119,457,120,457,122,457,122,457,123,459,124,462,125,465,126,466,127,465,128,462,128,459,129,457,130,459,131,462,131,465,132,466,133,466,135,466,135,466,136,466,138,466,138,466,140,466,141,466,141,466,143,468,144,471,144,474,145,475,146,475,148,475,148,475,149,475,151,475,151,475,153,476,154,479,154,482,155,484,156,485,157,488,157,491,158,493,159,493,161,493,161,493,162,493,164,493,164,493,165,494,167,497,167,502,167,502,167,506,167,509,168,510,169,512,170,515,170,518,170,519,169,521,168,524,167,527,168,528,169,530,170,533,170,536,171,537,172,538,173,541,174,544,174,546,175,546,177,546,177,546,178,546,180,546,180,546,182,547,183,550,183,553,184,555,185,556,186,559,187,564,187,564,187,568,187,571,186,572,185,572,183,572,183,572,182,571,181,568,180,565,180,564,178,564,177,564,177,564,175,562,174,559,174,556,173,555,172,555,170,555,170,555,169,555,167,555,167,555,165,553,164,550,164,547,163,546,162,544,161,541,161,538,160,537,159,537,157,537,157,537,156,537,154,537,154,537,153,537,151,537,151,537,149,537,148,537,148,537,146,537,144,537,144,537,143,538,142,541,141,544,141,546,140,544,138,541,138,538,137,537,136,537,135,537,135,537,133,537,131,537,131,537,130,538,129,541,128,546,128,546,128,550,128,555,128,555,128,559,128,562,128,564,127,564,125,564,125,564,123,565,122,568,122,571,121,572,120,572,119,572,119,572,117,574,116,577,115,581,115,581,115,586,115,589,115,590,114,592,113,595,112,598,113,599,114,600,115,603,115,606,115,608,114,608,112,608,112,608,110,606,109,603,109,600,108,599,107,599,106,599,106,599,104,598,103,595,102,592,103,590,104,589,105,586,106,583,105,581,104,581,102,581,102,581,101,581,99,581,99,581,97,583,96,586,96,590,96,590,96,595,96,598,96,599,97,600,99,603,99,606,100,608,101,609,102,612,102,615,103,617,104,618,105,621,106,624,105,626,104,626,102,626,102,626,101,624,100,621,99,618,99,617,97,617,96,617,96,617,94,617,93,617,93,617,91,617,89,617,89,617,88,617,86,617,86,617,85,618,83,621,83,624,82,626,81,624,80,621,80
612,128,608,128,608,128,603,128,600,129,599,130,599,131,599,131,599,133,599,135,599,135,599,136,600,137,603,138,606,137,608,136,608,135,608,135,608,133,609,132,612,131,615,131,617,130,615,129,612,128
550,323,547,323,546,324,546,326,546,326,546,327,547,329,550,329,553,329,555,327,555,326,555,326,555,324,553,323,550,323
524,455,521,456,519,457,521,458,524,459,527,458,528,457,527,456,524,455
515,436,512,437,510,438,510,439,510,439,510,441,510,442,510,442,510,444,510,446,510,446,510,447,512,448,515,449,518,448,519,447,519,446,519,446,519,444,519,442,519,442,519,441,519,439,519,439,519,438,518,437,515,436
506,423,503,424,502,425,502,426,502,426,502,428,502,430,502,430,502,431,503,432,506,433,509,432,510,431,510,430,510,430,510,428,510,426,510,426,510,425,509,424,506,423
479,21,476,22,475,23,476,24,479,25,482,24,484,23,482,22,479,21
453,439,450,439,448,438,448,436,448,436,448,434,448,433,448,433,448,431,448,430,448,430,448,428,448,426,448,426,448,425,447,424,444,423,440,423,440,423,435,423,432,424,431,425,429,426,426,426,423,427,422,428,423,429,426,430,429,430,431,431,431,433,431,433,431,434,431,436,431,436,431,438,431,439,431,439,431,441,431,442,431,442,431,444,431,446,431,446,431,447,432,448,435,449,438,449,440,451,441,452,444,452,447,452,448,451,450,449,453,449,456,448,457,447,457,446,457,446,457,444,457,442,457,442,457,441,456,440,453,439
400,255,397,255,395,256,395,258,391,258,386,258,386,258,382,258,378,258,378,258,373,258,369,258,369,258,364,258,360,258,360,258,355,258,351,258,351,258,347,258,344,258,342,259,342,261,342,261,342,263,341,264,338,264,335,265,333,266,333,268,333,268,333,269,335,270,338,271,342,271,342,271,347,271,350,270,351,269,352,268,355,268,358,267,360,266,361,265,364,264,369,264,369,264,373,264,376,264,378,263,379,262,382,261,386,261,386,261,391,261,394,261,395,259,395,258,400,258,403,257,404,256,403,255,400,255
223,368,218,368,218,368,214,368,209,368,209,368,205,368,200,368,200,368,196,368,193,368,192,370,192,371,192,371,192,373,193,374,196,374,200,374,200,374,205,374,209,374,209,374,214,374,218,374,218,374,223,374,226,374,227,373,227,371,227,371,227,370,226,368,223,368
161,361,156,361,156,361,152,361,147,361,147,361,143,361,140,361,138,360,137,359,134,358,130,358,130,358,125,358,121,358,121,358,116,358,112,358,112,358,107,358,103,358,103,358,99,358,94,358,94,358,90,358,85,358,85,358,81,358,78,359,76,360,76,361,76,361,76,363,78,364,81,365,84,365,85,366,87,367,90,368,94,368,94,368,99,368,102,369,103,370,104,371,107,371,112,371,112,371,116,371,121,371,121,371,125,371,128,371,130,370,131,369,134,368,137,369,138,370,140,371,143,371,147,371,147,371,152,371,155,371,156,370,158,369,161,368,164,367,165,366,165,365,165,365,165,363,164,362,161,361
125,174,122,174,121,175,119,176,116,177,113,177,112,178,112,180,107,180,104,181,103,182,104,183,107,183,110,183,112,182,112,180,116,180,121,180,121,180,125,180,128,180,130,178,130,177,130,177,130,175,128,174,125,174
37,180,34,181,32,182,32,183,32,183,32,185,32,187,32,187,32,188,34,189,37,190,40,189,41,188,41,187,41,187,41,185,41,183,41,183,41,182,40,181,37,180
577,89,574,90,572,91,574,92,577,93,580,92,581,91,580,90,577,89
533,122,530,122,528,123,530,124,533,125,536,124,537,123,536,122,533,122
