10,313,14,313,14,313,19,313,23,313,23,313,28,313,31,313,32,315,32,316,32,316,32,318,32,319,32,319,32,321,32,323,32,323,32,324,31,325,28,326,25,326,23,327,23,329,23,329,23,331,22,332,19,332,14,332,14,332,10,332,10,401,10,470,94,470,96,469,99,468,103,468,103,468,107,468,112,468,112,468,116,468,121,468,121,468,125,468,128,469,130,470,484,470,484,468,484,468,484,467,485,466,488,465,491,466,493,467,493,468,493,468,493,470,561,470,630,470,630,240,630,10,320,10,10,10,10,313
603,76,600,77,599,78,600,79,603,80,606,79,608,78,606,77,603,76
603,109,600,108,599,107,598,106,595,106,592,105,590,104,590,102,590,102,590,101,590,99,590,99,590,97,589,96,586,96,583,96,581,97,581,99,581,99,581,101,581,102,581,102,581,104,580,105,577,106,574,106,572,107,574,108,577,109,580,109,581,110,583,112,586,112,590,112,590,112,595,112,599,112,599,112,603,112,606,112,608,110,606,109,603,109
595,57,590,57,590,57,586,57,583,56,581,55,581,54,586,54,589,53,590,52,590,50,590,50,590,49,589,48,586,47,583,48,581,49,581,50,581,50,581,52,581,54,577,54,574,53,572,52,571,51,568,50,565,50,564,49,562,48,559,47,556,48,555,49,553,50,550,50,547,51,546,52,547,53,550,54,553,54,555,55,555,57,555,57,555,59,553,60,550,60,546,60,546,60,541,60,538,61,537,62,537,63,537,63,537,65,538,66,541,67,544,67,546,68,547,69,550,70,553,70,555,72,556,73,559,73,562,74,564,75,565,76,568,76,571,77,572,78,571,79,568,80,565,80,564,81,562,82,559,83,556,83,555,85,556,86,559,86,564,86,564,86,568,86,571,86,572,85,574,83,577,83,581,83,581,83,586,83,589,82,590,81,590,80,590,80,590,78,589,77,586,76,583,76,581,75,581,73,581,73,581,72,581,70,581,70,581,68,583,67,586,67,590,67,590,67,595,67,598,66,599,65,599,63,599,63,599,62,599,60,599,60,599,59,598,58,595,57
586,31,583,31,581,29,581,28,581,28,581,26,580,25,577,25,574,24,572,23,571,22,568,21,565,21,564,20,564,18,564,18,564,16,562,15,559,15,556,15,555,16,555,18,555,18,555,20,555,21,555,21,555,23,555,25,555,25,555,26,556,27,559,28,562,28,564,29,565,31,568,31,571,32,572,33,574,34,577,34,580,35,581,36,583,37,586,38,589,37,590,36,590,34,590,34,590,33,589,32,586,31
577,41,572,41,572,39,571,38,568,38,565,38,564,39,565,40,568,41,572,41,572,42,574,43,577,44,580,43,581,42,580,41,577,41
568,99,564,99,564,99,559,99,556,100,555,101,555,102,550,102,547,103,546,104,546,106,546,106,546,107,547,108,550,109,555,109,555,109,559,109,562,108,564,107,562,106,559,106,556,105,555,104,555,102,559,102,564,102,564,102,568,102,571,102,572,101,571,100,568,99
568,119,564,119,564,119,559,119,556,119,555,120,556,121,559,122,564,122,564,122,568,122,571,121,572,120,571,119,568,119
568,125,565,126,564,127,562,128,559,128,556,129,555,130,555,131,555,131,555,133,556,134,559,135,562,134,564,133,565,132,568,131,571,131,572,130,572,128,572,128,572,127,571,126,568,125
559,93,556,93,555,94,556,95,559,96,562,95,564,94,562,93,559,93
559,167,556,167,555,165,555,164,555,164,555,162,553,161,550,161,546,161,546,161,541,161,538,160,537,159,537,157,537,157,537,156,537,154,537,154,537,153,537,151,537,151,537,149,537,148,537,148,537,146,537,144,537,144,537,143,537,141,537,141,537,140,536,138,533,138,530,137,528,136,530,135,533,135,536,134,537,133,537,131,537,131,537,130,538,129,541,128,544,128,546,127,546,125,546,125,546,123,546,122,546,122,546,120,544,119,541,119,537,119,537,117,537,115,537,115,537,114,537,112,537,112,537,110,537,109,537,109,537,107,537,106,537,106,537,104,536,103,533,102,530,103,528,104,527,105,524,106,521,106,519,107,518,108,515,109,512,109,510,110,510,112,510,112,510,114,509,115,506,115,503,116,502,117,503,118,506,119,509,119,510,120,512,121,515,122,518,122,519,123,519,125,515,125,510,125,510,125,506,125,503,126,502,127,500,128,497,128,494,129,493,130,493,131,488,131,485,131,484,130,484,128,484,128,484,127,484,125,484,125,484,123,484,122,484,122,484,120,484,119,484,119,484,117,485,116,488,115,491,115,493,114,493,112,493,112,493,110,493,109,497,109,500,108,502,107,500,106,497,106,494,106,493,107,493,109,488,109,485,109,484,110,482,111,479,112,476,111,475,110,475,109,475,109,475,107,475,106,475,106,475,104,475,102,475,102,475,101,476,100,479,99,482,99,484,97,484,96,484,96,484,94,485,93,488,93,491,92,493,91,493,89,493,89,493,88,491,87,488,86,485,87,484,88,482,89,479,89,476,90,475,91,474,92,471,93,466,93,466,91,465,90,462,89,459,90,457,91,459,92,462,93,466,93,466,94,466,96,466,96,466,97,465,99,462,99,459,100,457,101,457,102,457,102,457,104,457,106,457,106,457,107,457,109,457,109,457,110,457,112,457,112,457,114,457,115,457,115,457,117,457,119,457,119,457,120,457,122,457,122,457,123,457,125,457,125,457,127,457,128,457,128,457,130,457,131,457,131,457,133,457,135,457,135,457,136,459,137,462,138,465,137,466,136,468,135,471,135,475,135,475,135,479,135,484,135,484,135,488,135,493,135,493,136,493,138,488,138,485,138,484,140,484,141,484,141,484,143,484,144,484,144,484,146,482,147,479,148,476,148,475,149,475,151,475,151,475,153,475,154,475,154,475,156,476,157,479,157,482,158,484,159,485,160,488,161,493,161,493,162,493,164,493,164,493,165,493,167,493,167,493,169,494,170,497,170,502,170,502,170,506,170,510,170,510,170,515,170,518,170,519,169,521,168,524,167,527,168,528,169,530,170,533,170,537,170,537,170,541,170,544,171,546,172,546,174,546,174,546,175,546,177,546,177,546,178,547,180,550,180,553,181,555,182,556,183,559,183,562,183,564,182,564,180,564,180,564,178,564,177,564,177,564,175,564,174,564,174,564,172,564,170,564,170,564,169,562,168,559,167
550,34,547,35,546,36,547,37,550,38,553,37,555,36,553,35,550,34
550,76,547,77,546,78,547,79,550,80,553,79,555,78,553,77,550,76
515,433,510,433,510,431,510,430,510,430,510,428,510,426,510,426,510,425,510,423,510,423,510,421,510,420,510,420,510,418,509,417,506,417,503,416,502,415,502,413,502,413,502,412,502,410,502,410,502,408,500,407,497,407,494,407,493,408,493,410,493,410,493,412,493,413,493,413,493,415,493,417,493,417,493,418,494,419,497,420,500,420,502,421,502,423,502,423,502,425,502,426,502,426,502,428,502,430,502,430,502,431,503,432,506,433,510,433,510,434,510,436,510,436,510,438,512,439,515,439,518,439,519,438,519,436,519,436,519,434,518,433,515,433
497,47,494,48,493,49,493,50,493,50,493,52,494,53,497,54,500,53,502,52,502,50,502,50,502,49,500,48,497,47
497,394,494,394,493,395,494,397,497,397,500,397,502,395,500,394,497,394
488,73,485,74,484,75,482,76,479,76,476,77,475,78,475,80,475,80,475,81,476,82,479,83,482,82,484,81,485,80,488,80,491,79,493,78,493,76,493,76,493,75,491,74,488,73
479,41,475,41,475,41,471,41,468,41,466,42,466,44,466,44,466,46,468,47,471,47,474,47,475,46,476,45,479,44,482,43,484,42,482,41,479,41
471,141,468,142,466,143,468,144,471,144,474,144,475,143,474,142,471,141
462,442,459,442,457,441,457,439,457,439,457,438,457,436,457,436,457,434,457,433,457,433,457,431,456,430,453,430,448,430,448,428,448,426,448,426,448,425,447,424,444,423,441,424,440,425,440,426,440,426,440,428,441,429,444,430,448,430,448,431,448,433,448,433,448,434,448,436,448,436,448,438,447,439,444,439,441,439,440,438,438,437,435,436,432,435,431,434,431,433,431,433,431,431,431,430,431,430,431,428,429,427,426,426,422,426,422,426,417,426,414,427,413,428,413,430,413,430,413,431,413,433,413,433,413,434,413,436,413,436,413,438,414,439,417,439,420,440,422,441,422,442,422,442,422,444,422,446,422,446,422,447,423,448,426,449,429,449,431,451,431,452,431,452,431,454,432,455,435,455,438,456,440,457,440,459,440,459,440,460,441,461,444,462,448,462,448,462,453,462,457,462,457,462,462,462,465,461,466,460,466,459,466,459,466,457,466,455,466,455,466,454,466,452,466,452,466,451,466,449,466,449,466,447,466,446,466,446,466,444,465,443,462,442
453,161,450,161,448,162,450,163,453,164,456,163,457,162,456,161,453,161
444,119,441,119,440,120,440,122,440,122,440,123,441,124,444,125,447,124,448,123,448,122,448,122,448,120,447,119,444,119
382,138,379,138,378,140,378,141,378,141,378,143,379,144,382,144,385,144,386,143,386,141,386,141,386,140,385,138,382,138
382,258,378,258,378,258,373,258,369,258,369,256,367,255,364,255,360,255,360,253,358,252,355,251,352,252,351,253,352,254,355,255,360,255,360,256,361,257,364,258,369,258,369,259,370,261,373,261,378,261,378,261,382,261,385,261,386,259,385,258,382,258
373,128,370,128,369,127,367,126,364,125,361,126,360,127,360,128,360,128,360,130,360,131,360,131,360,133,361,134,364,135,369,135,369,135,373,135,376,134,378,133,378,131,378,131,378,130,376,129,373,128
285,361,280,361,280,361,276,361,271,361,271,361,267,361,262,361,262,361,258,361,254,361,254,361,249,361,245,361,245,361,240,361,236,361,236,361,231,361,228,362,227,363,226,364,223,365,220,365,218,366,220,367,223,368,227,368,227,368,231,368,236,368,236,368,240,368,245,368,245,368,249,368,254,368,254,368,258,368,261,367,262,366,264,365,267,365,271,365,271,365,276,365,280,365,280,365,285,365,288,364,289,363,288,362,285,361
205,358,200,358,200,358,196,358,192,358,192,358,187,358,184,358,183,357,181,356,178,355,174,355,174,355,169,355,165,355,165,355,161,355,156,355,156,355,152,355,147,355,147,355,143,355,138,355,138,355,134,355,131,354,130,353,128,352,125,352,121,352,121,352,116,352,112,352,112,352,107,352,103,352,103,352,99,352,94,352,94,352,90,352,87,352,85,353,85,355,85,355,85,357,85,358,85,358,85,360,85,361,85,361,85,363,87,364,90,365,94,365,94,365,99,365,103,365,103,365,107,365,112,365,112,365,116,365,121,365,121,365,125,365,130,365,130,365,134,365,138,365,138,365,143,365,146,364,147,363,149,362,152,361,156,361,156,361,161,361,164,362,165,363,166,364,169,365,172,364,174,363,175,362,178,361,183,361,183,361,187,361,192,361,192,361,196,361,200,361,200,361,205,361,208,361,209,360,208,359,205,358
178,426,175,427,174,428,172,429,169,430,166,430,165,431,164,432,161,433,158,433,156,434,156,436,156,436,156,438,155,439,152,439,147,439,147,439,143,439,140,440,138,441,140,442,143,442,147,442,147,442,152,442,156,442,156,442,161,442,165,442,165,442,169,442,172,442,174,441,174,439,174,439,174,438,174,436,174,436,174,434,175,433,178,433,181,432,183,431,183,430,183,430,183,428,181,427,178,426
125,436,122,437,121,438,122,439,125,439,128,439,130,438,128,437,125,436
63,423,60,424,59,425,60,426,63,426,66,426,68,425,66,424,63,423
533,119,528,119,528,120,528,122,528,122,528,123,528,125,533,125,536,124,537,123,537,122,537,122,537,120,537,119,533,119
524,115,521,116,519,117,521,118,524,119,528,119,528,117,527,116,524,115
524,125,519,125,519,127,519,128,524,128,527,128,528,127,528,125,524,125
515,128,512,129,510,130,510,131,515,131,518,131,519,130,519,128,515,128
515,144,512,145,510,146,510,148,510,148,510,149,512,150,515,151,518,150,519,149,519,148,519,148,519,146,518,145,515,144
506,131,502,131,502,131,497,131,493,131,493,133,493,135,497,135,500,135,502,136,502,138,506,138,509,137,510,136,510,135,510,135,510,133,510,131,506,131
497,138,493,138,493,140,494,141,497,141,500,141,502,140,502,138,497,138
497,157,494,158,493,159,493,161,497,161,500,160,502,159,500,158,497,157
