475,10,475,12,475,12,475,13,476,14,479,15,482,14,484,13,485,12,488,12,493,12,493,12,497,12,502,12,502,12,506,12,510,12,510,12,515,12,518,12,519,13,519,15,519,15,519,16,521,18,524,18,527,19,528,20,527,21,524,21,521,22,519,23,519,25,519,25,519,26,519,28,519,28,519,29,518,31,515,31,512,31,510,29,510,28,510,28,510,26,509,25,506,25,503,25,502,26,500,27,497,28,494,27,493,26,491,25,488,25,484,25,484,25,479,25,476,25,475,26,474,27,471,28,466,28,466,28,462,28,459,27,457,26,457,25,457,25,457,23,456,22,453,21,448,21,448,21,444,21,441,22,440,23,438,24,435,25,432,24,431,23,429,22,426,21,422,21,422,21,417,21,413,21,413,21,409,21,406,21,404,20,404,18,404,18,404,16,403,15,400,15,395,15,395,16,395,18,395,18,395,20,394,21,391,21,388,21,386,20,386,18,386,18,386,16,388,15,391,15,395,15,395,13,394,12,391,12,388,11,386,10,378,10,376,11,373,12,370,12,369,13,369,15,369,15,369,16,367,18,364,18,361,19,360,20,360,21,364,21,367,22,369,23,370,24,373,25,378,25,378,25,382,25,385,25,386,26,385,27,382,28,379,28,378,29,379,31,382,31,385,32,386,33,385,34,382,34,378,34,378,34,373,34,370,35,369,36,370,37,373,38,376,38,378,39,376,40,373,41,370,41,369,42,369,44,369,44,369,46,367,47,364,47,361,47,360,46,360,44,360,44,360,42,360,41,360,41,360,39,358,38,355,38,352,37,351,36,351,34,351,34,351,33,351,31,351,31,351,29,351,28,351,28,351,26,352,25,355,25,358,24,360,23,360,21,355,21,352,21,351,20,351,18,351,18,351,16,351,15,351,15,351,13,351,12,351,12,351,10,333,10,333,12,333,12,333,13,333,15,333,15,333,16,333,18,333,18,333,20,333,21,333,21,333,23,333,25,333,25,333,26,333,28,333,28,333,29,333,31,333,31,333,33,333,34,333,34,333,36,333,38,333,38,333,39,332,40,329,41,326,40,324,39,323,38,320,38,316,38,316,38,311,38,308,37,307,36,305,35,302,34,299,35,298,36,296,37,293,38,290,38,289,39,288,40,285,41,280,41,280,42,279,43,276,44,273,45,271,46,270,47,267,47,264,47,262,46,262,44,262,44,262,42,261,41,258,41,255,40,254,39,254,38,254,38,254,36,255,35,258,34,261,34,262,33,262,31,262,31,262,29,264,28,267,28,270,27,271,26,270,25,267,25,264,24,262,23,261,22,258,21,254,21,254,21,249,21,245,21,245,21,240,21,237,21,236,20,236,18,236,18,236,16,234,15,231,15,228,14,227,13,227,12,227,12,227,10,218,10,218,12,218,12,218,13,218,15,218,15,218,16,218,18,223,18,226,19,227,20,226,21,223,21,220,21,218,20,218,18,214,18,211,18,209,16,209,15,209,15,209,13,209,12,209,12,209,10,200,10,200,12,200,12,200,13,199,14,196,15,192,15,192,15,187,15,184,14,183,13,183,12,183,12,183,10,96,10,10,10,10,240,10,470,85,470,87,469,90,468,93,469,94,470,333,470,332,469,329,468,326,468,324,467,324,465,324,465,324,464,324,462,324,462,324,460,324,459,324,459,324,457,326,456,329,455,332,455,333,454,335,453,338,452,341,452,342,451,342,449,342,449,342,447,344,446,347,446,351,446,351,446,355,446,358,445,360,444,361,443,364,442,367,443,369,444,369,446,369,446,369,447,370,448,373,449,376,449,378,451,379,452,382,452,385,453,386,454,386,455,386,455,386,457,386,459,386,459,386,460,386,462,386,462,386,464,388,465,391,465,394,466,395,467,395,468,395,468,395,470,404,470,404,468,404,468,404,467,404,465,404,465,404,464,404,462,404,462,404,460,406,459,409,459,413,459,413,459,417,459,420,459,422,460,422,462,422,462,422,464,422,465,422,465,422,467,422,468,422,468,422,470,526,470,630,470,630,225,627,225,626,224,627,223,630,222,630,60,627,60,626,59,624,58,621,57,618,56,617,55,617,54,617,54,617,52,617,50,617,50,617,49,618,48,621,47,624,48,626,49,626,50,626,50,626,52,627,53,630,54,630,32,630,10,475,10
612,112,609,113,608,114,608,115,608,115,608,117,608,119,603,119,600,118,599,117,598,116,595,115,592,116,590,117,590,119,590,119,590,120,592,121,595,122,599,122,599,122,603,122,606,121,608,120,608,119,612,119,615,118,617,117,617,115,617,115,617,114,615,113,612,112
586,63,583,64,581,65,583,66,586,67,589,66,590,65,589,64,586,63
515,54,510,54,510,52,509,51,506,50,503,51,502,52,503,53,506,54,510,54,510,55,512,56,515,57,518,56,519,55,518,54,515,54
515,60,512,61,510,62,512,63,515,63,518,63,519,62,518,61,515,60
506,34,503,34,502,33,500,32,497,31,494,32,493,33,493,34,493,34,493,36,493,38,493,38,493,39,493,41,493,41,493,42,494,43,497,44,502,44,502,44,506,44,509,43,510,42,510,41,510,41,510,39,510,38,510,38,510,36,509,35,506,34
479,238,475,238,475,238,471,238,468,239,466,240,468,241,471,242,475,242,475,242,479,242,482,241,484,240,482,239,479,238
471,229,466,229,466,227,466,225,466,225,466,224,465,223,462,222,457,222,457,221,456,219,453,219,448,219,448,217,447,216,444,216,441,216,440,217,441,218,444,219,448,219,448,221,450,222,453,222,457,222,457,224,457,225,457,225,457,227,459,228,462,229,466,229,466,230,468,231,471,232,474,231,475,230,474,229,471,229
435,144,432,145,431,146,431,148,431,148,431,149,432,150,435,151,438,150,440,149,440,148,440,148,440,146,438,145,435,144
426,67,423,67,422,68,422,70,422,70,422,72,423,73,426,73,429,73,431,72,431,70,431,70,431,68,429,67,426,67
426,400,422,400,422,399,422,397,422,397,422,395,420,394,417,394,413,394,413,394,409,394,406,393,404,392,403,391,400,391,395,391,395,391,391,391,386,391,386,391,382,391,379,391,378,392,378,394,378,394,378,395,376,397,373,397,370,398,369,399,369,400,369,400,369,402,370,403,373,404,378,404,378,404,382,404,386,404,386,404,391,404,394,403,395,402,397,401,400,400,404,400,404,400,409,400,413,400,413,400,417,400,422,400,422,402,423,403,426,404,429,403,431,402,429,401,426,400
417,57,414,58,413,59,414,60,417,60,420,60,422,59,420,58,417,57
409,76,406,77,404,78,406,79,409,80,412,79,413,78,412,77,409,76
400,106,395,106,395,106,391,106,388,105,386,104,385,103,382,102,378,102,378,102,373,102,370,103,369,104,369,106,364,106,360,106,360,104,358,103,355,102,351,102,351,102,347,102,344,103,342,104,344,105,347,106,351,106,351,106,355,106,360,106,360,107,360,109,355,109,351,109,351,109,347,109,342,109,342,109,338,109,335,109,333,110,332,111,329,112,326,113,324,114,326,115,329,115,333,115,333,115,338,115,342,115,342,115,347,115,351,115,351,115,355,115,358,116,360,117,361,118,364,119,369,119,369,120,370,121,373,122,376,121,378,120,376,119,373,119,369,119,369,117,369,115,369,115,369,114,367,113,364,112,361,111,360,110,360,109,364,109,367,108,369,107,369,106,373,106,376,106,378,107,379,108,382,109,385,109,386,110,388,112,391,112,394,112,395,110,397,109,400,109,403,108,404,107,403,106,400,106
400,430,397,430,395,431,397,432,400,433,403,432,404,431,403,430,400,430
391,38,388,38,386,39,388,40,391,41,394,40,395,39,394,38,391,38
391,63,386,63,386,62,386,60,386,60,386,59,385,58,382,57,378,57,378,57,373,57,369,57,369,57,364,57,360,57,360,57,355,57,352,58,351,59,352,60,355,60,360,60,360,60,364,60,367,61,369,62,369,63,369,63,369,65,370,66,373,67,376,66,378,65,379,64,382,63,386,63,386,65,386,67,386,67,386,68,386,70,386,70,386,72,386,73,386,73,386,75,388,76,391,76,394,76,395,75,395,73,395,73,395,72,395,70,395,70,395,68,395,67,395,67,395,65,394,64,391,63
373,76,370,77,369,78,370,79,373,80,376,79,378,78,376,77,373,76
364,83,360,83,360,81,358,80,355,80,352,80,351,81,352,82,355,83,360,83,360,85,360,86,360,86,360,88,361,89,364,89,367,89,369,88,369,86,369,86,369,85,367,83,364,83
355,63,352,64,351,65,352,66,355,67,358,66,360,65,358,64,355,63
347,384,342,384,342,384,338,384,333,384,333,384,329,384,326,385,324,386,323,387,320,387,316,387,316,387,311,387,307,387,307,387,302,387,299,388,298,389,296,390,293,391,290,391,289,392,288,393,285,394,282,394,280,395,279,397,276,397,273,398,271,399,273,400,276,400,280,400,280,400,285,400,288,400,289,399,290,398,293,397,298,397,298,397,302,397,305,397,307,395,308,394,311,394,316,394,316,394,320,394,324,394,324,394,329,394,332,393,333,392,335,391,338,391,341,390,342,389,344,388,347,387,350,387,351,386,350,385,347,384
329,54,326,54,324,55,326,56,329,57,332,56,333,55,332,54,329,54
320,60,317,61,316,62,317,63,320,63,323,63,324,62,323,61,320,60
240,31,237,31,236,29,234,28,231,28,228,28,227,29,227,31,227,31,227,33,228,34,231,34,236,34,236,34,240,34,243,34,245,33,243,32,240,31
205,41,202,40,200,39,199,38,196,38,193,37,192,36,190,35,187,34,183,34,183,33,183,31,183,31,183,29,181,28,178,28,175,28,174,29,174,31,174,31,174,33,175,34,178,34,183,34,183,36,183,38,183,38,183,39,184,40,187,41,190,41,192,42,193,43,196,44,199,45,200,46,202,47,205,47,208,47,209,46,209,44,209,44,209,42,208,41,205,41
125,342,121,342,121,340,121,339,121,339,121,337,121,336,121,336,121,334,121,332,121,332,121,331,119,330,116,329,113,329,112,327,110,326,107,326,104,326,103,327,103,329,103,329,103,331,103,332,103,332,103,334,103,336,103,336,103,337,104,338,107,339,110,339,112,340,113,342,116,342,121,342,121,344,122,345,125,345,128,345,130,344,128,343,125,342
28,180,25,181,23,182,25,183,28,183,31,183,32,182,31,181,28,180
19,157,16,158,14,159,16,160,19,161,22,160,23,159,22,158,19,157
431,10,432,11,435,12,438,12,440,13,441,14,444,15,448,15,448,15,453,15,456,14,457,13,456,12,453,12,450,11,448,10,431,10
404,10,406,11,409,12,413,12,413,12,417,12,420,11,422,10,404,10
236,10,237,11,240,12,243,12,245,13,246,14,249,15,252,14,254,13,254,12,254,12,254,10,236,10
276,18,273,19,271,20,273,21,276,21,279,21,280,20,279,19,276,18
276,34,273,35,271,36,271,38,271,38,271,39,273,40,276,41,280,41,280,39,280,38,280,38,280,36,279,35,276,34
