324,10,323,11,320,12,317,11,316,10,163,10,10,10,10,232,13,232,14,234,16,235,19,235,22,236,23,237,25,238,28,238,31,238,32,237,34,236,37,235,40,236,41,237,42,238,45,238,50,238,50,238,54,238,57,239,59,240,57,241,54,242,51,242,50,243,50,245,50,245,50,246,50,248,50,248,50,250,51,251,54,251,57,252,59,253,57,254,54,255,51,255,50,256,48,257,45,258,42,258,41,259,40,261,37,261,34,262,32,263,31,264,28,264,25,265,23,266,22,267,19,268,16,268,14,269,14,271,14,271,14,272,14,274,14,274,14,276,14,277,14,277,14,279,14,280,14,280,14,282,13,283,10,284,10,326,13,326,14,327,13,329,10,329,10,336,13,336,14,337,14,339,14,339,14,340,14,342,14,342,14,344,16,345,19,345,22,346,23,347,23,349,23,349,23,350,25,351,28,352,31,352,32,353,34,354,37,355,40,356,41,357,42,358,45,358,48,359,50,360,51,361,54,361,57,362,59,363,59,365,59,365,59,366,60,367,63,368,66,368,68,370,68,371,68,371,68,373,69,374,72,374,75,375,76,376,78,377,81,378,84,378,85,379,87,380,90,381,93,381,94,383,94,384,94,384,94,386,94,387,99,387,103,387,103,387,107,387,110,388,112,389,112,391,112,391,112,392,113,393,116,394,119,394,121,395,122,397,125,397,128,398,130,399,131,400,134,400,138,400,138,400,143,400,147,400,147,400,152,400,155,401,156,402,156,404,161,404,165,404,165,404,169,404,172,404,174,405,175,406,178,407,183,407,183,407,187,407,192,407,192,407,196,407,200,407,200,407,205,407,208,407,209,408,211,410,214,410,218,410,218,410,223,410,226,411,227,412,228,413,231,413,236,413,236,413,240,413,243,414,245,415,245,417,245,417,245,418,243,419,240,420,236,420,236,420,231,420,227,420,227,420,223,420,220,419,218,418,217,417,214,417,209,417,209,417,205,417,200,417,200,417,196,417,193,416,192,415,190,414,187,413,183,413,183,413,178,413,175,413,174,412,172,411,169,410,165,410,165,410,161,410,156,410,156,410,152,410,149,410,147,408,149,407,152,407,155,406,156,405,156,404,152,404,147,404,147,404,143,404,138,404,138,404,134,404,130,404,130,404,125,404,122,404,121,405,119,406,116,407,113,406,112,405,112,404,112,404,112,402,110,401,107,400,103,400,103,400,99,400,96,400,94,399,94,397,94,397,94,395,94,394,94,394,94,392,94,391,94,391,94,389,94,387,90,387,85,387,85,387,81,387,76,387,76,387,72,387,68,387,68,387,63,387,60,387,59,386,59,384,59,384,59,383,59,381,59,381,59,379,57,378,54,378,50,378,50,378,45,378,42,377,41,376,40,375,37,374,34,374,32,373,32,371,32,371,32,370,31,369,28,368,25,367,23,366,23,365,23,365,23,363,22,362,19,361,16,361,14,360,14,358,14,358,14,357,13,356,10,355,10,413,10,470,510,470,512,469,515,468,518,469,519,470,546,470,544,469,541,468,538,468,537,467,537,465,537,465,537,464,537,462,537,462,537,460,537,459,537,459,537,457,538,456,541,455,544,456,546,457,546,459,546,459,546,460,546,462,546,462,546,464,547,465,550,465,553,466,555,467,555,468,555,468,555,470,592,470,630,470,630,248,627,248,626,246,626,245,626,245,626,243,626,242,626,242,626,240,626,238,626,238,626,237,627,236,630,235,630,170,626,170,626,170,621,170,617,170,617,170,612,170,608,170,608,170,603,170,599,170,599,170,595,170,592,170,590,169,590,167,590,167,590,165,589,164,586,164,583,163,581,162,583,161,586,161,589,160,590,159,592,158,595,157,599,157,599,157,603,157,608,157,608,157,612,157,617,157,617,157,621,157,624,158,626,159,627,160,630,161,630,85,630,10,324,10
621,115,617,115,617,115,612,115,609,116,608,117,609,118,612,119,617,119,617,119,621,119,624,118,626,117,624,116,621,115
603,365,599,365,599,363,598,362,595,361,592,362,590,363,592,364,595,365,599,365,599,366,599,368,599,368,599,370,599,371,599,371,599,373,600,374,603,374,606,374,608,373,608,371,608,371,608,370,608,368,608,368,608,366,606,365,603,365
595,352,592,352,590,353,589,354,586,355,583,356,581,357,583,358,586,358,590,358,590,358,595,358,598,358,599,357,599,355,599,355,599,353,598,352,595,352
586,125,583,126,581,127,583,128,586,128,589,128,590,127,589,126,586,125
577,148,574,147,572,146,571,145,568,144,565,144,564,143,562,142,559,141,556,141,555,140,555,138,555,138,555,136,555,135,555,135,555,133,556,132,559,131,562,131,564,130,565,129,568,128,571,128,572,127,572,125,572,125,572,123,572,122,572,122,572,120,571,119,568,119,565,119,564,120,562,121,559,122,555,122,555,122,550,122,546,122,546,122,541,122,538,122,537,123,537,125,537,125,537,127,537,128,537,128,537,130,537,131,537,131,537,133,536,134,533,135,530,135,528,136,528,138,528,138,528,140,530,141,533,141,537,141,537,141,541,141,544,142,546,143,546,144,546,144,546,146,546,148,546,148,546,149,546,151,546,151,546,153,544,154,541,154,537,154,537,154,533,154,530,155,528,156,527,157,524,157,521,158,519,159,521,160,524,161,528,161,528,161,533,161,537,161,537,161,541,161,546,161,546,161,550,161,553,160,555,159,556,158,559,157,564,157,564,157,568,157,571,157,572,156,574,155,577,154,580,154,581,153,581,151,581,151,581,149,580,148,577,148
577,345,574,346,572,347,574,348,577,349,580,348,581,347,580,346,577,345
568,339,565,339,564,340,565,342,568,342,571,342,572,340,571,339,568,339
559,21,556,22,555,23,556,24,559,25,562,24,564,23,562,22,559,21
541,18,538,18,537,16,536,15,533,15,528,15,528,15,524,15,521,14,519,13,518,12,515,12,510,12,510,12,506,12,502,12,502,12,497,12,494,12,493,13,491,14,488,15,485,15,484,16,485,18,488,18,491,19,493,20,491,21,488,21,484,21,484,21,479,21,475,21,475,20,475,18,475,18,475,16,475,15,475,15,475,13,474,12,471,12,468,12,466,13,466,15,466,15,466,16,466,18,466,18,466,20,468,21,471,21,475,21,475,23,476,24,479,25,482,25,484,26,485,27,488,28,491,28,493,29,494,31,497,31,500,32,502,33,503,34,506,34,509,35,510,36,510,38,510,38,510,39,510,41,510,41,510,42,510,44,510,44,510,46,510,47,510,47,510,49,510,50,510,50,510,52,512,53,515,54,518,53,519,52,521,51,524,50,527,50,528,49,528,47,528,47,528,46,528,44,528,44,528,42,528,41,528,41,528,39,528,38,528,38,528,36,528,34,528,34,528,33,528,31,533,31,536,31,537,29,537,28,537,28,537,26,537,25,537,25,537,23,538,22,541,21,544,21,546,20,544,19,541,18
488,465,485,466,484,467,485,468,488,468,491,468,493,467,491,466,488,465
338,18,335,19,333,20,335,21,338,21,341,21,342,20,341,19,338,18
311,99,308,99,307,97,305,96,302,96,299,96,298,97,298,99,298,99,298,101,298,102,298,102,298,104,298,106,298,106,298,107,299,108,302,109,305,109,307,110,308,112,311,112,314,112,316,110,316,109,316,109,316,107,316,106,316,106,316,104,316,102,316,102,316,101,314,100,311,99
302,196,299,197,298,198,296,199,293,200,290,200,289,201,288,202,285,203,282,203,280,204,282,205,285,206,289,206,289,206,293,206,296,205,298,204,299,203,302,203,305,202,307,201,307,200,307,200,307,198,305,197,302,196
293,115,290,116,289,117,289,119,285,119,282,119,280,120,282,121,285,122,288,121,289,120,289,119,293,119,296,118,298,117,296,116,293,115
240,449,237,448,236,447,234,446,231,446,228,445,227,444,226,443,223,442,218,442,218,442,214,442,211,443,209,444,211,445,214,446,217,446,218,447,218,449,218,449,218,451,220,452,223,452,226,453,227,454,228,455,231,455,236,455,236,455,240,455,243,455,245,454,245,452,245,452,245,451,243,449,240,449
143,420,140,420,138,421,140,422,143,423,146,422,147,421,146,420,143,420
45,423,41,423,41,423,37,423,34,424,32,425,34,426,37,426,41,426,41,426,45,426,48,426,50,425,48,424,45,423
524,25,521,25,519,26,519,28,519,28,519,29,521,31,524,31,528,31,528,29,528,28,528,28,528,26,527,25,524,25
