386,10,386,12,386,12,386,13,385,14,382,15,378,15,378,15,373,15,370,14,369,13,370,12,373,12,376,11,378,10,289,10,289,12,289,12,289,13,289,15,293,15,296,15,298,16,296,18,293,18,289,18,289,20,290,21,293,21,298,21,298,21,302,21,307,21,307,21,311,21,314,22,316,23,314,24,311,25,307,25,307,25,302,25,298,25,298,25,293,25,289,25,289,25,285,25,282,24,280,23,280,21,280,21,280,20,282,19,285,18,289,18,289,16,289,15,285,15,282,14,280,13,280,12,280,12,280,10,145,10,10,10,10,240,10,470,320,470,630,470,630,93,627,92,626,91,626,89,626,89,626,88,626,86,626,86,626,85,626,83,626,83,626,81,626,80,626,80,626,78,626,76,626,76,626,75,626,73,626,73,626,72,626,70,626,70,626,68,627,67,630,67,630,38,630,10,386,10
612,99,608,99,608,99,603,99,599,99,599,99,595,99,590,99,590,99,586,99,583,99,581,97,581,96,581,96,581,94,581,93,581,93,581,91,581,89,581,89,581,88,580,87,577,86,574,86,572,85,571,83,568,83,564,83,564,83,559,83,556,83,555,85,555,86,555,86,555,88,553,89,550,89,547,90,546,91,546,93,546,93,546,94,546,96,546,96,546,97,546,99,546,99,546,101,547,102,550,102,553,103,555,104,556,105,559,106,564,106,564,106,568,106,572,106,572,106,577,106,580,106,581,107,583,108,586,109,590,109,590,109,595,109,598,109,599,110,600,112,603,112,606,112,608,110,609,109,612,109,615,108,617,107,617,106,617,106,617,104,617,102,617,102,617,101,615,100,612,99
603,60,600,61,599,62,598,63,595,63,592,64,590,65,590,67,590,67,590,68,590,70,586,70,583,70,581,72,581,73,581,73,581,75,581,76,581,76,581,78,583,79,586,80,589,79,590,78,590,76,590,76,590,75,590,73,590,73,590,72,590,70,595,70,598,69,599,68,600,67,603,67,606,66,608,65,608,63,608,63,608,62,606,61,603,60
603,122,599,122,599,122,595,122,592,122,590,123,589,124,586,125,581,125,581,125,577,125,574,126,572,127,571,128,568,128,564,128,564,128,559,128,556,129,555,130,553,131,550,131,546,131,546,131,541,131,538,131,537,130,536,129,533,128,530,129,528,130,527,131,524,131,519,131,519,131,515,131,512,131,510,130,509,129,506,128,503,129,502,130,502,131,502,131,502,133,503,134,506,135,510,135,510,135,515,135,519,135,519,135,524,135,528,135,528,135,533,135,537,135,537,135,541,135,546,135,546,135,550,135,555,135,555,135,559,135,562,134,564,133,565,132,568,131,572,131,572,131,577,131,581,131,581,131,586,131,589,131,590,130,592,129,595,128,598,128,599,127,600,126,603,125,606,124,608,123,606,122,603,122
541,232,537,232,537,232,533,232,528,232,528,232,524,232,519,232,519,232,515,232,512,232,510,234,509,235,506,235,502,235,502,235,497,235,493,235,493,235,488,235,484,235,484,234,482,232,479,232,475,232,475,232,471,232,466,232,466,230,465,229,462,229,457,229,457,229,453,229,450,229,448,230,450,231,453,232,457,232,457,232,462,232,466,232,466,234,468,235,471,235,475,235,475,235,479,235,484,235,484,237,485,238,488,238,493,238,493,238,497,238,500,239,502,240,503,241,506,242,510,242,510,242,515,242,519,242,519,242,524,242,528,242,528,242,533,242,536,241,537,240,538,239,541,238,544,238,546,237,546,235,546,235,546,234,544,232,541,232
524,89,519,89,519,89,515,89,510,89,510,89,506,89,503,89,502,88,500,87,497,86,494,86,493,85,491,83,488,83,485,82,484,81,482,80,479,80,475,80,475,80,471,80,468,80,466,81,466,83,466,83,466,85,466,86,466,86,466,88,466,89,466,89,466,91,466,93,466,93,466,94,465,95,462,96,457,96,457,94,456,93,453,93,450,93,448,94,450,95,453,96,457,96,457,97,459,99,462,99,465,100,466,101,466,102,466,102,466,104,468,105,471,106,474,106,475,107,476,108,479,109,482,109,484,110,485,112,488,112,491,113,493,114,494,115,497,115,502,115,502,117,503,118,506,119,510,119,510,119,515,119,518,118,519,117,518,116,515,115,510,115,510,115,506,115,502,115,502,114,502,112,502,112,502,110,502,109,502,109,502,107,502,106,502,106,502,104,502,102,502,102,502,101,503,100,506,99,509,99,510,97,512,96,515,96,519,96,519,96,524,96,527,95,528,94,528,93,528,93,528,91,527,90,524,89
515,21,510,21,510,21,506,21,502,21,502,21,497,21,493,21,493,21,488,21,485,22,484,23,484,25,484,25,484,26,482,27,479,28,476,28,475,29,475,31,475,31,475,33,474,34,471,34,468,34,466,33,465,32,462,31,459,32,457,33,457,34,457,34,457,36,459,37,462,38,465,38,466,39,468,40,471,41,475,41,475,41,479,41,482,40,484,39,485,38,488,38,491,37,493,36,493,34,497,34,500,34,502,33,503,32,506,31,509,31,510,29,510,28,510,28,510,26,512,25,515,25,518,24,519,23,518,22,515,21
515,459,510,459,510,459,506,459,503,459,502,460,502,462,502,462,502,464,503,465,506,465,509,465,510,464,512,462,515,462,518,461,519,460,518,459,515,459
453,41,450,41,448,42,448,44,448,44,448,46,450,47,453,47,456,47,457,46,457,44,457,44,457,42,456,41,453,41
453,76,450,77,448,78,450,79,453,80,456,79,457,78,456,77,453,76
435,28,432,28,431,29,431,31,431,31,431,33,432,34,435,34,438,34,440,33,440,31,440,31,440,29,438,28,435,28
435,44,432,45,431,46,432,47,435,47,438,47,440,46,438,45,435,44
435,54,431,54,431,52,429,51,426,50,423,51,422,52,423,53,426,54,431,54,431,55,432,56,435,57,438,56,440,55,438,54,435,54
435,67,432,67,431,68,432,69,435,70,438,69,440,68,438,67,435,67
435,102,432,103,431,104,431,106,431,106,431,107,432,108,435,109,438,108,440,107,440,106,440,106,440,104,438,103,435,102
426,73,422,73,422,72,422,70,422,70,422,68,420,67,417,67,413,67,413,67,409,67,406,67,404,68,403,69,400,70,397,70,395,72,397,73,400,73,403,74,404,75,404,76,404,76,404,78,406,79,409,80,413,80,413,80,417,80,420,80,422,81,420,82,417,83,414,83,413,85,413,86,413,86,413,88,412,89,409,89,404,89,404,89,400,89,395,89,395,89,391,89,386,89,386,88,386,86,386,86,386,85,385,83,382,83,379,83,378,85,378,86,378,86,378,88,378,89,373,89,370,90,369,91,369,93,369,93,369,94,370,95,373,96,378,96,378,97,376,99,373,99,370,100,369,101,369,102,369,102,369,104,369,106,369,106,369,107,370,108,373,109,376,109,378,110,378,112,378,112,378,114,378,115,378,115,378,117,379,118,382,119,385,118,386,117,386,115,386,115,386,114,388,113,391,112,394,112,395,110,397,109,400,109,403,108,404,107,403,106,400,106,397,105,395,104,395,102,395,102,395,101,397,100,400,99,404,99,404,99,409,99,412,100,413,101,414,102,417,102,420,102,422,101,422,99,422,99,422,97,423,96,426,96,429,95,431,94,431,93,431,93,431,91,431,89,431,89,431,88,431,86,431,86,431,85,431,83,431,83,431,81,431,80,431,80,431,78,431,76,431,76,431,75,429,74,426,73
426,449,423,448,422,447,420,446,417,446,413,446,413,446,409,446,404,446,404,446,400,446,397,445,395,444,394,443,391,442,386,442,386,442,382,442,379,442,378,441,376,440,373,439,369,439,369,439,364,439,360,439,360,438,361,437,364,436,367,435,369,434,369,433,369,433,369,431,369,430,373,430,376,429,378,428,376,427,373,426,370,427,369,428,369,430,364,430,361,430,360,431,358,432,355,433,351,433,351,433,347,433,342,433,342,433,338,433,335,433,333,434,335,435,338,436,341,437,342,438,344,439,347,439,351,439,351,439,355,439,360,439,360,441,358,442,355,442,352,443,351,444,350,445,347,446,342,446,342,446,338,446,333,446,333,446,329,446,326,446,324,447,324,449,324,449,324,451,326,452,329,452,333,452,333,452,338,452,342,452,342,452,347,452,351,452,351,452,355,452,360,452,360,452,364,452,369,452,369,452,373,452,378,452,378,452,382,452,386,452,386,452,391,452,395,452,395,452,400,452,404,452,404,452,409,452,412,453,413,454,414,455,417,455,422,455,422,455,426,455,429,455,431,454,431,452,431,452,431,451,429,449,426,449
409,18,404,18,404,18,400,18,397,19,395,20,395,21,395,21,395,23,395,25,395,25,395,26,397,27,400,28,403,27,404,26,406,25,409,25,412,24,413,23,413,21,413,21,413,20,412,19,409,18
409,34,406,35,404,36,404,38,400,38,397,38,395,39,397,40,400,41,403,40,404,39,404,38,409,38,412,37,413,36,412,35,409,34
409,54,406,54,404,55,403,56,400,57,397,56,395,55,394,54,391,54,388,54,386,55,385,56,382,57,379,58,378,59,379,60,382,60,386,60,386,60,391,60,395,60,395,60,400,60,404,60,404,60,409,60,412,60,413,59,413,57,413,57,413,55,412,54,409,54
400,12,397,12,395,13,397,14,400,15,403,14,404,13,403,12,400,12
391,31,388,32,386,33,388,34,391,34,394,34,395,33,394,32,391,31
373,31,370,32,369,33,370,34,373,34,376,34,378,33,376,32,373,31
373,41,370,41,369,42,370,43,373,44,376,43,378,42,376,41,373,41
373,73,369,73,369,73,364,73,361,73,360,72,358,70,355,70,352,69,351,68,351,67,351,67,351,65,351,63,351,63,351,62,351,60,351,60,351,59,351,57,351,57,351,55,351,54,351,54,351,52,350,51,347,50,342,50,342,50,338,50,335,50,333,49,333,47,338,47,341,47,342,46,344,45,347,44,350,43,351,42,350,41,347,41,344,40,342,39,341,38,338,38,333,38,333,36,333,34,333,34,333,33,332,32,329,31,324,31,324,29,323,28,320,28,316,28,316,28,311,28,308,28,307,29,308,31,311,31,316,31,316,31,320,31,324,31,324,33,323,34,320,34,317,35,316,36,317,37,320,38,324,38,324,38,329,38,333,38,333,39,333,41,333,41,333,42,333,44,333,44,333,46,333,47,329,47,324,47,324,47,320,47,316,47,316,47,311,47,308,47,307,46,307,44,311,44,316,44,316,44,320,44,323,43,324,42,323,41,320,41,316,41,316,41,311,41,308,41,307,42,307,44,302,44,299,45,298,46,298,47,298,47,298,49,298,50,298,50,298,52,298,54,298,54,298,55,298,57,298,57,298,59,299,60,302,60,307,60,307,60,311,60,316,60,316,62,317,63,320,63,323,64,324,65,323,66,320,67,316,67,316,67,311,67,308,67,307,68,308,69,311,70,314,70,316,72,317,73,320,73,324,73,324,73,329,73,332,74,333,75,335,76,338,76,342,76,342,76,347,76,351,76,351,76,355,76,358,77,360,78,360,80,360,80,360,81,358,82,355,83,352,83,351,85,352,86,355,86,360,86,360,86,364,86,367,86,369,85,369,83,369,83,369,81,370,80,373,80,376,79,378,78,378,76,378,76,378,75,376,74,373,73
347,21,344,22,342,23,344,24,347,25,350,24,351,23,350,22,347,21
347,106,344,106,342,107,344,108,347,109,350,108,351,107,350,106,347,106
347,426,344,426,342,425,341,424,338,423,335,422,333,421,332,420,329,420,324,420,324,420,320,420,317,419,316,418,314,417,311,417,308,416,307,415,305,414,302,413,299,414,298,415,296,416,293,417,290,417,289,418,289,420,289,420,289,421,288,422,285,423,282,424,280,425,280,426,280,426,280,428,282,429,285,430,289,430,289,430,293,430,296,429,298,428,299,427,302,426,305,427,307,428,308,429,311,430,316,430,316,430,320,430,324,430,324,430,329,430,333,430,333,430,338,430,342,430,342,430,347,430,350,429,351,428,350,427,347,426
267,21,264,21,262,20,261,19,258,18,255,19,254,20,252,21,249,21,245,21,245,21,240,21,237,22,236,23,237,24,240,25,245,25,245,25,249,25,252,25,254,26,254,28,254,28,254,29,255,31,258,31,262,31,262,31,267,31,270,31,271,29,271,28,271,28,271,26,271,25,271,25,271,23,270,22,267,21
267,413,264,413,262,412,262,410,262,410,262,408,261,407,258,407,254,407,254,407,249,407,245,407,245,407,240,407,237,407,236,408,234,410,231,410,228,411,227,412,226,413,223,413,220,414,218,415,218,417,218,417,218,418,220,419,223,420,227,420,227,420,231,420,236,420,236,420,240,420,245,420,245,420,249,420,254,420,254,420,258,420,262,420,262,420,267,420,270,419,271,418,271,417,271,417,271,415,270,414,267,413
205,404,202,404,200,405,202,406,205,407,208,406,209,405,208,404,205,404
178,54,175,53,174,52,172,51,169,50,166,50,165,49,164,48,161,47,158,47,156,46,155,45,152,44,149,43,147,42,146,41,143,41,140,41,138,42,137,43,134,44,131,45,130,46,130,47,130,47,130,49,131,50,134,50,137,51,138,52,140,53,143,54,146,54,147,55,147,57,147,57,147,59,149,60,152,60,155,61,156,62,156,63,156,63,156,65,156,67,156,67,156,68,158,69,161,70,165,70,165,70,169,70,172,69,174,68,175,67,178,67,181,66,183,65,183,63,183,63,183,62,183,60,183,60,183,59,183,57,183,57,183,55,181,54,178,54
161,76,158,77,156,78,156,80,156,80,156,81,158,82,161,83,164,82,165,81,165,80,165,80,165,78,164,77,161,76
161,86,158,87,156,88,156,89,156,89,156,91,158,92,161,93,164,92,165,91,165,89,165,89,165,88,164,87,161,86
152,349,149,348,147,347,147,345,147,345,147,344,146,343,143,342,140,341,138,340,137,339,134,339,130,339,130,339,125,339,122,339,121,340,121,342,121,342,121,344,121,345,121,345,121,347,121,349,121,349,121,350,122,351,125,352,128,352,130,353,130,355,130,355,130,357,130,358,130,358,130,360,130,361,130,361,130,363,131,364,134,365,138,365,138,365,143,365,147,365,147,365,152,365,155,364,156,363,156,361,156,361,156,360,156,358,156,358,156,357,156,355,156,355,156,353,156,352,156,352,156,350,155,349,152,349
63,423,60,424,59,425,60,426,63,426,66,426,68,425,66,424,63,423
488,31,485,32,484,33,485,34,488,34,493,34,493,33,491,32,488,31
417,73,414,74,413,75,414,76,417,76,420,76,422,75,422,73,417,73
382,89,378,89,378,91,378,93,378,93,378,94,378,96,382,96,385,95,386,94,386,93,386,93,386,91,386,89,382,89
320,57,317,58,316,59,316,60,320,60,323,60,324,59,323,58,320,57
