537,10,536,11,533,12,528,12,528,12,524,12,521,11,519,10,475,10,476,11,479,12,482,12,484,13,482,14,479,15,476,15,475,16,474,18,471,18,468,18,466,16,466,15,466,15,466,13,466,12,466,12,466,10,238,10,10,10,10,212,13,213,14,214,14,216,14,216,14,217,14,219,14,219,14,221,14,222,14,222,14,224,16,225,19,225,22,226,23,227,25,228,28,229,31,228,32,227,32,225,32,225,32,224,32,222,32,222,32,221,34,219,37,219,40,219,41,221,41,222,41,222,41,224,41,225,41,225,41,227,41,229,41,229,41,230,42,231,45,232,48,231,50,230,51,229,54,229,57,229,59,230,59,232,59,232,59,234,59,235,59,235,59,237,59,238,59,238,59,240,59,242,59,242,59,243,59,245,59,245,59,246,59,248,59,248,59,250,59,251,59,251,59,253,57,254,54,255,51,255,50,256,48,257,45,258,41,258,41,258,37,258,32,258,32,258,28,258,25,258,23,259,23,261,23,261,23,263,23,264,23,264,23,266,22,267,19,268,16,268,14,269,14,271,14,271,14,272,14,274,14,274,14,276,13,277,10,277,10,319,13,320,14,321,14,323,14,323,14,324,16,325,19,326,22,326,23,327,22,329,19,329,16,330,14,331,13,332,10,332,10,401,10,470,156,470,156,468,152,468,149,468,147,467,149,466,152,465,155,466,156,467,156,468,161,468,164,469,165,470,398,470,630,470,630,161,627,160,626,159,624,158,621,157,618,157,617,156,615,155,612,154,609,155,608,156,606,157,603,157,599,157,599,157,595,157,592,158,590,159,589,160,586,161,583,160,581,159,580,158,577,157,574,158,572,159,571,160,568,161,565,161,564,162,562,163,559,164,555,164,555,164,550,164,546,164,546,164,541,164,537,164,537,164,533,164,528,164,528,164,524,164,521,163,519,162,519,161,519,161,519,159,518,158,515,157,512,157,510,156,510,154,510,154,510,153,512,151,515,151,518,151,519,153,521,154,524,154,527,154,528,153,530,151,533,151,537,151,537,149,537,148,537,148,537,146,537,144,537,144,537,143,536,142,533,141,530,141,528,140,527,139,524,138,521,139,519,140,519,141,519,141,519,143,518,144,515,144,512,144,510,143,509,142,506,141,503,141,502,140,502,138,502,138,502,136,502,135,502,135,502,133,502,131,502,131,502,130,503,129,506,128,509,129,510,130,512,131,515,131,518,131,519,130,521,129,524,128,528,128,528,127,528,125,528,125,528,123,530,122,533,122,536,121,537,120,537,119,537,119,537,117,537,115,537,115,537,114,538,113,541,112,546,112,546,112,550,112,553,113,555,114,555,115,555,115,555,117,556,118,559,119,562,118,564,117,565,116,568,115,571,116,572,117,574,118,577,119,580,119,581,120,581,122,581,122,581,123,583,124,586,125,589,126,590,127,590,128,590,128,590,130,590,131,590,131,590,133,589,134,586,135,583,134,581,133,580,132,577,131,574,132,572,133,572,135,572,135,572,136,571,137,568,138,565,139,564,140,564,141,564,141,564,143,565,144,568,144,571,145,572,146,574,147,577,148,580,147,581,146,583,145,586,144,589,144,590,143,592,142,595,141,598,142,599,143,600,144,603,144,608,144,608,144,612,144,617,144,617,144,621,144,626,144,626,144,630,144,630,77,630,10,537,10
612,115,608,115,608,115,603,115,600,116,599,117,600,118,603,119,608,119,608,119,612,119,615,118,617,117,615,116,612,115
586,329,583,329,581,327,581,326,581,326,581,324,581,323,581,323,581,321,581,319,581,319,581,318,580,317,577,316,574,317,572,318,572,319,572,319,572,321,572,323,572,323,572,324,572,326,572,326,572,327,572,329,572,329,572,331,572,332,572,332,572,334,574,335,577,336,581,336,581,336,586,336,589,335,590,334,590,332,590,332,590,331,589,330,586,329
382,271,379,271,378,272,378,274,378,274,378,276,379,277,382,277,385,277,386,276,386,274,386,274,386,272,385,271,382,271
373,290,370,290,369,289,367,288,364,287,361,288,360,289,360,290,360,290,360,292,361,293,364,293,369,293,369,293,373,293,376,293,378,292,376,291,373,290
311,89,308,90,307,91,307,93,302,93,298,93,298,93,293,93,289,93,289,93,285,93,282,93,280,94,279,95,276,96,273,96,271,97,271,99,271,99,271,101,273,102,276,102,279,102,280,101,282,100,285,99,288,99,289,97,290,96,293,96,298,96,298,96,302,96,305,95,307,94,307,93,311,93,314,92,316,91,314,90,311,89
293,465,290,466,289,467,290,468,293,468,296,468,298,467,296,466,293,465
223,404,218,404,218,404,214,404,211,403,209,402,208,401,205,400,200,400,200,400,196,400,192,400,192,400,187,400,183,400,183,400,178,400,174,400,174,400,169,400,165,400,165,400,161,400,158,401,156,402,158,403,161,404,165,404,165,404,169,404,174,404,174,404,178,404,181,404,183,405,184,406,187,407,192,407,192,407,196,407,199,407,200,408,202,410,205,410,209,410,209,410,214,410,218,410,218,410,223,410,226,410,227,408,227,407,227,407,227,405,226,404,223,404
152,387,149,388,147,389,147,391,143,391,140,390,138,389,138,387,138,387,138,386,138,384,138,384,138,383,137,381,134,381,130,381,130,381,125,381,121,381,121,381,116,381,113,380,112,379,110,378,107,378,104,377,103,376,102,375,99,374,96,374,94,373,93,372,90,371,87,371,85,370,84,368,81,368,78,367,76,366,75,365,72,365,69,364,68,363,66,362,63,361,60,361,59,360,57,359,54,358,51,358,50,357,50,355,50,355,50,353,48,352,45,352,42,351,41,350,40,349,37,349,34,348,32,347,32,345,32,345,32,344,32,342,32,342,32,340,31,339,28,339,23,339,23,339,19,339,16,339,14,340,14,342,14,342,14,344,14,345,14,345,14,347,16,348,19,349,22,349,23,350,23,352,23,352,23,353,25,354,28,355,31,356,32,357,34,358,37,358,40,359,41,360,41,361,41,361,41,363,42,364,45,365,48,365,50,366,50,368,50,368,50,370,51,371,54,371,57,372,59,373,60,374,63,374,66,375,68,376,69,377,72,378,76,378,76,378,81,378,84,378,85,379,85,381,85,381,85,383,87,384,90,384,94,384,94,384,99,384,103,384,103,384,107,384,112,384,112,384,116,384,119,385,121,386,122,387,125,387,128,388,130,389,130,391,130,391,130,392,131,393,134,394,138,394,138,394,143,394,146,393,147,392,147,391,152,391,155,390,156,389,155,388,152,387
143,420,140,420,138,421,140,422,143,423,146,422,147,421,146,420,143,420
54,423,50,423,50,423,45,423,42,424,41,425,42,426,45,426,50,426,50,426,54,426,57,426,59,425,57,424,54,423
10,264,13,264,14,263,14,261,14,261,14,259,14,258,14,258,14,256,13,255,10,255,10,264
550,148,547,148,546,149,546,151,550,151,553,150,555,149,553,148,550,148
541,151,537,151,537,153,538,154,541,154,544,154,546,153,546,151,541,151
533,128,528,128,528,130,528,131,528,131,528,133,530,134,533,135,536,134,537,133,537,131,537,131,537,130,536,129,533,128
