555,10,556,11,559,12,562,12,564,13,564,15,564,15,564,16,565,18,568,18,571,19,572,20,574,21,577,21,580,22,581,23,581,25,581,25,581,26,583,27,586,28,589,28,590,29,590,31,590,31,590,33,590,34,590,34,590,36,590,38,590,38,590,39,589,40,586,41,583,41,581,42,581,44,586,44,589,45,590,46,590,47,590,47,590,49,590,50,590,50,590,52,590,54,590,54,590,55,592,56,595,57,598,58,599,59,598,60,595,60,590,60,590,60,586,60,583,61,581,62,580,63,577,63,574,64,572,65,572,67,577,67,580,67,581,68,580,69,577,70,574,69,572,68,572,67,568,67,565,67,564,68,562,69,559,70,556,69,555,68,553,67,550,67,546,67,546,67,541,67,537,67,537,67,533,67,530,66,528,65,528,63,528,63,528,62,530,61,533,60,536,60,537,59,537,57,537,57,537,55,537,54,537,54,537,52,537,50,537,50,537,49,536,48,533,47,530,47,528,46,530,45,533,44,536,43,537,42,538,41,541,41,544,40,546,39,546,38,546,38,546,36,544,35,541,34,538,34,537,33,537,31,533,31,530,31,528,29,530,28,533,28,536,28,537,29,537,31,541,31,544,31,546,29,546,28,546,28,546,26,546,25,546,25,546,23,546,21,546,21,546,20,546,18,546,18,546,16,546,15,546,15,546,13,544,12,541,12,538,11,537,10,273,10,10,10,10,313,13,313,14,315,16,316,19,316,22,316,23,315,25,313,28,313,31,313,32,315,32,316,32,316,32,318,32,319,32,319,32,321,31,322,28,323,25,323,23,324,23,326,23,326,23,327,22,329,19,329,16,330,14,331,13,332,10,332,10,401,10,470,112,470,113,469,116,468,119,469,121,470,375,470,630,470,630,240,630,10,555,10
603,86,600,87,599,88,600,89,603,89,606,89,608,88,606,87,603,86
595,106,592,105,590,104,590,102,590,102,590,101,590,99,590,99,590,97,589,96,586,96,583,96,581,97,581,99,581,99,581,101,581,102,581,102,581,104,581,106,581,106,581,107,581,109,581,109,581,110,583,112,586,112,590,112,590,112,595,112,598,112,599,110,599,109,599,109,599,107,598,106,595,106
586,76,583,77,581,78,581,80,581,80,581,81,583,82,586,83,589,82,590,81,590,80,590,80,590,78,589,77,586,76
586,128,583,129,581,130,583,131,586,131,589,131,590,130,589,129,586,128
568,115,565,116,564,117,562,118,559,119,556,119,555,120,555,122,555,122,555,123,556,124,559,125,564,125,564,127,562,128,559,128,556,129,555,130,555,131,555,131,555,133,556,134,559,135,562,134,564,133,565,132,568,131,571,131,572,130,572,128,572,128,572,127,571,126,568,125,564,125,564,123,565,122,568,122,571,121,572,120,572,119,572,119,572,117,571,116,568,115
568,167,565,167,564,165,564,164,564,164,564,162,562,161,559,161,556,160,555,159,553,158,550,157,546,157,546,157,541,157,538,157,537,156,537,154,537,154,537,153,537,151,537,151,537,149,538,148,541,148,544,147,546,146,546,144,546,144,546,143,546,141,546,141,546,140,544,138,541,138,538,137,537,136,537,135,537,135,537,133,537,131,537,131,537,130,538,129,541,128,544,128,546,127,546,125,546,125,546,123,544,122,541,122,538,121,537,120,536,119,533,119,530,118,528,117,528,115,528,115,528,114,527,113,524,112,519,112,519,112,515,112,512,113,510,114,510,115,510,115,510,117,512,118,515,119,518,119,519,120,519,122,519,122,519,123,518,124,515,125,510,125,510,125,506,125,503,124,502,123,502,122,502,122,502,120,502,119,502,119,502,117,502,115,502,115,502,114,502,112,502,112,502,110,502,109,502,109,502,107,500,106,497,106,493,106,493,106,488,106,485,105,484,104,482,103,479,102,475,102,475,102,471,102,468,103,466,104,465,105,462,106,459,106,457,107,457,109,457,109,457,110,457,112,457,112,457,114,457,115,457,115,457,117,457,119,457,119,457,120,459,121,462,122,465,122,466,123,466,125,466,125,466,127,466,128,466,128,466,130,465,131,462,131,459,132,457,133,457,135,457,135,457,136,459,137,462,138,466,138,466,138,471,138,474,139,475,140,474,141,471,141,468,142,466,143,468,144,471,144,475,144,475,144,479,144,482,145,484,146,484,148,484,148,484,149,484,151,484,151,484,153,485,154,488,154,493,154,493,154,497,154,502,154,502,154,506,154,509,155,510,156,510,157,510,157,510,159,510,161,510,161,510,162,512,163,515,164,518,164,519,165,521,167,524,167,528,167,528,167,533,167,537,167,537,167,541,167,546,167,546,167,550,167,553,168,555,169,555,170,555,170,555,172,556,173,559,174,564,174,564,174,568,174,571,173,572,172,572,170,572,170,572,169,571,168,568,167
559,106,556,106,555,107,556,108,559,109,562,108,564,107,562,106,559,106
533,268,530,268,528,269,528,271,528,271,528,272,528,274,528,274,528,276,528,277,528,277,528,279,530,280,533,280,536,280,537,279,537,277,537,277,537,276,537,274,537,274,537,272,537,271,537,271,537,269,536,268,533,268
515,21,512,22,510,23,512,24,515,25,518,24,519,23,518,22,515,21
506,420,502,420,502,418,502,417,502,417,502,415,502,413,502,413,502,412,500,411,497,410,493,410,493,408,493,407,493,407,493,405,493,404,493,404,493,402,491,401,488,400,485,401,484,402,484,404,484,404,484,405,484,407,484,407,484,408,485,410,488,410,493,410,493,412,493,413,493,413,493,415,493,417,493,417,493,418,494,419,497,420,502,420,502,421,502,423,502,423,502,425,503,426,506,426,509,426,510,425,510,423,510,423,510,421,509,420,506,420
497,47,494,48,493,49,493,50,493,50,493,52,493,54,493,54,493,55,494,56,497,57,500,56,502,55,502,54,502,54,502,52,502,50,502,50,502,49,500,48,497,47
497,96,494,96,493,97,493,99,493,99,493,101,494,102,497,102,500,102,502,101,502,99,502,99,502,97,500,96,497,96
488,89,485,90,484,91,484,93,479,93,476,93,475,94,476,95,479,96,482,95,484,94,484,93,488,93,491,92,493,91,491,90,488,89
479,41,476,40,475,39,475,38,475,38,475,36,475,34,475,34,475,33,474,32,471,31,466,31,466,29,465,28,462,28,457,28,457,28,453,28,448,28,448,28,444,28,440,28,440,26,438,25,435,25,431,25,431,25,426,25,423,25,422,26,423,27,426,28,431,28,431,28,435,28,440,28,440,29,441,31,444,31,447,32,448,33,448,34,444,34,440,34,440,34,435,34,432,34,431,33,429,32,426,31,422,31,422,31,417,31,414,32,413,33,413,34,413,34,413,36,413,38,413,38,413,39,414,40,417,41,420,41,422,42,423,43,426,44,429,43,431,42,431,41,431,41,431,39,432,38,435,38,440,38,440,38,444,38,447,37,448,36,448,34,453,34,456,34,457,33,459,32,462,31,466,31,466,33,466,34,466,34,466,36,465,37,462,38,459,38,457,39,459,40,462,41,465,41,466,42,465,43,462,44,459,45,457,46,459,47,462,47,466,47,466,47,471,47,474,47,475,46,476,45,479,44,482,43,484,42,482,41,479,41
462,455,459,455,457,454,456,453,453,452,450,452,448,451,447,449,444,449,441,448,440,447,438,446,435,446,432,445,431,444,431,442,431,442,431,441,429,440,426,439,423,439,422,438,422,436,422,436,422,434,420,433,417,433,414,433,413,434,413,436,413,436,413,438,413,439,413,439,413,441,413,442,413,442,413,444,414,445,417,446,420,446,422,447,420,448,417,449,414,449,413,451,414,452,417,452,420,453,422,454,423,455,426,455,429,456,431,457,432,458,435,459,438,459,440,460,440,462,440,462,440,464,440,465,440,465,440,467,441,468,444,468,448,468,448,468,453,468,456,468,457,467,459,466,462,465,465,465,466,464,466,462,466,462,466,460,466,459,466,459,466,457,465,456,462,455
453,430,450,430,448,431,450,432,453,433,456,432,457,431,456,430,453,430
444,44,441,45,440,46,441,47,444,47,447,47,448,46,447,45,444,44
444,119,441,119,440,120,438,121,435,122,432,122,431,123,432,124,435,125,440,125,440,125,444,125,447,124,448,123,448,122,448,122,448,120,447,119,444,119
444,423,441,424,440,425,441,426,444,426,447,426,448,425,447,424,444,423
435,102,432,103,431,104,432,105,435,106,438,105,440,104,438,103,435,102
426,112,423,113,422,114,423,115,426,115,429,115,431,114,429,113,426,112
409,245,406,245,404,246,406,248,409,248,412,248,413,246,412,245,409,245
364,122,361,122,360,123,360,125,360,125,360,127,360,128,360,128,360,130,358,131,355,131,352,132,351,133,352,134,355,135,360,135,360,135,364,135,367,134,369,133,369,131,369,131,369,130,369,128,369,128,369,127,369,125,369,125,369,123,367,122,364,122
355,112,352,113,351,114,352,115,355,115,358,115,360,114,358,113,355,112
338,248,335,249,333,250,335,251,338,251,341,251,342,250,341,249,338,248
258,361,254,361,254,361,249,361,245,361,245,361,240,361,236,361,236,360,236,358,236,358,236,357,234,356,231,355,227,355,227,355,223,355,220,354,218,353,217,352,214,352,209,352,209,352,205,352,200,352,200,352,196,352,192,352,192,352,187,352,183,352,183,352,178,352,174,352,174,352,169,352,165,352,165,352,161,352,156,352,156,352,152,352,147,352,147,352,143,352,138,352,138,352,134,352,131,351,130,350,128,349,125,349,121,349,121,349,116,349,113,348,112,347,110,346,107,345,104,346,103,347,102,348,99,349,96,349,94,350,93,351,90,352,87,352,85,353,87,354,90,355,93,356,94,357,94,358,94,358,94,360,94,361,94,361,94,363,96,364,99,365,103,365,103,365,107,365,110,364,112,363,113,362,116,361,119,361,121,360,122,359,125,358,128,359,130,360,131,361,134,361,138,361,138,361,143,361,147,361,147,361,152,361,155,361,156,360,158,359,161,358,165,358,165,358,169,358,174,358,174,358,178,358,183,358,183,358,187,358,192,358,192,358,196,358,200,358,200,358,205,358,209,358,209,358,214,358,218,358,218,358,223,358,226,359,227,360,228,361,231,361,236,361,236,363,237,364,240,365,245,365,245,365,249,365,254,365,254,365,258,365,261,364,262,363,261,362,258,361
196,420,193,420,192,421,192,423,187,423,184,424,183,425,184,426,187,426,190,426,192,425,192,423,196,423,199,422,200,421,199,420,196,420
178,430,175,430,174,431,175,432,178,433,181,432,183,431,181,430,178,430
178,439,174,439,174,439,169,439,166,439,165,438,165,436,165,436,165,434,164,433,161,433,158,433,156,434,155,435,152,436,147,436,147,436,143,436,138,436,138,436,134,436,130,436,130,436,125,436,121,436,121,436,116,436,113,437,112,438,113,439,116,439,121,439,121,439,125,439,130,439,130,439,134,439,137,440,138,441,140,442,143,442,147,442,147,442,152,442,156,442,156,442,161,442,165,442,165,442,169,442,174,442,174,442,178,442,181,442,183,441,181,440,178,439
107,131,103,131,103,131,99,131,94,131,94,131,90,131,87,132,85,133,87,134,90,135,94,135,94,135,99,135,103,135,103,135,107,135,110,134,112,133,110,132,107,131
63,131,60,132,59,133,59,135,54,135,51,135,50,136,51,137,54,138,57,137,59,136,59,135,63,135,66,134,68,133,66,132,63,131
524,148,521,147,519,146,519,144,519,144,519,143,519,141,519,141,519,140,518,139,515,138,512,139,510,140,510,141,510,141,510,143,510,144,510,144,510,146,510,148,510,148,510,149,512,150,515,151,519,151,519,151,524,151,527,150,528,149,527,148,524,148
515,128,512,129,510,130,512,131,515,131,518,131,519,130,518,129,515,128
488,125,484,125,484,125,479,125,476,126,475,127,475,128,475,128,475,130,476,131,479,131,484,131,484,131,488,131,491,131,493,130,493,128,493,128,493,127,491,126,488,125
471,115,468,116,466,117,468,118,471,119,474,118,475,117,474,116,471,115
577,44,572,44,572,44,568,44,564,44,564,46,565,47,568,47,571,48,572,49,574,50,577,50,580,50,581,49,581,47,581,47,581,46,581,44,577,44
568,31,565,31,564,29,562,28,559,28,556,28,555,29,555,31,555,31,555,33,556,34,559,34,564,34,564,34,568,34,571,34,572,33,571,32,568,31
559,41,556,41,555,42,556,43,559,44,564,44,564,42,562,41,559,41
