417,280,414,281,413,282,414,283,417,284,420,283,422,282,420,281,417,280
409,287,406,288,404,289,404,290,404,290,404,292,403,293,400,293,397,294,395,295,394,296,391,297,386,297,386,297,382,297,378,297,378,297,373,297,370,297,369,298,367,299,364,300,361,300,360,302,360,303,360,303,360,305,361,306,364,306,367,306,369,305,370,304,373,303,376,304,378,305,378,306,378,306,378,308,379,309,382,310,385,309,386,308,388,307,391,306,394,306,395,305,395,303,391,303,388,303,386,302,388,300,391,300,394,300,395,302,395,303,400,303,403,303,404,302,404,300,404,300,404,298,406,297,409,297,412,296,413,295,413,293,413,293,413,292,413,290,413,290,413,289,412,288,409,287
347,83,344,82,342,81,342,80,342,80,342,78,341,77,338,76,335,76,333,75,332,74,329,73,324,73,324,73,320,73,316,73,316,73,311,73,308,73,307,72,305,70,302,70,298,70,298,70,293,70,290,70,289,72,289,73,289,73,289,75,288,76,285,76,280,76,280,78,279,79,276,80,273,79,271,78,271,76,267,76,262,76,262,76,258,76,255,76,254,75,252,74,249,73,245,73,245,73,240,73,237,73,236,72,234,70,231,70,228,70,227,72,226,73,223,73,220,74,218,75,217,76,214,76,211,77,209,78,208,79,205,80,202,79,200,78,199,77,196,76,193,76,192,75,190,74,187,73,184,74,183,75,181,76,178,76,175,76,174,75,172,74,169,73,165,73,165,73,161,73,156,73,156,73,152,73,149,73,147,72,146,70,143,70,140,69,138,68,137,67,134,67,131,66,130,65,128,64,125,63,121,63,121,63,116,63,112,63,112,65,112,67,112,67,112,68,113,69,116,70,119,70,121,72,122,73,125,73,128,74,130,75,131,76,134,76,137,77,138,78,140,79,143,80,146,80,147,81,149,82,152,83,156,83,156,83,161,83,165,83,165,83,169,83,172,83,174,85,175,86,178,86,183,86,183,86,187,86,190,87,192,88,193,89,196,89,199,90,200,91,200,93,200,93,200,94,200,96,200,96,200,97,200,99,200,99,200,101,202,102,205,102,208,103,209,104,211,105,214,106,218,106,218,106,223,106,227,106,227,106,231,106,234,106,236,107,237,108,240,109,245,109,245,109,249,109,254,109,254,109,258,109,261,108,262,107,262,106,262,106,262,104,264,103,267,102,270,102,271,101,273,100,276,99,280,99,280,99,285,99,289,99,289,99,293,99,298,99,298,99,302,99,305,99,307,97,308,96,311,96,316,96,316,96,320,96,323,95,324,94,326,93,329,93,333,93,333,93,338,93,341,92,342,91,342,89,342,89,342,88,344,87,347,86,350,86,351,85,350,83,347,83
258,83,255,83,254,85,254,86,254,86,254,88,254,89,254,89,254,91,255,92,258,93,261,92,262,91,262,89,262,89,262,88,262,86,262,86,262,85,261,83,258,83
276,73,273,74,271,75,271,76,276,76,280,76,280,75,279,74,276,73
223,63,220,64,218,65,220,66,223,67,226,66,227,65,226,64,223,63
187,50,183,50,183,50,178,50,175,50,174,49,174,47,174,47,174,46,172,45,169,44,165,44,165,46,165,47,165,47,165,49,164,50,161,50,158,51,156,52,158,53,161,54,165,54,165,54,169,54,172,54,174,55,175,56,178,57,181,56,183,55,184,54,187,54,190,53,192,52,190,51,187,50
161,41,158,41,156,42,158,43,161,44,165,44,165,42,164,41,161,41
107,60,103,60,103,62,104,63,107,63,112,63,112,62,110,61,107,60
99,57,96,58,94,59,96,60,99,60,103,60,103,59,102,58,99,57
