426,274,423,275,422,276,422,277,422,277,422,279,420,280,417,280,414,281,413,282,414,283,417,284,422,284,422,284,426,284,429,283,431,282,431,280,431,280,431,279,431,277,431,277,431,276,429,275,426,274
417,264,414,265,413,266,414,267,417,268,420,267,422,266,420,265,417,264
409,287,406,288,404,289,404,290,404,290,404,292,406,293,409,293,412,293,413,292,413,290,413,290,413,289,412,288,409,287
391,297,388,296,386,295,385,294,382,293,378,293,378,293,373,293,370,294,369,295,369,297,369,297,369,298,367,299,364,300,361,300,360,302,360,303,360,303,360,305,361,306,364,306,367,306,369,305,370,304,373,303,376,304,378,305,378,306,378,306,378,308,379,309,382,310,385,309,386,308,386,306,386,306,386,305,386,303,386,303,386,302,388,300,391,300,394,299,395,298,394,297,391,297
355,293,352,294,351,295,352,296,355,297,358,296,360,295,358,294,355,293
329,73,324,73,324,73,320,73,316,73,316,73,311,73,308,73,307,72,307,70,307,70,307,68,305,67,302,67,298,67,298,67,293,67,290,66,289,65,288,64,285,63,282,64,280,65,279,66,276,67,273,67,271,68,270,69,267,70,262,70,262,70,258,70,254,70,254,70,249,70,245,70,245,70,240,70,236,70,236,70,231,70,228,70,227,72,226,73,223,73,218,73,218,73,214,73,211,74,209,75,209,76,209,76,209,78,208,79,205,80,202,79,200,78,199,77,196,76,193,76,192,75,190,74,187,73,184,74,183,75,181,76,178,76,175,76,174,75,172,74,169,73,165,73,165,73,161,73,156,73,156,73,152,73,149,73,147,72,146,70,143,70,140,69,138,68,138,67,138,67,138,65,137,64,134,63,130,63,130,63,125,63,122,63,121,62,119,61,116,60,112,60,112,60,107,60,104,60,103,59,102,58,99,57,94,57,94,57,90,57,87,58,85,59,85,60,85,60,85,62,87,63,90,63,93,64,94,65,96,66,99,67,102,67,103,68,103,70,103,70,103,72,104,73,107,73,110,74,112,75,112,76,112,76,112,78,113,79,116,80,119,80,121,81,121,83,121,83,121,85,122,86,125,86,130,86,130,86,134,86,137,87,138,88,140,89,143,89,146,89,147,88,149,87,152,86,156,86,156,86,161,86,165,86,165,86,169,86,172,87,174,88,175,89,178,89,183,89,183,89,187,89,190,90,192,91,193,92,196,93,199,93,200,94,200,96,200,96,200,97,202,99,205,99,208,100,209,101,211,102,214,102,218,102,218,102,223,102,227,102,227,102,231,102,236,102,236,102,240,102,243,103,245,104,246,105,249,106,252,105,254,104,254,102,254,102,254,101,254,99,254,99,254,97,255,96,258,96,261,95,262,94,264,93,267,93,270,93,271,94,273,95,276,96,280,96,280,96,285,96,289,96,289,96,293,96,298,96,298,96,302,96,305,95,307,94,308,93,311,93,314,92,316,91,317,90,320,89,324,89,324,89,329,89,332,89,333,88,333,86,333,86,333,85,333,83,333,83,333,81,333,80,333,80,333,78,333,76,333,76,333,75,332,74,329,73
258,86,255,87,254,88,255,89,258,89,261,89,262,88,261,87,258,86
223,63,220,64,218,65,220,66,223,67,226,66,227,65,226,64,223,63
187,44,183,44,183,46,183,47,187,47,190,47,192,46,190,45,187,44
187,50,184,50,183,49,183,47,178,47,175,47,174,46,175,45,178,44,183,44,183,42,181,41,178,41,174,41,174,41,169,41,166,40,165,39,164,38,161,38,156,38,156,39,156,41,156,41,156,42,156,44,156,44,156,46,155,47,152,47,149,47,147,46,146,45,143,44,140,43,138,42,137,41,134,41,131,40,130,39,128,38,125,38,122,38,121,39,119,40,116,41,113,41,112,42,113,43,116,44,119,45,121,46,122,47,125,47,130,47,130,47,134,47,137,48,138,49,140,50,143,50,146,51,147,52,149,53,152,54,155,54,156,55,158,56,161,57,165,57,165,57,169,57,172,58,174,59,175,60,178,60,183,60,183,60,187,60,190,60,192,59,192,57,192,57,192,55,192,54,192,54,192,52,190,51,187,50
152,34,149,35,147,36,149,37,152,38,156,38,156,36,155,35,152,34
