630,248,626,248,626,248,621,248,618,248,617,246,615,245,612,245,609,245,608,246,608,248,608,248,608,250,608,251,608,251,608,253,609,254,612,255,615,255,617,256,618,257,621,258,624,258,626,259,627,261,630,261,630,248
603,238,600,239,599,240,600,241,603,242,606,241,608,240,606,239,603,238
595,232,590,232,590,234,592,235,595,235,598,235,599,234,598,232,595,232
586,225,581,225,581,227,581,229,581,229,581,230,583,231,586,232,590,232,590,230,590,229,590,229,590,227,589,226,586,225
577,212,574,212,572,211,571,210,568,209,565,209,564,208,562,207,559,206,555,206,555,206,550,206,547,205,546,204,546,203,546,203,546,201,544,200,541,200,537,200,537,200,533,200,530,199,528,198,527,197,524,196,519,196,519,196,515,196,512,196,510,195,509,194,506,193,503,194,502,195,500,196,497,196,494,197,493,198,493,200,493,200,493,201,491,202,488,203,485,203,484,204,482,205,479,206,475,206,475,206,471,206,466,206,466,206,462,206,457,206,457,206,453,206,450,207,448,208,448,209,453,209,456,210,457,211,457,212,457,212,457,214,459,215,462,216,466,216,466,216,471,216,475,216,475,216,479,216,482,215,484,214,485,213,488,212,493,212,493,212,497,212,502,212,502,212,506,212,509,213,510,214,512,215,515,216,518,216,519,217,521,218,524,219,528,219,528,219,533,219,537,219,537,219,541,219,544,219,546,221,547,222,550,222,553,222,555,221,556,219,559,219,564,219,564,217,565,216,568,216,572,216,572,216,577,216,580,215,581,214,580,213,577,212
577,219,572,219,572,219,568,219,564,219,564,221,565,222,568,222,571,223,572,224,574,225,577,225,581,225,581,224,581,222,581,222,581,221,580,219,577,219
479,193,476,194,475,195,475,196,479,196,482,196,484,195,482,194,479,193
471,196,468,197,466,198,468,199,471,200,474,199,475,198,475,196,471,196
444,209,440,209,440,209,435,209,432,210,431,211,432,212,435,212,440,212,440,212,444,212,447,212,448,211,448,209,444,209
417,225,414,226,413,227,414,228,417,229,420,228,422,227,420,226,417,225
