409,287,406,288,404,289,406,290,409,290,412,290,413,289,412,288,409,287
391,297,388,296,386,295,386,293,386,293,386,292,385,291,382,290,378,290,378,290,373,290,370,291,369,292,367,293,364,293,360,293,360,293,355,293,352,294,351,295,350,296,347,297,344,297,342,298,344,299,347,300,350,300,351,302,351,303,351,303,351,305,352,306,355,306,360,306,360,306,364,306,367,306,369,305,370,304,373,303,378,303,378,303,382,303,385,303,386,302,388,300,391,300,394,299,395,298,394,297,391,297
302,76,299,76,298,75,298,73,298,73,298,72,298,70,298,70,298,68,296,67,293,67,289,67,289,67,285,67,280,67,280,67,276,67,271,67,271,67,267,67,264,67,262,68,261,69,258,70,255,69,254,68,252,67,249,67,246,66,245,65,243,64,240,63,236,63,236,63,231,63,228,63,227,62,226,61,223,60,220,60,218,59,217,58,214,57,211,58,209,59,209,60,209,60,209,62,209,63,209,63,209,65,211,66,214,67,217,67,218,68,218,70,218,70,218,72,218,73,218,73,218,75,218,76,218,76,218,78,217,79,214,80,209,80,209,80,205,80,200,80,200,80,196,80,193,80,192,81,192,83,192,83,192,85,192,86,192,86,192,88,193,89,196,89,199,90,200,91,202,92,205,93,208,93,209,94,211,95,214,96,218,96,218,96,223,96,227,96,227,96,231,96,234,95,236,94,237,93,240,93,243,92,245,91,245,89,245,89,245,88,245,86,245,86,245,85,245,83,245,83,245,81,246,80,249,80,252,80,254,81,255,82,258,83,261,83,262,85,264,86,267,86,270,86,271,85,273,83,276,83,280,83,280,83,285,83,289,83,289,83,293,83,298,83,298,83,302,83,305,82,307,81,307,80,307,80,307,78,305,77,302,76
302,86,299,87,298,88,299,89,302,89,305,89,307,88,305,87,302,86
196,54,193,53,192,52,190,51,187,50,184,51,183,52,181,53,178,54,174,54,174,54,169,54,166,53,165,52,164,51,161,50,158,50,156,49,156,47,156,47,156,46,155,45,152,44,147,44,147,44,143,44,140,43,138,42,137,41,134,41,130,41,130,41,125,41,122,40,121,39,119,38,116,38,112,38,112,38,107,38,103,38,103,38,99,38,96,38,94,39,96,40,99,41,102,41,103,42,104,43,107,44,110,45,112,46,112,47,112,47,112,49,113,50,116,50,119,51,121,52,122,53,125,54,130,54,130,54,134,54,137,54,138,55,138,57,138,57,138,59,138,60,138,60,138,62,138,63,143,63,147,63,147,63,152,63,155,64,156,65,158,66,161,67,164,66,165,65,166,64,169,63,174,63,174,63,178,63,183,63,183,63,187,63,190,63,192,62,193,61,196,60,199,60,200,59,200,57,200,57,200,55,199,54,196,54
178,76,175,76,174,75,172,74,169,73,165,73,165,73,161,73,156,73,156,73,152,73,147,73,147,75,149,76,152,76,155,77,156,78,158,79,161,80,165,80,165,80,169,80,172,80,174,81,175,82,178,83,181,82,183,81,183,80,183,80,183,78,181,77,178,76
143,28,138,28,138,29,140,31,143,31,146,31,147,29,146,28,143,28
143,70,138,70,138,72,140,73,143,73,147,73,147,72,146,70,143,70
134,21,130,21,130,21,125,21,121,21,121,23,122,24,125,25,128,25,130,26,131,27,134,28,138,28,138,26,138,25,138,25,138,23,137,22,134,21
134,63,130,63,130,63,125,63,122,64,121,65,121,67,121,67,121,68,122,69,125,70,130,70,130,70,134,70,138,70,138,68,138,67,138,67,138,65,138,63,134,63
116,18,113,19,112,20,113,21,116,21,121,21,121,20,119,19,116,18
