426,293,423,294,422,295,423,296,426,297,429,296,431,295,429,294,426,293
400,300,395,300,395,300,391,300,388,300,386,302,388,303,391,303,395,303,395,303,400,303,403,303,404,302,403,300,400,300
382,306,379,307,378,308,376,309,373,310,370,310,369,311,367,312,364,313,361,313,360,315,360,316,360,316,360,318,360,319,360,319,360,321,361,322,364,323,367,322,369,321,370,320,373,319,376,319,378,318,379,317,382,316,385,316,386,315,386,313,386,313,386,311,386,310,386,310,386,308,385,307,382,306
347,83,344,82,342,81,342,80,342,80,342,78,341,77,338,76,335,76,333,75,332,74,329,73,326,74,324,75,324,76,324,76,324,78,323,79,320,80,317,80,316,81,316,83,316,83,316,85,316,86,316,86,316,88,316,89,316,89,316,91,314,92,311,93,308,93,307,94,307,96,307,96,307,97,305,99,302,99,299,100,298,101,298,102,298,102,298,104,296,105,293,106,289,106,289,106,285,106,282,106,280,107,279,108,276,109,271,109,271,109,267,109,264,109,262,110,261,112,258,112,254,112,254,112,249,112,245,112,245,112,240,112,236,112,236,112,231,112,228,113,227,114,226,115,223,115,218,115,218,115,214,115,211,116,209,117,211,118,214,119,218,119,218,119,223,119,226,119,227,120,227,122,231,122,236,122,236,122,240,122,243,122,245,123,246,124,249,125,254,125,254,125,258,125,262,125,262,125,267,125,270,126,271,127,271,128,276,128,279,129,280,130,282,131,285,131,289,131,289,131,293,131,298,131,298,131,302,131,305,131,307,130,307,128,307,128,307,127,307,125,307,125,307,123,308,122,311,122,314,121,316,120,317,119,320,119,323,118,324,117,326,116,329,115,332,115,333,114,335,113,338,112,341,111,342,110,342,109,342,109,342,107,342,106,342,106,342,104,344,103,347,102,350,102,351,101,351,99,351,99,351,97,351,96,351,96,351,94,351,93,351,93,351,91,351,89,351,89,351,88,351,86,351,86,351,85,350,83,347,83
347,319,344,320,342,321,344,322,347,323,350,322,351,321,350,320,347,319
302,329,299,330,298,331,299,332,302,332,305,332,307,331,305,330,302,329
267,128,264,129,262,130,264,131,267,131,270,131,271,130,271,128,267,128
223,122,220,122,218,123,218,125,218,125,218,127,220,128,223,128,226,128,227,127,227,125,227,125,227,123,227,122,223,122
205,125,200,125,200,127,202,128,205,128,208,128,209,127,208,126,205,125
196,122,192,122,192,123,193,124,196,125,200,125,200,123,199,122,196,122
187,119,184,119,183,120,184,121,187,122,192,122,192,120,190,119,187,119
161,115,156,115,156,117,158,118,161,119,164,118,165,117,164,116,161,115
152,112,147,112,147,112,143,112,138,112,138,114,140,115,143,115,147,115,147,115,152,115,156,115,156,114,155,113,152,112
134,109,130,109,130,109,125,109,121,109,121,110,122,111,125,112,130,112,130,112,134,112,138,112,138,110,137,109,134,109
116,106,112,106,112,107,113,108,116,109,121,109,121,107,119,106,116,106
107,102,104,103,103,104,104,105,107,106,112,106,112,104,110,103,107,102
