630,10,320,10,10,10,10,240,10,470,320,470,630,470,630,240,630,10
621,86,618,87,617,88,618,89,621,89,624,89,626,88,624,87,621,86
550,76,547,77,546,78,547,79,550,80,553,79,555,78,553,77,550,76
524,18,521,19,519,20,521,21,524,21,527,21,528,20,527,19,524,18
515,235,510,235,510,235,506,235,502,235,502,235,497,235,493,235,493,235,488,235,485,236,484,237,485,238,488,238,493,238,493,238,497,238,502,238,502,238,506,238,510,238,510,238,515,238,518,238,519,237,518,236,515,235
506,28,503,28,502,29,503,31,506,31,509,31,510,29,509,28,506,28
506,459,503,459,502,460,503,461,506,462,509,461,510,460,509,459,506,459
497,21,494,22,493,23,494,24,497,25,500,24,502,23,500,22,497,21
479,25,476,25,475,26,475,28,471,28,468,28,466,29,468,31,471,31,474,31,475,29,475,28,479,28,482,27,484,26,482,25,479,25
479,38,476,38,475,39,475,41,471,41,468,41,466,42,468,43,471,44,474,43,475,42,475,41,479,41,482,40,484,39,482,38,479,38
471,57,468,58,466,59,468,60,471,60,474,60,475,59,474,58,471,57
453,28,450,28,448,29,450,31,453,31,456,31,457,29,456,28,453,28
453,34,450,35,448,36,450,37,453,38,456,37,457,36,456,35,453,34
444,47,441,48,440,49,441,50,444,50,447,50,448,49,447,48,444,47
426,86,423,87,422,88,423,89,426,89,429,89,431,88,429,87,426,86
426,93,423,93,422,94,423,95,426,96,429,95,431,94,429,93,426,93
417,452,413,452,413,451,412,449,409,449,406,449,404,451,406,452,409,452,413,452,413,454,414,455,417,455,420,455,422,454,420,453,417,452
391,57,388,58,386,59,388,60,391,60,394,60,395,59,394,58,391,57
391,446,388,446,386,447,386,449,386,449,386,451,388,452,391,452,394,452,395,451,395,449,395,449,395,447,394,446,391,446
373,12,370,12,369,13,370,14,373,15,376,14,378,13,376,12,373,12
373,439,370,440,369,441,367,442,364,442,361,443,360,444,360,446,360,446,360,447,361,448,364,449,367,448,369,447,370,446,373,446,376,445,378,444,378,442,378,442,378,441,376,440,373,439
364,423,361,424,360,425,361,426,364,426,367,426,369,425,367,424,364,423
347,54,342,54,342,54,338,54,335,54,333,55,335,56,338,57,342,57,342,57,347,57,350,56,351,55,350,54,347,54
347,420,342,420,342,420,338,420,335,420,333,421,335,422,338,423,342,423,342,423,347,423,350,422,351,421,350,420,347,420
329,21,326,22,324,23,326,24,329,25,332,24,333,23,332,22,329,21
320,413,316,413,316,413,311,413,307,413,307,413,302,413,299,414,298,415,299,416,302,417,307,417,307,417,311,417,314,417,316,418,317,419,320,420,323,419,324,418,324,417,324,417,324,415,323,414,320,413
311,41,308,41,307,42,308,43,311,44,314,43,316,42,314,41,311,41
293,21,290,22,289,23,290,24,293,25,296,24,298,23,296,22,293,21
267,21,262,21,262,21,258,21,255,22,254,23,255,24,258,25,262,25,262,25,267,25,270,24,271,23,270,22,267,21
267,407,264,407,262,408,264,410,267,410,270,410,271,408,270,407,267,407
249,410,246,411,245,412,246,413,249,413,252,413,254,412,252,411,249,410
187,60,184,61,183,62,184,63,187,63,190,63,192,62,190,61,187,60
161,38,158,38,156,39,158,40,161,41,164,40,165,39,164,38,161,38
143,355,140,354,138,353,138,352,138,352,138,350,138,349,138,349,138,347,137,346,134,345,130,345,130,344,130,342,130,342,130,340,128,339,125,339,122,339,121,340,121,342,121,342,121,344,122,345,125,345,130,345,130,347,130,349,130,349,130,350,130,352,130,352,130,353,130,355,130,355,130,357,131,358,134,358,137,359,138,360,138,361,138,361,138,363,140,364,143,365,146,364,147,363,147,361,147,361,147,360,147,358,147,358,147,357,146,356,143,355
