564,10,564,12,568,12,571,12,572,13,572,15,572,15,572,16,572,18,577,18,580,19,581,20,581,21,581,21,581,23,583,24,586,25,589,25,590,26,590,28,590,28,590,29,589,31,586,31,581,31,581,31,577,31,574,31,572,29,572,28,572,28,572,26,572,25,572,25,572,23,572,21,572,21,572,20,572,18,568,18,565,18,564,16,564,15,564,15,564,13,564,12,559,12,556,11,555,10,282,10,10,10,10,240,10,470,440,470,440,468,435,468,431,468,431,468,426,468,423,468,422,467,423,466,426,465,431,465,431,465,435,465,438,466,440,467,440,468,444,468,447,469,448,470,539,470,630,470,630,240,630,10,564,10
612,125,609,126,608,127,609,128,612,128,615,128,617,127,615,126,612,125
603,80,600,79,599,78,599,76,599,76,599,75,599,73,599,73,599,72,598,70,595,70,592,69,590,68,589,67,586,67,583,67,581,68,581,70,581,70,581,72,583,73,586,73,589,74,590,75,590,76,590,76,590,78,590,80,590,80,590,81,592,82,595,83,599,83,599,83,603,83,606,82,608,81,606,80,603,80
603,112,599,112,599,110,598,109,595,109,590,109,590,109,586,109,583,108,581,107,580,106,577,106,574,105,572,104,571,103,568,102,564,102,564,102,559,102,556,103,555,104,555,106,555,106,555,107,555,109,555,109,555,110,556,112,559,112,562,113,564,114,565,115,568,115,572,115,572,115,577,115,580,115,581,114,583,113,586,112,590,112,590,112,595,112,599,112,599,114,600,115,603,115,606,115,608,114,606,113,603,112
550,93,547,93,546,94,547,95,550,96,553,95,555,94,553,93,550,93
550,115,546,115,546,115,541,115,538,115,537,114,536,113,533,112,528,112,528,112,524,112,519,112,519,112,515,112,512,113,510,114,510,115,510,115,510,117,509,118,506,119,503,118,502,117,500,116,497,115,493,115,493,115,488,115,484,115,484,115,479,115,476,116,475,117,475,119,475,119,475,120,475,122,475,122,475,123,476,124,479,125,482,126,484,127,485,128,488,128,491,129,493,130,494,131,497,131,500,132,502,133,503,134,506,135,509,135,510,136,510,138,510,138,510,140,510,141,510,141,510,143,509,144,506,144,503,144,502,143,500,142,497,141,493,141,493,141,488,141,485,141,484,140,482,138,479,138,476,138,475,140,475,141,475,141,475,143,476,144,479,144,482,145,484,146,484,148,484,148,484,149,485,150,488,151,491,151,493,153,494,154,497,154,500,155,502,156,503,157,506,157,509,158,510,159,512,160,515,161,518,160,519,159,521,158,524,157,527,157,528,156,530,155,533,154,536,154,537,153,537,151,537,151,537,149,537,148,537,148,537,146,537,144,537,144,537,143,537,141,537,141,537,140,537,138,537,138,537,136,537,135,537,135,537,133,537,131,537,131,537,130,538,129,541,128,544,128,546,127,546,125,546,125,546,123,547,122,550,122,553,121,555,120,555,119,555,119,555,117,553,116,550,115
533,25,528,25,528,25,524,25,519,25,519,23,519,21,519,21,519,20,518,19,515,18,510,18,510,18,506,18,502,18,502,18,497,18,494,19,493,20,491,21,488,21,485,22,484,23,485,24,488,25,491,25,493,26,494,27,497,28,502,28,502,28,506,28,509,27,510,26,512,25,515,25,519,25,519,26,519,28,519,28,519,29,518,31,515,31,512,32,510,33,510,34,510,34,510,36,512,37,515,38,518,38,519,39,519,41,519,41,519,42,519,44,519,44,519,46,519,47,519,47,519,49,521,50,524,50,527,50,528,49,528,47,528,47,528,46,530,45,533,44,536,43,537,42,536,41,533,41,530,40,528,39,528,38,528,38,528,36,528,34,528,34,528,33,530,32,533,31,536,31,537,29,537,28,537,28,537,26,536,25,533,25
515,54,510,54,510,52,509,51,506,50,503,51,502,52,503,53,506,54,510,54,510,55,512,56,515,57,518,56,519,55,518,54,515,54
479,96,476,96,475,97,475,99,471,99,468,100,466,101,468,102,471,102,474,102,475,101,475,99,479,99,482,99,484,97,482,96,479,96
453,12,450,12,448,13,448,15,444,15,441,15,440,16,438,18,435,18,432,19,431,20,431,21,431,21,431,23,431,25,431,25,431,26,429,27,426,28,423,28,422,29,422,31,422,31,422,33,422,34,422,34,422,36,422,38,422,38,422,39,423,40,426,41,429,40,431,39,431,38,431,38,431,36,432,35,435,34,438,34,440,33,441,32,444,31,447,32,448,33,450,34,453,34,456,34,457,33,457,31,457,31,457,29,456,28,453,28,450,27,448,26,450,25,453,25,456,24,457,23,457,21,457,21,457,20,456,19,453,18,450,18,448,16,448,15,453,15,456,14,457,13,456,12,453,12
444,50,440,50,440,50,435,50,432,50,431,49,431,47,431,47,431,46,429,45,426,44,422,44,422,44,417,44,414,45,413,46,413,47,413,47,413,49,413,50,413,50,413,52,414,53,417,54,420,54,422,55,423,56,426,57,429,58,431,59,432,60,435,60,438,60,440,59,440,57,440,57,440,55,441,54,444,54,447,53,448,52,447,51,444,50
444,93,441,93,440,94,441,95,444,96,447,95,448,94,447,93,444,93
444,99,441,100,440,101,441,102,444,102,447,102,448,101,447,100,444,99
426,83,423,83,422,85,423,86,426,86,429,86,431,85,429,83,426,83
426,102,423,102,422,101,420,100,417,99,414,100,413,101,413,102,413,102,413,104,414,105,417,106,422,106,422,106,426,106,429,105,431,104,429,103,426,102
409,73,406,74,404,75,406,76,409,76,412,76,413,75,412,74,409,73
409,93,404,93,404,93,400,93,395,93,395,93,391,93,388,93,386,94,388,95,391,96,395,96,395,96,400,96,404,96,404,96,409,96,412,95,413,94,412,93,409,93
409,462,406,462,404,464,406,465,409,465,412,465,413,464,412,462,409,462
355,54,351,54,351,54,347,54,344,54,342,55,344,56,347,57,351,57,351,57,355,57,358,56,360,55,358,54,355,54
178,349,174,349,174,349,169,349,166,349,165,350,166,351,169,352,174,352,174,352,178,352,181,351,183,350,181,349,178,349
161,436,156,436,156,436,152,436,147,436,147,434,146,433,143,433,138,433,138,433,134,433,131,433,130,434,131,435,134,436,138,436,138,436,143,436,147,436,147,438,149,439,152,439,156,439,156,439,161,439,164,439,165,438,164,437,161,436
134,352,131,352,130,353,130,355,125,355,122,356,121,357,122,358,125,358,128,358,130,357,130,355,134,355,137,354,138,353,137,352,134,352
63,410,60,411,59,412,60,413,63,413,66,413,68,412,66,411,63,410
533,119,530,119,528,120,528,122,528,122,528,123,528,125,533,125,536,124,537,123,537,122,537,122,537,120,536,119,533,119
524,125,519,125,519,125,515,125,512,126,510,127,510,128,510,128,510,130,512,131,515,131,518,131,519,130,521,129,524,128,527,128,528,127,528,125,524,125
524,144,521,145,519,146,518,147,515,148,512,148,510,149,512,150,515,151,519,151,519,151,524,151,527,150,528,149,528,148,528,148,528,146,527,145,524,144
