10,342,13,343,14,344,14,345,14,345,14,347,14,349,19,349,22,349,23,350,23,352,23,352,23,353,23,355,28,355,31,356,32,357,32,358,32,358,32,360,34,361,37,361,40,362,41,363,41,365,41,365,41,366,40,367,37,368,34,367,32,366,31,365,28,365,25,364,23,363,23,361,23,361,23,360,23,358,23,358,23,357,23,355,19,355,16,354,14,353,14,352,14,352,14,350,14,349,10,349,10,409,10,470,320,470,630,470,630,240,630,10,320,10,10,10,10,342
586,170,581,170,581,169,581,167,581,167,581,165,580,164,577,164,572,164,572,164,568,164,564,164,564,164,559,164,556,164,555,165,556,167,559,167,564,167,564,167,568,167,571,168,572,169,574,170,577,170,581,170,581,172,583,173,586,174,589,173,590,172,589,171,586,170
559,365,556,365,555,366,556,367,559,368,562,367,564,366,562,365,559,365
541,47,538,48,537,49,538,50,541,50,544,50,546,49,544,48,541,47
541,125,538,124,537,123,536,122,533,122,530,122,528,123,528,125,528,125,528,127,528,128,528,128,528,130,527,131,524,131,521,132,519,133,521,134,524,135,527,135,528,136,530,137,533,138,536,137,537,136,537,135,537,135,537,133,537,131,537,131,537,130,538,129,541,128,544,128,546,127,544,126,541,125
541,154,538,154,537,153,536,151,533,151,530,151,528,153,527,154,524,154,519,154,519,153,518,151,515,151,512,151,510,153,512,154,515,154,519,154,519,156,521,157,524,157,528,157,528,157,533,157,537,157,537,157,541,157,544,157,546,156,544,155,541,154
515,138,512,138,510,140,510,141,510,141,510,143,512,144,515,144,518,144,519,143,519,141,519,141,519,140,518,138,515,138
488,86,485,87,484,88,485,89,488,89,491,89,493,88,491,87,488,86
479,76,476,77,475,78,476,79,479,80,482,79,484,78,482,77,479,76
320,442,316,442,316,442,311,442,308,443,307,444,308,445,311,446,316,446,316,446,320,446,323,445,324,444,323,443,320,442
293,446,289,446,289,446,285,446,280,446,280,446,276,446,271,446,271,446,267,446,264,446,262,447,264,448,267,449,271,449,271,449,276,449,280,449,280,449,285,449,289,449,289,449,293,449,296,448,298,447,296,446,293,446
90,277,87,277,85,276,84,275,81,274,76,274,76,274,72,274,68,274,68,274,63,274,59,274,59,274,54,274,51,275,50,276,50,277,50,277,50,279,50,280,50,280,50,282,51,283,54,284,57,283,59,282,60,281,63,280,66,280,68,279,69,278,72,277,75,278,76,279,78,280,81,280,84,281,85,282,85,284,85,284,85,285,87,286,90,287,93,286,94,285,94,284,94,284,94,282,94,280,94,280,94,279,93,278,90,277
90,400,85,400,85,399,85,397,85,397,85,395,84,394,81,394,76,394,76,394,72,394,69,394,68,395,69,397,72,397,75,398,76,399,78,400,81,400,85,400,85,402,87,403,90,404,93,403,94,402,93,401,90,400
54,420,51,420,50,421,51,422,54,423,57,422,59,421,57,420,54,420
