555,10,555,12,559,12,562,12,564,13,564,15,564,15,564,16,562,18,559,18,556,18,555,16,555,15,555,15,555,13,555,12,550,12,547,11,546,10,278,10,10,10,10,326,14,326,14,324,16,323,19,323,22,323,23,324,22,325,19,326,14,326,14,327,13,329,10,329,10,400,10,470,320,470,630,470,630,240,630,10,555,10
586,31,581,31,581,29,580,28,577,28,572,28,572,26,572,25,572,25,572,23,571,22,568,21,565,22,564,23,564,25,564,25,564,26,565,27,568,28,572,28,572,29,574,31,577,31,581,31,581,33,581,34,581,34,581,36,583,37,586,38,589,37,590,36,590,34,590,34,590,33,589,32,586,31
586,47,583,48,581,49,583,50,586,50,589,50,590,49,589,48,586,47
577,54,574,53,572,52,571,51,568,50,565,51,564,52,564,54,564,54,564,55,564,57,564,57,564,59,565,60,568,60,571,60,572,59,574,58,577,57,580,56,581,55,580,54,577,54
568,38,565,38,564,39,565,40,568,41,571,40,572,39,571,38,568,38
550,34,547,35,546,36,547,37,550,38,553,37,555,36,553,35,550,34
550,44,547,45,546,46,546,47,546,47,546,49,546,50,546,50,546,52,547,53,550,54,553,53,555,52,555,50,555,50,555,49,555,47,555,47,555,46,553,45,550,44
533,141,528,141,528,141,524,141,521,142,519,143,521,144,524,144,528,144,528,144,533,144,536,144,537,143,536,142,533,141
533,161,530,161,528,162,530,163,533,164,536,163,537,162,536,161,533,161
524,128,521,129,519,130,521,131,524,131,527,131,528,130,527,129,524,128
364,125,361,126,360,127,361,128,364,128,367,128,369,127,367,126,364,125
338,248,335,249,333,250,335,251,338,251,341,251,342,250,341,249,338,248
161,352,158,352,156,353,158,354,161,355,164,354,165,353,164,352,161,352
152,436,147,436,147,436,143,436,140,437,138,438,140,439,143,439,147,439,147,439,152,439,155,439,156,438,155,437,152,436
116,352,112,352,112,352,107,352,104,352,103,353,103,355,103,355,103,357,103,358,103,358,103,360,104,361,107,361,110,361,112,360,113,359,116,358,119,358,121,357,121,355,121,355,121,353,119,352,116,352
