85,470,87,469,90,468,93,469,94,470,362,470,630,470,630,240,630,10,320,10,10,10,10,240,10,470,85,470
524,15,521,15,519,16,519,18,519,18,519,20,521,21,524,21,527,21,528,20,528,18,528,18,528,16,527,15,524,15
471,148,468,148,466,149,468,150,471,151,474,150,475,149,474,148,471,148
471,154,468,155,466,156,468,157,471,157,474,157,475,156,474,155,471,154
462,106,459,106,457,107,457,109,457,109,457,110,459,112,462,112,465,112,466,110,466,109,466,109,466,107,465,106,462,106
417,102,414,103,413,104,414,105,417,106,420,105,422,104,420,103,417,102
391,187,388,187,386,188,388,189,391,190,394,189,395,188,394,187,391,187
373,465,370,466,369,467,370,468,373,468,376,468,378,467,376,466,373,465
347,70,344,70,342,72,344,73,347,73,350,73,351,72,350,70,347,70
329,452,326,453,324,454,326,455,329,455,332,455,333,454,332,453,329,452
293,442,289,442,289,442,285,442,280,442,280,441,279,440,276,439,271,439,271,438,270,437,267,436,262,436,262,434,261,433,258,433,255,432,254,431,252,430,249,430,246,429,245,428,245,426,245,426,245,425,243,424,240,423,237,424,236,425,234,426,231,426,228,427,227,428,228,429,231,430,234,430,236,431,237,432,240,433,243,433,245,434,246,435,249,436,254,436,254,436,258,436,262,436,262,438,264,439,267,439,271,439,271,441,273,442,276,442,280,442,280,444,282,445,285,446,289,446,289,446,293,446,296,445,298,444,296,443,293,442
258,144,255,145,254,146,255,147,258,148,261,147,262,146,261,145,258,144
205,417,202,416,200,415,199,414,196,413,192,413,192,413,187,413,184,414,183,415,184,416,187,417,190,417,192,418,193,419,196,420,200,420,200,420,205,420,208,419,209,418,208,417,205,417
196,119,193,118,192,117,192,115,192,115,192,114,190,113,187,112,183,112,183,112,178,112,175,113,174,114,174,115,174,115,174,117,175,118,178,119,181,119,183,120,184,121,187,122,190,122,192,123,192,125,192,125,192,127,193,128,196,128,199,128,200,127,200,125,200,125,200,123,200,122,200,122,200,120,199,119,196,119
178,384,175,385,174,386,175,387,178,387,181,387,183,386,181,385,178,384
169,378,166,378,165,379,166,380,169,381,172,380,174,379,172,378,169,378
161,371,158,372,156,373,158,374,161,374,164,374,165,373,164,372,161,371
143,122,140,122,138,123,138,125,138,125,138,127,138,128,138,128,138,130,138,131,138,131,138,133,140,134,143,135,146,134,147,133,147,131,147,131,147,130,147,128,147,128,147,127,147,125,147,125,147,123,146,122,143,122
37,251,32,251,32,250,31,249,28,248,23,248,23,246,22,245,19,245,16,245,14,246,16,248,19,248,23,248,23,250,25,251,28,251,32,251,32,253,34,254,37,255,40,254,41,253,40,252,37,251
