10,219,13,219,14,221,14,222,14,222,14,224,14,225,14,225,14,227,13,228,10,229,10,349,10,470,320,470,630,470,630,131,627,131,626,130,627,129,630,128,630,69,630,10,320,10,10,10,10,219
603,135,599,135,599,135,595,135,592,135,590,136,592,137,595,138,599,138,599,138,603,138,606,137,608,136,606,135,603,135
568,125,565,124,564,123,562,122,559,122,556,122,555,123,555,125,555,125,555,127,556,128,559,128,564,128,564,128,568,128,571,128,572,127,571,126,568,125
559,141,556,142,555,143,555,144,550,144,546,144,546,144,541,144,538,145,537,146,538,147,541,148,546,148,546,148,550,148,553,147,555,146,555,144,559,144,562,144,564,143,562,142,559,141
515,119,510,119,510,119,506,119,503,118,502,117,500,116,497,115,494,116,493,117,493,119,493,119,493,120,494,121,497,122,502,122,502,122,506,122,509,122,510,123,512,124,515,125,518,124,519,123,519,122,519,122,519,120,518,119,515,119
506,245,503,245,502,246,503,248,506,248,509,248,510,246,509,245,506,245
479,119,476,119,475,120,475,122,475,122,475,123,476,124,479,125,482,124,484,123,484,122,484,122,484,120,482,119,479,119
471,135,468,135,466,136,468,137,471,138,474,137,475,136,474,135,471,135
409,345,406,346,404,347,404,349,404,349,404,350,404,352,404,352,404,353,406,354,409,355,412,354,413,353,413,352,413,352,413,350,413,349,413,349,413,347,412,346,409,345
400,180,397,181,395,182,397,183,400,183,403,183,404,182,403,181,400,180
400,459,397,459,395,460,394,461,391,462,388,462,386,464,385,465,382,465,379,466,378,467,379,468,382,468,386,468,386,468,391,468,394,468,395,467,397,466,400,465,403,465,404,464,404,462,404,462,404,460,403,459,400,459
391,138,388,138,386,140,386,141,382,141,379,142,378,143,378,144,373,144,369,144,369,144,364,144,361,145,360,146,361,147,364,148,369,148,369,148,373,148,376,147,378,146,378,144,382,144,385,144,386,143,386,141,391,141,394,141,395,140,394,138,391,138
373,135,370,135,369,136,370,137,373,138,376,137,378,136,376,135,373,135
347,449,344,449,342,451,344,452,347,452,350,452,351,451,350,449,347,449
320,442,317,442,316,441,314,440,311,439,307,439,307,439,302,439,298,439,298,439,293,439,289,439,289,438,288,437,285,436,280,436,280,434,279,433,276,433,273,432,271,431,270,430,267,430,262,430,262,430,258,430,255,430,254,431,255,432,258,433,261,433,262,434,264,435,267,436,271,436,271,436,276,436,280,436,280,438,282,439,285,439,289,439,289,441,290,442,293,442,298,442,298,442,302,442,305,443,307,444,308,445,311,446,316,446,316,446,320,446,323,445,324,444,323,443,320,442
302,138,298,138,298,138,293,138,290,138,289,140,290,141,293,141,298,141,298,141,302,141,305,141,307,140,305,138,302,138
240,316,237,317,236,318,237,319,240,319,243,319,245,318,243,317,240,316
223,112,220,111,218,110,218,109,218,109,218,107,217,106,214,106,209,106,209,106,205,106,200,106,200,106,196,106,193,106,192,107,193,108,196,109,199,109,200,110,200,112,200,112,200,114,202,115,205,115,208,116,209,117,211,118,214,119,217,118,218,117,220,116,223,115,226,115,227,114,226,113,223,112
214,310,209,310,209,308,208,307,205,306,202,307,200,308,202,309,205,310,209,310,209,311,211,312,214,313,217,312,218,311,217,310,214,310
205,417,202,416,200,415,199,414,196,413,192,413,192,413,187,413,184,414,183,415,184,416,187,417,190,417,192,418,193,419,196,420,200,420,200,420,205,420,208,419,209,418,208,417,205,417
178,96,175,96,174,97,175,99,178,99,181,99,183,97,181,96,178,96
178,381,174,381,174,381,169,381,165,381,165,379,164,378,161,378,156,378,156,376,156,374,156,374,156,373,158,372,161,371,164,371,165,370,164,368,161,368,158,367,156,366,155,365,152,365,149,364,147,363,147,361,147,361,147,360,146,359,143,358,140,359,138,360,138,361,138,361,138,363,138,365,138,365,138,366,140,367,143,368,146,369,147,370,147,371,147,371,147,373,147,374,147,374,147,376,149,377,152,378,156,378,156,379,158,380,161,381,165,381,165,383,166,384,169,384,174,384,174,384,178,384,181,384,183,383,181,381,178,381
169,290,165,290,165,289,165,287,165,287,165,285,165,284,165,284,165,282,164,281,161,280,156,280,156,280,152,280,149,281,147,282,149,283,152,284,155,284,156,285,156,287,156,287,156,289,158,290,161,290,165,290,165,292,166,293,169,293,172,293,174,292,172,291,169,290
143,73,140,74,138,75,138,76,138,76,138,78,138,80,138,80,138,81,140,82,143,83,146,82,147,81,147,80,147,80,147,78,147,76,147,76,147,75,146,74,143,73
143,112,140,113,138,114,138,115,138,115,138,117,138,119,138,119,138,120,140,121,143,122,146,121,147,120,147,119,147,119,147,117,147,115,147,115,147,114,146,113,143,112
90,264,85,264,85,263,84,262,81,261,76,261,76,259,75,258,72,258,69,258,68,259,69,261,72,261,76,261,76,263,78,264,81,264,85,264,85,266,87,267,90,268,93,267,94,266,93,265,90,264
63,251,60,252,59,253,60,254,63,255,66,254,68,253,66,252,63,251
37,238,34,239,32,240,34,241,37,242,40,241,41,240,40,239,37,238
