555,10,555,12,559,12,562,12,564,13,564,15,564,15,564,16,564,18,568,18,571,19,572,20,572,21,572,21,572,23,574,24,577,25,580,25,581,26,581,28,581,28,581,29,580,31,577,31,574,31,572,29,571,28,568,28,565,27,564,26,564,25,564,25,564,23,564,21,564,21,564,20,564,18,559,18,556,18,555,16,555,15,555,15,555,13,555,12,550,12,547,11,546,10,278,10,10,10,10,326,13,326,14,327,14,329,14,329,14,331,13,332,10,332,10,401,10,470,320,470,630,470,630,240,630,10,555,10
586,38,583,37,581,36,580,35,577,34,572,34,572,34,568,34,565,35,564,36,564,38,564,38,564,39,565,40,568,41,571,41,572,42,574,43,577,44,580,43,581,42,583,41,586,41,589,40,590,39,589,38,586,38
586,47,583,48,581,49,583,50,586,50,589,50,590,49,589,48,586,47
568,54,565,54,564,55,565,56,568,57,571,56,572,55,571,54,568,54
550,31,546,31,546,31,541,31,538,31,537,29,537,28,537,28,537,26,536,25,533,25,528,25,528,25,524,25,521,25,519,26,519,28,519,28,519,29,519,31,519,31,519,33,521,34,524,34,527,35,528,36,528,38,524,38,521,38,519,39,519,41,519,41,519,42,521,43,524,44,528,44,528,46,528,47,528,47,528,49,528,50,528,50,528,52,530,53,533,54,536,53,537,52,538,51,541,50,546,50,546,50,550,50,553,50,555,49,555,47,555,47,555,46,555,44,555,44,555,42,555,41,555,41,555,39,555,38,555,38,555,36,555,34,555,34,555,33,553,32,550,31
550,157,546,157,546,156,544,155,541,154,538,155,537,156,538,157,541,157,546,157,546,159,547,160,550,161,553,160,555,159,553,158,550,157
541,141,537,141,537,141,533,141,530,141,528,140,527,138,524,138,519,138,519,136,518,135,515,135,510,135,510,135,506,135,503,134,502,133,502,131,502,131,502,130,502,128,502,128,502,127,502,125,502,125,502,123,502,122,502,122,502,120,502,119,502,119,502,117,500,116,497,115,494,115,493,114,493,112,493,112,493,110,493,109,493,109,493,107,493,106,493,106,493,104,494,103,497,102,500,102,502,101,502,99,502,99,502,97,500,96,497,96,494,95,493,94,493,93,493,93,493,91,491,90,488,89,485,90,484,91,484,93,484,93,484,94,482,95,479,96,476,96,475,97,475,99,475,99,475,101,475,102,475,102,475,104,475,106,475,106,475,107,475,109,475,109,475,110,475,112,475,112,475,114,475,115,475,115,475,117,474,118,471,119,468,119,466,120,466,122,466,122,466,123,466,125,466,125,466,127,466,128,466,128,466,130,465,131,462,131,459,132,457,133,457,135,457,135,457,136,459,137,462,138,465,139,466,140,468,141,471,141,474,142,475,143,475,144,475,144,475,146,475,148,475,148,475,149,476,150,479,151,484,151,484,151,488,151,493,151,493,151,497,151,500,151,502,153,502,154,502,154,502,156,503,157,506,157,509,157,510,156,510,154,510,154,510,153,510,151,510,151,510,149,509,148,506,148,503,147,502,146,502,144,502,144,502,143,502,141,502,141,502,140,503,139,506,138,510,138,510,138,515,138,519,138,519,140,519,141,519,141,519,143,519,144,519,144,519,146,519,148,519,148,519,149,521,150,524,151,528,151,528,151,533,151,536,150,537,149,537,148,537,148,537,146,538,145,541,144,544,144,546,143,544,142,541,141
524,112,521,113,519,114,519,115,519,115,519,117,519,119,519,119,519,120,519,122,519,122,519,123,519,125,519,125,519,127,521,128,524,128,527,128,528,127,528,125,528,125,528,123,528,122,528,122,528,120,528,119,528,119,528,117,528,115,528,115,528,114,527,113,524,112
515,268,512,268,510,269,510,271,510,271,510,272,510,274,510,274,510,276,510,277,510,277,510,279,510,280,510,280,510,282,510,284,510,284,510,285,510,287,510,287,510,289,512,290,515,290,518,290,519,289,519,287,519,287,519,285,519,284,519,284,519,282,519,280,519,280,519,279,519,277,519,277,519,276,519,274,519,274,519,272,519,271,519,271,519,269,518,268,515,268
506,50,503,51,502,52,502,54,502,54,502,55,503,56,506,57,509,56,510,55,510,54,510,54,510,52,509,51,506,50
506,323,503,322,502,321,502,319,502,319,502,318,502,316,502,316,502,315,500,313,497,313,494,313,493,315,493,316,493,316,493,318,493,319,493,319,493,321,493,323,493,323,493,324,493,326,493,326,493,327,494,329,497,329,502,329,502,329,506,329,509,329,510,327,510,326,510,326,510,324,509,323,506,323
471,31,468,31,466,29,465,28,462,28,457,28,457,28,453,28,448,28,448,28,444,28,441,27,440,26,438,25,435,25,432,25,431,26,429,27,426,28,422,28,422,28,417,28,414,28,413,29,413,31,413,31,413,33,414,34,417,34,420,35,422,36,423,37,426,38,431,38,431,38,435,38,438,37,440,36,440,34,440,34,440,33,441,32,444,31,448,31,448,31,453,31,456,32,457,33,459,34,462,34,466,34,466,34,471,34,474,34,475,33,474,32,471,31
471,384,466,384,466,383,466,381,466,381,466,379,465,378,462,378,459,378,457,379,457,381,457,381,457,383,459,384,462,384,466,384,466,386,466,387,466,387,466,389,468,390,471,391,474,390,475,389,475,387,475,387,475,386,474,385,471,384
453,371,450,372,448,373,450,374,453,374,456,374,457,373,456,372,453,371
444,119,441,119,440,120,441,121,444,122,447,121,448,120,447,119,444,119
435,452,432,452,431,451,429,449,426,449,423,448,422,447,420,446,417,446,414,446,413,447,413,449,413,449,413,451,412,452,409,452,406,453,404,454,404,455,404,455,404,457,406,458,409,459,413,459,413,459,417,459,420,458,422,457,423,456,426,455,431,455,431,455,435,455,438,455,440,454,438,453,435,452
382,135,379,135,378,136,379,137,382,138,385,137,386,136,385,135,382,135
364,125,361,126,360,127,361,128,364,128,367,128,369,127,367,126,364,125
364,138,361,138,360,140,361,141,364,141,367,141,369,140,367,138,364,138
364,248,361,249,360,250,361,251,364,251,367,251,369,250,367,249,364,248
355,131,352,132,351,133,352,134,355,135,358,134,360,133,358,132,355,131
338,248,333,248,333,246,332,245,329,245,326,245,324,246,326,248,329,248,333,248,333,250,335,251,338,251,341,251,342,250,341,249,338,248
311,235,308,236,307,237,308,238,311,238,314,238,316,237,314,236,311,235
267,15,264,15,262,16,264,18,267,18,270,18,271,16,270,15,267,15
223,112,218,112,218,112,214,112,209,112,209,112,205,112,202,113,200,114,199,115,196,115,192,115,192,115,187,115,183,115,183,115,178,115,174,115,174,115,169,115,166,116,165,117,164,118,161,119,158,119,156,120,158,121,161,122,165,122,165,122,169,122,174,122,174,122,178,122,181,121,183,120,184,119,187,119,192,119,192,119,196,119,200,119,200,119,205,119,209,119,209,119,214,119,217,118,218,117,220,116,223,115,226,115,227,114,226,113,223,112
223,352,218,352,218,352,214,352,211,352,209,353,211,354,214,355,218,355,218,355,223,355,226,354,227,353,226,352,223,352
187,349,184,349,183,350,183,352,178,352,174,352,174,350,172,349,169,349,165,349,165,349,161,349,156,349,156,349,152,349,149,349,147,350,147,352,143,352,140,352,138,353,140,354,143,355,146,354,147,353,147,352,152,352,155,352,156,353,158,354,161,355,164,354,165,353,166,352,169,352,174,352,174,353,175,354,178,355,181,354,183,353,183,352,187,352,190,351,192,350,190,349,187,349
152,436,147,436,147,436,143,436,140,437,138,438,140,439,143,439,147,439,147,439,152,439,155,439,156,438,155,437,152,436
134,119,130,119,130,119,125,119,121,119,121,119,116,119,112,119,112,119,107,119,103,119,103,119,99,119,96,119,94,120,93,121,90,122,85,122,85,122,81,122,78,122,76,123,76,125,72,125,69,126,68,127,69,128,72,128,75,128,76,127,76,125,81,125,85,125,85,125,90,125,94,125,94,125,99,125,103,125,103,125,107,125,112,125,112,125,116,125,119,124,121,123,122,122,125,122,130,122,130,122,134,122,137,121,138,120,137,119,134,119
116,352,112,352,112,352,107,352,103,352,103,352,99,352,96,352,94,353,96,354,99,355,102,356,103,357,103,358,103,358,103,360,104,361,107,361,110,361,112,360,113,359,116,358,119,358,121,357,121,355,121,355,121,353,119,352,116,352
54,430,51,430,50,431,51,432,54,433,57,432,59,431,57,430,54,430
533,38,528,38,528,39,528,41,528,41,528,42,528,44,533,44,536,43,537,42,537,41,537,41,537,39,536,38,533,38
