85,470,87,469,90,468,93,469,94,470,362,470,630,470,630,240,630,10,320,10,10,10,10,240,10,470,85,470
621,122,618,122,617,123,618,124,621,125,624,124,626,123,624,122,621,122
595,28,592,28,590,29,592,31,595,31,598,31,599,29,598,28,595,28
595,80,592,80,590,81,592,82,595,83,598,82,599,81,598,80,595,80
577,106,574,106,572,107,574,108,577,109,580,108,581,107,580,106,577,106
541,89,538,90,537,91,538,92,541,93,544,92,546,91,544,90,541,89
533,115,528,115,528,115,524,115,521,115,519,114,518,113,515,112,512,113,510,114,510,115,510,115,510,117,512,118,515,119,519,119,519,119,524,119,528,119,528,119,533,119,536,118,537,117,536,116,533,115
533,131,530,132,528,133,530,134,533,135,536,134,537,133,536,132,533,131
524,28,521,28,519,29,521,31,524,31,527,31,528,29,527,28,524,28
515,151,512,151,510,153,512,154,515,154,518,154,519,153,518,151,515,151
497,21,494,22,493,23,493,25,493,25,493,26,494,27,497,28,500,27,502,26,502,25,502,25,502,23,500,22,497,21
497,47,494,48,493,49,494,50,497,50,500,50,502,49,500,48,497,47
462,18,457,18,457,18,453,18,450,18,448,16,447,15,444,15,441,15,440,16,438,18,435,18,432,19,431,20,431,21,431,21,431,23,432,24,435,25,438,25,440,26,441,27,444,28,447,27,448,26,450,25,453,25,456,24,457,23,459,22,462,21,465,21,466,20,465,19,462,18
453,47,450,48,448,49,450,50,453,50,456,50,457,49,456,48,453,47
444,93,441,93,440,94,441,95,444,96,447,95,448,94,447,93,444,93
435,83,432,83,431,85,432,86,435,86,438,86,440,85,438,83,435,83
426,34,423,35,422,36,423,37,426,38,429,37,431,36,429,35,426,34
417,76,414,77,413,78,414,79,417,80,420,79,422,78,420,77,417,76
382,18,379,19,378,20,379,21,382,21,385,21,386,20,385,19,382,18
373,31,370,32,369,33,370,34,373,34,376,34,378,33,376,32,373,31
364,76,360,76,360,76,355,76,352,77,351,78,352,79,355,80,360,80,360,80,364,80,367,79,369,78,367,77,364,76
338,73,335,74,333,75,335,76,338,76,341,76,342,75,341,74,338,73
320,70,317,70,316,72,317,73,320,73,323,73,324,72,323,70,320,70
143,433,138,433,138,431,137,430,134,430,131,430,130,431,131,432,134,433,138,433,138,434,140,435,143,436,146,435,147,434,146,433,143,433
