85,470,87,469,90,468,93,469,94,470,362,470,630,470,630,242,627,241,626,240,627,239,630,238,630,124,630,10,320,10,10,10,10,240,10,470,85,470
471,148,468,148,466,149,468,150,471,151,474,150,475,149,474,148,471,148
462,106,459,106,457,107,457,109,457,109,457,110,459,112,462,112,465,112,466,110,466,109,466,109,466,107,465,106,462,106
417,102,414,103,413,104,413,106,413,106,413,107,414,108,417,109,420,108,422,107,422,106,422,106,422,104,420,103,417,102
347,70,344,70,342,72,344,73,347,73,350,73,351,72,350,70,347,70
329,452,326,453,324,454,326,455,329,455,332,455,333,454,332,453,329,452
293,442,289,442,289,442,285,442,280,442,280,441,279,440,276,439,271,439,271,438,270,437,267,436,264,435,262,434,261,433,258,433,255,432,254,431,252,430,249,430,246,429,245,428,243,427,240,426,236,426,236,426,231,426,227,426,227,425,226,424,223,423,220,424,218,425,220,426,223,426,227,426,227,428,228,429,231,430,234,430,236,431,236,433,236,433,236,434,237,435,240,436,245,436,245,436,249,436,252,437,254,438,255,439,258,439,262,439,262,439,267,439,271,439,271,441,273,442,276,442,280,442,280,444,282,445,285,446,289,446,289,446,293,446,296,445,298,444,296,443,293,442
267,148,262,148,262,146,261,145,258,144,254,144,254,144,249,144,246,145,245,146,246,147,249,148,254,148,254,148,258,148,262,148,262,149,264,150,267,151,270,150,271,149,270,148,267,148
205,128,202,128,200,127,200,125,200,125,200,123,199,122,196,122,193,121,192,120,192,119,192,119,192,117,190,116,187,115,184,115,183,114,181,113,178,112,175,113,174,114,174,115,174,115,174,117,174,119,174,119,174,120,175,121,178,122,181,122,183,123,184,124,187,125,190,126,192,127,192,128,192,128,192,130,193,131,196,131,200,131,200,131,205,131,208,131,209,130,208,129,205,128
205,417,200,417,200,417,196,417,192,417,192,415,190,414,187,413,184,414,183,415,184,416,187,417,192,417,192,418,193,419,196,420,200,420,200,420,205,420,208,419,209,418,208,417,205,417
178,384,175,385,174,386,175,387,178,387,181,387,183,386,181,385,178,384
169,378,166,378,165,379,166,380,169,381,172,380,174,379,172,378,169,378
161,371,158,372,156,373,158,374,161,374,164,374,165,373,164,372,161,371
143,122,140,122,138,123,138,125,138,125,138,127,138,128,138,128,138,130,138,131,138,131,138,133,140,134,143,135,146,134,147,133,147,131,147,131,147,130,147,128,147,128,147,127,147,125,147,125,147,123,146,122,143,122
37,251,34,252,32,253,34,254,37,255,40,254,41,253,40,252,37,251
