581,10,581,12,581,12,581,13,581,15,581,15,581,16,581,18,586,18,589,19,590,20,590,21,590,21,590,23,589,24,586,25,583,24,581,23,581,21,581,21,581,20,581,18,577,18,574,18,572,16,572,15,572,15,572,13,572,12,572,12,572,10,291,10,10,10,10,349,13,349,14,350,14,352,14,352,14,353,14,355,14,355,14,357,14,358,14,358,14,360,16,361,19,361,22,362,23,363,23,365,23,365,23,366,25,367,28,368,31,368,32,370,32,371,32,371,32,373,31,374,28,374,25,374,23,373,22,372,19,371,16,371,14,370,14,368,14,368,14,366,13,365,10,365,10,417,10,470,103,470,104,469,107,468,110,469,112,470,371,470,630,470,630,240,630,10,581,10
595,50,590,50,590,49,589,48,586,47,583,48,581,49,583,50,586,50,590,50,590,52,590,54,586,54,583,54,581,55,583,56,586,57,589,56,590,55,590,54,595,54,598,53,599,52,598,51,595,50
586,135,583,135,581,136,583,137,586,138,589,137,590,136,589,135,586,135
577,93,574,92,572,91,571,90,568,89,565,89,564,88,562,87,559,86,556,87,555,88,553,89,550,89,547,90,546,91,547,92,550,93,553,93,555,94,555,96,555,96,555,97,556,99,559,99,562,99,564,97,565,96,568,96,571,96,572,97,574,99,577,99,580,99,581,97,581,96,581,96,581,94,580,93,577,93
550,73,547,74,546,75,547,76,550,76,553,76,555,75,553,74,550,73
524,148,519,148,519,148,515,148,512,148,510,149,510,151,510,151,510,153,510,154,510,154,510,156,510,157,510,157,510,159,509,160,506,161,503,160,502,159,502,157,502,157,502,156,502,154,502,154,502,153,500,151,497,151,494,150,493,149,493,148,493,148,493,146,491,145,488,144,485,145,484,146,484,148,484,148,484,149,484,151,484,151,484,153,485,154,488,154,491,155,493,156,493,157,493,157,493,159,493,161,493,161,493,162,493,164,493,164,493,165,491,167,488,167,485,168,484,169,484,170,479,170,476,171,475,172,475,174,475,174,475,175,476,176,479,177,482,176,484,175,484,174,484,174,484,172,484,170,488,170,493,170,493,170,497,170,500,170,502,169,503,168,506,167,509,167,510,165,512,164,515,164,518,163,519,162,519,161,519,161,519,159,521,158,524,157,527,157,528,156,528,154,528,154,528,153,528,151,528,151,528,149,527,148,524,148
515,106,512,106,510,107,512,108,515,109,518,108,519,107,518,106,515,106
515,115,512,116,510,117,510,119,506,119,503,119,502,120,503,121,506,122,509,121,510,120,510,119,515,119,518,118,519,117,518,116,515,115
515,135,512,135,510,136,512,137,515,138,518,137,519,136,518,135,515,135
515,141,512,142,510,143,512,144,515,144,518,144,519,143,518,142,515,141
488,31,485,32,484,33,485,34,488,34,491,34,493,33,491,32,488,31
479,41,476,41,475,42,475,44,475,44,475,46,476,47,479,47,482,47,484,46,484,44,484,44,484,42,482,41,479,41
471,86,466,86,466,85,466,83,466,83,466,81,465,80,462,80,459,80,457,81,457,83,457,83,457,85,459,86,462,86,466,86,466,88,466,89,466,89,466,91,468,92,471,93,474,92,475,91,475,89,475,89,475,88,474,87,471,86
435,465,432,466,431,467,432,468,435,468,438,468,440,467,438,466,435,465
426,63,423,64,422,65,423,66,426,67,429,66,431,65,429,64,426,63
426,70,423,70,422,72,423,73,426,73,429,73,431,72,429,70,426,70
426,212,423,213,422,214,423,215,426,216,429,215,431,214,429,213,426,212
400,67,395,67,395,65,394,64,391,63,386,63,386,63,382,63,379,64,378,65,379,66,382,67,386,67,386,67,391,67,395,67,395,68,397,69,400,70,403,69,404,68,403,67,400,67
391,462,386,462,386,462,382,462,378,462,378,462,373,462,369,462,369,462,364,462,360,462,360,462,355,462,352,462,351,464,352,465,355,465,360,465,360,465,364,465,369,465,369,465,373,465,378,465,378,465,382,465,386,465,386,465,391,465,394,465,395,464,394,462,391,462
329,459,324,459,324,459,320,459,316,459,316,457,314,456,311,455,308,456,307,457,308,458,311,459,316,459,316,460,317,461,320,462,324,462,324,462,329,462,332,461,333,460,332,459,329,459
293,452,290,453,289,454,290,455,293,455,296,455,298,454,296,453,293,452
240,446,236,446,236,446,231,446,228,446,227,447,227,449,227,449,227,451,228,452,231,452,234,452,236,451,237,449,240,449,243,448,245,447,243,446,240,446
