10,323,14,323,14,323,19,323,22,323,23,324,22,325,19,326,14,326,14,326,10,326,10,398,10,470,320,470,630,470,630,240,630,10,320,10,10,10,10,323
603,86,600,87,599,88,600,89,603,89,606,89,608,88,606,87,603,86
586,31,581,31,581,29,580,28,577,28,572,28,572,26,572,25,572,25,572,23,571,22,568,21,564,21,564,20,562,19,559,18,556,19,555,20,556,21,559,21,564,21,564,23,564,25,564,25,564,26,565,27,568,28,572,28,572,29,574,31,577,31,581,31,581,33,581,34,581,34,581,36,583,37,586,38,589,37,590,36,590,34,590,34,590,33,589,32,586,31
586,47,583,48,581,49,583,50,586,50,589,50,590,49,589,48,586,47
586,109,583,109,581,110,583,112,586,112,589,112,590,110,589,109,586,109
577,54,574,53,572,52,571,51,568,50,565,51,564,52,562,53,559,54,556,53,555,52,555,50,555,50,555,49,553,48,550,47,547,48,546,49,546,50,546,50,546,52,546,54,546,54,546,55,547,56,550,57,553,58,555,59,553,60,550,60,547,61,546,62,547,63,550,63,555,63,555,63,559,63,564,63,564,63,568,63,571,63,572,62,572,60,572,60,572,59,574,58,577,57,580,56,581,55,580,54,577,54
568,38,565,38,564,39,565,40,568,41,571,40,572,39,571,38,568,38
568,128,565,129,564,130,565,131,568,131,571,131,572,130,571,129,568,128
550,34,547,35,546,36,547,37,550,38,553,37,555,36,553,35,550,34
541,161,537,161,537,161,533,161,530,161,528,162,530,163,533,164,537,164,537,164,541,164,544,163,546,162,544,161,541,161
533,141,528,141,528,141,524,141,521,142,519,143,521,144,524,144,528,144,528,144,533,144,536,144,537,143,536,142,533,141
533,274,530,275,528,276,530,277,533,277,536,277,537,276,536,275,533,274
524,128,521,129,519,130,521,131,524,131,527,131,528,130,527,129,524,128
497,47,494,48,493,49,494,50,497,50,500,50,502,49,500,48,497,47
497,413,494,414,493,415,494,416,497,417,500,416,502,415,500,414,497,413
462,109,459,109,457,110,459,112,462,112,465,112,466,110,465,109,462,109
444,455,441,456,440,457,440,459,440,459,440,460,441,461,444,462,447,461,448,460,448,459,448,459,448,457,447,456,444,455
409,245,406,245,404,246,406,248,409,248,412,248,413,246,412,245,409,245
364,125,361,126,360,127,360,128,360,128,360,130,360,131,360,131,360,133,361,134,364,135,367,134,369,133,369,131,369,131,369,130,369,128,369,128,369,127,367,126,364,125
338,248,335,249,333,250,335,251,338,251,341,251,342,250,341,249,338,248
187,355,184,356,183,357,184,358,187,358,190,358,192,357,190,356,187,355
169,355,165,355,165,355,161,355,156,355,156,355,152,355,147,355,147,355,143,355,140,356,138,357,140,358,143,358,147,358,147,358,152,358,156,358,156,358,161,358,165,358,165,358,169,358,172,358,174,357,172,356,169,355
161,433,158,433,156,434,158,435,161,436,164,435,165,434,164,433,161,433
143,436,138,436,138,436,134,436,130,436,130,436,125,436,122,437,121,438,122,439,125,439,130,439,130,439,134,439,138,439,138,439,143,439,146,439,147,438,146,437,143,436
125,352,121,352,121,352,116,352,112,352,112,352,107,352,104,352,103,353,103,355,103,355,103,357,103,358,103,358,103,360,104,361,107,361,110,361,112,360,113,359,116,358,119,358,121,357,122,356,125,355,128,354,130,353,128,352,125,352
