581,10,581,12,581,12,581,13,580,14,577,15,574,14,572,13,572,12,572,12,572,10,291,10,10,10,10,240,10,470,360,470,360,468,360,468,360,467,361,466,364,465,367,466,369,467,369,468,369,468,369,470,499,470,630,470,630,240,630,10,581,10
586,18,583,19,581,20,583,21,586,21,589,21,590,20,589,19,586,18
586,54,583,54,581,55,580,56,577,57,574,58,572,59,572,60,568,60,565,61,564,62,564,63,564,63,564,65,564,67,564,67,564,68,564,70,559,70,556,70,555,72,556,73,559,73,564,73,564,75,564,76,559,76,556,77,555,78,553,79,550,80,547,80,546,81,546,83,546,83,546,85,546,86,546,86,546,88,546,89,546,89,546,91,547,92,550,93,553,92,555,91,555,89,555,89,555,88,555,86,555,86,555,85,556,83,559,83,562,82,564,81,564,80,564,80,564,78,564,76,568,76,571,76,572,75,571,74,568,73,564,73,564,72,564,70,568,70,572,70,572,70,577,70,580,69,581,68,580,67,577,67,574,66,572,65,572,63,572,63,572,62,572,60,577,60,581,60,581,60,586,60,589,60,590,59,590,57,590,57,590,55,589,54,586,54
577,28,574,28,572,29,574,31,577,31,580,31,581,29,580,28,577,28
524,144,521,145,519,146,519,148,519,148,519,149,519,151,519,151,519,153,519,154,519,154,519,156,521,157,524,157,527,157,528,156,528,154,528,154,528,153,528,151,528,151,528,149,528,148,528,148,528,146,527,145,524,144
506,154,503,155,502,156,503,157,506,157,509,157,510,156,509,155,506,154
488,38,485,38,484,39,484,41,484,41,484,42,484,44,479,44,476,45,475,46,475,47,471,47,468,48,466,49,466,50,466,50,466,52,466,54,462,54,459,54,457,55,457,57,457,57,457,59,459,60,462,60,465,60,466,59,466,57,466,57,466,55,466,54,471,54,474,53,475,52,475,50,475,50,475,49,475,47,479,47,482,47,484,46,484,44,488,44,491,43,493,42,493,41,493,41,493,39,491,38,488,38
479,76,476,77,475,78,476,79,479,80,482,79,484,78,482,77,479,76
462,63,459,64,457,65,456,66,453,67,450,67,448,68,448,70,448,70,448,72,448,73,448,73,448,75,450,76,453,76,456,77,457,78,459,79,462,80,465,79,466,78,466,76,466,76,466,75,466,73,466,73,466,72,466,70,466,70,466,68,466,67,466,67,466,65,465,64,462,63
426,67,423,67,422,68,423,69,426,70,429,69,431,68,429,67,426,67
391,63,388,64,386,65,388,66,391,67,394,66,395,65,394,64,391,63
285,15,282,14,280,13,279,12,276,12,273,12,271,13,271,15,271,15,271,16,273,18,276,18,280,18,280,18,285,18,288,18,289,16,288,15,285,15
258,25,254,25,254,25,249,25,246,24,245,23,245,21,245,21,245,20,245,18,245,18,245,16,243,15,240,15,236,15,236,15,231,15,228,15,227,16,227,18,227,18,227,20,227,21,227,21,227,23,228,24,231,25,234,25,236,26,237,27,240,28,243,28,245,29,246,31,249,31,252,31,254,29,255,28,258,28,261,27,262,26,261,25,258,25
19,313,16,313,14,315,16,316,19,316,22,316,23,315,22,313,19,313
