10,206,13,207,14,208,14,209,14,209,14,211,14,212,14,212,14,214,14,216,14,216,14,217,14,219,14,219,14,221,14,222,14,222,14,224,16,225,19,225,22,226,23,227,23,229,23,229,23,230,23,232,23,232,23,234,22,235,19,235,16,235,14,234,14,232,14,232,14,230,13,229,10,229,10,329,13,330,14,331,13,332,10,332,10,401,10,470,112,470,113,469,116,468,119,469,121,470,375,470,630,470,630,240,630,10,320,10,10,10,10,206
612,144,608,144,608,144,603,144,599,144,599,144,595,144,592,145,590,146,590,148,590,148,590,149,592,150,595,151,598,151,599,153,600,154,603,154,606,154,608,153,608,151,608,151,608,149,609,148,612,148,615,147,617,146,615,145,612,144
586,128,583,129,581,130,581,131,581,131,581,133,583,134,586,135,589,134,590,133,590,131,590,131,590,130,589,129,586,128
577,122,574,122,572,123,572,125,568,125,564,125,564,125,559,125,556,126,555,127,553,128,550,128,546,128,546,128,541,128,538,129,537,130,537,131,537,131,537,133,538,134,541,135,546,135,546,135,550,135,555,135,555,135,559,135,562,134,564,133,564,131,564,131,564,130,565,129,568,128,571,128,572,127,572,125,577,125,580,124,581,123,580,122,577,122
577,323,574,323,572,324,572,326,572,326,572,327,572,329,572,329,572,331,574,332,577,332,580,332,581,331,581,329,581,329,581,327,581,326,581,326,581,324,580,323,577,323
550,138,546,138,546,138,541,138,538,138,537,140,538,141,541,141,546,141,546,141,550,141,553,141,555,140,553,138,550,138
550,157,546,157,546,157,541,157,538,157,537,156,536,155,533,154,530,155,528,156,527,157,524,157,521,158,519,159,521,160,524,161,528,161,528,161,533,161,536,161,537,162,538,163,541,164,544,163,546,162,547,161,550,161,553,160,555,159,553,158,550,157
533,436,530,437,528,438,528,439,528,439,528,441,530,442,533,442,536,442,537,441,537,439,537,439,537,438,536,437,533,436
311,89,308,90,307,91,307,93,302,93,298,93,298,93,293,93,289,93,289,93,285,93,282,93,280,94,282,95,285,96,289,96,289,96,293,96,298,96,298,96,302,96,305,95,307,94,307,93,311,93,314,92,316,91,314,90,311,89
258,190,254,190,254,190,249,190,246,190,245,191,243,192,240,193,236,193,236,193,231,193,228,194,227,195,226,196,223,196,220,197,218,198,218,200,214,200,211,200,209,201,211,202,214,203,217,202,218,201,218,200,223,200,227,200,227,200,231,200,234,199,236,198,237,197,240,196,245,196,245,196,249,196,252,196,254,195,255,194,258,193,261,192,262,191,261,190,258,190
161,384,156,384,156,384,152,384,147,384,147,383,146,381,143,381,138,381,138,381,134,381,130,381,130,381,125,381,121,381,121,379,119,378,116,378,112,378,112,376,110,375,107,374,104,374,103,373,102,372,99,371,94,371,94,371,90,371,87,371,85,370,84,368,81,368,78,367,76,366,75,365,72,365,69,364,68,363,66,362,63,361,59,361,59,360,57,359,54,358,51,359,50,360,51,361,54,361,59,361,59,363,59,365,59,365,59,366,60,367,63,368,66,369,68,370,68,371,68,371,68,373,69,374,72,374,76,374,76,374,81,374,85,374,85,374,90,374,93,375,94,376,96,377,99,378,103,378,103,378,107,378,112,378,112,379,113,380,116,381,121,381,121,383,122,384,125,384,130,384,130,384,134,384,138,384,138,384,143,384,147,384,147,386,147,387,147,387,147,389,149,390,152,391,155,390,156,389,158,388,161,387,164,387,165,386,164,385,161,384
107,216,103,216,103,216,99,216,94,216,94,216,90,216,87,215,85,214,84,213,81,212,78,212,76,211,75,210,72,209,69,209,68,208,66,207,63,206,60,207,59,208,59,209,59,209,59,211,59,212,59,212,59,214,60,215,63,216,66,216,68,217,69,218,72,219,76,219,76,219,81,219,85,219,85,219,90,219,94,219,94,219,99,219,103,219,103,219,107,219,110,218,112,217,110,216,107,216
54,423,51,424,50,425,51,426,54,426,57,426,59,425,57,424,54,423
