528,10,527,11,524,12,521,11,519,10,265,10,10,10,10,329,13,330,14,331,13,332,10,332,10,401,10,470,320,470,630,470,630,240,630,10,528,10
621,115,618,116,617,117,617,119,612,119,609,119,608,120,608,122,603,122,600,122,599,123,599,125,595,125,592,126,590,127,592,128,595,128,598,128,599,127,599,125,603,125,606,124,608,123,608,122,612,122,615,121,617,120,617,119,621,119,624,118,626,117,624,116,621,115
612,96,609,96,608,97,608,99,608,99,608,101,608,102,608,102,608,104,608,106,608,106,608,107,609,108,612,109,615,108,617,107,617,106,617,106,617,104,617,102,617,102,617,101,617,99,617,99,617,97,615,96,612,96
612,135,609,134,608,133,606,132,603,131,599,131,599,131,595,131,592,132,590,133,590,135,590,135,590,136,590,138,590,138,590,140,592,141,595,141,599,141,599,141,603,141,606,141,608,140,609,139,612,138,615,137,617,136,615,135,612,135
586,102,583,103,581,104,583,105,586,106,589,105,590,104,589,103,586,102
586,112,583,113,581,114,581,115,577,115,572,115,572,115,568,115,564,115,564,115,559,115,555,115,555,115,550,115,547,116,546,117,546,119,546,119,546,120,547,121,550,122,555,122,555,123,553,124,550,125,547,126,546,127,544,128,541,128,538,129,537,130,537,131,537,131,537,133,536,134,533,135,530,135,528,136,528,138,528,138,528,140,528,141,528,141,528,143,528,144,528,144,528,146,530,147,533,148,536,147,537,146,537,144,537,144,537,143,538,142,541,141,546,141,546,143,547,144,550,144,553,144,555,143,553,142,550,141,546,141,546,140,547,139,550,138,553,137,555,136,555,135,555,135,555,133,555,131,555,131,555,130,556,129,559,128,564,128,564,128,568,128,572,128,572,130,572,131,572,131,572,133,574,134,577,135,580,134,581,133,581,131,581,131,581,130,580,129,577,128,572,128,572,127,571,126,568,125,565,124,564,123,562,122,559,122,555,122,555,120,556,119,559,119,564,119,564,119,568,119,572,119,572,119,577,119,580,118,581,117,581,115,586,115,589,115,590,114,589,113,586,112
559,332,556,333,555,334,555,336,555,336,555,337,555,339,555,339,555,340,556,342,559,342,562,342,564,340,564,339,564,339,564,337,564,336,564,336,564,334,562,333,559,332
541,21,538,22,537,23,538,24,541,25,544,24,546,23,544,22,541,21
541,164,537,164,537,164,533,164,530,164,528,165,530,167,533,167,537,167,537,167,541,167,544,167,546,165,544,164,541,164
524,420,521,420,519,421,521,422,524,423,527,422,528,421,527,420,524,420
515,430,512,430,510,431,510,433,510,433,510,434,510,436,510,436,510,438,512,439,515,439,518,439,519,438,519,436,519,436,519,434,519,433,519,433,519,431,518,430,515,430
444,417,441,417,440,418,440,420,440,420,440,421,440,423,440,423,440,425,440,426,440,426,440,428,441,429,444,430,447,429,448,428,448,426,448,426,448,425,448,423,448,423,448,421,448,420,448,420,448,418,447,417,444,417
391,261,388,262,386,263,388,264,391,264,394,264,395,263,394,262,391,261
373,264,370,265,369,266,369,268,369,268,369,269,369,271,364,271,361,271,360,272,360,274,355,274,352,275,351,276,350,277,347,277,344,278,342,279,344,280,347,280,351,280,351,280,355,280,358,280,360,279,360,277,360,277,360,276,360,274,364,274,367,273,369,272,369,271,373,271,376,270,378,269,378,268,378,268,378,266,376,265,373,264
223,177,218,177,218,177,214,177,209,177,209,177,205,177,202,177,200,178,202,180,205,180,209,180,209,180,214,180,218,180,218,180,223,180,226,180,227,178,226,177,223,177
205,374,200,374,200,374,196,374,192,374,192,374,187,374,183,374,183,374,178,374,174,374,174,374,169,374,166,375,165,376,166,377,169,378,174,378,174,378,178,378,183,378,183,378,187,378,192,378,192,378,196,378,200,378,200,378,205,378,208,377,209,376,208,375,205,374
178,180,175,181,174,182,175,183,178,183,181,183,183,182,181,181,178,180
134,371,131,372,130,373,131,374,134,374,137,374,138,373,137,372,134,371
99,368,96,367,94,366,93,365,90,365,87,364,85,363,84,362,81,361,78,361,76,360,75,359,72,358,69,358,68,357,66,356,63,355,59,355,59,353,57,352,54,352,51,352,50,353,51,354,54,355,59,355,59,357,59,358,59,358,59,360,60,361,63,361,66,362,68,363,69,364,72,365,75,365,76,366,78,367,81,368,84,369,85,370,87,371,90,371,94,371,94,371,99,371,102,371,103,370,102,368,99,368
81,190,76,190,76,190,72,190,69,190,68,191,68,193,63,193,59,193,59,191,59,190,59,190,59,188,57,187,54,187,50,187,50,187,45,187,42,187,41,188,40,189,37,190,34,189,32,188,31,187,28,187,25,186,23,185,22,184,19,183,16,184,14,185,14,187,14,187,14,188,14,190,14,190,14,191,14,193,14,193,14,195,16,196,19,196,22,197,23,198,25,199,28,200,31,199,32,198,34,197,37,196,41,196,41,196,45,196,48,196,50,195,51,194,54,193,59,193,59,195,59,196,59,196,59,198,60,199,63,200,66,199,68,198,68,196,68,196,68,195,68,193,72,193,76,193,76,193,81,193,84,192,85,191,84,190,81,190
54,430,51,430,50,431,51,432,54,433,57,432,59,431,57,430,54,430
