307,10,307,12,307,12,307,13,305,14,302,15,298,15,298,15,293,15,290,14,289,13,289,12,289,12,289,10,149,10,10,10,10,240,10,470,320,470,630,470,630,240,630,10,307,10
586,31,581,31,581,31,577,31,574,32,572,33,574,34,577,34,581,34,581,34,586,34,589,34,590,33,589,32,586,31
586,57,581,57,581,57,577,57,574,58,572,59,572,60,568,60,565,61,564,62,564,63,564,63,564,65,564,67,559,67,556,67,555,68,555,70,555,70,555,72,555,73,555,73,555,75,555,76,555,76,555,78,553,79,550,80,547,80,546,81,547,82,550,83,553,83,555,85,555,86,550,86,547,87,546,88,546,89,541,89,538,90,537,91,538,92,541,93,544,92,546,91,546,89,550,89,553,89,555,88,555,86,559,86,562,87,564,88,565,89,568,89,571,89,572,88,572,86,572,86,572,85,572,83,572,83,572,81,572,80,572,80,572,78,571,77,568,76,565,76,564,75,564,73,564,73,564,72,564,70,564,70,564,68,564,67,568,67,571,66,572,65,572,63,572,63,572,62,572,60,577,60,581,60,581,60,586,60,589,60,590,59,589,58,586,57
586,135,583,135,581,136,583,137,586,138,589,137,590,136,589,135,586,135
524,144,521,145,519,146,519,148,519,148,519,149,521,150,524,151,527,150,528,149,528,148,528,148,528,146,527,145,524,144
515,21,512,22,510,23,510,25,510,25,510,26,512,27,515,28,518,27,519,26,519,25,519,25,519,23,518,22,515,21
515,34,512,35,510,36,510,38,510,38,510,39,512,40,515,41,518,40,519,39,519,38,519,38,519,36,518,35,515,34
506,44,503,45,502,46,502,47,502,47,502,49,502,50,502,50,502,52,503,53,506,54,509,53,510,52,510,50,510,50,510,49,510,47,510,47,510,46,509,45,506,44
488,73,484,73,484,72,482,70,479,70,476,69,475,68,474,67,471,67,468,66,466,65,466,63,466,63,466,62,465,61,462,60,459,61,457,62,457,63,457,63,457,65,457,67,457,67,457,68,457,70,457,70,457,72,456,73,453,73,450,74,448,75,448,76,448,76,448,78,448,80,448,80,448,81,448,83,448,83,448,85,448,86,448,86,448,88,450,89,453,89,457,89,457,89,462,89,465,89,466,88,465,87,462,86,459,86,457,85,457,83,457,83,457,81,459,80,462,80,465,79,466,78,468,77,471,76,475,76,475,78,476,79,479,80,484,80,484,80,488,80,491,79,493,78,493,76,493,76,493,75,491,74,488,73
479,50,476,50,475,49,474,48,471,47,468,47,466,46,465,45,462,44,459,45,457,46,456,47,453,47,448,47,448,46,448,44,448,44,448,42,447,41,444,41,440,41,440,41,435,41,431,41,431,41,426,41,422,41,422,41,417,41,413,41,413,41,409,41,406,41,404,42,403,43,400,44,397,45,395,46,395,47,395,47,395,49,395,50,395,50,395,52,394,53,391,54,388,53,386,52,385,51,382,50,379,51,378,52,378,54,378,54,378,55,379,56,382,57,385,58,386,59,386,60,386,60,386,62,388,63,391,63,394,63,395,62,395,60,395,60,395,59,397,58,400,57,403,56,404,55,406,54,409,54,412,53,413,52,414,51,417,50,422,50,422,50,426,50,429,50,431,49,432,48,435,47,440,47,440,47,444,47,448,47,448,49,448,50,448,50,448,52,450,53,453,54,457,54,457,54,462,54,466,54,466,54,471,54,475,54,475,54,479,54,482,53,484,52,482,51,479,50
462,115,459,116,457,117,459,118,462,119,465,118,466,117,465,116,462,115
435,67,431,67,431,67,426,67,423,67,422,68,423,69,426,70,431,70,431,70,435,70,438,69,440,68,438,67,435,67
409,60,406,61,404,62,404,63,404,63,404,65,406,66,409,67,412,66,413,65,413,63,413,63,413,62,412,61,409,60
373,465,369,465,369,464,367,462,364,462,360,462,360,462,355,462,352,462,351,464,352,465,355,465,360,465,360,465,364,465,369,465,369,467,370,468,373,468,376,468,378,467,376,466,373,465
338,459,335,459,333,460,335,461,338,462,341,461,342,460,341,459,338,459
267,452,264,453,262,454,264,455,267,455,270,455,271,454,270,453,267,452
249,452,246,453,245,454,246,455,249,455,252,455,254,454,252,453,249,452
240,306,237,307,236,308,237,309,240,310,243,309,245,308,243,307,240,306
240,446,237,446,236,447,237,448,240,449,243,448,245,447,243,446,240,446
143,430,138,430,138,430,134,430,131,430,130,431,131,432,134,433,138,433,138,433,143,433,146,432,147,431,146,430,143,430
134,63,131,64,130,65,130,67,130,67,130,68,131,69,134,70,137,69,138,68,138,67,138,67,138,65,137,64,134,63
19,306,16,307,14,308,16,309,19,310,22,309,23,308,22,307,19,306
479,73,476,74,475,75,475,76,479,76,482,76,484,75,484,73,479,73
