630,10,320,10,10,10,10,240,10,470,320,470,630,470,630,240,630,10
347,449,344,449,342,451,344,452,347,452,350,452,351,451,350,449,347,449
320,442,316,442,316,441,314,440,311,439,307,439,307,439,302,439,299,440,298,441,299,442,302,442,307,442,307,442,311,442,316,442,316,444,317,445,320,446,323,445,324,444,323,443,320,442
276,433,273,432,271,431,270,430,267,430,262,430,262,430,258,430,255,430,254,431,255,432,258,433,261,433,262,434,264,435,267,436,271,436,271,436,276,436,279,435,280,434,279,433,276,433
214,417,209,417,209,417,205,417,202,416,200,415,199,414,196,413,193,414,192,415,192,417,192,417,192,418,193,419,196,420,200,420,200,420,205,420,209,420,209,420,214,420,217,419,218,418,217,417,214,417
178,381,174,381,174,381,169,381,165,381,165,379,164,378,161,378,156,378,156,376,155,375,152,374,149,375,147,376,149,377,152,378,156,378,156,379,158,380,161,381,165,381,165,383,166,384,169,384,174,384,174,384,178,384,181,384,183,383,181,381,178,381
161,368,158,367,156,366,155,365,152,365,147,365,147,363,146,362,143,361,140,362,138,363,140,364,143,365,147,365,147,366,147,368,147,368,147,370,149,371,152,371,156,371,156,371,161,371,164,371,165,370,164,368,161,368
143,73,140,74,138,75,138,76,138,76,138,78,140,79,143,80,146,79,147,78,147,76,147,76,147,75,146,74,143,73
143,96,140,96,138,97,140,99,143,99,146,99,147,97,146,96,143,96
143,106,140,106,138,107,138,109,138,109,138,110,138,112,138,112,138,114,138,115,138,115,138,117,140,118,143,119,146,118,147,117,147,115,147,115,147,114,147,112,147,112,147,110,147,109,147,109,147,107,146,106,143,106
