630,10,320,10,10,10,10,240,10,470,320,470,630,470,630,240,630,10
568,128,565,129,564,130,565,131,568,131,571,131,572,130,571,129,568,128
462,106,459,106,457,107,457,109,457,109,457,110,459,112,462,112,465,112,466,110,466,109,466,109,466,107,465,106,462,106
417,102,414,103,413,104,413,106,413,106,413,107,414,108,417,109,420,108,422,107,422,106,422,106,422,104,420,103,417,102
302,449,299,449,298,451,299,452,302,452,305,452,307,451,305,449,302,449
285,442,282,443,280,444,282,445,285,446,288,445,289,444,288,443,285,442
249,433,245,433,245,431,245,430,245,430,245,428,243,427,240,426,236,426,236,426,231,426,227,426,227,426,223,426,220,427,218,428,220,429,223,430,227,430,227,430,231,430,234,430,236,431,237,432,240,433,245,433,245,434,246,435,249,436,252,435,254,434,252,433,249,433
205,128,202,128,200,127,199,126,196,125,193,126,192,127,192,128,192,128,192,130,192,131,192,131,192,133,193,134,196,135,199,134,200,133,202,132,205,131,208,131,209,130,208,129,205,128
196,417,193,417,192,418,193,419,196,420,199,419,200,418,199,417,196,417
178,115,174,115,174,115,169,115,166,116,165,117,166,118,169,119,174,119,174,119,178,119,181,118,183,117,181,116,178,115
178,384,174,384,174,384,169,384,166,385,165,386,166,387,169,387,174,387,174,387,178,387,181,387,183,386,181,385,178,384
169,378,166,378,165,379,166,380,169,381,172,380,174,379,172,378,169,378
161,371,158,372,156,373,158,374,161,374,164,374,165,373,164,372,161,371
143,122,140,122,138,123,138,125,138,125,138,127,138,128,138,128,138,130,140,131,143,131,146,131,147,130,147,128,147,128,147,127,147,125,147,125,147,123,146,122,143,122
