630,76,627,76,626,75,627,74,630,73,630,42,630,10,320,10,10,10,10,240,10,470,320,470,630,470,630,76
603,106,600,105,599,104,598,103,595,102,590,102,590,102,586,102,581,102,581,101,580,100,577,99,572,99,572,99,568,99,564,99,564,99,559,99,555,99,555,99,550,99,547,100,546,101,547,102,550,102,555,102,555,102,559,102,564,102,564,102,568,102,572,102,572,102,577,102,581,102,581,104,583,105,586,106,589,106,590,107,592,108,595,109,599,109,599,109,603,109,606,108,608,107,606,106,603,106
533,235,528,235,528,235,524,235,521,236,519,237,521,238,524,238,528,238,528,238,533,238,536,238,537,237,536,236,533,235
515,93,510,93,510,93,506,93,502,93,502,91,500,90,497,89,494,90,493,91,494,92,497,93,502,93,502,94,503,95,506,96,510,96,510,96,515,96,518,95,519,94,518,93,515,93
497,235,493,235,493,235,488,235,485,236,484,237,485,238,488,238,493,238,493,238,497,238,500,238,502,237,500,236,497,235
488,96,484,96,484,94,482,93,479,93,476,93,475,94,476,95,479,96,484,96,484,97,485,99,488,99,491,99,493,97,491,96,488,96
426,80,423,80,422,81,422,83,422,83,422,85,422,86,422,86,422,88,422,89,422,89,422,91,422,93,422,93,422,94,423,95,426,96,429,95,431,94,431,93,431,93,431,91,431,89,431,89,431,88,431,86,431,86,431,85,431,83,431,83,431,81,429,80,426,80
426,449,422,449,422,449,417,449,413,449,413,449,409,449,404,449,404,449,400,449,395,449,395,447,394,446,391,446,386,446,386,446,382,446,378,446,378,446,373,446,370,445,369,444,367,443,364,442,361,443,360,444,360,446,360,446,360,447,361,448,364,449,369,449,369,449,373,449,378,449,378,449,382,449,386,449,386,449,391,449,395,449,395,451,397,452,400,452,404,452,404,452,409,452,413,452,413,452,417,452,422,452,422,452,426,452,429,452,431,451,429,449,426,449
409,89,406,90,404,91,406,92,409,93,412,92,413,91,412,90,409,89
409,96,406,96,404,97,406,99,409,99,412,99,413,97,412,96,409,96
400,57,397,58,395,59,397,60,400,60,403,60,404,59,403,58,400,57
382,102,378,102,378,102,373,102,370,103,369,104,370,105,373,106,378,106,378,106,382,106,385,105,386,104,385,103,382,102
364,73,361,74,360,75,361,76,364,76,367,76,369,75,367,74,364,73
347,63,344,63,342,62,341,61,338,60,333,60,333,60,329,60,326,61,324,62,324,63,324,63,324,65,324,67,324,67,324,68,326,69,329,70,332,69,333,68,335,67,338,67,341,67,342,68,344,69,347,70,350,69,351,68,351,67,351,67,351,65,350,64,347,63
329,47,326,48,324,49,323,50,320,50,316,50,316,50,311,50,308,51,307,52,307,54,307,54,307,55,308,56,311,57,316,57,316,57,320,57,323,56,324,55,326,54,329,54,332,53,333,52,333,50,333,50,333,49,332,48,329,47
320,423,316,423,316,423,311,423,307,423,307,423,302,423,298,423,298,423,293,423,290,424,289,425,290,426,293,426,298,426,298,426,302,426,307,426,307,426,311,426,314,427,316,428,317,429,320,430,323,429,324,428,324,426,324,426,324,425,323,424,320,423
240,410,237,411,236,412,234,413,231,413,228,414,227,415,227,417,227,417,227,418,228,419,231,420,236,420,236,420,240,420,243,419,245,418,245,417,245,417,245,415,245,413,245,413,245,412,243,411,240,410
169,60,165,60,165,59,165,57,165,57,165,55,164,54,161,54,156,54,156,52,155,51,152,50,147,50,147,49,146,48,143,47,140,48,138,49,140,50,143,50,147,50,147,52,149,53,152,54,156,54,156,55,156,57,156,57,156,59,158,60,161,60,165,60,165,62,165,63,165,63,165,65,166,66,169,67,172,66,174,65,174,63,174,63,174,62,172,61,169,60
134,339,131,339,130,340,131,342,134,342,137,342,138,340,137,339,134,339
