324,10,323,11,320,12,317,11,316,10,289,10,288,11,285,12,282,11,280,10,145,10,10,10,10,240,10,470,351,470,350,469,347,468,344,468,342,467,342,465,342,465,342,464,341,462,338,462,335,461,333,460,335,459,338,459,341,458,342,457,342,455,342,455,342,454,342,452,342,452,342,451,344,449,347,449,350,448,351,447,352,446,355,446,358,446,360,447,361,448,364,449,367,449,369,451,369,452,369,452,369,454,369,455,369,455,369,457,369,459,369,459,369,460,370,461,373,462,376,462,378,464,379,465,382,465,385,466,386,467,386,468,386,468,386,470,413,470,413,468,413,468,413,467,414,466,417,465,420,466,422,467,422,468,422,468,422,470,526,470,630,470,630,240,630,10,324,10
515,18,512,19,510,20,512,21,515,21,518,21,519,20,518,19,515,18
471,21,466,21,466,21,462,21,459,22,457,23,459,24,462,25,466,25,466,25,471,25,474,24,475,23,474,22,471,21
417,15,413,15,413,15,409,15,406,15,404,16,406,18,409,18,413,18,413,18,417,18,420,18,422,16,420,15,417,15
400,397,397,397,395,395,394,394,391,394,388,394,386,395,385,397,382,397,379,398,378,399,379,400,382,400,386,400,386,400,391,400,395,400,395,400,400,400,403,400,404,399,403,398,400,397
391,18,388,19,386,20,388,21,391,21,394,21,395,20,394,19,391,18
364,12,360,12,360,12,355,12,352,12,351,13,351,15,351,15,351,16,352,18,355,18,358,18,360,16,361,15,364,15,367,14,369,13,367,12,364,12
320,25,317,25,316,26,314,27,311,28,307,28,307,28,302,28,298,28,298,26,296,25,293,25,290,24,289,23,288,22,285,21,282,22,280,23,279,24,276,25,273,25,271,26,270,27,267,28,264,28,262,29,262,31,262,31,262,33,264,34,267,34,271,34,271,34,276,34,279,34,280,33,280,31,280,31,280,29,282,28,285,28,289,28,289,28,293,28,298,28,298,29,298,31,293,31,290,32,289,33,290,34,293,34,296,34,298,33,298,31,302,31,305,32,307,33,308,34,311,34,316,34,316,34,320,34,323,34,324,33,324,31,324,31,324,29,324,28,324,28,324,26,323,25,320,25
311,391,307,391,307,391,302,391,299,391,298,392,298,394,293,394,289,394,289,394,285,394,282,394,280,395,282,397,285,397,289,397,289,397,293,397,296,397,298,395,298,394,302,394,307,394,307,394,311,394,314,393,316,392,314,391,311,391
267,18,264,18,262,16,261,15,258,15,255,15,254,16,254,18,254,18,254,20,255,21,258,21,262,21,262,21,267,21,270,21,271,20,270,19,267,18
240,15,237,15,236,16,237,18,240,18,243,18,245,16,243,15,240,15
