85,470,87,469,90,468,93,469,94,470,362,470,630,470,630,240,630,10,320,10,10,10,10,240,10,470,85,470
595,80,592,80,590,81,592,82,595,83,598,82,599,81,598,80,595,80
550,125,547,126,546,127,547,128,550,128,553,128,555,127,553,126,550,125
541,89,538,90,537,91,538,92,541,93,544,92,546,91,544,90,541,89
533,115,530,116,528,117,530,118,533,119,536,118,537,117,536,116,533,115
533,131,530,132,528,133,530,134,533,135,536,134,537,133,536,132,533,131
515,112,512,113,510,114,510,115,510,115,510,117,512,118,515,119,518,118,519,117,519,115,519,115,519,114,518,113,515,112
497,21,494,22,493,23,494,24,497,25,500,24,502,23,500,22,497,21
497,47,494,48,493,49,494,50,497,50,500,50,502,49,500,48,497,47
462,18,459,19,457,20,457,21,453,21,450,21,448,20,448,18,448,18,448,16,447,15,444,15,441,15,440,16,438,18,435,18,432,19,431,20,431,21,431,21,431,23,432,24,435,25,440,25,440,25,444,25,448,25,448,25,453,25,456,24,457,23,457,21,462,21,465,21,466,20,465,19,462,18
453,47,450,48,448,49,450,50,453,50,456,50,457,49,456,48,453,47
444,93,441,93,440,94,440,96,440,96,440,97,441,99,444,99,447,99,448,97,448,96,448,96,448,94,447,93,444,93
435,83,432,83,431,85,432,86,435,86,438,86,440,85,438,83,435,83
435,106,432,106,431,107,432,108,435,109,438,108,440,107,438,106,435,106
417,76,414,77,413,78,414,79,417,80,420,79,422,78,420,77,417,76
382,18,379,19,378,20,379,21,382,21,385,21,386,20,385,19,382,18
355,76,352,77,351,78,352,79,355,80,358,79,360,78,358,77,355,76
338,73,335,74,333,75,335,76,338,76,341,76,342,75,341,74,338,73
320,70,317,70,316,72,317,73,320,73,323,73,324,72,323,70,320,70
