10,339,13,339,14,340,13,342,10,342,10,345,13,346,14,347,14,349,19,349,22,349,23,350,22,351,19,352,16,351,14,350,14,349,10,349,10,409,10,470,320,470,630,470,630,280,627,280,626,279,627,278,630,277,630,144,630,10,320,10,10,10,10,339
612,125,608,125,608,123,606,122,603,122,600,122,599,123,600,124,603,125,608,125,608,127,609,128,612,128,615,128,617,127,615,126,612,125
612,274,609,275,608,276,609,277,612,277,615,277,617,276,615,275,612,274
595,41,592,41,590,42,590,44,590,44,590,46,592,47,595,47,598,47,599,46,599,44,599,44,599,42,598,41,595,41
586,128,583,129,581,130,583,131,586,131,589,131,590,130,589,129,586,128
559,80,556,80,555,81,555,83,555,83,555,85,556,86,559,86,562,86,564,85,564,83,564,83,564,81,562,80,559,80
559,128,556,129,555,130,556,131,559,131,562,131,564,130,562,129,559,128
515,148,512,148,510,149,512,150,515,151,518,150,519,149,518,148,515,148
426,67,423,67,422,68,423,69,426,70,429,69,431,68,429,67,426,67
37,365,34,365,32,366,32,368,32,368,32,370,32,371,32,371,32,373,32,374,32,374,32,376,34,377,37,378,40,377,41,376,41,374,41,374,41,373,41,371,41,371,41,370,41,368,41,368,41,366,40,365,37,365
28,358,25,359,23,360,25,361,28,361,31,361,32,360,31,359,28,358
