10,342,13,343,14,344,14,345,19,345,22,346,23,347,23,349,23,349,23,350,23,352,23,352,23,353,23,355,28,355,31,356,32,357,32,358,32,358,32,360,32,361,37,361,40,362,41,363,41,365,41,365,41,366,40,367,37,368,34,367,32,366,32,365,32,365,32,363,32,361,28,361,25,361,23,360,23,358,23,358,23,357,23,355,19,355,16,354,14,353,14,352,14,352,14,350,14,349,14,349,14,347,14,345,10,345,10,408,10,470,320,470,630,470,630,240,630,10,320,10,10,10,10,342
595,174,590,174,590,172,590,170,590,170,590,169,589,168,586,167,583,167,581,165,580,164,577,164,572,164,572,164,568,164,564,164,564,164,559,164,556,164,555,165,556,167,559,167,564,167,564,167,568,167,571,168,572,169,572,170,572,170,572,172,574,173,577,174,581,174,581,174,586,174,590,174,590,175,592,176,595,177,598,176,599,175,598,174,595,174
559,361,556,362,555,363,555,365,555,365,555,366,556,367,559,368,562,367,564,366,564,365,564,365,564,363,562,362,559,361
550,154,547,154,546,153,544,151,541,151,537,151,537,151,533,151,530,151,528,153,527,154,524,154,519,154,519,153,518,151,515,151,512,151,510,153,512,154,515,154,519,154,519,156,521,157,524,157,528,157,528,157,533,157,537,157,537,157,541,157,546,157,546,157,550,157,553,157,555,156,553,155,550,154
541,47,538,48,537,49,538,50,541,50,544,50,546,49,544,48,541,47
541,125,538,124,537,123,536,122,533,122,530,122,528,123,528,125,528,125,528,127,528,128,528,128,528,130,527,131,524,131,521,132,519,133,521,134,524,135,527,135,528,136,530,137,533,138,536,137,537,136,537,135,537,135,537,133,537,131,537,131,537,130,538,129,541,128,544,128,546,127,544,126,541,125
515,138,512,138,510,140,510,141,510,141,510,143,512,144,515,144,518,144,519,143,519,141,519,141,519,140,518,138,515,138
488,83,485,83,484,85,484,86,484,86,484,88,485,89,488,89,491,89,493,88,493,86,493,86,493,85,491,83,488,83
479,76,476,77,475,78,476,79,479,80,482,79,484,78,482,77,479,76
329,439,326,440,324,441,324,442,320,442,316,442,316,442,311,442,308,443,307,444,308,445,311,446,316,446,316,446,320,446,323,445,324,444,324,442,329,442,332,442,333,441,332,440,329,439
311,219,308,219,307,221,308,222,311,222,314,222,316,221,314,219,311,219
293,225,290,226,289,227,290,228,293,229,296,228,298,227,296,226,293,225
293,446,289,446,289,446,285,446,280,446,280,446,276,446,271,446,271,446,267,446,262,446,262,446,258,446,255,446,254,447,252,448,249,449,246,449,245,451,246,452,249,452,254,452,254,452,258,452,262,452,262,452,267,452,271,452,271,452,276,452,280,452,280,452,285,452,288,452,289,451,290,449,293,449,296,448,298,447,296,446,293,446
240,462,237,462,236,464,237,465,240,465,243,465,245,464,243,462,240,462
231,102,228,103,227,104,228,105,231,106,234,105,236,104,234,103,231,102
214,433,211,433,209,434,211,435,214,436,217,435,218,434,217,433,214,433
125,277,121,277,121,277,116,277,112,277,112,277,107,277,103,277,103,277,99,277,96,277,94,276,93,275,90,274,87,273,85,272,84,271,81,271,76,271,76,271,72,271,68,271,68,271,63,271,60,271,59,272,57,273,54,274,51,275,50,276,50,277,50,277,50,279,50,280,50,280,50,282,51,283,54,284,59,284,59,284,63,284,66,283,68,282,68,280,68,280,68,279,69,278,72,277,75,278,76,279,78,280,81,280,84,281,85,282,85,284,85,284,85,285,87,286,90,287,93,286,94,285,96,284,99,284,102,283,103,282,104,281,107,280,112,280,112,280,116,280,121,280,121,280,125,280,128,280,130,279,128,278,125,277
90,397,87,397,85,395,84,394,81,394,76,394,76,394,72,394,69,394,68,395,69,397,72,397,75,398,76,399,78,400,81,400,84,401,85,402,87,403,90,404,93,403,94,402,94,400,94,400,94,399,93,398,90,397
63,423,59,423,59,421,57,420,54,420,51,420,50,421,51,422,54,423,59,423,59,425,60,426,63,426,66,426,68,425,66,424,63,423
