630,10,320,10,10,10,10,240,10,470,320,470,630,470,630,240,630,10
595,122,592,122,590,123,592,124,595,125,598,124,599,123,598,122,595,122
497,99,494,100,493,101,493,102,493,102,493,104,494,105,497,106,500,105,502,104,502,102,502,102,502,101,500,100,497,99
435,99,432,100,431,101,432,102,435,102,438,102,440,101,438,100,435,99
435,109,432,109,431,110,432,112,435,112,438,112,440,110,438,109,435,109
426,452,423,452,422,451,420,449,417,449,413,449,413,449,409,449,404,449,404,449,400,449,395,449,395,449,391,449,388,449,386,451,388,452,391,452,395,452,395,452,400,452,404,452,404,452,409,452,412,453,413,454,414,455,417,455,422,455,422,455,426,455,429,455,431,454,429,453,426,452
409,102,406,103,404,104,406,105,409,106,412,105,413,104,412,103,409,102
347,446,344,446,342,447,344,448,347,449,350,448,351,447,350,446,347,446
320,70,317,70,316,72,317,73,320,73,323,73,324,72,323,70,320,70
231,420,228,419,227,418,226,417,223,417,220,416,218,415,217,414,214,413,209,413,209,413,205,413,202,414,200,415,200,417,200,417,200,418,202,419,205,420,208,420,209,421,211,422,214,423,218,423,218,423,223,423,227,423,227,423,231,423,234,422,236,421,234,420,231,420
196,404,192,404,192,404,187,404,184,404,183,405,184,406,187,407,192,407,192,407,196,407,199,406,200,405,199,404,196,404
169,378,165,378,165,378,161,378,158,378,156,379,158,380,161,381,165,381,165,381,169,381,172,380,174,379,172,378,169,378
143,83,140,83,138,85,140,86,143,86,146,86,147,85,146,83,143,83
