630,76,627,76,626,75,627,74,630,73,630,42,630,10,320,10,10,10,10,240,10,470,320,470,630,470,630,76
533,235,528,235,528,235,524,235,519,235,519,235,515,235,512,236,510,237,512,238,515,238,519,238,519,238,524,238,528,238,528,238,533,238,536,238,537,237,536,236,533,235
497,235,493,235,493,235,488,235,485,236,484,237,485,238,488,238,493,238,493,238,497,238,500,238,502,237,500,236,497,235
426,80,423,80,422,81,423,82,426,83,429,82,431,81,429,80,426,80
426,86,423,87,422,88,422,89,422,89,422,91,422,93,422,93,422,94,423,95,426,96,429,95,431,94,431,93,431,93,431,91,431,89,431,89,431,88,429,87,426,86
426,449,423,449,422,451,422,452,417,452,413,452,413,451,412,449,409,449,406,449,404,451,406,452,409,452,413,452,413,454,414,455,417,455,420,455,422,454,422,452,426,452,429,452,431,451,429,449,426,449
400,57,397,58,395,59,397,60,400,60,403,60,404,59,403,58,400,57
391,446,386,446,386,446,382,446,378,446,378,444,376,443,373,442,369,442,369,442,364,442,361,443,360,444,360,446,360,446,360,447,361,448,364,449,367,448,369,447,370,446,373,446,378,446,378,447,379,448,382,449,386,449,386,449,391,449,394,448,395,447,394,446,391,446
347,67,344,67,342,68,344,69,347,70,350,69,351,68,350,67,347,67
338,54,335,54,333,55,335,56,338,57,341,56,342,55,341,54,338,54
329,47,326,48,324,49,326,50,329,50,332,50,333,49,332,48,329,47
320,423,317,424,316,425,316,426,316,426,316,428,317,429,320,430,323,429,324,428,324,426,324,426,324,425,323,424,320,423
311,50,308,51,307,52,307,54,307,54,307,55,308,56,311,57,314,56,316,55,316,54,316,54,316,52,314,51,311,50
249,410,245,410,245,410,240,410,237,411,236,412,236,413,236,413,236,415,237,416,240,417,243,416,245,415,246,414,249,413,252,413,254,412,252,411,249,410
169,57,165,57,165,55,164,54,161,54,156,54,156,52,155,51,152,50,149,51,147,52,149,53,152,54,156,54,156,55,158,56,161,57,165,57,165,59,165,60,165,60,165,62,166,63,169,63,172,63,174,62,174,60,174,60,174,59,172,58,169,57
143,345,140,345,138,344,138,342,138,342,138,340,137,339,134,339,131,339,130,340,130,342,130,342,130,344,130,345,130,345,130,347,130,349,130,349,130,350,130,352,130,352,130,353,131,354,134,355,137,354,138,353,138,352,138,352,138,350,140,349,143,349,146,348,147,347,146,346,143,345
143,358,140,359,138,360,140,361,143,361,146,361,147,360,146,359,143,358
