564,10,564,12,568,12,571,12,572,13,572,15,572,15,572,16,572,18,577,18,580,19,581,20,581,21,581,21,581,23,581,25,581,25,581,26,583,27,586,28,589,28,590,29,589,31,586,31,581,31,581,31,577,31,574,31,572,29,572,28,572,28,572,26,572,25,572,25,572,23,572,21,572,21,572,20,572,18,568,18,565,18,564,16,564,15,564,15,564,13,564,12,559,12,556,11,555,10,282,10,10,10,10,240,10,470,440,470,440,468,435,468,432,468,431,467,432,466,435,465,438,466,440,467,440,468,444,468,447,469,448,470,539,470,630,470,630,240,630,10,564,10
586,109,581,109,581,109,577,109,572,109,572,107,571,106,568,106,564,106,564,106,559,106,556,106,555,107,555,109,555,109,555,110,556,112,559,112,564,112,564,114,565,115,568,115,572,115,572,115,577,115,580,115,581,114,583,113,586,112,589,112,590,110,589,109,586,109
550,115,546,115,546,115,541,115,538,115,537,114,536,113,533,112,528,112,528,112,524,112,519,112,519,112,515,112,512,113,510,114,510,115,510,115,510,117,509,118,506,119,503,118,502,117,500,116,497,115,494,115,493,114,491,113,488,112,484,112,484,112,479,112,476,113,475,114,475,115,475,115,475,117,474,118,471,119,468,119,466,120,468,121,471,122,474,122,475,123,475,125,475,125,475,127,476,128,479,128,482,129,484,130,485,131,488,131,493,131,493,131,497,131,500,132,502,133,502,135,502,135,502,136,503,137,506,138,509,139,510,140,512,141,515,141,518,142,519,143,518,144,515,144,510,144,510,144,506,144,503,144,502,143,500,142,497,141,494,141,493,140,491,138,488,138,484,138,484,138,479,138,476,138,475,140,475,141,475,141,475,143,475,144,475,144,475,146,476,147,479,148,482,148,484,149,485,150,488,151,491,151,493,153,494,154,497,154,500,155,502,156,503,157,506,157,510,157,510,157,515,157,519,157,519,157,524,157,527,157,528,156,530,155,533,154,536,154,537,153,537,151,537,151,537,149,538,148,541,148,544,147,546,146,544,145,541,144,538,144,537,143,537,141,537,141,537,140,537,138,537,138,537,136,537,135,537,135,537,133,537,131,537,131,537,130,538,129,541,128,544,128,546,127,546,125,546,125,546,123,547,122,550,122,553,121,555,120,555,119,555,119,555,117,553,116,550,115
533,25,528,25,528,25,524,25,521,24,519,23,519,21,519,21,519,20,518,19,515,18,510,18,510,18,506,18,503,19,502,20,502,21,502,21,502,23,502,25,502,25,502,26,503,27,506,28,510,28,510,28,515,28,518,28,519,29,518,31,515,31,512,32,510,33,510,34,510,34,510,36,512,37,515,38,518,38,519,39,519,41,519,41,519,42,519,44,519,44,519,46,519,47,519,47,519,49,521,50,524,50,527,50,528,49,530,48,533,47,536,47,537,46,537,44,537,44,537,42,536,41,533,41,530,40,528,39,528,38,528,38,528,36,528,34,528,34,528,33,530,32,533,31,536,31,537,29,537,28,537,28,537,26,536,25,533,25
515,54,510,54,510,52,509,51,506,50,503,51,502,52,503,53,506,54,510,54,510,55,512,56,515,57,518,56,519,55,518,54,515,54
497,96,494,96,493,97,494,99,497,99,500,99,502,97,500,96,497,96
479,96,476,96,475,97,474,99,471,99,468,100,466,101,468,102,471,102,475,102,475,102,479,102,482,102,484,101,484,99,484,99,484,97,482,96,479,96
471,387,468,388,466,389,468,390,471,391,474,390,475,389,474,388,471,387
462,381,459,381,457,383,459,384,462,384,465,384,466,383,465,381,462,381
453,18,450,18,448,16,447,15,444,15,441,15,440,16,438,18,435,18,432,19,431,20,431,21,431,21,431,23,431,25,431,25,431,26,429,27,426,28,423,28,422,29,422,31,422,31,422,33,422,34,422,34,422,36,423,37,426,38,431,38,431,38,435,38,438,37,440,36,440,34,440,34,440,33,441,32,444,31,447,32,448,33,450,34,453,34,456,34,457,33,457,31,457,31,457,29,456,28,453,28,450,27,448,26,450,25,453,25,456,24,457,23,457,21,457,21,457,20,456,19,453,18
444,50,441,51,440,52,441,53,444,54,447,53,448,52,447,51,444,50
444,420,441,420,440,421,441,422,444,423,447,422,448,421,447,420,444,420
426,47,423,47,422,46,420,45,417,44,414,45,413,46,413,47,413,47,413,49,414,50,417,50,420,51,422,52,423,53,426,54,429,53,431,52,431,50,431,50,431,49,429,48,426,47
417,102,414,103,413,104,414,105,417,106,420,105,422,104,420,103,417,102
409,73,406,74,404,75,406,76,409,76,412,76,413,75,412,74,409,73
409,462,406,462,404,464,406,465,409,465,412,465,413,464,412,462,409,462
400,93,397,93,395,94,397,95,400,96,403,95,404,94,403,93,400,93
355,54,352,54,351,55,352,56,355,57,358,56,360,55,358,54,355,54
302,232,299,232,298,234,299,235,302,235,305,235,307,234,305,232,302,232
178,349,174,349,174,349,169,349,166,349,165,350,164,351,161,352,158,352,156,353,158,354,161,355,165,355,165,355,169,355,172,354,174,353,175,352,178,352,181,351,183,350,181,349,178,349
161,436,156,436,156,436,152,436,149,437,147,438,149,439,152,439,156,439,156,439,161,439,164,439,165,438,164,437,161,436
134,352,131,352,130,353,130,355,125,355,122,356,121,357,122,358,125,358,128,358,130,357,130,355,134,355,137,354,138,353,137,352,134,352
134,433,131,433,130,434,131,435,134,436,137,435,138,434,137,433,134,433
63,410,60,411,59,412,60,413,63,413,66,413,68,412,66,411,63,410
568,109,565,109,564,110,564,112,568,112,571,111,572,110,572,109,568,109
533,119,530,119,528,120,528,122,528,122,528,123,528,125,533,125,536,124,537,123,537,122,537,122,537,120,536,119,533,119
524,125,521,126,519,127,519,128,524,128,527,128,528,127,528,125,524,125
515,128,512,129,510,130,512,131,515,131,518,131,519,130,519,128,515,128
515,148,512,148,510,149,510,151,510,151,510,153,512,154,515,154,518,154,519,153,519,151,519,151,519,149,518,148,515,148
