324,10,323,11,320,12,317,11,316,10,163,10,10,10,10,248,13,248,14,246,16,245,19,245,23,245,23,245,28,245,31,245,32,246,32,248,32,248,32,250,32,251,32,251,32,253,32,255,32,255,32,256,31,257,28,258,23,258,23,258,19,258,14,258,14,258,10,258,10,364,10,470,320,470,630,470,630,240,630,10,324,10
603,368,600,368,599,370,599,371,599,371,599,373,600,374,603,374,606,374,608,373,608,371,608,371,608,370,606,368,603,368
568,339,565,339,564,340,565,342,568,342,571,342,572,340,571,339,568,339
559,151,556,151,555,153,555,154,550,154,547,155,546,156,547,157,550,157,553,157,555,156,555,154,559,154,562,154,564,153,562,151,559,151
541,131,538,132,537,133,538,134,541,135,544,134,546,133,544,132,541,131
515,21,510,21,510,21,506,21,502,21,502,21,497,21,494,22,493,23,494,24,497,25,500,25,502,26,503,27,506,28,509,28,510,29,510,31,510,31,510,33,512,34,515,34,518,34,519,33,519,31,519,31,519,29,519,28,519,28,519,26,519,25,519,25,519,23,518,22,515,21
231,446,228,445,227,444,226,443,223,442,220,443,218,444,218,446,218,446,218,447,220,448,223,449,227,449,227,449,231,449,234,448,236,447,234,446,231,446
223,413,220,414,218,415,220,416,223,417,226,416,227,415,226,414,223,413
125,400,122,401,121,402,122,403,125,404,128,403,130,402,128,401,125,400
72,381,68,381,68,379,68,378,68,378,68,376,66,375,63,374,60,374,59,373,57,372,54,371,50,371,50,370,50,368,50,368,50,366,48,365,45,365,42,365,41,366,41,368,41,368,41,370,42,371,45,371,50,371,50,373,50,374,50,374,50,376,51,377,54,378,57,378,59,379,60,380,63,381,68,381,68,383,69,384,72,384,75,384,76,383,75,381,72,381
