85,470,87,469,90,468,93,469,94,470,362,470,630,470,630,240,630,10,320,10,10,10,10,240,10,470,85,470
462,106,459,106,457,107,457,109,457,109,457,110,459,112,462,112,465,112,466,110,466,109,466,109,466,107,465,106,462,106
373,465,370,466,369,467,370,468,373,468,376,468,378,467,376,466,373,465
329,452,326,453,324,454,326,455,329,455,332,455,333,454,332,453,329,452
293,442,289,442,289,442,285,442,282,443,280,444,282,445,285,446,289,446,289,446,293,446,296,445,298,444,296,443,293,442
258,433,254,433,254,433,249,433,245,433,245,431,245,430,245,430,245,428,243,427,240,426,236,426,236,426,231,426,228,427,227,428,228,429,231,430,234,430,236,431,237,432,240,433,245,433,245,434,246,435,249,436,254,436,254,436,258,436,261,435,262,434,261,433,258,433
205,417,202,416,200,415,199,414,196,413,192,413,192,413,187,413,184,414,183,415,184,416,187,417,190,417,192,418,193,419,196,420,200,420,200,420,205,420,208,419,209,418,208,417,205,417
187,115,184,116,183,117,184,118,187,119,190,118,192,117,190,116,187,115
178,384,175,385,174,386,175,387,178,387,181,387,183,386,181,385,178,384
169,378,166,378,165,379,166,380,169,381,172,380,174,379,172,378,169,378
161,371,158,372,156,373,158,374,161,374,164,374,165,373,164,372,161,371
143,122,140,122,138,123,138,125,138,125,138,127,140,128,143,128,146,128,147,127,147,125,147,125,147,123,146,122,143,122
