10,70,13,70,14,72,14,73,14,73,14,75,14,76,14,76,14,78,14,80,14,80,14,81,14,83,14,83,14,85,13,86,10,86,10,278,10,470,320,470,630,470,630,352,627,351,626,350,627,349,630,349,630,179,630,10,320,10,10,10,10,70
595,31,592,31,590,29,589,28,586,28,583,28,581,29,581,31,581,31,581,33,583,34,586,34,589,35,590,36,590,38,590,38,590,39,592,40,595,41,598,40,599,39,599,38,599,38,599,36,599,34,599,34,599,33,598,32,595,31
595,106,592,105,590,104,589,103,586,102,583,102,581,101,580,100,577,99,572,99,572,99,568,99,565,100,564,101,564,102,564,102,564,104,565,105,568,106,572,106,572,106,577,106,580,106,581,107,583,108,586,109,590,109,590,109,595,109,598,108,599,107,598,106,595,106
586,50,583,51,581,52,581,54,581,54,581,55,583,56,586,57,589,56,590,55,590,54,590,54,590,52,589,51,586,50
577,38,574,38,572,39,574,40,577,41,580,40,581,39,580,38,577,38
559,70,556,70,555,72,556,73,559,73,562,73,564,72,562,70,559,70
550,80,547,79,546,78,544,77,541,76,538,77,537,78,537,80,537,80,537,81,537,83,537,83,537,85,537,86,537,86,537,88,537,89,537,89,537,91,536,92,533,93,530,93,528,94,528,96,528,96,528,97,527,99,524,99,521,100,519,101,519,102,519,102,519,104,518,105,515,106,512,106,510,107,510,109,510,109,510,110,509,111,506,112,503,113,502,114,500,115,497,115,494,116,493,117,494,118,497,119,500,119,502,120,500,121,497,122,494,122,493,123,491,124,488,125,485,126,484,127,484,128,484,128,484,130,484,131,484,131,484,133,484,135,484,135,484,136,484,138,484,138,484,140,482,141,479,141,476,142,475,143,475,144,475,144,475,146,475,148,475,148,475,149,475,151,475,151,475,153,476,154,479,154,482,155,484,156,485,157,488,157,491,157,493,156,494,155,497,154,502,154,502,156,503,157,506,157,509,157,510,156,509,155,506,154,502,154,502,153,502,151,502,151,502,149,502,148,502,148,502,146,503,145,506,144,509,144,510,143,509,142,506,141,503,141,502,140,503,139,506,138,509,137,510,136,510,135,510,135,510,133,510,131,510,131,510,130,510,128,510,128,510,127,512,126,515,125,518,124,519,123,519,122,519,122,519,120,521,119,524,119,527,118,528,117,528,115,528,115,528,114,528,112,528,112,528,110,530,109,533,109,536,108,537,107,538,106,541,106,544,105,546,104,546,102,546,102,546,101,546,99,546,99,546,97,546,96,546,96,546,94,547,93,550,93,553,92,555,91,555,89,555,89,555,88,555,86,555,86,555,85,555,83,555,83,555,81,553,80,550,80
462,25,459,25,457,26,459,27,462,28,465,27,466,26,465,25,462,25
462,164,459,164,457,165,459,167,462,167,465,167,466,165,465,164,462,164
391,28,386,28,386,28,382,28,379,28,378,29,378,31,378,31,378,33,378,34,378,34,378,36,376,37,373,38,370,38,369,39,369,41,369,41,369,42,370,43,373,44,376,45,378,46,379,47,382,47,385,47,386,46,388,45,391,44,394,43,395,42,395,41,395,41,395,39,395,38,395,38,395,36,395,34,395,34,395,33,395,31,395,31,395,29,394,28,391,28
391,170,386,170,386,169,385,168,382,167,378,167,378,167,373,167,370,168,369,169,367,170,364,170,361,171,360,172,358,173,355,174,352,174,351,175,352,176,355,177,360,177,360,177,364,177,367,176,369,175,370,174,373,174,376,173,378,172,379,171,382,170,386,170,386,172,386,174,386,174,386,175,386,177,386,177,386,178,386,180,386,180,386,182,386,183,386,183,386,185,386,187,386,187,386,188,388,189,391,190,394,189,395,188,395,187,395,187,395,185,395,183,395,183,395,182,395,180,395,180,395,178,395,177,395,177,395,175,395,174,395,174,395,172,394,171,391,170
373,57,369,57,369,57,364,57,361,58,360,59,360,60,360,60,360,62,361,63,364,63,369,63,369,63,373,63,376,63,378,62,378,60,378,60,378,59,376,58,373,57
355,449,352,448,351,447,350,446,347,446,342,446,342,446,338,446,335,446,333,447,335,448,338,449,341,449,342,451,344,452,347,452,351,452,351,452,355,452,358,452,360,451,358,449,355,449
320,371,317,372,316,373,317,374,320,374,323,374,324,373,323,372,320,371
249,196,245,196,245,196,240,196,237,197,236,198,234,199,231,200,227,200,227,200,223,200,220,200,218,201,218,203,218,203,218,204,220,205,223,206,227,206,227,206,231,206,234,205,236,204,237,203,240,203,243,202,245,201,246,200,249,200,252,199,254,198,252,197,249,196
187,426,184,426,183,425,181,424,178,423,175,424,174,425,174,426,174,426,174,428,175,429,178,430,183,430,183,430,187,430,190,429,192,428,190,427,187,426
143,128,140,129,138,130,140,131,143,131,146,131,147,130,146,129,143,128
81,219,78,219,76,221,76,222,76,222,76,224,78,225,81,225,84,225,85,224,85,222,85,222,85,221,84,219,81,219
72,25,69,24,68,23,66,22,63,21,59,21,59,21,54,21,51,21,50,20,48,19,45,18,42,18,41,16,40,15,37,15,32,15,32,15,28,15,23,15,23,15,19,15,16,15,14,16,16,18,19,18,22,19,23,20,22,21,19,21,16,22,14,23,14,25,14,25,14,26,16,27,19,28,22,28,23,29,25,31,28,31,31,31,32,29,34,28,37,28,41,28,41,28,45,28,48,28,50,29,51,31,54,31,57,32,59,33,60,34,63,34,68,34,68,34,72,34,75,34,76,33,76,31,76,31,76,29,76,28,76,28,76,26,75,25,72,25
72,229,69,229,68,230,69,231,72,232,75,231,76,230,75,229,72,229
37,238,34,239,32,240,32,242,32,242,32,243,34,244,37,245,40,244,41,243,41,242,41,242,41,240,40,239,37,238
