590,10,590,12,590,12,590,13,590,15,590,15,590,16,590,18,590,18,590,20,590,21,590,21,590,23,590,25,590,25,590,26,590,28,590,28,590,29,589,31,586,31,583,31,581,29,581,28,581,28,581,26,581,25,581,25,581,23,581,21,581,21,581,20,580,19,577,18,574,18,572,16,572,15,572,15,572,13,572,12,572,12,572,10,291,10,10,10,10,349,13,349,14,350,14,352,14,352,14,353,13,354,10,355,10,413,10,470,448,470,448,468,448,468,448,467,450,466,453,465,457,465,457,465,462,465,465,466,466,467,465,468,462,468,459,469,457,470,544,470,630,470,630,280,627,280,626,279,627,278,630,277,630,248,627,248,626,246,627,245,630,245,630,127,630,10,590,10
612,268,609,268,608,269,609,270,612,271,615,270,617,269,615,268,612,268
603,122,600,122,599,123,599,125,595,125,592,126,590,127,592,128,595,128,599,128,599,130,599,131,595,131,592,132,590,133,590,135,586,135,583,134,581,133,580,132,577,131,574,132,572,133,572,135,572,135,572,136,572,138,568,138,565,138,564,140,564,141,559,141,556,141,555,140,555,138,555,138,555,136,553,135,550,135,547,135,546,136,546,138,546,138,546,140,546,141,546,141,546,143,547,144,550,144,555,144,555,144,559,144,562,144,564,143,564,141,568,141,571,141,572,140,572,138,577,138,581,138,581,138,586,138,589,137,590,136,590,135,595,135,598,134,599,133,599,131,603,131,606,131,608,130,606,129,603,128,599,128,599,127,599,125,603,125,606,124,608,123,606,122,603,122
586,38,583,38,581,39,581,41,581,41,581,42,581,44,581,44,581,46,583,47,586,47,589,47,590,46,590,44,590,44,590,42,590,41,590,41,590,39,589,38,586,38
577,50,574,51,572,52,574,53,577,54,580,53,581,52,580,51,577,50
479,148,476,148,475,149,475,151,475,151,475,153,476,154,479,154,482,154,484,153,484,151,484,151,484,149,482,148,479,148
479,164,476,164,475,165,476,167,479,167,482,167,484,165,482,164,479,164
417,407,413,407,413,405,413,404,413,404,413,402,412,401,409,400,406,400,404,399,404,397,404,397,404,395,403,394,400,394,397,393,395,392,394,391,391,391,386,391,386,389,385,388,382,387,378,387,378,386,376,385,373,384,370,385,369,386,370,387,373,387,378,387,378,389,379,390,382,391,386,391,386,392,386,394,386,394,386,395,388,397,391,397,394,398,395,399,395,400,395,400,395,402,397,403,400,404,403,404,404,405,406,406,409,407,413,407,413,408,412,410,409,410,406,411,404,412,406,413,409,413,413,413,413,413,417,413,420,413,422,412,422,410,422,410,422,408,420,407,417,407
373,404,370,404,369,405,370,406,373,407,376,406,378,405,376,404,373,404
364,332,361,333,360,334,358,335,355,336,352,336,351,337,352,338,355,339,358,339,360,340,361,342,364,342,367,342,369,340,369,339,369,339,369,337,369,336,369,336,369,334,367,333,364,332
355,109,352,109,351,110,352,112,355,112,358,112,360,110,358,109,355,109
355,400,352,401,351,402,352,403,355,404,358,403,360,402,358,401,355,400
276,439,271,439,271,439,267,439,264,439,262,438,261,437,258,436,254,436,254,436,249,436,245,436,245,436,240,436,237,435,236,434,234,433,231,433,227,433,227,433,223,433,218,433,218,431,217,430,214,430,209,430,209,430,205,430,202,429,200,428,199,427,196,426,193,427,192,428,192,430,192,430,192,431,193,432,196,433,200,433,200,433,205,433,209,433,209,433,214,433,218,433,218,434,220,435,223,436,226,437,227,438,228,439,231,439,236,439,236,439,240,439,245,439,245,439,249,439,252,440,254,441,255,442,258,442,262,442,262,442,267,442,271,442,271,442,276,442,279,442,280,441,279,440,276,439
258,368,255,368,254,370,255,371,258,371,261,371,262,370,261,368,258,368
231,219,227,219,227,219,223,219,220,219,218,221,220,222,223,222,227,222,227,222,231,222,234,222,236,221,234,219,231,219
231,349,227,349,227,347,226,346,223,345,220,346,218,347,220,348,223,349,227,349,227,350,228,351,231,352,234,351,236,350,234,349,231,349
205,216,200,216,200,216,196,216,193,216,192,217,192,219,192,219,192,221,193,222,196,222,200,222,200,222,205,222,208,222,209,221,209,219,209,219,209,217,208,216,205,216
72,410,69,411,68,412,69,413,72,413,75,413,76,412,75,411,72,410
