10,316,13,317,14,318,13,319,10,319,10,323,14,323,14,323,19,323,22,323,23,324,22,325,19,326,14,326,14,326,10,326,10,398,10,470,112,470,113,469,116,468,119,469,121,470,375,470,630,470,630,240,630,10,320,10,10,10,10,316
586,31,581,31,581,29,580,28,577,28,572,28,572,26,572,25,572,25,572,23,571,22,568,21,565,22,564,23,564,25,564,25,564,26,565,27,568,28,572,28,572,29,574,31,577,31,581,31,581,33,581,34,581,34,581,36,583,37,586,38,589,37,590,36,590,34,590,34,590,33,589,32,586,31
586,109,583,109,581,110,583,112,586,112,589,112,590,110,589,109,586,109
577,54,572,54,572,54,568,54,565,54,564,55,564,57,564,57,564,59,562,60,559,60,555,60,555,60,550,60,547,61,546,62,547,63,550,63,553,64,555,65,556,66,559,67,562,66,564,65,565,64,568,63,571,63,572,62,572,60,572,60,572,59,574,58,577,57,580,56,581,55,580,54,577,54
568,38,565,38,564,39,565,40,568,41,571,40,572,39,571,38,568,38
568,119,565,119,564,120,565,121,568,122,571,121,572,120,571,119,568,119
550,50,547,51,546,52,547,53,550,54,553,53,555,52,553,51,550,50
541,161,537,161,537,161,533,161,530,161,528,162,530,163,533,164,537,164,537,164,541,164,544,163,546,162,544,161,541,161
533,141,528,141,528,141,524,141,521,142,519,143,521,144,524,144,528,144,528,144,533,144,536,144,537,143,536,142,533,141
524,128,521,129,519,130,521,131,524,131,527,131,528,130,527,129,524,128
506,423,503,424,502,425,503,426,506,426,509,426,510,425,509,424,506,423
497,47,494,48,493,49,494,50,497,50,500,50,502,49,500,48,497,47
497,413,494,414,493,415,494,416,497,417,500,416,502,415,500,414,497,413
462,109,459,109,457,110,459,112,462,112,465,112,466,110,465,109,462,109
444,455,441,456,440,457,441,458,444,459,447,458,448,457,447,456,444,455
364,128,361,129,360,130,360,131,360,131,360,133,361,134,364,135,367,134,369,133,369,131,369,131,369,130,367,129,364,128
258,361,254,361,254,361,249,361,246,362,245,363,246,364,249,365,254,365,254,365,258,365,261,364,262,363,261,362,258,361
169,355,165,355,165,355,161,355,156,355,156,355,152,355,147,355,147,355,143,355,140,356,138,357,140,358,143,358,147,358,147,358,152,358,156,358,156,358,161,358,165,358,165,358,169,358,172,358,174,357,172,356,169,355
161,433,158,433,156,434,158,435,161,436,164,435,165,434,164,433,161,433
125,436,122,437,121,438,122,439,125,439,128,439,130,438,128,437,125,436
116,352,112,352,112,352,107,352,104,352,103,353,103,355,103,355,103,357,103,358,103,358,103,360,104,361,107,361,110,361,112,360,113,359,116,358,119,358,121,357,121,355,121,355,121,353,119,352,116,352
