546,10,544,11,541,12,538,11,537,10,457,10,457,12,457,12,457,13,456,14,453,15,450,14,448,13,448,12,448,12,448,10,440,10,440,12,440,12,440,13,438,14,435,15,432,14,431,13,431,12,431,12,431,10,422,10,420,11,417,12,414,11,413,10,404,10,403,11,400,12,397,12,395,13,394,14,391,15,388,14,386,13,385,12,382,12,379,11,378,10,351,10,350,11,347,12,344,11,342,10,307,10,307,12,307,12,307,13,305,14,302,15,299,15,298,16,296,18,293,18,289,18,289,18,285,18,282,18,280,16,279,15,276,15,273,15,271,16,271,18,271,18,271,20,273,21,276,21,279,22,280,23,279,24,276,25,271,25,271,25,267,25,262,25,262,25,258,25,255,25,254,26,252,27,249,28,245,28,245,28,240,28,237,28,236,29,234,31,231,31,228,32,227,33,227,34,231,34,234,35,236,36,234,37,231,38,228,37,227,36,227,34,223,34,220,34,218,33,217,32,214,31,211,31,209,29,209,28,209,28,209,26,208,25,205,25,202,24,200,23,200,21,200,21,200,20,199,19,196,18,193,18,192,16,192,15,192,15,192,13,190,12,187,12,184,11,183,10,96,10,10,10,10,240,10,470,320,470,630,470,630,242,627,241,626,240,627,239,630,238,630,124,630,10,546,10
541,144,538,145,537,146,538,147,541,148,544,147,546,146,544,145,541,144
435,225,432,226,431,227,432,228,435,229,438,228,440,227,438,226,435,225
426,80,423,80,422,81,423,82,426,83,429,82,431,81,429,80,426,80
426,368,423,368,422,370,423,371,426,371,429,371,431,370,429,368,426,368
409,109,406,109,404,110,406,112,409,112,412,112,413,110,412,109,409,109
409,462,406,462,404,464,406,465,409,465,412,465,413,464,412,462,409,462
391,455,388,456,386,457,388,458,391,459,394,458,395,457,394,456,391,455
364,106,361,106,360,107,361,108,364,109,367,108,369,107,367,106,364,106
355,34,352,35,351,36,352,37,355,38,358,37,360,36,358,35,355,34
347,15,344,15,342,16,342,18,342,18,342,20,344,21,347,21,350,21,351,20,351,18,351,18,351,16,350,15,347,15
338,73,335,74,333,75,335,76,338,76,341,76,342,75,341,74,338,73
329,15,324,15,324,13,323,12,320,12,317,12,316,13,317,14,320,15,324,15,324,16,326,18,329,18,332,18,333,16,332,15,329,15
311,18,308,19,307,20,305,21,302,21,299,22,298,23,298,25,298,25,298,26,298,28,298,28,298,29,299,31,302,31,305,31,307,29,308,28,311,28,314,27,316,26,316,25,316,25,316,23,316,21,316,21,316,20,314,19,311,18
311,378,308,378,307,379,308,380,311,381,314,380,316,379,314,378,311,378
285,28,282,28,280,29,282,31,285,31,288,31,289,29,288,28,285,28
267,47,264,48,262,49,264,50,267,50,270,50,271,49,270,48,267,47
258,34,255,35,254,36,255,37,258,38,261,37,262,36,261,35,258,34
116,339,113,339,112,340,113,342,116,342,119,342,121,340,119,339,116,339
271,10,273,11,276,12,280,12,280,12,285,12,289,12,289,12,293,12,296,11,298,10,271,10
209,10,211,11,214,12,218,12,218,12,223,12,227,12,227,12,231,12,234,12,236,13,236,15,236,15,236,16,237,18,240,18,243,18,245,16,245,15,245,15,245,13,246,12,249,12,252,11,254,10,209,10
