342,10,341,11,338,12,333,12,333,13,332,14,329,15,326,14,324,13,326,12,329,12,333,12,333,10,245,10,243,11,240,12,237,11,236,10,123,10,10,10,10,240,10,470,320,470,630,470,630,60,626,60,626,60,621,60,618,60,617,59,617,57,617,57,617,55,618,54,621,54,626,54,626,54,630,54,630,32,630,10,342,10
559,70,556,70,555,72,556,73,559,73,562,73,564,72,562,70,559,70
471,21,466,21,466,21,462,21,459,22,457,23,456,24,453,25,450,25,448,26,447,27,444,28,441,28,440,29,441,31,444,31,448,31,448,31,453,31,456,32,457,33,457,34,457,34,457,36,457,38,457,38,457,39,459,40,462,41,465,40,466,39,468,38,471,38,474,37,475,36,475,34,475,34,475,33,475,31,475,31,475,29,475,28,475,28,475,26,475,25,475,25,475,23,474,22,471,21
471,229,468,229,466,230,468,231,471,232,474,231,475,230,474,229,471,229
426,25,422,25,422,23,420,22,417,21,414,22,413,23,414,24,417,25,422,25,422,26,422,28,422,28,422,29,422,31,422,31,422,33,423,34,426,34,429,34,431,33,431,31,431,31,431,29,431,28,431,28,431,26,429,25,426,25
426,407,422,407,422,405,420,404,417,404,413,404,413,404,409,404,406,404,404,405,406,406,409,407,413,407,413,407,417,407,422,407,422,408,423,410,426,410,429,410,431,408,429,407,426,407
400,423,397,424,395,425,397,426,400,426,403,426,404,425,403,424,400,423
391,12,388,12,386,13,388,14,391,15,394,14,395,13,394,12,391,12
382,57,379,58,378,59,379,60,382,60,385,60,386,59,385,58,382,57
373,15,370,15,369,16,370,18,373,18,376,18,378,16,376,15,373,15
373,430,370,430,369,431,369,433,369,433,369,434,370,435,373,436,376,435,378,434,378,433,378,433,378,431,376,430,373,430
355,15,351,15,351,15,347,15,344,15,342,16,342,18,342,18,342,20,344,21,347,21,350,21,351,20,352,19,355,18,358,18,360,16,358,15,355,15
338,459,333,459,333,457,333,455,333,455,333,454,333,452,333,452,333,451,332,449,329,449,326,449,324,451,324,452,324,452,324,454,324,455,324,455,324,457,326,458,329,459,333,459,333,460,335,461,338,462,341,461,342,460,341,459,338,459
320,397,317,398,316,399,317,400,320,400,323,400,324,399,323,398,320,397
311,28,307,28,307,28,302,28,299,27,298,26,296,25,293,25,289,25,289,25,285,25,282,24,280,23,279,22,276,21,273,21,271,20,270,19,267,18,264,19,262,20,262,21,262,21,262,23,261,24,258,25,254,25,254,25,249,25,246,25,245,26,246,27,249,28,252,28,254,29,254,31,254,31,254,33,255,34,258,34,262,34,262,34,267,34,271,34,271,34,276,34,279,34,280,33,282,32,285,31,288,32,289,33,290,34,293,34,296,34,298,33,299,32,302,31,305,32,307,33,308,34,311,34,314,34,316,33,316,31,316,31,316,29,314,28,311,28
302,41,299,41,298,42,299,43,302,44,305,43,307,42,305,41,302,41
285,397,282,398,280,399,282,400,285,400,288,400,289,399,288,398,285,397
240,15,237,15,236,16,237,18,240,18,243,18,245,16,243,15,240,15
161,12,158,12,156,13,156,15,156,15,156,16,158,18,161,18,164,18,165,16,165,15,165,15,165,13,164,12,161,12
125,345,121,345,121,345,116,345,113,346,112,347,113,348,116,349,119,349,121,350,121,352,121,352,121,353,122,354,125,355,128,354,130,353,130,352,130,352,130,350,130,349,130,349,130,347,128,346,125,345
