581,10,581,12,581,12,581,13,580,14,577,15,574,14,572,13,572,12,572,12,572,10,307,10,307,12,307,12,307,13,305,14,302,15,298,15,298,15,293,15,290,14,289,13,289,12,289,12,289,10,149,10,10,10,10,240,10,470,320,470,630,470,630,240,630,10,581,10
586,28,581,28,581,28,577,28,574,28,572,29,572,31,572,31,572,33,574,34,577,34,581,34,581,34,586,34,589,34,590,33,590,31,590,31,590,29,589,28,586,28
586,54,583,54,581,55,580,56,577,57,574,58,572,59,572,60,568,60,565,61,564,62,564,63,564,63,564,65,564,67,559,67,556,67,555,68,555,70,555,70,555,72,555,73,555,73,555,75,553,76,550,76,547,77,546,78,546,80,546,80,546,81,546,83,546,83,546,85,546,86,546,86,546,88,547,89,550,89,553,89,555,88,555,86,555,86,555,85,556,83,559,83,562,83,564,85,565,86,568,86,571,86,572,85,572,83,572,83,572,81,572,80,572,80,572,78,572,76,572,76,572,75,571,74,568,73,565,73,564,72,564,70,564,70,564,68,564,67,568,67,571,66,572,65,572,63,572,63,572,62,572,60,577,60,581,60,581,60,586,60,589,60,590,59,590,57,590,57,590,55,589,54,586,54
586,135,583,135,581,136,583,137,586,138,589,137,590,136,589,135,586,135
524,144,521,145,519,146,519,148,519,148,519,149,519,151,519,151,519,153,521,154,524,154,527,154,528,153,528,151,528,151,528,149,528,148,528,148,528,146,527,145,524,144
515,21,512,22,510,23,510,25,510,25,510,26,512,27,515,28,518,27,519,26,519,25,519,25,519,23,518,22,515,21
515,34,512,35,510,36,512,37,515,38,518,37,519,36,518,35,515,34
506,47,503,48,502,49,502,50,502,50,502,52,503,53,506,54,509,53,510,52,510,50,510,50,510,49,509,48,506,47
488,44,485,45,484,46,482,47,479,47,475,47,475,47,471,47,468,47,466,46,466,44,466,44,466,42,465,41,462,41,459,41,457,42,456,43,453,44,450,43,448,42,447,41,444,41,440,41,440,41,435,41,431,41,431,41,426,41,422,41,422,41,417,41,413,41,413,41,409,41,406,41,404,42,403,43,400,44,397,45,395,46,395,47,395,47,395,49,395,50,395,50,395,52,397,53,400,54,404,54,404,54,409,54,412,53,413,52,414,51,417,50,422,50,422,50,426,50,429,50,431,49,432,48,435,47,440,47,440,47,444,47,448,47,448,47,453,47,456,48,457,49,456,50,453,50,450,51,448,52,450,53,453,54,457,54,457,54,462,54,466,54,466,54,471,54,475,54,475,54,479,54,484,54,484,54,488,54,491,53,493,52,493,50,493,50,493,49,493,47,493,47,493,46,491,45,488,44
488,73,484,73,484,72,482,70,479,70,476,69,475,68,474,67,471,67,468,66,466,65,465,64,462,63,457,63,457,63,453,63,450,64,448,65,448,67,448,67,448,68,448,70,448,70,448,72,448,73,448,73,448,75,448,76,448,76,448,78,448,80,448,80,448,81,448,83,448,83,448,85,448,86,448,86,448,88,450,89,453,89,457,89,457,89,462,89,465,89,466,88,465,87,462,86,459,86,457,85,459,83,462,83,465,82,466,81,466,80,466,80,466,78,468,77,471,76,475,76,475,78,475,80,475,80,475,81,476,82,479,83,482,82,484,81,485,80,488,80,491,79,493,78,493,76,493,76,493,75,491,74,488,73
462,57,459,58,457,59,459,60,462,60,465,60,466,59,465,58,462,57
444,394,440,394,440,392,438,391,435,391,432,391,431,392,432,393,435,394,440,394,440,395,441,397,444,397,447,397,448,395,447,394,444,394
435,67,431,67,431,67,426,67,423,67,422,68,423,69,426,70,431,70,431,70,435,70,438,69,440,68,438,67,435,67
409,60,406,61,404,62,404,63,404,63,404,65,406,66,409,67,412,66,413,65,413,63,413,63,413,62,412,61,409,60
391,60,388,61,386,62,386,63,386,63,386,65,388,66,391,67,394,66,395,65,395,63,395,63,395,62,394,61,391,60
373,465,370,465,369,464,367,462,364,462,360,462,360,462,355,462,352,462,351,464,352,465,355,465,358,466,360,467,361,468,364,468,369,468,369,468,373,468,376,468,378,467,376,466,373,465
338,459,335,459,333,460,335,461,338,462,341,461,342,460,341,459,338,459
320,455,317,456,316,457,317,458,320,459,323,458,324,457,323,456,320,455
276,452,271,452,271,452,267,452,262,452,262,452,258,452,254,452,254,452,249,452,245,452,245,452,240,452,237,453,236,454,237,455,240,455,245,455,245,455,249,455,254,455,254,455,258,455,262,455,262,455,267,455,271,455,271,455,276,455,279,455,280,454,279,453,276,452
249,25,246,25,245,26,245,28,245,28,245,29,246,31,249,31,252,31,254,29,254,28,254,28,254,26,252,25,249,25
240,34,237,35,236,36,237,37,240,38,243,37,245,36,243,35,240,34
240,306,237,307,236,308,237,309,240,310,243,309,245,308,243,307,240,306
240,446,237,446,236,447,237,448,240,449,243,448,245,447,243,446,240,446
231,21,228,22,227,23,227,25,227,25,227,26,228,27,231,28,234,27,236,26,236,25,236,25,236,23,234,22,231,21
223,31,220,32,218,33,220,34,223,34,226,34,227,33,226,32,223,31
161,50,158,51,156,52,156,54,156,54,156,55,158,56,161,57,164,56,165,55,165,54,165,54,165,52,164,51,161,50
134,63,131,64,130,65,131,66,134,67,137,66,138,65,137,64,134,63
134,430,131,430,130,431,131,432,134,433,137,432,138,431,137,430,134,430
19,306,16,307,14,308,16,309,19,310,22,309,23,308,22,307,19,306
479,73,476,74,475,75,475,76,479,76,482,76,484,75,484,73,479,73
