10,245,14,245,14,245,19,245,23,245,23,245,28,245,31,245,32,246,32,248,32,248,32,250,32,251,32,251,32,253,32,255,32,255,32,256,31,257,28,258,25,258,23,259,22,261,19,261,16,261,14,259,13,258,10,258,10,364,10,470,320,470,630,470,630,240,630,10,320,10,10,10,10,245
568,339,565,339,564,340,565,342,568,342,571,342,572,340,571,339,568,339
559,148,556,148,555,149,553,150,550,151,547,151,546,153,546,154,546,154,546,156,547,157,550,157,553,157,555,156,556,155,559,154,562,154,564,153,564,151,564,151,564,149,562,148,559,148
541,128,538,129,537,130,537,131,537,131,537,133,538,134,541,135,544,134,546,133,546,131,546,131,546,130,544,129,541,128
515,31,512,32,510,33,512,34,515,34,518,34,519,33,518,32,515,31
497,21,494,22,493,23,494,24,497,25,500,24,502,23,500,22,497,21
302,102,299,103,298,104,299,105,302,106,305,105,307,104,305,103,302,102
223,413,220,413,218,412,217,411,214,410,209,410,209,410,205,410,202,411,200,412,202,413,205,413,208,414,209,415,211,416,214,417,218,417,218,417,223,417,226,416,227,415,226,414,223,413
223,446,220,446,218,447,220,448,223,449,226,448,227,447,226,446,223,446
72,381,69,381,68,383,69,384,72,384,75,384,76,383,75,381,72,381
63,374,59,374,59,373,57,372,54,371,50,371,50,370,48,368,45,368,42,368,41,370,42,371,45,371,50,371,50,373,51,374,54,374,59,374,59,376,60,377,63,378,66,377,68,376,66,375,63,374
