630,10,320,10,10,10,10,240,10,470,320,470,630,470,630,240,630,10
621,115,618,116,617,117,618,118,621,119,624,118,626,117,624,116,621,115
603,119,600,119,599,120,599,122,595,122,592,122,590,123,592,124,595,125,598,124,599,123,599,122,603,122,606,121,608,120,606,119,603,119
488,18,484,18,484,18,479,18,476,19,475,20,476,21,479,21,484,21,484,21,488,21,491,21,493,20,491,19,488,18
382,122,379,122,378,123,379,124,382,125,385,124,386,123,385,122,382,122
373,141,370,142,369,143,370,144,373,144,376,144,378,143,376,142,373,141
347,446,342,446,342,446,338,446,335,446,333,447,335,448,338,449,342,449,342,449,347,449,350,448,351,447,350,446,347,446
276,430,271,430,271,430,267,430,262,430,262,430,258,430,255,430,254,431,255,432,258,433,262,433,262,433,267,433,270,433,271,434,273,435,276,436,279,435,280,434,280,433,280,433,280,431,279,430,276,430
223,420,220,419,218,418,217,417,214,417,209,417,209,417,205,417,202,417,200,418,202,419,205,420,208,420,209,421,211,422,214,423,218,423,218,423,223,423,226,422,227,421,226,420,223,420
169,381,165,381,165,379,164,378,161,378,158,378,156,379,158,380,161,381,165,381,165,383,166,384,169,384,172,384,174,383,172,381,169,381
152,115,147,115,147,114,147,112,147,112,147,110,147,109,147,109,147,107,147,106,147,106,147,104,147,102,147,102,147,101,147,99,147,99,147,97,147,96,147,96,147,94,146,93,143,93,140,93,138,94,138,96,138,96,138,97,138,99,138,99,138,101,138,102,138,102,138,104,138,106,138,106,138,107,138,109,138,109,138,110,138,112,138,112,138,114,140,115,143,115,147,115,147,117,147,119,147,119,147,120,147,122,147,122,147,123,149,124,152,125,155,124,156,123,156,122,156,122,156,120,156,119,156,119,156,117,155,116,152,115
143,70,140,70,138,72,140,73,143,73,146,73,147,72,146,70,143,70
