307,10,307,12,307,12,307,13,307,15,307,15,307,16,305,18,302,18,298,18,298,18,293,18,290,18,289,16,289,15,289,15,289,13,289,12,289,12,289,10,149,10,10,10,10,240,10,470,320,470,630,470,630,240,630,10,307,10
612,80,609,80,608,81,609,82,612,83,615,82,617,81,615,80,612,80
603,128,600,129,599,130,599,131,595,131,592,132,590,133,590,135,586,135,583,135,581,136,583,137,586,138,589,137,590,136,590,135,595,135,598,134,599,133,599,131,603,131,606,131,608,130,606,129,603,128
595,89,592,90,590,91,590,93,590,93,590,94,592,95,595,96,598,95,599,94,599,93,599,93,599,91,598,90,595,89
595,122,592,122,590,123,592,124,595,125,598,124,599,123,598,122,595,122
586,25,581,25,581,25,577,25,574,25,572,26,572,28,572,28,572,29,572,31,572,31,572,33,572,34,572,34,572,36,574,37,577,38,580,37,581,36,583,35,586,34,589,34,590,33,590,31,590,31,590,29,590,28,590,28,590,26,589,25,586,25
586,54,583,54,581,55,580,56,577,57,574,58,572,59,572,60,568,60,565,61,564,62,564,63,564,63,564,65,564,67,559,67,556,67,555,68,555,70,555,70,555,72,555,73,555,73,555,75,553,76,550,76,547,77,546,78,546,80,546,80,546,81,546,83,546,83,546,85,546,86,546,86,546,88,547,89,550,89,553,89,555,88,556,87,559,86,562,87,564,88,565,89,568,89,571,89,572,88,572,86,572,86,572,85,572,83,572,83,572,81,572,80,572,80,572,78,572,76,572,76,572,75,571,74,568,73,565,73,564,72,564,70,564,70,564,68,564,67,568,67,571,66,572,65,572,63,572,63,572,62,572,60,577,60,581,60,581,60,586,60,589,60,590,59,590,57,590,57,590,55,589,54,586,54
577,12,574,12,572,13,574,14,577,15,580,14,581,13,580,12,577,12
524,144,521,145,519,146,519,148,519,148,519,149,521,150,524,151,527,150,528,149,528,148,528,148,528,146,527,145,524,144
515,21,512,22,510,23,510,25,510,25,510,26,510,28,510,28,510,29,510,31,510,31,510,33,510,34,510,34,510,36,510,38,510,38,510,39,510,41,506,41,503,41,502,42,502,44,502,44,502,46,502,47,502,47,502,49,502,50,502,50,502,52,503,53,506,54,509,53,510,52,510,50,510,50,510,49,510,47,510,47,510,46,510,44,510,44,510,42,510,41,515,41,518,40,519,39,519,38,519,38,519,36,519,34,519,34,519,33,519,31,519,31,519,29,519,28,519,28,519,26,519,25,519,25,519,23,518,22,515,21
488,44,485,45,484,46,482,47,479,47,475,47,475,47,471,47,468,47,466,46,466,44,466,44,466,42,466,41,466,41,466,39,465,38,462,38,459,38,457,39,456,40,453,41,450,40,448,39,447,38,444,38,441,38,440,39,438,40,435,41,431,41,431,41,426,41,422,41,422,41,417,41,413,41,413,41,409,41,406,41,404,42,403,43,400,44,397,45,395,46,394,47,391,47,388,48,386,49,385,50,382,50,379,51,378,52,378,54,378,54,378,55,379,56,382,57,385,58,386,59,386,60,386,60,386,62,386,63,386,63,386,65,388,66,391,67,394,66,395,65,397,64,400,63,403,64,404,65,406,66,409,67,412,66,413,65,413,63,413,63,413,62,413,60,413,60,413,59,412,58,409,57,406,56,404,55,406,54,409,54,412,53,413,52,414,51,417,50,422,50,422,50,426,50,429,50,431,49,432,48,435,47,440,47,440,47,444,47,447,48,448,49,448,50,448,50,448,52,450,53,453,54,457,54,457,54,462,54,466,54,466,54,471,54,475,54,475,54,479,54,484,54,484,54,488,54,491,53,493,52,493,50,493,50,493,49,493,47,493,47,493,46,491,45,488,44
488,73,485,73,484,72,484,70,484,70,484,68,482,67,479,67,475,67,475,67,471,67,468,66,466,65,465,64,462,63,457,63,457,63,453,63,450,64,448,65,448,67,448,67,448,68,448,70,448,70,448,72,448,73,448,73,448,75,448,76,448,76,448,78,448,80,448,80,448,81,447,82,444,83,441,83,440,85,441,86,444,86,447,87,448,88,450,89,453,89,456,90,457,91,457,93,457,93,457,94,457,96,457,96,457,97,457,99,457,99,457,101,459,102,462,102,465,102,466,101,466,99,466,99,466,97,466,96,466,96,466,94,466,93,466,93,466,91,466,89,466,89,466,88,466,86,466,86,466,85,466,83,466,83,466,81,466,80,466,80,466,78,468,77,471,76,474,77,475,78,475,80,475,80,475,81,476,82,479,83,482,82,484,81,485,80,488,80,491,79,493,78,493,76,493,76,493,75,491,74,488,73
462,57,459,58,457,59,459,60,462,60,465,60,466,59,465,58,462,57
462,112,457,112,457,112,453,112,450,113,448,114,450,115,453,115,456,116,457,117,457,119,457,119,457,120,459,121,462,122,465,121,466,120,466,119,466,119,466,117,466,115,466,115,466,114,465,113,462,112
462,209,459,210,457,211,457,212,457,212,457,214,459,215,462,216,465,215,466,214,466,212,466,212,466,211,465,210,462,209
453,219,450,219,448,221,450,222,453,222,456,222,457,221,456,219,453,219
453,397,448,397,448,395,447,394,444,394,440,394,440,392,438,391,435,391,432,391,431,392,432,393,435,394,440,394,440,395,441,397,444,397,448,397,448,399,450,400,453,400,456,400,457,399,456,398,453,397
435,67,431,67,431,67,426,67,423,67,422,68,423,69,426,70,431,70,431,70,435,70,438,69,440,68,438,67,435,67
373,465,370,465,369,464,367,462,364,462,360,462,360,462,355,462,351,462,351,460,350,459,347,459,342,459,342,459,338,459,335,458,333,457,332,456,329,455,324,455,324,455,320,455,316,455,316,455,311,455,308,456,307,457,308,458,311,459,316,459,316,459,320,459,323,459,324,460,326,461,329,462,333,462,333,462,338,462,342,462,342,462,347,462,351,462,351,464,352,465,355,465,358,466,360,467,361,468,364,468,369,468,369,468,373,468,376,468,378,467,376,466,373,465
293,452,289,452,289,452,285,452,280,452,280,452,276,452,271,452,271,452,267,452,262,452,262,452,258,452,254,452,254,452,249,452,246,452,245,451,245,449,245,449,245,447,243,446,240,446,237,446,236,447,236,449,236,449,236,451,236,452,236,452,236,454,237,455,240,455,245,455,245,455,249,455,254,455,254,455,258,455,262,455,262,455,267,455,271,455,271,455,276,455,280,455,280,455,285,455,289,455,289,455,293,455,296,455,298,454,296,453,293,452
258,306,254,306,254,306,249,306,245,306,245,306,240,306,237,307,236,308,234,309,231,310,227,310,227,310,223,310,220,309,218,308,217,307,214,306,209,306,209,306,205,306,200,306,200,306,196,306,193,307,192,308,190,309,187,310,183,310,183,310,178,310,174,310,174,310,169,310,166,310,165,311,166,312,169,313,174,313,174,313,178,313,183,313,183,313,187,313,192,313,192,313,196,313,200,313,200,313,205,313,209,313,209,313,214,313,218,313,218,313,223,313,227,313,227,313,231,313,236,313,236,313,240,313,243,312,245,311,246,310,249,310,254,310,254,310,258,310,261,309,262,308,261,307,258,306
249,25,246,25,245,26,245,28,245,28,245,29,246,31,249,31,252,31,254,29,254,28,254,28,254,26,252,25,249,25
249,34,245,34,245,34,240,34,237,35,236,36,237,37,240,38,245,38,245,38,249,38,252,37,254,36,252,35,249,34
231,25,228,25,227,26,227,28,227,28,227,29,227,31,223,31,220,32,218,33,220,34,223,34,226,34,227,33,227,31,231,31,234,31,236,29,236,28,236,28,236,26,234,25,231,25
223,41,220,41,218,42,220,43,223,44,226,43,227,42,226,41,223,41
161,47,158,48,156,49,156,50,156,50,156,52,156,54,156,54,156,55,158,56,161,57,164,56,165,55,165,54,165,54,165,52,165,50,165,50,165,49,164,48,161,47
152,310,149,310,147,311,147,313,143,313,140,313,138,315,140,316,143,316,146,316,147,315,147,313,152,313,155,312,156,311,155,310,152,310
152,433,147,433,147,431,146,430,143,430,138,430,138,430,134,430,130,430,130,430,125,430,122,430,121,431,122,432,125,433,130,433,130,433,134,433,138,433,138,433,143,433,147,433,147,434,149,435,152,436,155,435,156,434,155,433,152,433
134,60,131,61,130,62,130,63,130,63,130,65,130,67,130,67,130,68,131,69,134,70,137,69,138,68,138,67,138,67,138,65,138,63,138,63,138,62,137,61,134,60
19,306,16,307,14,308,16,309,19,310,22,309,23,308,22,307,19,306
