630,10,320,10,10,10,10,240,10,470,320,470,630,470,630,240,630,10
515,235,512,236,510,237,512,238,515,238,518,238,519,237,518,236,515,235
506,28,503,28,502,29,503,31,506,31,509,31,510,29,509,28,506,28
497,21,494,22,493,23,494,24,497,25,500,24,502,23,500,22,497,21
497,235,493,235,493,235,488,235,485,236,484,237,485,238,488,238,493,238,493,238,497,238,500,238,502,237,500,236,497,235
479,25,476,25,475,26,476,27,479,28,482,27,484,26,482,25,479,25
426,86,423,87,422,88,423,89,426,89,429,89,431,88,429,87,426,86
426,93,423,93,422,94,423,95,426,96,429,95,431,94,429,93,426,93
417,452,413,452,413,451,412,449,409,449,406,449,404,451,406,452,409,452,413,452,413,454,414,455,417,455,420,455,422,454,420,453,417,452
391,446,388,446,386,447,386,449,386,449,386,451,388,452,391,452,394,452,395,451,395,449,395,449,395,447,394,446,391,446
373,12,370,12,369,13,370,14,373,15,376,14,378,13,376,12,373,12
373,442,369,442,369,442,364,442,361,443,360,444,360,446,360,446,360,447,361,448,364,449,367,448,369,447,370,446,373,446,376,445,378,444,376,443,373,442
347,54,342,54,342,54,338,54,335,54,333,55,335,56,338,57,342,57,342,57,347,57,350,56,351,55,350,54,347,54
338,420,335,420,333,421,335,422,338,423,341,422,342,421,341,420,338,420
311,41,308,41,307,42,308,43,311,44,314,43,316,42,314,41,311,41
311,413,308,414,307,415,308,416,311,417,314,416,316,415,314,414,311,413
293,21,290,22,289,23,290,24,293,25,296,24,298,23,296,22,293,21
267,21,264,22,262,23,264,24,267,25,270,24,271,23,270,22,267,21
249,410,246,411,245,412,246,413,249,413,252,413,254,412,252,411,249,410
143,355,140,354,138,353,138,352,138,352,138,350,138,349,138,349,138,347,137,346,134,345,131,346,130,347,130,349,130,349,130,350,130,352,130,352,130,353,130,355,130,355,130,357,131,358,134,358,137,359,138,360,140,361,143,361,146,361,147,360,147,358,147,358,147,357,146,356,143,355
