546,10,544,11,541,12,538,11,537,10,466,10,465,11,462,12,459,11,457,10,440,10,438,11,435,12,431,12,431,12,426,12,423,11,422,10,395,10,395,12,395,12,395,13,394,14,391,15,388,14,386,13,385,12,382,12,378,12,378,13,376,14,373,15,369,15,369,16,369,18,369,18,369,20,367,21,364,21,360,21,360,21,355,21,351,21,351,21,347,21,344,21,342,20,344,19,347,18,351,18,351,18,355,18,358,18,360,16,361,15,364,15,369,15,369,13,370,12,373,12,378,12,378,10,351,10,350,11,347,12,342,12,342,12,338,12,335,11,333,10,307,10,307,12,307,12,307,13,305,14,302,15,299,15,298,16,296,18,293,18,289,18,289,18,285,18,282,19,280,20,282,21,285,21,288,22,289,23,288,24,285,25,280,25,280,25,276,25,271,25,271,25,267,25,262,25,262,25,258,25,255,25,254,26,252,27,249,28,245,28,245,28,240,28,237,28,236,29,234,31,231,31,228,32,227,33,227,34,231,34,234,35,236,36,234,37,231,38,228,37,227,36,227,34,223,34,220,34,218,33,217,32,214,31,211,31,209,29,208,28,205,28,202,27,200,26,200,25,200,25,200,23,200,21,200,21,200,20,199,19,196,18,193,18,192,16,192,15,192,15,192,13,192,12,192,12,192,10,101,10,10,10,10,240,10,470,395,470,397,469,400,468,404,468,404,467,404,465,404,465,404,464,406,462,409,462,412,462,413,464,413,465,413,465,413,467,412,468,409,468,404,468,404,470,517,470,630,470,630,242,627,241,626,240,627,239,630,238,630,124,630,10,546,10
595,148,590,148,590,148,586,148,583,148,581,149,583,150,586,151,590,151,590,151,595,151,598,150,599,149,598,148,595,148
541,144,538,145,537,146,538,147,541,148,544,147,546,146,544,145,541,144
479,12,476,12,475,13,476,14,479,15,482,14,484,13,482,12,479,12
435,368,431,368,431,368,426,368,423,368,422,370,422,371,422,371,422,373,423,374,426,374,429,374,431,373,432,372,435,371,438,371,440,370,438,368,435,368
426,80,423,80,422,81,423,82,426,83,429,82,431,81,429,80,426,80
391,449,388,449,386,451,386,452,386,452,386,454,386,455,386,455,386,457,388,458,391,459,394,458,395,457,395,455,395,455,395,454,395,452,395,452,395,451,394,449,391,449
338,73,335,74,333,75,335,76,338,76,341,76,342,75,341,74,338,73
329,15,324,15,324,13,323,12,320,12,317,12,316,13,317,14,320,15,324,15,324,16,324,18,324,18,324,20,324,21,320,21,317,21,316,20,314,19,311,18,308,19,307,20,305,21,302,21,299,22,298,23,298,25,298,25,298,26,298,28,298,28,298,29,299,31,302,31,305,31,307,29,308,28,311,28,316,28,316,28,320,28,323,27,324,26,324,25,324,25,324,23,324,21,329,21,332,21,333,20,333,18,333,18,333,16,332,15,329,15
320,374,317,375,316,376,316,378,311,378,308,378,307,379,308,380,311,381,314,380,316,379,316,378,320,378,323,377,324,376,323,375,320,374
311,76,308,77,307,78,308,79,311,80,314,79,316,78,314,77,311,76
258,34,255,35,254,36,255,37,258,38,261,37,262,36,261,35,258,34
116,339,113,339,112,340,113,342,116,342,119,342,121,340,119,339,116,339
209,10,211,11,214,12,218,12,218,12,223,12,227,12,227,12,231,12,234,12,236,13,237,14,240,15,245,15,245,15,249,15,252,14,254,13,255,12,258,12,262,12,262,12,267,12,271,12,271,12,276,12,280,12,280,12,285,12,288,11,289,10,209,10
