630,10,320,10,10,10,10,240,10,470,320,470,630,470,630,240,630,10
595,122,592,122,590,123,592,124,595,125,598,124,599,123,598,122,595,122
497,99,494,100,493,101,493,102,493,102,493,104,494,105,497,106,500,105,502,104,502,102,502,102,502,101,500,100,497,99
479,102,475,102,475,101,474,100,471,99,466,99,466,99,462,99,459,100,457,101,459,102,462,102,466,102,466,102,471,102,475,102,475,104,476,105,479,106,482,105,484,104,482,103,479,102
435,99,432,100,431,101,431,102,431,102,431,104,431,106,431,106,431,107,431,109,431,109,431,110,432,112,435,112,438,112,440,110,440,109,440,109,440,107,440,106,440,106,440,104,440,102,440,102,440,101,438,100,435,99
426,452,423,452,422,451,420,449,417,449,413,449,413,449,409,449,404,449,404,449,400,449,395,449,395,449,391,449,388,449,386,451,388,452,391,452,395,452,395,452,400,452,404,452,404,452,409,452,412,453,413,454,414,455,417,455,420,456,422,457,423,458,426,459,429,458,431,457,431,455,431,455,431,454,429,453,426,452
417,99,414,100,413,101,413,102,409,102,406,103,404,104,406,105,409,106,412,105,413,104,413,102,417,102,420,102,422,101,420,100,417,99
391,102,388,103,386,104,388,105,391,106,394,105,395,104,394,103,391,102
355,442,352,443,351,444,352,445,355,446,358,445,360,444,358,443,355,442
320,70,317,70,316,72,317,73,320,73,323,73,324,72,323,70,320,70
240,420,236,420,236,420,231,420,228,419,227,418,226,417,223,417,220,416,218,415,217,414,214,413,209,413,209,413,205,413,202,414,200,415,200,417,200,417,200,418,202,419,205,420,209,420,209,420,214,420,217,420,218,421,220,422,223,423,227,423,227,423,231,423,236,423,236,423,240,423,243,422,245,421,243,420,240,420
196,404,193,404,192,405,193,406,196,407,199,406,200,405,199,404,196,404
169,374,165,374,165,374,161,374,158,375,156,376,156,378,156,378,156,379,158,380,161,381,165,381,165,381,169,381,172,380,174,379,174,378,174,378,174,376,172,375,169,374
152,365,149,365,147,366,149,367,152,368,155,367,156,366,155,365,152,365
143,76,140,77,138,78,138,80,138,80,138,81,138,83,138,83,138,85,140,86,143,86,146,86,147,85,147,83,147,83,147,81,147,80,147,80,147,78,146,77,143,76
