475,10,474,11,471,12,468,11,466,10,238,10,10,10,10,240,10,470,68,470,69,469,72,468,75,469,76,470,353,470,630,470,630,271,627,270,626,269,626,268,621,268,618,267,617,266,617,264,612,264,609,264,608,263,608,261,603,261,600,261,599,259,600,258,603,258,606,258,608,259,608,261,612,261,615,262,617,263,617,264,621,264,624,265,626,266,626,268,630,268,630,139,630,10,475,10
612,349,609,348,608,347,606,346,603,345,599,345,599,345,595,345,590,345,590,345,586,345,583,346,581,347,581,349,581,349,581,350,583,351,586,352,590,352,590,352,595,352,598,352,599,353,600,354,603,355,606,354,608,353,609,352,612,352,615,351,617,350,615,349,612,349
568,128,565,129,564,130,565,131,568,131,571,131,572,130,571,129,568,128
550,251,547,252,546,253,547,254,550,255,553,254,555,253,553,252,550,251
541,34,538,35,537,36,537,38,537,38,537,39,538,40,541,41,544,40,546,39,546,38,546,38,546,36,544,35,541,34
462,119,459,119,457,120,457,122,457,122,457,123,457,125,457,125,457,127,459,128,462,128,465,128,466,127,466,125,466,125,466,123,466,122,466,122,466,120,465,119,462,119
444,99,441,100,440,101,441,102,444,102,447,102,448,101,447,100,444,99
355,465,351,465,351,465,347,465,344,466,342,467,344,468,347,468,351,468,351,468,355,468,358,468,360,467,358,466,355,465
311,449,307,449,307,449,302,449,299,448,298,447,296,446,293,446,290,446,289,447,289,449,289,449,289,451,290,452,293,452,298,452,298,452,302,452,307,452,307,452,311,452,314,452,316,451,314,449,311,449
302,358,299,359,298,360,299,361,302,361,305,361,307,360,305,359,302,358
267,161,264,160,262,159,261,158,258,157,255,157,254,156,252,155,249,154,245,154,245,154,240,154,236,154,236,154,231,154,227,154,227,154,223,154,220,155,218,156,218,157,218,157,218,159,220,160,223,161,227,161,227,161,231,161,236,161,236,161,240,161,243,161,245,162,246,163,249,164,254,164,254,164,258,164,261,164,262,165,264,167,267,167,270,167,271,165,271,164,271,164,271,162,270,161,267,161
240,426,236,426,236,426,231,426,227,426,227,426,223,426,220,427,218,428,220,429,223,430,227,430,227,430,231,430,234,430,236,431,237,432,240,433,243,432,245,431,245,430,245,430,245,428,243,427,240,426
196,128,193,129,192,130,192,131,192,131,192,133,193,134,196,135,199,134,200,133,200,131,200,131,200,130,199,129,196,128
196,417,193,417,192,418,193,419,196,420,199,419,200,418,199,417,196,417
187,387,184,388,183,389,184,390,187,391,190,390,192,389,190,388,187,387
178,122,175,122,174,123,172,124,169,125,166,126,165,127,165,128,165,128,165,130,165,131,165,131,165,133,165,135,165,135,165,136,165,138,165,138,165,140,166,141,169,141,172,141,174,140,174,138,174,138,174,136,175,135,178,135,181,134,183,133,183,131,183,131,183,130,183,128,183,128,183,127,183,125,183,125,183,123,181,122,178,122
169,106,166,106,165,107,166,108,169,109,172,108,174,107,172,106,169,106
169,112,166,113,165,114,165,115,165,115,165,117,166,118,169,119,172,118,174,117,174,115,174,115,174,114,172,113,169,112
169,374,165,374,165,373,164,372,161,371,158,372,156,373,158,374,161,374,165,374,165,376,166,377,169,378,172,377,174,376,172,375,169,374
169,384,166,385,165,386,166,387,169,387,172,387,174,386,172,385,169,384
152,115,149,115,147,114,147,112,147,112,147,110,147,109,147,109,147,107,146,106,143,106,140,106,138,107,138,109,138,109,138,110,138,112,138,112,138,114,138,115,138,115,138,117,140,118,143,119,147,119,147,119,152,119,155,118,156,117,155,116,152,115
54,261,51,262,50,263,51,264,54,264,57,264,59,263,57,262,54,261
