537,470,537,468,537,468,537,467,538,466,541,465,544,466,546,467,546,468,546,468,546,470,588,470,630,470,630,240,630,10,320,10,10,10,10,240,10,470,537,470
595,31,592,32,590,33,592,34,595,34,598,34,599,33,598,32,595,31
595,44,592,45,590,46,590,47,590,47,590,49,592,50,595,50,598,50,599,49,599,47,599,47,599,46,598,45,595,44
568,135,565,135,564,136,565,137,568,138,571,137,572,136,571,135,568,135
559,167,555,167,555,165,553,164,550,164,547,164,546,165,547,167,550,167,555,167,555,169,556,170,559,170,562,170,564,169,562,168,559,167
541,138,538,138,537,140,538,141,541,141,544,141,546,140,544,138,541,138
444,80,441,80,440,81,441,82,444,83,447,82,448,81,447,80,444,80
444,96,441,96,440,97,441,99,444,99,447,99,448,97,447,96,444,96
382,271,379,271,378,272,379,273,382,274,385,273,386,272,385,271,382,271
134,303,131,304,130,305,131,306,134,306,137,306,138,305,137,304,134,303
