475,10,474,11,471,12,466,12,466,12,462,12,459,11,457,10,440,10,438,11,435,12,431,12,431,12,426,12,423,11,422,10,342,10,341,11,338,12,333,12,333,13,333,15,333,15,333,16,332,18,329,18,326,18,324,16,324,15,324,15,324,13,326,12,329,12,333,12,333,10,245,10,245,12,245,12,245,13,245,15,249,15,254,15,254,15,258,15,262,15,262,15,267,15,271,15,271,13,273,12,276,12,279,12,280,13,279,14,276,15,271,15,271,16,273,18,276,18,279,19,280,20,280,21,285,21,288,22,289,23,288,24,285,25,282,24,280,23,280,21,276,21,273,22,271,23,270,24,267,25,264,24,262,23,261,22,258,21,255,21,254,20,252,19,249,18,246,18,245,16,245,15,240,15,236,15,236,15,231,15,227,15,227,15,223,15,218,15,218,15,214,15,211,15,209,16,208,18,205,18,202,18,200,16,200,15,200,15,200,13,200,12,200,12,200,10,105,10,10,10,10,240,10,470,395,470,397,469,400,468,404,468,404,467,406,466,409,465,413,465,413,464,414,462,417,462,420,462,422,464,420,465,417,465,413,465,413,467,412,468,409,468,404,468,404,470,608,470,609,469,612,468,615,469,617,470,623,470,630,470,630,240,630,10,475,10
612,287,609,288,608,289,609,290,612,290,615,290,617,289,615,288,612,287
595,148,592,148,590,149,592,150,595,151,598,150,599,149,598,148,595,148
524,18,519,18,519,18,515,18,512,19,510,20,512,21,515,21,519,21,519,21,524,21,527,21,528,20,527,19,524,18
497,47,494,47,493,46,491,45,488,44,485,45,484,46,484,47,484,47,484,49,484,50,484,50,484,52,485,53,488,54,491,53,493,52,494,51,497,50,500,50,502,49,500,48,497,47
417,99,414,100,413,101,413,102,413,102,413,104,414,105,417,106,420,105,422,104,422,102,422,102,422,101,420,100,417,99
409,206,406,207,404,208,406,209,409,209,412,209,413,208,412,207,409,206
373,12,369,12,369,12,364,12,361,12,360,13,358,14,355,15,352,15,351,16,352,18,355,18,360,18,360,18,364,18,367,18,369,16,370,15,373,15,376,14,378,13,376,12,373,12
329,54,326,54,324,55,326,56,329,57,332,56,333,55,332,54,329,54
329,365,326,365,324,366,326,367,329,368,332,367,333,366,332,365,329,365
320,25,317,24,316,23,314,22,311,21,308,22,307,23,307,25,307,25,307,26,308,27,311,28,316,28,316,28,320,28,323,27,324,26,323,25,320,25
240,25,237,25,236,26,237,27,240,28,243,27,245,26,243,25,240,25
214,21,209,21,209,21,205,21,202,22,200,23,200,25,200,25,200,26,202,27,205,28,208,28,209,29,209,31,209,31,209,33,211,34,214,34,217,34,218,33,218,31,218,31,218,29,218,28,218,28,218,26,218,25,218,25,218,23,217,22,214,21
116,339,113,339,112,340,113,342,116,342,119,342,121,340,119,339,116,339
218,10,220,11,223,12,226,11,227,10,218,10
