10,196,13,197,14,198,14,200,14,200,14,201,13,202,10,203,10,209,13,210,14,211,14,212,14,212,14,214,14,216,14,216,14,217,13,218,10,219,10,344,10,470,320,470,630,470,630,240,630,10,320,10,10,10,10,196
603,119,600,119,599,120,598,121,595,122,590,122,590,120,589,119,586,119,583,119,581,120,583,121,586,122,590,122,590,123,592,124,595,125,598,126,599,127,600,128,603,128,606,128,608,127,608,125,608,125,608,123,608,122,608,122,608,120,606,119,603,119
550,135,546,135,546,135,541,135,538,135,537,136,538,137,541,138,546,138,546,138,550,138,553,137,555,136,553,135,550,135
515,433,512,433,510,434,510,436,510,436,510,438,510,439,510,439,510,441,512,442,515,442,518,442,519,441,519,439,519,439,519,438,519,436,519,436,519,434,518,433,515,433
355,280,352,281,351,282,351,284,347,284,344,284,342,285,342,287,338,287,335,288,333,289,335,290,338,290,341,290,342,289,342,287,347,287,350,286,351,285,351,284,355,284,358,283,360,282,358,281,355,280
169,465,166,466,165,467,166,468,169,468,172,468,174,467,172,466,169,465
125,371,122,372,121,373,121,374,121,374,121,376,122,377,125,378,128,377,130,376,130,374,130,374,130,373,128,372,125,371
107,368,103,368,103,368,99,368,96,367,94,366,93,365,90,365,85,365,85,365,81,365,76,365,76,363,76,361,76,361,76,360,75,359,72,358,69,359,68,360,68,361,68,361,68,363,69,364,72,365,76,365,76,366,78,367,81,368,84,369,85,370,87,371,90,371,94,371,94,371,99,371,103,371,103,371,107,371,110,371,112,370,110,368,107,368
90,196,87,197,85,198,85,200,85,200,85,201,87,202,90,203,93,202,94,201,94,200,94,200,94,198,93,197,90,196
45,187,42,187,41,188,40,189,37,190,32,190,32,190,28,190,25,190,23,191,25,192,28,193,31,194,32,195,34,196,37,196,40,196,41,195,42,194,45,193,48,192,50,191,50,190,50,190,50,188,48,187,45,187
