555,10,555,12,559,12,562,12,564,13,562,14,559,15,556,14,555,13,555,12,550,12,547,11,546,10,278,10,10,10,10,326,13,326,14,327,13,329,10,329,10,400,10,470,320,470,630,470,630,240,630,10,555,10
586,47,583,48,581,49,583,50,586,50,589,50,590,49,589,48,586,47
577,25,572,25,572,23,572,21,572,21,572,20,571,19,568,18,565,19,564,20,564,21,564,21,564,23,565,24,568,25,572,25,572,26,572,28,572,28,572,29,574,31,577,31,580,31,581,29,581,28,581,28,581,26,580,25,577,25
577,38,574,37,572,36,571,35,568,34,565,35,564,36,564,38,564,38,564,39,565,40,568,41,572,41,572,41,577,41,580,40,581,39,580,38,577,38
550,34,546,34,546,33,544,32,541,31,538,31,537,29,537,28,537,28,537,26,536,25,533,25,528,25,528,25,524,25,521,25,519,26,519,28,519,28,519,29,519,31,519,31,519,33,521,34,524,34,527,35,528,36,528,38,524,38,521,38,519,39,519,41,519,41,519,42,521,43,524,44,528,44,528,46,530,47,533,47,537,47,537,47,541,47,546,47,546,47,550,47,553,47,555,46,555,44,555,44,555,42,555,41,555,41,555,39,555,38,555,38,555,36,553,35,550,34
541,141,538,141,537,140,536,138,533,138,530,137,528,136,527,135,524,135,519,135,519,135,515,135,512,134,510,133,509,132,506,131,503,131,502,130,503,129,506,128,509,128,510,127,509,126,506,125,503,124,502,123,502,122,502,122,502,120,502,119,502,119,502,117,500,116,497,115,494,115,493,114,493,112,493,112,493,110,493,109,493,109,493,107,493,106,493,106,493,104,494,103,497,102,500,102,502,101,502,99,502,99,502,97,500,96,497,96,494,95,493,94,491,93,488,93,485,93,484,94,482,95,479,96,476,96,475,97,475,99,475,99,475,101,475,102,475,102,475,104,475,106,475,106,475,107,475,109,475,109,475,110,475,112,475,112,475,114,475,115,475,115,475,117,474,118,471,119,468,119,466,120,466,122,466,122,466,123,466,125,466,125,466,127,466,128,466,128,466,130,465,131,462,131,459,132,457,133,457,135,457,135,457,136,459,137,462,138,465,139,466,140,468,141,471,141,474,142,475,143,475,144,475,144,475,146,475,148,475,148,475,149,476,150,479,151,484,151,484,151,488,151,493,151,493,151,497,151,500,151,502,153,502,154,502,154,502,156,503,157,506,157,509,157,510,156,510,154,510,154,510,153,510,151,510,151,510,149,509,148,506,148,503,147,502,146,502,144,502,144,502,143,502,141,502,141,502,140,503,139,506,138,510,138,510,138,515,138,518,139,519,140,519,141,519,141,519,143,519,144,519,144,519,146,519,148,519,148,519,149,521,150,524,151,528,151,528,151,533,151,536,150,537,149,537,148,537,148,537,146,538,145,541,144,544,144,546,143,544,142,541,141
524,112,521,113,519,114,519,115,519,115,519,117,519,119,519,119,519,120,519,122,519,122,519,123,519,125,519,125,519,127,521,128,524,128,527,128,528,127,528,125,528,125,528,123,528,122,528,122,528,120,528,119,528,119,528,117,528,115,528,115,528,114,527,113,524,112
515,274,512,275,510,276,510,277,510,277,510,279,512,280,515,280,518,280,519,279,519,277,519,277,519,276,518,275,515,274
506,50,503,51,502,52,502,54,502,54,502,55,503,56,506,57,509,56,510,55,510,54,510,54,510,52,509,51,506,50
471,31,466,31,466,29,465,28,462,28,457,28,457,28,453,28,450,27,448,26,447,25,444,25,440,25,440,25,435,25,432,25,431,26,429,27,426,28,422,28,422,28,417,28,414,28,413,29,413,31,413,31,413,33,414,34,417,34,420,35,422,36,423,37,426,38,431,38,431,38,435,38,438,37,440,36,440,34,440,34,440,33,441,32,444,31,448,31,448,31,453,31,457,31,457,31,462,31,466,31,466,33,468,34,471,34,474,34,475,33,474,32,471,31
471,387,468,388,466,389,468,390,471,391,474,390,475,389,474,388,471,387
462,378,459,378,457,379,457,381,457,381,457,383,459,384,462,384,465,384,466,383,466,381,466,381,466,379,465,378,462,378
453,371,450,372,448,373,450,374,453,374,456,374,457,373,456,372,453,371
444,119,441,119,440,120,441,121,444,122,447,121,448,120,447,119,444,119
426,449,422,449,422,449,417,449,414,449,413,451,413,452,413,452,413,454,414,455,417,455,422,455,422,455,426,455,429,455,431,454,431,452,431,452,431,451,429,449,426,449
364,125,361,126,360,127,361,128,364,128,367,128,369,127,367,126,364,125
338,248,335,249,333,250,335,251,338,251,341,251,342,250,341,249,338,248
311,235,308,236,307,237,308,238,311,238,314,238,316,237,314,236,311,235
187,349,183,349,183,349,178,349,174,349,174,349,169,349,166,349,165,350,165,352,161,352,158,352,156,353,158,354,161,355,164,354,165,353,165,352,169,352,172,352,174,353,175,354,178,355,181,354,183,353,184,352,187,352,190,351,192,350,190,349,187,349
152,436,147,436,147,436,143,436,140,437,138,438,140,439,143,439,147,439,147,439,152,439,155,439,156,438,155,437,152,436
143,352,140,352,138,353,140,354,143,355,146,354,147,353,146,352,143,352
116,355,113,354,112,353,110,352,107,352,103,352,103,352,99,352,96,352,94,353,96,354,99,355,102,356,103,357,104,358,107,358,112,358,112,358,116,358,119,358,121,357,119,356,116,355
541,34,538,35,537,36,537,38,541,38,544,37,546,36,546,34,541,34
533,38,528,38,528,39,528,41,528,41,528,42,528,44,533,44,536,43,537,42,537,41,537,41,537,39,537,38,533,38
