630,10,320,10,10,10,10,240,10,470,320,470,630,470,630,240,630,10
603,109,599,109,599,107,598,106,595,106,590,106,590,106,586,106,583,106,581,107,583,108,586,109,590,109,590,109,595,109,599,109,599,110,600,112,603,112,606,112,608,110,606,109,603,109
603,122,600,122,599,123,600,124,603,125,606,124,608,123,606,122,603,122
497,96,494,96,493,97,491,99,488,99,485,99,484,97,484,96,484,96,484,94,482,93,479,93,476,93,475,94,474,95,471,96,466,96,466,96,462,96,459,96,457,97,457,99,457,99,457,101,459,102,462,102,465,103,466,104,468,105,471,106,474,106,475,107,476,108,479,109,482,108,484,107,485,106,488,106,493,106,493,106,497,106,500,105,502,104,502,102,502,102,502,101,502,99,502,99,502,97,500,96,497,96
497,235,494,236,493,237,494,238,497,238,500,238,502,237,500,236,497,235
435,102,432,103,431,104,429,105,426,106,423,106,422,107,422,109,422,109,422,110,423,112,426,112,429,112,431,110,432,109,435,109,438,108,440,107,440,106,440,106,440,104,438,103,435,102
426,449,422,449,422,449,417,449,413,449,413,449,409,449,404,449,404,449,400,449,397,449,395,451,397,452,400,452,404,452,404,452,409,452,413,452,413,452,417,452,420,453,422,454,422,455,422,455,422,457,423,458,426,459,429,458,431,457,431,455,431,455,431,454,431,452,431,452,431,451,429,449,426,449
417,96,414,96,413,97,413,99,413,99,413,101,414,102,417,102,420,102,422,101,422,99,422,99,422,97,420,96,417,96
409,73,404,73,404,72,403,70,400,70,397,70,395,72,397,73,400,73,404,73,404,75,406,76,409,76,412,76,413,75,412,74,409,73
391,54,388,54,386,55,388,56,391,57,394,56,395,55,394,54,391,54
391,102,388,102,386,101,385,100,382,99,379,100,378,101,376,102,373,102,370,103,369,104,370,105,373,106,378,106,378,106,382,106,385,106,386,107,388,108,391,109,394,108,395,107,395,106,395,106,395,104,394,103,391,102
364,446,360,446,360,444,358,443,355,442,352,443,351,444,352,445,355,446,360,446,360,447,361,448,364,449,367,448,369,447,367,446,364,446
355,109,352,109,351,110,351,112,351,112,351,114,352,115,355,115,358,115,360,114,360,112,360,112,360,110,358,109,355,109
347,67,344,67,342,68,342,70,342,70,342,72,344,73,347,73,350,73,351,72,351,70,351,70,351,68,350,67,347,67
338,436,333,436,333,434,332,433,329,433,326,433,324,434,326,435,329,436,333,436,333,438,335,439,338,439,341,439,342,438,341,437,338,436
329,47,326,48,324,49,326,50,329,50,332,50,333,49,332,48,329,47
320,67,317,67,316,68,316,70,316,70,316,72,317,73,320,73,323,73,324,72,324,70,324,70,324,68,323,67,320,67
293,423,289,423,289,423,285,423,282,424,280,425,282,426,285,426,289,426,289,426,293,426,296,426,298,425,296,424,293,423
267,25,264,25,262,26,262,28,262,28,262,29,264,31,267,31,270,31,271,29,271,28,271,28,271,26,270,25,267,25
231,417,227,417,227,417,223,417,218,417,218,417,214,417,211,417,209,418,211,419,214,420,218,420,218,420,223,420,226,420,227,421,228,422,231,423,234,422,236,421,236,420,236,420,236,418,234,417,231,417
196,404,193,404,192,405,193,406,196,407,199,406,200,405,199,404,196,404
161,63,158,64,156,65,156,67,156,67,156,68,158,69,161,70,164,69,165,68,165,67,165,67,165,65,164,64,161,63
