378,470,379,469,382,468,386,468,386,468,391,468,394,469,395,470,513,470,630,470,630,240,630,10,320,10,10,10,10,240,10,470,378,470
603,106,600,106,599,107,600,108,603,109,606,108,608,107,606,106,603,106
595,54,592,54,590,55,589,56,586,57,583,58,581,59,583,60,586,60,590,60,590,60,595,60,598,60,599,59,599,57,599,57,599,55,598,54,595,54
595,99,592,100,590,101,592,102,595,102,598,102,599,101,598,100,595,99
586,125,581,125,581,125,577,125,574,126,572,127,574,128,577,128,581,128,581,128,586,128,589,128,590,127,589,126,586,125
568,86,564,86,564,85,564,83,564,83,564,81,562,80,559,80,556,80,555,81,555,83,555,83,555,85,555,86,550,86,547,87,546,88,546,89,541,89,538,90,537,91,538,92,541,93,544,92,546,91,546,89,550,89,553,89,555,88,555,86,559,86,564,86,564,88,565,89,568,89,571,89,572,88,571,87,568,86
559,67,556,67,555,68,555,70,555,70,555,72,555,73,555,73,555,75,556,76,559,76,562,76,564,75,564,73,564,73,564,72,564,70,564,70,564,68,562,67,559,67
533,131,530,132,528,133,530,134,533,135,536,134,537,133,536,132,533,131
524,102,521,103,519,104,521,105,524,106,527,105,528,104,527,103,524,102
515,112,512,113,510,114,512,115,515,115,518,115,519,114,518,113,515,112
488,60,485,61,484,62,485,63,488,63,491,63,493,62,491,61,488,60
462,18,459,19,457,20,457,21,453,21,450,21,448,20,448,18,448,18,448,16,447,15,444,15,441,15,440,16,440,18,440,18,440,20,440,21,440,21,440,23,441,24,444,25,448,25,448,25,453,25,456,24,457,23,457,21,462,21,465,21,466,20,465,19,462,18
462,60,459,61,457,62,459,63,462,63,465,63,466,62,465,61,462,60
435,83,432,83,431,85,432,86,435,86,438,86,440,85,438,83,435,83
391,18,386,18,386,18,382,18,379,19,378,20,379,21,382,21,386,21,386,21,391,21,394,21,395,20,394,19,391,18
373,63,370,64,369,65,370,66,373,67,376,66,378,65,376,64,373,63
355,76,352,77,351,78,352,79,355,80,358,79,360,78,358,77,355,76
338,34,335,35,333,36,335,37,338,38,341,37,342,36,341,35,338,34
320,70,317,70,316,72,317,73,320,73,323,73,324,72,323,70,320,70
161,63,158,64,156,65,158,66,161,67,164,66,165,65,164,64,161,63
134,70,131,70,130,72,131,73,134,73,137,73,138,72,137,70,134,70
90,407,87,407,85,408,87,410,90,410,93,410,94,408,93,407,90,407
