630,10,320,10,10,10,10,240,10,470,320,470,630,470,630,240,630,10
568,128,565,129,564,130,565,131,568,131,571,131,572,130,571,129,568,128
462,106,459,106,457,107,457,109,457,109,457,110,459,112,462,112,465,112,466,110,466,109,466,109,466,107,465,106,462,106
417,102,414,103,413,104,413,106,413,106,413,107,414,108,417,109,420,108,422,107,422,106,422,106,422,104,420,103,417,102
329,452,326,453,324,454,326,455,329,455,332,455,333,454,332,453,329,452
285,442,280,442,280,441,279,440,276,439,271,439,271,438,270,437,267,436,262,436,262,434,261,433,258,433,255,432,254,431,252,430,249,430,246,429,245,428,243,427,240,426,236,426,236,426,231,426,228,427,227,428,228,429,231,430,234,430,236,431,237,432,240,433,243,433,245,434,246,435,249,436,254,436,254,436,258,436,262,436,262,438,264,439,267,439,271,439,271,441,273,442,276,442,280,442,280,444,282,445,285,446,288,445,289,444,288,443,285,442
205,128,202,128,200,127,199,126,196,125,192,125,192,123,192,122,192,122,192,120,192,119,192,119,192,117,190,116,187,115,184,115,183,114,181,113,178,112,175,113,174,114,172,115,169,115,166,116,165,117,166,118,169,119,172,119,174,120,175,121,178,122,181,122,183,123,184,124,187,125,192,125,192,127,192,128,192,128,192,130,193,131,196,131,200,131,200,131,205,131,208,131,209,130,208,129,205,128
196,417,192,417,192,415,190,414,187,413,184,414,183,415,184,416,187,417,192,417,192,418,193,419,196,420,199,419,200,418,199,417,196,417
178,384,174,384,174,384,169,384,166,385,165,386,166,387,169,387,174,387,174,387,178,387,181,387,183,386,181,385,178,384
169,378,166,378,165,379,166,380,169,381,172,380,174,379,172,378,169,378
161,371,158,372,156,373,158,374,161,374,164,374,165,373,164,372,161,371
143,122,140,122,138,123,138,125,138,125,138,127,138,128,138,128,138,130,138,131,138,131,138,133,140,134,143,135,146,134,147,133,147,131,147,131,147,130,147,128,147,128,147,127,147,125,147,125,147,123,146,122,143,122
37,251,34,252,32,253,34,254,37,255,40,254,41,253,40,252,37,251
