630,10,320,10,10,10,10,240,10,470,320,470,630,470,630,240,630,10
595,122,592,122,590,123,592,124,595,125,598,124,599,123,598,122,595,122
435,109,432,109,431,110,432,112,435,112,438,112,440,110,438,109,435,109
417,452,413,452,413,451,412,449,409,449,404,449,404,449,400,449,395,449,395,449,391,449,388,449,386,451,388,452,391,452,395,452,395,452,400,452,404,452,404,452,409,452,413,452,413,454,414,455,417,455,420,455,422,454,420,453,417,452
391,109,388,109,386,110,388,112,391,112,394,112,395,110,394,109,391,109
347,446,344,446,342,447,344,448,347,449,350,448,351,447,350,446,347,446
267,430,262,430,262,430,258,430,255,430,254,431,255,432,258,433,262,433,262,433,267,433,270,432,271,431,270,430,267,430
223,417,218,417,218,417,214,417,211,416,209,415,208,414,205,413,202,414,200,415,200,417,200,417,200,418,202,419,205,420,208,420,209,421,211,422,214,423,218,423,218,423,223,423,226,422,227,421,227,420,227,420,227,418,226,417,223,417
187,404,184,404,183,405,184,406,187,407,190,406,192,405,190,404,187,404
161,378,158,378,156,379,158,380,161,381,164,380,165,379,164,378,161,378
