572,10,572,12,572,12,572,13,571,14,568,15,565,14,564,13,564,12,564,12,564,10,457,10,457,12,457,12,457,13,457,15,457,15,457,16,459,18,462,18,465,19,466,20,465,21,462,21,459,22,457,23,456,24,453,25,450,25,448,26,447,27,444,28,441,28,440,29,440,31,440,31,440,33,438,34,435,34,432,35,431,36,431,38,431,38,431,39,431,41,431,41,431,42,429,43,426,44,423,43,422,42,422,41,422,41,422,39,422,38,422,38,422,36,422,34,422,34,422,33,423,32,426,31,429,31,431,29,431,28,431,28,431,26,431,25,431,25,431,23,429,22,426,21,423,21,422,20,422,18,422,18,422,16,423,15,426,15,429,15,431,16,432,18,435,18,438,18,440,16,441,15,444,15,447,14,448,13,448,12,448,12,448,10,378,10,376,11,373,12,370,11,369,10,189,10,10,10,10,240,10,470,320,470,630,470,630,240,630,10,572,10
595,28,592,28,590,29,592,31,595,31,598,31,599,29,598,28,595,28
595,67,590,67,590,67,586,67,583,67,581,68,581,70,581,70,581,72,581,73,581,73,581,75,583,76,586,76,590,76,590,76,595,76,598,76,599,75,599,73,599,73,599,72,599,70,599,70,599,68,598,67,595,67
595,80,592,80,590,81,592,82,595,83,598,82,599,81,598,80,595,80
595,109,590,109,590,109,586,109,583,108,581,107,581,106,581,106,581,104,580,103,577,102,572,102,572,102,568,102,564,102,564,102,559,102,556,103,555,104,555,106,555,106,555,107,556,108,559,109,562,109,564,110,564,112,564,112,564,114,565,115,568,115,572,115,572,115,577,115,580,115,581,114,583,113,586,112,590,112,590,112,595,112,598,112,599,110,598,109,595,109
577,18,574,19,572,20,574,21,577,21,580,21,581,20,580,19,577,18
577,28,574,28,572,29,574,31,577,31,580,31,581,29,580,28,577,28
550,115,547,116,546,117,544,118,541,119,537,119,537,117,537,115,537,115,537,114,536,113,533,112,530,113,528,114,527,115,524,115,519,115,519,115,515,115,512,116,510,117,510,119,506,119,503,119,502,120,503,121,506,122,509,121,510,120,510,119,515,119,518,119,519,120,519,122,519,122,519,123,521,124,524,125,528,125,528,127,530,128,533,128,537,128,537,128,541,128,544,128,546,127,544,126,541,125,537,125,537,125,533,125,528,125,528,123,528,122,528,122,528,120,530,119,533,119,537,119,537,120,538,121,541,122,546,122,546,122,550,122,553,121,555,120,555,119,555,119,555,117,553,116,550,115
541,93,538,93,537,94,536,95,533,96,530,96,528,97,528,99,528,99,528,101,530,102,533,102,536,102,537,101,538,100,541,99,544,99,546,97,546,96,546,96,546,94,544,93,541,93
541,138,537,138,537,136,536,135,533,135,528,135,528,133,527,132,524,131,521,132,519,133,521,134,524,135,528,135,528,136,530,137,533,138,537,138,537,140,538,141,541,141,544,141,546,140,544,138,541,138
533,144,530,145,528,146,530,147,533,148,536,147,537,146,536,145,533,144
524,25,521,25,519,26,519,28,519,28,519,29,519,31,519,31,519,33,521,34,524,34,527,34,528,33,528,31,528,31,528,29,528,28,528,28,528,26,527,25,524,25
524,151,519,151,519,151,515,151,512,151,510,153,512,154,515,154,518,155,519,156,521,157,524,157,527,157,528,156,528,154,528,154,528,153,527,151,524,151
515,18,510,18,510,18,506,18,502,18,502,18,497,18,494,19,493,20,491,21,488,21,485,22,484,23,485,24,488,25,491,25,493,26,494,27,497,28,500,27,502,26,502,25,502,25,502,23,503,22,506,21,510,21,510,21,515,21,518,21,519,20,518,19,515,18
515,38,512,38,510,39,512,40,515,41,518,40,519,39,518,38,515,38
506,125,503,126,502,127,502,128,502,128,502,130,503,131,506,131,509,131,510,130,510,128,510,128,510,127,509,126,506,125
497,50,494,51,493,52,494,53,497,54,500,53,502,52,500,51,497,50
488,141,485,142,484,143,485,144,488,144,491,144,493,143,491,142,488,141
462,96,459,96,457,97,457,99,457,99,457,101,457,102,457,102,457,104,457,106,457,106,457,107,457,109,457,109,457,110,459,112,462,112,465,112,466,110,466,109,466,109,466,107,466,106,466,106,466,104,466,102,466,102,466,101,466,99,466,99,466,97,465,96,462,96
462,122,459,122,457,123,457,125,457,125,457,127,457,128,457,128,457,130,459,131,462,131,465,131,466,130,466,128,466,128,466,127,466,125,466,125,466,123,465,122,462,122
453,47,450,48,448,49,450,50,453,50,456,50,457,49,456,48,453,47
444,80,440,80,440,80,435,80,431,80,431,80,426,80,423,79,422,78,420,77,417,76,414,76,413,75,412,74,409,73,406,74,404,75,404,76,404,76,404,78,404,80,404,80,404,81,404,83,404,83,404,85,406,86,409,86,413,86,413,86,417,86,420,87,422,88,423,89,426,89,429,89,431,88,431,86,431,86,431,85,432,83,435,83,440,83,440,83,444,83,447,82,448,81,447,80,444,80
444,86,441,87,440,88,440,89,440,89,440,91,440,93,440,93,440,94,441,95,444,96,447,95,448,94,448,93,448,93,448,91,448,89,448,89,448,88,447,87,444,86
444,99,441,100,440,101,441,102,444,102,447,102,448,101,447,100,444,99
435,54,432,54,431,55,432,56,435,57,438,56,440,55,438,54,435,54
426,102,422,102,422,102,417,102,414,103,413,104,414,105,417,106,420,106,422,107,422,109,422,109,422,110,423,112,426,112,429,112,431,110,431,109,431,109,431,107,431,106,431,106,431,104,429,103,426,102
409,404,406,404,404,405,406,406,409,407,412,406,413,405,412,404,409,404
391,54,386,54,386,54,382,54,379,54,378,55,379,56,382,57,386,57,386,57,391,57,394,56,395,55,394,54,391,54
391,462,388,462,386,464,388,465,391,465,394,465,395,464,394,462,391,462
382,21,379,22,378,23,379,24,382,25,385,24,386,23,385,22,382,21
382,41,378,41,378,39,378,38,378,38,378,36,378,34,378,34,378,33,376,32,373,31,370,32,369,33,369,34,369,34,369,36,369,38,369,38,369,39,370,40,373,41,378,41,378,42,378,44,378,44,378,46,379,47,382,47,385,47,386,46,386,44,386,44,386,42,385,41,382,41
382,76,378,76,378,75,376,74,373,73,370,74,369,75,369,76,364,76,361,76,360,75,360,73,360,73,360,72,358,70,355,70,352,70,351,72,351,73,351,73,351,75,351,76,351,76,351,78,352,79,355,80,358,80,360,81,361,82,364,83,369,83,369,83,373,83,378,83,378,83,382,83,385,82,386,81,386,80,386,80,386,78,385,77,382,76
382,339,379,339,378,340,379,342,382,342,385,342,386,340,385,339,382,339
355,54,351,54,351,54,347,54,344,54,342,55,344,56,347,57,351,57,351,57,355,57,358,56,360,55,358,54,355,54
355,63,351,63,351,62,350,61,347,60,342,60,342,60,338,60,335,61,333,62,335,63,338,63,342,63,342,63,347,63,351,63,351,65,352,66,355,67,358,66,360,65,358,64,355,63
347,339,344,339,342,340,344,342,347,342,350,342,351,340,350,339,347,339
338,73,335,74,333,75,335,76,338,76,341,76,342,75,341,74,338,73
320,50,317,51,316,52,317,53,320,54,323,53,324,52,323,51,320,50
302,397,299,398,298,399,299,400,302,400,305,400,307,399,305,398,302,397
285,206,282,207,280,208,282,209,285,209,288,209,289,208,288,207,285,206
187,336,184,336,183,337,181,338,178,339,175,339,174,340,174,342,174,342,174,344,175,345,178,345,181,345,183,344,184,343,187,342,190,342,192,340,192,339,192,339,192,337,190,336,187,336
143,433,140,432,138,431,137,430,134,430,131,430,130,431,130,433,130,433,130,434,131,435,134,436,138,436,138,436,143,436,146,435,147,434,146,433,143,433
373,76,369,76,369,78,370,79,373,80,376,79,378,78,378,76,373,76
