630,10,320,10,10,10,10,240,10,470,320,470,630,470,630,240,630,10
595,122,592,122,590,123,590,125,586,125,583,126,581,127,583,128,586,128,589,128,590,127,590,125,595,125,598,124,599,123,598,122,595,122
506,238,503,239,502,240,503,241,506,242,509,241,510,240,509,239,506,238
417,452,413,452,413,451,412,449,409,449,404,449,404,449,400,449,395,449,395,449,391,449,388,449,386,451,388,452,391,452,395,452,395,452,400,452,404,452,404,452,409,452,413,452,413,454,414,455,417,455,420,455,422,454,420,453,417,452
391,109,388,109,386,110,386,112,382,112,379,113,378,114,379,115,382,115,385,115,386,114,386,112,391,112,394,112,395,110,394,109,391,109
391,119,388,119,386,120,386,122,382,122,379,122,378,123,379,124,382,125,385,124,386,123,386,122,391,122,394,121,395,120,394,119,391,119
347,446,342,446,342,446,338,446,335,446,333,447,335,448,338,449,342,449,342,449,347,449,350,448,351,447,350,446,347,446
338,21,335,22,333,23,333,25,333,25,333,26,335,27,338,28,341,27,342,26,342,25,342,25,342,23,341,22,338,21
267,430,262,430,262,430,258,430,255,430,254,431,255,432,258,433,262,433,262,433,267,433,270,432,271,431,270,430,267,430
223,417,218,417,218,417,214,417,211,416,209,415,208,414,205,413,202,414,200,415,200,417,200,417,200,418,202,419,205,420,208,420,209,421,211,422,214,423,218,423,218,423,223,423,226,422,227,421,227,420,227,420,227,418,226,417,223,417
187,404,184,404,183,405,184,406,187,407,190,406,192,405,190,404,187,404
161,378,158,378,156,379,156,381,156,381,156,383,158,384,161,384,164,384,165,383,165,381,165,381,165,379,164,378,161,378
152,119,149,119,147,120,149,121,152,122,155,121,156,120,155,119,152,119
143,93,140,93,138,94,138,96,138,96,138,97,138,99,138,99,138,101,140,102,143,102,146,102,147,101,147,99,147,99,147,97,147,96,147,96,147,94,146,93,143,93
143,106,140,106,138,107,138,109,138,109,138,110,140,112,143,112,146,112,147,110,147,109,147,109,147,107,146,106,143,106
