10,196,13,197,14,198,14,200,14,200,14,201,14,203,14,203,14,204,14,206,14,206,14,208,14,209,14,209,14,211,14,212,14,212,14,214,14,216,14,216,14,217,14,219,14,219,14,221,13,222,10,222,10,346,10,470,112,470,113,469,116,468,119,469,121,470,174,470,174,468,169,468,166,468,165,467,166,466,169,465,172,466,174,467,174,468,178,468,181,469,183,470,406,470,630,470,630,240,630,10,320,10,10,10,10,196
621,135,618,135,617,136,618,137,621,138,624,137,626,136,624,135,621,135
603,119,600,119,599,120,598,121,595,122,592,121,590,120,589,119,586,119,583,119,581,120,581,122,581,122,581,123,583,124,586,125,590,125,590,125,595,125,598,126,599,127,600,128,603,128,606,128,608,127,608,125,608,125,608,123,608,122,608,122,608,120,606,119,603,119
595,148,592,148,590,149,589,150,586,151,583,151,581,153,583,154,586,154,589,155,590,156,592,157,595,157,598,157,599,156,599,154,599,154,599,153,599,151,599,151,599,149,598,148,595,148
559,164,556,164,555,165,555,167,555,167,555,169,556,170,559,170,562,170,564,169,564,167,564,167,564,165,562,164,559,164
524,436,519,436,519,436,515,436,512,437,510,438,512,439,515,439,519,439,519,439,524,439,527,439,528,438,527,437,524,436
373,277,370,278,369,279,370,280,373,280,376,280,378,279,376,278,373,277
338,287,335,288,333,289,335,290,338,290,341,290,342,289,341,288,338,287
169,381,166,381,165,383,166,384,169,384,172,384,174,383,172,381,169,381
152,378,149,378,147,379,149,380,152,381,155,380,156,379,155,378,152,378
99,368,94,368,94,368,90,368,87,368,85,370,87,371,90,371,93,372,94,373,96,374,99,374,102,374,103,373,103,371,103,371,103,370,102,368,99,368
90,200,87,200,85,201,87,202,90,203,93,202,94,201,93,200,90,200
37,190,34,190,32,191,32,193,32,193,32,195,34,196,37,196,40,196,41,195,41,193,41,193,41,191,40,190,37,190
