528,10,527,11,524,12,521,11,519,10,265,10,10,10,10,240,10,470,320,470,630,470,630,240,630,10,528,10
612,96,609,96,608,97,608,99,608,99,608,101,608,102,608,102,608,104,609,105,612,106,615,105,617,104,617,102,617,102,617,101,617,99,617,99,617,97,615,96,612,96
603,122,600,122,599,123,600,124,603,125,606,124,608,123,606,122,603,122
603,131,600,132,599,133,598,134,595,135,592,135,590,136,592,137,595,138,598,139,599,140,600,141,603,141,606,141,608,140,608,138,608,138,608,136,608,135,608,135,608,133,606,132,603,131
586,102,583,103,581,104,583,105,586,106,589,105,590,104,589,103,586,102
586,112,583,113,581,114,581,115,577,115,574,116,572,117,574,118,577,119,580,118,581,117,581,115,586,115,589,115,590,114,589,113,586,112
577,128,574,129,572,130,574,131,577,131,580,131,581,130,580,129,577,128
559,115,555,115,555,115,550,115,547,116,546,117,546,119,546,119,546,120,547,121,550,122,555,122,555,123,553,124,550,125,547,126,546,127,546,128,546,128,546,130,544,131,541,131,538,132,537,133,537,135,537,135,537,136,536,137,533,138,530,138,528,140,528,141,528,141,528,143,528,144,528,144,528,146,530,147,533,148,536,147,537,146,537,144,537,144,537,143,538,142,541,141,544,141,546,140,547,139,550,138,553,137,555,136,555,135,555,135,555,133,555,131,555,131,555,130,556,129,559,128,562,128,564,127,564,125,564,125,564,123,562,122,559,122,555,122,555,120,556,119,559,119,562,118,564,117,562,116,559,115
559,336,556,336,555,337,556,338,559,339,562,338,564,337,562,336,559,336
541,164,537,164,537,164,533,164,530,164,528,165,530,167,533,167,537,167,537,167,541,167,544,167,546,165,544,164,541,164
524,420,521,420,519,421,521,422,524,423,527,422,528,421,527,420,524,420
515,433,512,433,510,434,510,436,510,436,510,438,512,439,515,439,518,439,519,438,519,436,519,436,519,434,518,433,515,433
444,420,441,420,440,421,440,423,440,423,440,425,440,426,440,426,440,428,440,430,440,430,440,431,441,432,444,433,447,432,448,431,448,430,448,430,448,428,448,426,448,426,448,425,448,423,448,423,448,421,447,420,444,420
205,374,202,375,200,376,202,377,205,378,208,377,209,376,208,375,205,374
187,374,183,374,183,374,178,374,175,375,174,376,175,377,178,378,183,378,183,378,187,378,190,377,192,376,190,375,187,374
134,371,131,372,130,373,131,374,134,374,137,374,138,373,137,372,134,371
99,368,94,368,94,366,93,365,90,365,85,365,85,363,84,362,81,361,78,361,76,360,75,359,72,358,68,358,68,357,66,356,63,355,60,356,59,357,60,358,63,358,68,358,68,360,68,361,68,361,68,363,69,364,72,365,76,365,76,365,81,365,85,365,85,366,87,367,90,368,94,368,94,370,96,371,99,371,102,371,103,370,102,368,99,368
72,190,69,190,68,191,68,193,63,193,60,194,59,195,60,196,63,196,66,196,68,195,68,193,72,193,75,192,76,191,75,190,72,190
54,187,50,187,50,187,45,187,42,187,41,188,41,190,41,190,41,191,41,193,37,193,34,192,32,191,32,190,32,190,32,188,31,187,28,187,23,187,23,187,19,187,16,187,14,188,14,190,14,190,14,191,16,192,19,193,22,194,23,195,25,196,28,196,32,196,32,196,37,196,40,196,41,195,41,193,45,193,48,192,50,191,51,190,54,190,57,189,59,188,57,187,54,187
