475,10,475,12,475,12,475,13,474,14,471,15,468,14,466,13,466,12,466,12,466,10,360,10,358,11,355,12,352,11,351,10,342,10,342,12,342,12,342,13,341,14,338,15,335,14,333,13,333,12,333,12,333,10,172,10,10,10,10,240,10,470,320,470,630,470,630,119,627,118,626,117,627,116,630,115,630,63,630,10,475,10
621,442,618,443,617,444,617,446,617,446,617,447,617,449,617,449,617,451,618,452,621,452,624,452,626,451,626,449,626,449,626,447,626,446,626,446,626,444,624,443,621,442
550,115,547,116,546,117,547,118,550,119,553,118,555,117,553,116,550,115
541,138,538,138,537,140,538,141,541,141,544,141,546,140,544,138,541,138
533,18,530,19,528,20,530,21,533,21,536,21,537,20,536,19,533,18
533,25,530,25,528,26,528,28,528,28,528,29,528,31,528,31,528,33,528,34,528,34,528,36,528,38,528,38,528,39,530,40,533,41,536,40,537,39,537,38,537,38,537,36,537,34,537,34,537,33,537,31,537,31,537,29,537,28,537,28,537,26,536,25,533,25
524,70,521,70,519,72,521,73,524,73,527,73,528,72,527,70,524,70
515,34,512,35,510,36,512,37,515,38,518,37,519,36,518,35,515,34
506,93,503,93,502,94,502,96,502,96,502,97,502,99,502,99,502,101,503,102,506,102,509,102,510,101,510,99,510,99,510,97,510,96,510,96,510,94,509,93,506,93
426,345,423,346,422,347,423,348,426,349,429,348,431,347,429,346,426,345
409,76,406,77,404,78,406,79,409,80,412,79,413,78,412,77,409,76
400,439,397,440,395,441,395,442,395,442,395,444,397,445,400,446,403,445,404,444,404,442,404,442,404,441,403,440,400,439
391,67,388,67,386,68,385,69,382,70,379,70,378,72,379,73,382,73,386,73,386,73,391,73,394,73,395,72,395,70,395,70,395,68,394,67,391,67
391,345,386,345,386,345,382,345,379,346,378,347,379,348,382,349,386,349,386,349,391,349,394,348,395,347,394,346,391,345
382,18,379,19,378,20,379,21,382,21,385,21,386,20,385,19,382,18
364,63,361,64,360,65,361,66,364,67,367,66,369,65,367,64,364,63
364,196,361,197,360,198,361,199,364,200,367,199,369,198,367,197,364,196
329,28,324,28,324,28,320,28,317,28,316,29,317,31,320,31,324,31,324,31,329,31,332,31,333,29,332,28,329,28
329,34,326,35,324,36,324,38,324,38,324,39,324,41,324,41,324,42,326,43,329,44,332,43,333,42,333,41,333,41,333,39,333,38,333,38,333,36,332,35,329,34
276,18,273,18,271,16,270,15,267,15,262,15,262,15,258,15,254,15,254,15,249,15,245,15,245,13,243,12,240,12,236,12,236,12,231,12,227,12,227,12,223,12,218,12,218,12,214,12,211,12,209,13,209,15,209,15,209,16,209,18,209,18,209,20,211,21,214,21,217,21,218,20,220,19,223,18,226,18,227,16,228,15,231,15,236,15,236,15,240,15,245,15,245,16,246,18,249,18,252,19,254,20,254,21,254,21,254,23,255,24,258,25,261,24,262,23,264,22,267,21,271,21,271,21,276,21,279,21,280,20,279,19,276,18
223,25,218,25,218,25,214,25,211,25,209,26,211,27,214,28,218,28,218,28,223,28,226,27,227,26,226,25,223,25
125,336,122,336,121,337,121,339,121,339,121,340,121,342,121,342,121,344,122,345,125,345,128,345,130,344,130,342,130,342,130,340,130,339,130,339,130,337,128,336,125,336
