630,235,627,235,626,234,627,232,630,232,630,121,630,10,320,10,10,10,10,240,10,470,320,470,630,470,630,235
586,25,581,25,581,23,580,22,577,21,574,22,572,23,574,24,577,25,581,25,581,26,581,28,581,28,581,29,583,31,586,31,589,31,590,29,590,28,590,28,590,26,589,25,586,25
559,430,556,430,555,431,556,432,559,433,562,432,564,431,562,430,559,430
550,161,546,161,546,161,541,161,538,161,537,162,538,163,541,164,544,164,546,165,546,167,546,167,546,169,547,170,550,170,553,170,555,169,555,167,555,167,555,165,555,164,555,164,555,162,553,161,550,161
541,115,538,116,537,117,537,119,537,119,537,120,538,121,541,122,544,121,546,120,546,119,546,119,546,117,544,116,541,115
541,141,538,141,537,140,536,138,533,138,530,138,528,140,528,141,528,141,528,143,530,144,533,144,537,144,537,144,541,144,544,144,546,143,544,142,541,141
524,89,519,89,519,89,515,89,512,90,510,91,510,93,510,93,510,94,510,96,510,96,510,97,510,99,510,99,510,101,510,102,510,102,510,104,510,106,510,106,510,107,510,109,510,109,510,110,512,112,515,112,518,113,519,114,519,115,519,115,519,117,521,118,524,119,527,118,528,117,528,115,528,115,528,114,528,112,528,112,528,110,528,109,528,109,528,107,527,106,524,106,521,105,519,104,519,102,519,102,519,101,521,100,524,99,527,99,528,97,528,96,528,96,528,94,528,93,528,93,528,91,527,90,524,89
524,125,521,126,519,127,521,128,524,128,527,128,528,127,527,126,524,125
515,67,512,67,510,68,510,70,510,70,510,72,510,73,510,73,510,75,512,76,515,76,518,76,519,75,519,73,519,73,519,72,519,70,519,70,519,68,518,67,515,67
497,57,494,58,493,59,493,60,493,60,493,62,493,63,493,63,493,65,494,66,497,67,500,66,502,65,502,63,502,63,502,62,502,60,502,60,502,59,500,58,497,57
462,99,459,100,457,101,459,102,462,102,465,102,466,101,465,100,462,99
347,245,344,245,342,246,344,248,347,248,350,248,351,246,350,245,347,245
187,459,184,459,183,460,184,461,187,462,190,461,192,460,190,459,187,459
90,290,87,290,85,289,84,288,81,287,78,288,76,289,75,290,72,290,69,291,68,292,68,293,68,293,68,295,66,296,63,297,60,296,59,295,57,294,54,293,51,293,50,292,48,291,45,290,42,291,41,292,41,293,41,293,41,295,42,296,45,297,48,297,50,298,50,300,50,300,50,302,51,303,54,303,59,303,59,303,63,303,68,303,68,303,72,303,75,303,76,302,76,300,76,300,76,298,78,297,81,297,84,296,85,295,87,294,90,293,93,293,94,292,93,291,90,290
19,352,16,352,14,353,16,354,19,355,22,354,23,353,22,352,19,352
