10,339,14,339,14,339,19,339,22,339,23,340,22,342,19,342,14,342,14,342,10,342,10,406,10,470,466,470,466,468,466,468,466,467,468,466,471,465,474,466,475,467,475,468,475,468,475,470,553,470,630,470,630,240,630,10,320,10,10,10,10,339
621,277,618,277,617,276,615,275,612,274,609,275,608,276,608,277,608,277,608,279,609,280,612,280,617,280,617,280,621,280,624,280,626,279,624,278,621,277
612,125,609,126,608,127,609,128,612,128,615,128,617,127,615,126,612,125
603,96,600,96,599,97,599,99,599,99,599,101,600,102,603,102,606,102,608,101,608,99,608,99,608,97,606,96,603,96
595,41,592,41,590,42,590,44,590,44,590,46,592,47,595,47,598,47,599,46,599,44,599,44,599,42,598,41,595,41
586,128,583,129,581,130,583,131,586,131,589,131,590,130,589,129,586,128
568,141,565,142,564,143,565,144,568,144,571,144,572,143,571,142,568,141
559,76,556,77,555,78,555,80,555,80,555,81,555,83,555,83,555,85,556,86,559,86,562,86,564,85,564,83,564,83,564,81,564,80,564,80,564,78,562,77,559,76
559,128,556,129,555,130,556,131,559,131,562,131,564,130,562,129,559,128
550,144,547,145,546,146,546,148,541,148,538,148,537,149,538,150,541,151,544,150,546,149,546,148,550,148,553,147,555,146,553,145,550,144
533,138,530,138,528,140,530,141,533,141,536,141,537,140,536,138,533,138
524,148,519,148,519,148,515,148,512,148,510,149,512,150,515,151,518,151,519,153,521,154,524,154,527,154,528,153,528,151,528,151,528,149,527,148,524,148
515,112,512,113,510,114,512,115,515,115,518,115,519,114,518,113,515,112
506,167,503,168,502,169,503,170,506,170,509,170,510,169,509,168,506,167
444,54,441,54,440,55,440,57,435,57,432,58,431,59,432,60,435,60,438,60,440,59,440,57,444,57,447,56,448,55,447,54,444,54
435,63,432,64,431,65,431,67,426,67,423,67,422,68,423,69,426,70,429,69,431,68,431,67,435,67,438,66,440,65,438,64,435,63
435,200,432,200,431,201,432,202,435,203,438,202,440,201,438,200,435,200
426,206,423,207,422,208,422,209,417,209,414,210,413,211,414,212,417,212,420,212,422,211,422,209,426,209,429,209,431,208,429,207,426,206
417,459,413,459,413,459,409,459,404,459,404,459,400,459,395,459,395,459,391,459,388,459,386,460,388,461,391,462,395,462,395,462,400,462,404,462,404,462,409,462,413,462,413,462,417,462,420,461,422,460,420,459,417,459
400,67,395,67,395,65,394,64,391,63,388,64,386,65,388,66,391,67,395,67,395,68,397,69,400,70,403,69,404,68,403,67,400,67
347,462,344,462,342,464,344,465,347,465,350,465,351,464,350,462,347,462
329,455,326,456,324,457,324,459,324,459,324,460,326,461,329,462,332,461,333,460,333,459,333,459,333,457,332,456,329,455
302,449,299,449,298,451,299,452,302,452,305,452,307,451,305,449,302,449
249,446,245,446,245,446,240,446,237,445,236,444,234,443,231,442,227,442,227,442,223,442,220,443,218,444,220,445,223,446,226,446,227,447,228,448,231,449,236,449,236,449,240,449,245,449,245,449,249,449,252,448,254,447,252,446,249,446
187,245,184,245,183,246,184,248,187,248,190,248,192,246,190,245,187,245
169,12,166,12,165,13,165,15,165,15,165,16,166,18,169,18,172,18,174,16,174,15,174,15,174,13,172,12,169,12
161,21,158,22,156,23,158,24,161,25,164,24,165,23,164,22,161,21
37,361,34,361,32,360,31,359,28,358,23,358,23,358,19,358,16,359,14,360,16,361,19,361,22,362,23,363,23,365,23,365,23,366,25,367,28,368,31,369,32,370,31,371,28,371,25,372,23,373,23,374,23,374,23,376,25,377,28,378,32,378,32,378,37,378,40,377,41,376,41,374,41,374,41,373,41,371,41,371,41,370,41,368,41,368,41,366,41,365,41,365,41,363,40,362,37,361
19,349,16,349,14,350,16,351,19,352,22,351,23,350,22,349,19,349
