475,10,474,11,471,12,468,11,466,10,238,10,10,10,10,240,10,470,320,470,630,470,630,240,630,10,475,10
603,258,600,258,599,259,600,261,603,261,606,261,608,259,606,258,603,258
586,349,583,349,581,350,583,351,586,352,589,351,590,350,589,349,586,349
568,128,565,129,564,130,565,131,568,131,571,131,572,130,571,129,568,128
541,38,538,38,537,39,538,40,541,41,544,40,546,39,544,38,541,38
355,465,352,466,351,467,352,468,355,468,358,468,360,467,358,466,355,465
302,449,298,449,298,447,296,446,293,446,290,446,289,447,290,448,293,449,298,449,298,451,299,452,302,452,305,452,307,451,305,449,302,449
258,157,255,157,254,156,252,155,249,154,245,154,245,154,240,154,236,154,236,154,231,154,228,155,227,156,227,157,223,157,220,158,218,159,220,160,223,161,226,160,227,159,227,157,231,157,236,157,236,157,240,157,243,158,245,159,246,160,249,161,252,161,254,162,255,163,258,164,261,163,262,162,262,161,262,161,262,159,261,158,258,157
249,433,245,433,245,431,245,430,245,430,245,428,243,427,240,426,236,426,236,426,231,426,227,426,227,426,223,426,220,427,218,428,220,429,223,430,227,430,227,430,231,430,234,430,236,431,237,432,240,433,245,433,245,434,246,435,249,436,252,435,254,434,252,433,249,433
196,128,193,129,192,130,192,131,192,131,192,133,193,134,196,135,199,134,200,133,200,131,200,131,200,130,199,129,196,128
196,417,193,417,192,418,193,419,196,420,199,419,200,418,199,417,196,417
178,125,175,126,174,127,172,128,169,128,166,129,165,130,165,131,165,131,165,133,166,134,169,135,172,134,174,133,175,132,178,131,181,131,183,130,183,128,183,128,183,127,181,126,178,125
178,384,174,384,174,384,169,384,166,385,165,386,166,387,169,387,174,387,174,387,178,387,181,387,183,386,181,385,178,384
169,112,166,113,165,114,165,115,165,115,165,117,166,118,169,119,172,118,174,117,174,115,174,115,174,114,172,113,169,112
169,138,166,138,165,140,166,141,169,141,172,141,174,140,172,138,169,138
169,374,165,374,165,373,164,372,161,371,158,372,156,373,158,374,161,374,165,374,165,376,166,377,169,378,172,377,174,376,172,375,169,374
143,109,140,109,138,110,138,112,138,112,138,114,138,115,138,115,138,117,140,118,143,119,146,118,147,117,147,115,147,115,147,114,147,112,147,112,147,110,146,109,143,109
54,261,51,262,50,263,51,264,54,264,57,264,59,263,57,262,54,261
