537,10,536,11,533,12,530,11,528,10,269,10,10,10,10,240,10,470,85,470,87,469,90,468,93,469,94,470,362,470,630,470,630,240,630,10,537,10
621,439,618,440,617,441,617,442,617,442,617,444,617,446,617,446,617,447,617,449,617,449,617,451,617,452,617,452,617,454,617,455,617,455,617,457,617,459,617,459,617,460,618,461,621,462,624,461,626,460,626,459,626,459,626,457,626,455,626,455,626,454,626,452,626,452,626,451,626,449,626,449,626,447,626,446,626,446,626,444,626,442,626,442,626,441,624,440,621,439
595,109,590,109,590,107,589,106,586,106,583,106,581,107,583,108,586,109,590,109,590,110,592,112,595,112,598,112,599,110,598,109,595,109
595,274,592,275,590,276,592,277,595,277,598,277,599,276,598,275,595,274
577,99,574,100,572,101,574,102,577,102,580,102,581,101,580,100,577,99
577,135,574,135,572,136,574,137,577,138,580,137,581,136,580,135,577,135
568,106,565,106,564,107,565,108,568,109,571,108,572,107,571,106,568,106
568,122,565,122,564,123,565,124,568,125,571,124,572,123,571,122,568,122
541,34,538,35,537,36,537,38,537,38,537,39,538,40,541,41,544,40,546,39,546,38,546,38,546,36,544,35,541,34
541,83,538,83,537,85,537,86,537,86,537,88,538,89,541,89,544,89,546,88,546,86,546,86,546,85,544,83,541,83
541,122,538,121,537,120,536,119,533,119,530,119,528,120,528,122,528,122,528,123,530,124,533,125,537,125,537,125,541,125,544,124,546,123,544,122,541,122
533,60,530,61,528,62,530,63,533,63,536,63,537,62,536,61,533,60
444,332,440,332,440,332,435,332,432,333,431,334,432,335,435,336,440,336,440,336,444,336,447,335,448,334,447,333,444,332
435,339,432,339,431,340,431,342,426,342,423,343,422,344,423,345,426,345,429,345,431,344,431,342,435,342,438,342,440,340,438,339,435,339
417,80,414,80,413,81,414,82,417,83,420,82,422,81,420,80,417,80
409,332,406,333,404,334,406,335,409,336,412,335,413,334,412,333,409,332
355,193,352,194,351,195,352,196,355,196,358,196,360,195,358,194,355,193
347,12,344,12,342,13,342,15,338,15,335,15,333,16,333,18,333,18,333,20,335,21,338,21,341,21,342,20,342,18,342,18,342,16,342,15,347,15,350,14,351,13,350,12,347,12
311,70,308,70,307,72,308,73,311,73,314,73,316,72,314,70,311,70
267,21,264,22,262,23,264,24,267,25,270,24,271,23,270,22,267,21
240,21,237,22,236,23,237,24,240,25,243,24,245,23,243,22,240,21
240,28,237,28,236,29,237,31,240,31,243,31,245,29,243,28,240,28
125,326,122,326,121,327,121,329,121,329,121,331,121,332,121,332,121,334,122,335,125,336,128,335,130,334,130,332,130,332,130,331,130,329,130,329,130,327,128,326,125,326
