10,345,13,346,14,347,13,348,10,349,10,409,10,470,320,470,630,470,630,240,630,10,320,10,10,10,10,345
550,161,547,161,546,162,546,164,546,164,546,165,547,167,550,167,553,167,555,165,555,164,555,164,555,162,553,161,550,161
541,115,538,116,537,117,537,119,537,119,537,120,538,121,541,122,544,121,546,120,546,119,546,119,546,117,544,116,541,115
541,141,538,141,537,140,536,138,533,138,530,138,528,140,527,141,524,141,521,142,519,143,521,144,524,144,528,144,528,144,533,144,537,144,537,144,541,144,544,144,546,143,544,142,541,141
524,93,521,92,519,91,519,89,519,89,519,88,518,87,515,86,512,87,510,88,510,89,510,89,510,91,510,93,510,93,510,94,510,96,510,96,510,97,510,99,510,99,510,101,510,102,510,102,510,104,510,106,510,106,510,107,510,109,510,109,510,110,512,112,515,112,518,113,519,114,519,115,519,115,519,117,521,118,524,119,527,118,528,117,528,115,528,115,528,114,528,112,528,112,528,110,528,109,528,109,528,107,527,106,524,106,521,105,519,104,519,102,519,102,519,101,521,100,524,99,527,99,528,97,528,96,528,96,528,94,527,93,524,93
524,125,521,126,519,127,521,128,524,128,527,128,528,127,527,126,524,125
515,67,512,67,510,68,510,70,510,70,510,72,512,73,515,73,518,73,519,72,519,70,519,70,519,68,518,67,515,67
497,57,494,58,493,59,493,60,493,60,493,62,493,63,493,63,493,65,494,66,497,67,500,66,502,65,502,63,502,63,502,62,502,60,502,60,502,59,500,58,497,57
462,99,459,100,457,101,459,102,462,102,465,102,466,101,465,100,462,99
90,290,85,290,85,290,81,290,76,290,76,290,72,290,69,291,68,292,66,293,63,293,59,293,59,293,54,293,51,293,50,292,48,291,45,290,42,291,41,292,41,293,41,293,41,295,42,296,45,297,48,297,50,298,50,300,50,300,50,302,51,303,54,303,59,303,59,303,63,303,68,303,68,303,72,303,75,303,76,302,78,300,81,300,84,299,85,298,87,297,90,297,93,296,94,295,94,293,94,293,94,292,93,291,90,290
45,378,42,378,41,379,42,380,45,381,48,380,50,379,48,378,45,378
37,371,34,372,32,373,34,374,37,374,40,374,41,373,40,372,37,371
28,361,25,362,23,363,25,364,28,365,31,364,32,363,31,362,28,361
19,352,16,352,14,353,14,355,14,355,14,357,16,358,19,358,22,358,23,357,23,355,23,355,23,353,22,352,19,352
