360,10,358,11,355,12,352,11,351,10,342,10,342,12,342,12,342,13,341,14,338,15,335,14,333,13,333,12,333,12,333,10,172,10,10,10,10,240,10,470,85,470,87,469,90,468,93,469,94,470,362,470,630,470,630,240,630,10,360,10
621,439,618,440,617,441,617,442,617,442,617,444,617,446,617,446,617,447,617,449,617,449,617,451,618,452,621,452,624,452,626,451,626,449,626,449,626,447,626,446,626,446,626,444,626,442,626,442,626,441,624,440,621,439
550,115,547,116,546,117,547,118,550,119,553,118,555,117,553,116,550,115
533,28,530,28,528,29,528,31,528,31,528,33,528,34,528,34,528,36,528,38,528,38,528,39,530,40,533,41,536,40,537,39,537,38,537,38,537,36,537,34,537,34,537,33,537,31,537,31,537,29,536,28,533,28
524,70,521,70,519,72,521,73,524,73,527,73,528,72,527,70,524,70
506,96,503,96,502,97,503,99,506,99,509,99,510,97,509,96,506,96
426,342,423,343,422,344,422,345,422,345,422,347,423,348,426,349,429,348,431,347,431,345,431,345,431,344,429,343,426,342
426,355,423,356,422,357,423,358,426,358,429,358,431,357,429,356,426,355
409,76,406,77,404,78,406,79,409,80,412,79,413,78,412,77,409,76
400,436,397,437,395,438,395,439,395,439,395,441,397,442,400,442,403,442,404,441,404,439,404,439,404,438,403,437,400,436
391,67,388,67,386,68,386,70,386,70,386,72,388,73,391,73,394,73,395,72,395,70,395,70,395,68,394,67,391,67
391,345,386,345,386,345,382,345,379,346,378,347,379,348,382,349,386,349,386,349,391,349,394,348,395,347,394,346,391,345
382,200,379,200,378,201,379,202,382,203,385,202,386,201,385,200,382,200
355,349,352,349,351,350,352,351,355,352,358,351,360,350,358,349,355,349
347,18,344,19,342,20,344,21,347,21,350,21,351,20,350,19,347,18
329,28,324,28,324,28,320,28,317,28,316,29,317,31,320,31,324,31,324,31,329,31,332,31,333,29,332,28,329,28
329,34,326,35,324,36,324,38,324,38,324,39,324,41,324,41,324,42,326,43,329,44,332,43,333,42,333,41,333,41,333,39,333,38,333,38,333,36,332,35,329,34
276,18,273,18,271,16,270,15,267,15,262,15,262,15,258,15,254,15,254,15,249,15,245,15,245,13,243,12,240,12,237,12,236,13,237,14,240,15,245,15,245,16,246,18,249,18,252,19,254,20,254,21,254,21,254,23,255,24,258,25,261,24,262,23,264,22,267,21,271,21,271,21,276,21,279,21,280,20,279,19,276,18
223,15,220,14,218,13,217,12,214,12,211,12,209,13,209,15,209,15,209,16,209,18,209,18,209,20,211,21,214,21,217,21,218,20,220,19,223,18,226,18,227,16,226,15,223,15
223,25,220,25,218,26,220,27,223,28,226,27,227,26,226,25,223,25
125,332,122,333,121,334,121,336,121,336,121,337,121,339,121,339,121,340,121,342,121,342,121,344,122,345,125,345,128,345,130,344,130,342,130,342,130,340,130,339,130,339,130,337,130,336,130,336,130,334,128,333,125,332
