537,10,537,12,537,12,537,13,537,15,537,15,537,16,536,18,533,18,530,18,528,16,528,15,528,15,528,13,528,12,528,12,528,10,269,10,10,10,10,190,13,190,14,191,14,193,14,193,14,195,14,196,14,196,14,198,13,199,10,200,10,209,13,210,14,211,14,212,14,212,14,214,13,215,10,216,10,343,10,470,475,470,476,469,479,468,482,469,484,470,557,470,630,470,630,240,630,10,537,10
612,89,609,89,608,88,608,86,608,86,608,85,608,83,608,83,608,81,608,80,608,80,608,78,608,76,608,76,608,75,606,74,603,73,600,74,599,75,599,76,599,76,599,78,599,80,599,80,599,81,599,83,599,83,599,85,599,86,599,86,599,88,598,89,595,89,592,89,590,88,589,87,586,86,583,87,581,88,581,89,581,89,581,91,583,92,586,93,589,93,590,94,592,95,595,96,599,96,599,96,603,96,608,96,608,97,608,99,608,99,608,101,609,102,612,102,615,102,617,101,617,99,617,99,617,97,615,96,612,96,608,96,608,94,609,93,612,93,615,92,617,91,615,90,612,89
595,109,590,109,590,109,586,109,583,109,581,110,581,112,577,112,572,112,572,112,568,112,565,111,564,110,564,109,564,109,564,107,562,106,559,106,556,106,555,107,555,109,555,109,555,110,553,111,550,112,547,111,546,110,544,109,541,109,538,108,537,107,536,106,533,106,530,106,528,107,528,109,528,109,528,110,528,112,528,112,528,114,530,115,533,115,536,116,537,117,537,119,537,119,537,120,538,121,541,122,544,122,546,123,546,125,546,125,546,127,547,128,550,128,553,128,555,127,555,125,555,125,555,123,555,122,555,122,555,120,556,119,559,119,562,118,564,117,565,116,568,115,572,115,572,115,577,115,580,115,581,114,581,112,586,112,590,112,590,112,595,112,598,112,599,110,598,109,595,109
586,76,583,77,581,78,583,79,586,80,589,79,590,78,589,77,586,76
559,180,556,181,555,182,556,183,559,183,562,183,564,182,562,181,559,180
550,80,547,80,546,81,547,82,550,83,553,82,555,81,553,80,550,80
550,323,547,323,546,324,546,326,546,326,546,327,546,329,546,329,546,331,547,332,550,332,553,332,555,331,555,329,555,329,555,327,555,326,555,326,555,324,553,323,550,323
541,164,537,164,537,164,533,164,528,164,528,162,528,161,528,161,528,159,528,157,528,157,528,156,530,155,533,154,536,154,537,153,537,151,537,151,537,149,537,148,537,148,537,146,536,145,533,144,528,144,528,143,528,141,528,141,528,140,528,138,528,138,528,136,527,135,524,135,521,134,519,133,518,132,515,131,512,131,510,130,510,128,510,128,510,127,509,126,506,125,503,126,502,127,502,128,502,128,502,130,502,131,502,131,502,133,503,134,506,135,509,135,510,136,510,138,510,138,510,140,510,141,506,141,502,141,502,141,497,141,494,141,493,140,493,138,493,138,493,136,491,135,488,135,485,134,484,133,484,131,484,131,484,130,482,129,479,128,476,129,475,130,475,131,475,131,475,133,475,135,475,135,475,136,475,138,475,138,475,140,475,141,475,141,475,143,476,144,479,144,482,145,484,146,485,147,488,148,491,147,493,146,494,145,497,144,500,145,502,146,502,148,502,148,502,149,502,151,502,151,502,153,502,154,502,154,502,156,503,157,506,157,509,158,510,159,512,160,515,161,518,161,519,162,521,163,524,164,528,164,528,165,530,167,533,167,537,167,537,167,541,167,544,167,546,165,544,164,541,164
524,122,521,122,519,123,521,124,524,125,527,124,528,123,527,122,524,122
515,112,512,113,510,114,510,115,510,115,510,117,512,118,515,119,518,118,519,117,519,115,519,115,519,114,518,113,515,112
515,439,512,440,510,441,510,442,510,442,510,444,512,445,515,446,518,445,519,444,519,442,519,442,519,441,518,440,515,439
444,430,441,429,440,428,438,427,435,426,432,427,431,428,431,430,431,430,431,431,432,432,435,433,438,433,440,434,440,436,440,436,440,438,440,439,440,439,440,441,441,442,444,442,447,442,448,441,448,439,448,439,448,438,448,436,448,436,448,434,448,433,448,433,448,431,447,430,444,430
196,371,193,372,192,373,193,374,196,374,199,374,200,373,199,372,196,371
161,170,158,171,156,172,158,173,161,174,164,173,165,172,164,171,161,170
125,365,121,365,121,365,116,365,113,364,112,363,110,362,107,361,103,361,103,361,99,361,94,361,94,361,90,361,87,362,85,363,87,364,90,365,94,365,94,365,99,365,102,365,103,366,103,368,103,368,103,370,104,371,107,371,112,371,112,371,116,371,119,371,121,370,122,369,125,368,128,367,130,366,128,365,125,365
107,180,104,181,103,182,103,183,103,183,103,185,104,186,107,187,110,186,112,185,112,183,112,183,112,182,110,181,107,180
524,144,519,144,519,146,518,147,515,148,512,148,510,149,510,151,510,151,510,153,512,154,515,154,518,154,519,153,521,151,524,151,527,150,528,149,528,148,528,148,528,146,528,144,524,144
515,141,510,141,510,143,512,144,515,144,519,144,519,143,518,142,515,141
