564,10,564,12,568,12,571,12,572,13,571,14,568,15,565,14,564,13,564,12,559,12,556,11,555,10,282,10,10,10,10,240,10,470,440,470,441,469,444,468,447,469,448,470,539,470,630,470,630,240,630,10,564,10
612,125,609,126,608,127,609,128,612,128,615,128,617,127,615,126,612,125
595,67,590,67,590,67,586,67,583,67,581,68,581,70,581,70,581,72,583,73,586,73,589,74,590,75,590,76,590,76,590,78,590,80,590,80,590,81,592,82,595,83,598,82,599,81,599,80,599,80,599,78,599,76,599,76,599,75,599,73,599,73,599,72,599,70,599,70,599,68,598,67,595,67
595,109,590,109,590,109,586,109,583,108,581,107,580,106,577,106,574,105,572,104,571,103,568,102,564,102,564,102,559,102,556,103,555,104,555,106,555,106,555,107,555,109,555,109,555,110,556,112,559,112,562,113,564,114,565,115,568,115,572,115,572,115,577,115,580,115,581,114,583,113,586,112,590,112,590,112,595,112,598,112,599,110,598,109,595,109
586,28,581,28,581,28,577,28,574,28,572,29,574,31,577,31,581,31,581,31,586,31,589,31,590,29,589,28,586,28
577,18,574,19,572,20,572,21,572,21,572,23,574,24,577,25,580,24,581,23,581,21,581,21,581,20,580,19,577,18
550,115,546,115,546,115,541,115,538,115,537,114,536,113,533,112,528,112,528,112,524,112,519,112,519,112,515,112,512,113,510,114,510,115,510,115,510,117,509,118,506,119,503,118,502,117,500,116,497,115,494,116,493,117,491,118,488,119,484,119,484,117,482,116,479,115,476,116,475,117,476,118,479,119,484,119,484,120,484,122,479,122,476,122,475,123,476,124,479,125,484,125,484,127,485,128,488,128,493,128,493,128,497,128,500,129,502,130,502,131,502,131,502,133,503,134,506,135,509,135,510,136,510,138,510,138,510,140,512,141,515,141,518,141,519,140,521,139,524,138,527,139,528,140,528,141,528,141,528,143,528,144,528,144,528,146,528,148,528,148,528,149,527,150,524,151,519,151,519,151,515,151,512,150,510,149,510,148,510,148,510,146,509,145,506,144,503,144,502,143,500,142,497,141,493,141,493,141,488,141,484,141,484,140,482,138,479,138,476,138,475,140,476,141,479,141,484,141,484,143,484,144,484,144,484,146,484,148,484,148,484,149,485,150,488,151,491,151,493,153,494,154,497,154,500,155,502,156,503,157,506,157,510,157,510,157,515,157,519,157,519,157,524,157,527,157,528,156,530,155,533,154,536,154,537,153,537,151,537,151,537,149,537,148,537,148,537,146,537,144,537,144,537,143,538,142,541,141,544,141,546,140,544,138,541,138,538,137,537,136,537,135,537,135,537,133,537,131,537,131,537,130,538,129,541,128,544,128,546,127,544,126,541,125,537,125,537,125,533,125,528,125,528,123,528,122,528,122,528,120,530,119,533,119,536,119,537,120,538,121,541,122,546,122,546,122,550,122,553,121,555,120,555,119,555,119,555,117,553,116,550,115
541,96,538,96,537,97,538,99,541,99,544,99,546,97,544,96,541,96
533,25,528,25,528,25,524,25,519,25,519,23,519,21,519,21,519,20,518,19,515,18,510,18,510,18,506,18,502,18,502,18,497,18,494,19,493,20,491,21,488,21,485,22,484,23,485,24,488,25,491,25,493,26,494,27,497,28,502,28,502,28,506,28,509,27,510,26,512,25,515,25,519,25,519,26,519,28,519,28,519,29,519,31,519,31,519,33,519,34,515,34,512,35,510,36,512,37,515,38,519,38,519,39,519,41,519,41,519,42,519,44,519,44,519,46,521,47,524,47,527,47,528,46,528,44,528,44,528,42,528,41,528,41,528,39,527,38,524,38,519,38,519,36,519,34,524,34,527,34,528,33,530,32,533,31,536,31,537,29,537,28,537,28,537,26,536,25,533,25
506,50,503,51,502,52,503,53,506,54,509,53,510,52,509,51,506,50
471,99,466,99,466,99,462,99,459,100,457,101,459,102,462,102,466,102,466,102,471,102,474,102,475,101,474,100,471,99
453,12,450,12,448,13,448,15,444,15,441,15,440,16,438,18,435,18,431,18,431,16,429,15,426,15,423,15,422,16,423,18,426,18,431,18,431,20,431,21,431,21,431,23,431,25,431,25,431,26,429,27,426,28,423,28,422,29,422,31,422,31,422,33,422,34,422,34,422,36,422,38,422,38,422,39,423,40,426,41,429,40,431,39,431,38,431,38,431,36,432,35,435,34,438,34,440,33,441,32,444,31,448,31,448,33,450,34,453,34,456,34,457,33,456,32,453,31,448,31,448,29,448,28,448,28,448,26,450,25,453,25,456,24,457,23,457,21,457,21,457,20,456,19,453,18,450,18,448,16,448,15,453,15,456,14,457,13,456,12,453,12
444,50,441,51,440,52,440,54,435,54,432,53,431,52,431,50,431,50,431,49,431,47,431,47,431,46,429,45,426,44,422,44,422,44,417,44,414,45,413,46,413,47,413,47,413,49,414,50,417,50,420,51,422,52,422,54,422,54,422,55,423,56,426,57,431,57,431,57,435,57,438,56,440,55,440,54,444,54,447,53,448,52,447,51,444,50
444,93,441,93,440,94,441,95,444,96,447,95,448,94,447,93,444,93
444,99,441,100,440,101,441,102,444,102,447,102,448,101,447,100,444,99
426,83,423,83,422,85,423,86,426,86,429,86,431,85,429,83,426,83
426,102,422,102,422,102,417,102,414,103,413,104,414,105,417,106,422,106,422,106,426,106,429,105,431,104,429,103,426,102
426,465,423,466,422,467,423,468,426,468,429,468,431,467,429,466,426,465
417,76,413,76,413,75,412,74,409,73,406,74,404,75,406,76,409,76,413,76,413,78,414,79,417,80,420,79,422,78,420,77,417,76
409,462,406,462,404,464,406,465,409,465,412,465,413,464,412,462,409,462
400,93,395,93,395,93,391,93,388,93,386,94,388,95,391,96,395,96,395,96,400,96,403,95,404,94,403,93,400,93
355,54,351,54,351,54,347,54,344,54,342,55,344,56,347,57,351,57,351,57,355,57,358,56,360,55,358,54,355,54
161,436,156,436,156,436,152,436,147,436,147,434,146,433,143,433,138,433,138,433,134,433,131,433,130,434,131,435,134,436,138,436,138,436,143,436,147,436,147,438,149,439,152,439,156,439,156,439,161,439,164,439,165,438,164,437,161,436
524,125,519,125,519,125,515,125,512,126,510,127,510,128,510,128,510,130,512,131,515,131,518,131,519,130,521,129,524,128,527,128,528,127,528,125,524,125
488,122,484,122,484,123,484,125,488,125,491,124,493,123,491,122,488,122
