324,10,323,11,320,12,317,11,316,10,289,10,288,11,285,12,282,11,280,10,145,10,10,10,10,240,10,470,85,470,87,469,90,468,93,469,94,470,351,470,350,469,347,468,344,468,342,467,342,465,342,465,342,464,342,462,342,462,342,460,342,459,342,459,342,457,344,456,347,455,350,455,351,454,350,453,347,452,344,452,342,451,344,449,347,449,350,448,351,447,352,446,355,446,358,446,360,447,361,448,364,449,367,449,369,451,369,452,369,452,369,454,369,455,369,455,369,457,369,459,369,459,369,460,370,461,373,462,376,462,378,464,379,465,382,465,385,466,386,467,386,468,386,468,386,470,413,470,413,468,413,468,413,467,414,466,417,465,420,466,422,467,422,468,422,468,422,470,526,470,630,470,630,240,630,10,324,10
515,18,512,19,510,20,512,21,515,21,518,21,519,20,518,19,515,18
435,15,432,15,431,16,432,18,435,18,438,18,440,16,438,15,435,15
417,15,414,15,413,16,414,18,417,18,420,18,422,16,420,15,417,15
400,397,397,397,395,395,394,394,391,394,388,394,386,395,386,397,386,397,386,399,388,400,391,400,395,400,395,400,400,400,403,400,404,399,403,398,400,397
391,18,388,19,386,20,388,21,391,21,394,21,395,20,394,19,391,18
364,12,360,12,360,12,355,12,352,12,351,13,352,14,355,15,360,15,360,15,364,15,367,14,369,13,367,12,364,12
311,31,307,31,307,29,305,28,302,28,299,28,298,29,298,31,293,31,289,31,289,29,289,28,289,28,289,26,289,25,289,25,289,23,289,21,293,21,296,21,298,20,298,18,298,18,298,16,296,15,293,15,290,15,289,16,289,18,289,18,289,20,289,21,285,21,282,22,280,23,279,24,276,25,273,25,271,26,270,27,267,28,264,28,262,29,262,31,262,31,262,33,264,34,267,34,270,34,271,33,273,32,276,31,280,31,280,31,285,31,289,31,289,33,290,34,293,34,296,34,298,33,298,31,302,31,307,31,307,33,308,34,311,34,314,34,316,33,314,32,311,31
311,391,307,391,307,391,302,391,298,391,298,391,293,391,290,391,289,392,289,394,285,394,282,394,280,395,282,397,285,397,288,397,289,395,289,394,293,394,298,394,298,394,302,394,307,394,307,394,311,394,314,393,316,392,314,391,311,391
267,18,264,18,262,16,261,15,258,15,255,15,254,16,254,18,254,18,254,20,255,21,258,21,262,21,262,21,267,21,270,21,271,20,270,19,267,18
240,15,237,15,236,16,237,18,240,18,243,18,245,16,243,15,240,15
116,336,113,336,112,337,113,338,116,339,119,338,121,337,119,336,116,336
