546,10,546,12,546,12,546,13,544,14,541,15,538,14,537,13,537,12,537,12,537,10,457,10,457,12,457,12,457,13,456,14,453,15,450,14,448,13,448,12,448,12,448,10,440,10,438,11,435,12,432,11,431,10,422,10,420,11,417,12,414,11,413,10,404,10,403,11,400,12,397,12,395,13,394,14,391,15,388,14,386,13,385,12,382,12,378,12,378,13,376,14,373,15,369,15,369,16,369,18,369,18,369,20,367,21,364,21,361,22,360,23,360,25,360,25,360,26,360,28,360,28,360,29,360,31,360,31,360,33,360,34,360,34,360,36,358,37,355,38,352,37,351,36,351,34,351,34,351,33,351,31,351,31,351,29,351,28,351,28,351,26,351,25,351,25,351,23,350,22,347,21,344,21,342,20,342,18,342,18,342,16,341,15,338,15,333,15,333,16,333,18,333,18,333,20,332,21,329,21,326,22,324,23,324,25,324,25,324,26,323,27,320,28,317,28,316,29,314,31,311,31,307,31,307,31,302,31,298,31,298,31,293,31,290,31,289,29,288,28,285,28,280,28,280,28,276,28,271,28,271,28,267,28,264,27,262,26,261,25,258,25,255,25,254,26,252,27,249,28,246,28,245,29,243,31,240,31,236,31,236,31,231,31,228,32,227,33,227,34,231,34,234,35,236,36,236,38,240,38,243,38,245,39,245,41,245,41,245,42,245,44,245,44,245,46,243,47,240,47,237,47,236,46,236,44,236,44,236,42,236,41,236,41,236,39,236,38,231,38,228,37,227,36,227,34,223,34,220,34,218,33,217,32,214,31,211,31,209,29,208,28,205,28,202,27,200,26,200,25,200,25,200,23,200,21,200,21,200,20,199,19,196,18,193,18,192,16,190,15,187,15,184,14,183,13,184,12,187,12,190,11,192,10,101,10,10,10,10,151,13,151,14,153,14,154,19,154,22,155,23,156,22,157,19,157,16,157,14,156,14,154,10,154,10,312,10,470,395,470,395,468,391,468,388,468,386,467,388,466,391,465,394,466,395,467,395,468,400,468,404,468,404,467,404,465,404,465,404,464,406,462,409,462,412,462,413,464,413,465,413,465,413,467,412,468,409,468,404,468,404,470,517,470,630,470,630,300,627,299,626,298,627,297,630,297,630,242,627,241,626,240,627,239,630,238,630,124,630,10,546,10
586,148,583,148,581,149,583,150,586,151,589,150,590,149,589,148,586,148
577,135,574,135,572,136,574,137,577,138,580,137,581,136,580,135,577,135
550,151,546,151,546,149,546,148,546,148,546,146,544,145,541,144,538,145,537,146,537,148,537,148,537,149,538,150,541,151,546,151,546,153,547,154,550,154,553,154,555,153,553,151,550,151
479,12,476,12,475,13,476,14,479,15,482,14,484,13,482,12,479,12
435,83,431,83,431,81,429,80,426,80,423,80,422,81,423,82,426,83,431,83,431,85,432,86,435,86,438,86,440,85,438,83,435,83
435,225,432,226,431,227,429,228,426,229,423,229,422,230,423,231,426,232,431,232,431,232,435,232,438,231,440,230,440,229,440,229,440,227,438,226,435,225
435,368,431,368,431,368,426,368,423,368,422,370,422,371,422,371,422,373,422,374,422,374,422,376,423,377,426,378,429,377,431,376,432,375,435,374,438,374,440,373,440,371,440,371,440,370,438,368,435,368
409,109,406,109,404,110,406,112,409,112,412,112,413,110,412,109,409,109
391,368,388,368,386,370,385,371,382,371,379,372,378,373,379,374,382,374,386,374,386,374,391,374,394,374,395,373,395,371,395,371,395,370,394,368,391,368
391,449,388,449,386,451,386,452,386,452,386,454,386,455,386,455,386,457,386,459,386,459,386,460,388,461,391,462,394,461,395,460,395,459,395,459,395,457,395,455,395,455,395,454,395,452,395,452,395,451,394,449,391,449
364,106,361,106,360,107,361,108,364,109,367,108,369,107,367,106,364,106
338,73,333,73,333,72,332,70,329,70,326,70,324,72,326,73,329,73,333,73,333,75,335,76,338,76,341,76,342,75,341,74,338,73
329,371,326,372,324,373,324,374,320,374,317,375,316,376,316,378,311,378,308,378,307,379,308,380,311,381,314,380,316,379,316,378,320,378,323,377,324,376,324,374,329,374,332,374,333,373,332,372,329,371
311,76,307,76,307,76,302,76,298,76,298,75,296,74,293,73,290,74,289,75,290,76,293,76,298,76,298,78,299,79,302,80,307,80,307,80,311,80,314,79,316,78,314,77,311,76
293,57,290,58,289,59,290,60,293,60,296,60,298,59,296,58,293,57
285,63,282,64,280,65,280,67,280,67,280,68,282,69,285,70,288,69,289,68,289,67,289,67,289,65,288,64,285,63
267,47,262,47,262,46,261,45,258,44,255,45,254,46,255,47,258,47,262,47,262,49,264,50,267,50,270,50,271,49,270,48,267,47
258,34,255,35,254,36,255,37,258,38,261,37,262,36,261,35,258,34
116,339,112,339,112,339,107,339,104,339,103,340,104,342,107,342,112,342,112,342,116,342,119,342,121,340,119,339,116,339
351,10,351,12,351,12,351,13,351,15,351,15,351,16,352,18,355,18,358,18,360,16,361,15,364,15,369,15,369,13,370,12,373,12,378,12,378,10,351,10
307,10,307,12,307,12,307,13,305,14,302,15,299,15,298,16,296,18,293,18,289,18,289,18,285,18,282,19,280,20,280,21,280,21,280,23,282,24,285,25,289,25,289,25,293,25,296,24,298,23,299,22,302,21,305,21,307,20,308,19,311,18,316,18,316,18,320,18,323,18,324,16,324,15,320,15,317,14,316,13,317,12,320,12,323,12,324,13,324,15,329,15,333,15,333,13,333,12,333,12,333,10,307,10
209,10,211,11,214,12,218,12,218,12,223,12,227,12,227,12,231,12,234,12,236,13,237,14,240,15,245,15,245,15,249,15,252,14,254,13,254,12,254,12,254,10,209,10
