630,10,320,10,10,10,10,240,10,470,320,470,630,470,630,240,630,10
595,67,590,67,590,67,586,67,583,67,581,68,580,69,577,70,574,70,572,72,574,73,577,73,581,73,581,73,586,73,589,73,590,72,592,70,595,70,598,69,599,68,598,67,595,67
568,76,565,77,564,78,565,79,568,80,571,79,572,78,571,77,568,76
550,73,547,74,546,75,546,76,546,76,546,78,547,79,550,80,553,79,555,78,555,76,555,76,555,75,553,74,550,73
515,459,510,459,510,459,506,459,503,459,502,460,503,461,506,462,510,462,510,462,515,462,518,461,519,460,518,459,515,459
506,28,503,28,502,29,503,31,506,31,509,31,510,29,509,28,506,28
497,21,493,21,493,21,488,21,485,22,484,23,484,25,479,25,476,25,475,26,475,28,471,28,468,28,466,29,466,31,466,31,466,33,466,34,466,34,466,36,465,37,462,38,457,38,457,36,457,34,457,34,457,33,457,31,457,31,457,29,456,28,453,28,450,28,448,29,448,31,448,31,448,33,448,34,448,34,448,36,450,37,453,38,457,38,457,39,459,40,462,41,465,41,466,42,468,43,471,44,475,44,475,44,479,44,482,43,484,42,484,41,484,41,484,39,485,38,488,38,491,37,493,36,491,35,488,34,484,34,484,34,479,34,476,34,475,33,475,31,475,31,475,29,475,28,479,28,482,27,484,26,484,25,488,25,493,25,493,25,497,25,500,24,502,23,500,22,497,21
479,57,475,57,475,57,471,57,468,58,466,59,468,60,471,60,475,60,475,60,479,60,482,60,484,59,482,58,479,57
417,452,413,452,413,451,412,449,409,449,406,449,404,451,406,452,409,452,413,452,413,454,414,455,417,455,420,455,422,454,420,453,417,452
409,31,406,32,404,33,406,34,409,34,412,34,413,33,412,32,409,31
373,442,370,443,369,444,370,445,373,446,376,445,378,444,376,443,373,442
267,21,262,21,262,21,258,21,255,22,254,23,255,24,258,25,262,25,262,25,267,25,270,24,271,23,270,22,267,21
267,407,264,407,262,408,264,410,267,410,270,410,271,408,270,407,267,407
134,358,131,359,130,360,131,361,134,361,137,361,138,360,137,359,134,358
