581,10,581,12,581,12,581,13,580,14,577,15,574,14,572,13,572,12,572,12,572,10,245,10,246,11,249,12,252,12,254,13,254,15,258,15,262,15,262,13,264,12,267,12,271,12,271,12,276,12,279,12,280,13,282,14,285,15,288,15,289,16,289,18,289,18,289,20,288,21,285,21,282,21,280,20,279,19,276,18,273,18,271,16,270,15,267,15,262,15,262,16,261,18,258,18,254,18,254,20,255,21,258,21,261,22,262,23,262,25,262,25,262,26,261,27,258,28,255,28,254,29,252,31,249,31,245,31,245,31,240,31,237,31,236,29,236,28,236,28,236,26,234,25,231,25,228,24,227,23,227,21,227,21,227,20,226,19,223,18,220,18,218,16,218,15,218,15,218,13,218,12,218,12,218,10,114,10,10,10,10,306,13,307,14,308,13,309,10,310,10,349,13,349,14,350,13,351,10,352,10,358,13,359,14,360,14,361,14,361,14,363,16,364,19,365,22,365,23,366,23,368,23,368,23,370,23,371,23,371,23,373,23,374,23,374,23,376,25,377,28,378,31,378,32,379,32,381,32,381,32,383,34,384,37,384,40,385,41,386,40,387,37,387,34,388,32,389,31,390,28,391,25,390,23,389,23,387,23,387,23,386,22,385,19,384,16,384,14,383,14,381,14,381,14,379,14,378,14,378,14,376,14,374,14,374,14,373,13,372,10,371,10,449,13,449,14,451,16,452,19,452,22,453,23,454,22,455,19,455,14,455,14,455,10,455,10,463,10,470,342,470,344,469,347,468,351,468,351,468,355,468,360,468,360,468,364,468,369,468,369,468,373,468,376,469,378,470,504,470,630,470,630,240,630,10,581,10
586,18,583,19,581,20,581,21,581,21,581,23,583,24,586,25,589,24,590,23,590,21,590,21,590,20,589,19,586,18
586,54,583,54,581,55,581,57,581,57,581,59,583,60,586,60,589,60,590,59,590,57,590,57,590,55,589,54,586,54
577,63,572,63,572,63,568,63,565,64,564,65,564,67,564,67,564,68,564,70,559,70,556,70,555,72,556,73,559,73,562,73,564,72,564,70,568,70,572,70,572,70,577,70,580,69,581,68,581,67,581,67,581,65,580,64,577,63
568,141,565,142,564,143,565,144,568,144,571,144,572,143,571,142,568,141
559,76,556,77,555,78,556,79,559,80,562,79,564,78,562,77,559,76
559,96,555,96,555,94,555,93,555,93,555,91,555,89,555,89,555,88,555,86,555,86,555,85,553,83,550,83,547,83,546,85,546,86,546,86,546,88,546,89,546,89,546,91,546,93,546,93,546,94,547,95,550,96,555,96,555,97,555,99,555,99,555,101,556,102,559,102,562,102,564,101,564,99,564,99,564,97,562,96,559,96
533,151,530,150,528,149,528,148,528,148,528,146,527,145,524,144,521,144,519,143,519,141,519,141,519,140,519,138,519,138,519,136,518,135,515,135,510,135,510,133,509,132,506,131,503,132,502,133,503,134,506,135,510,135,510,136,510,138,510,138,510,140,510,141,510,141,510,143,510,144,510,144,510,146,510,148,510,148,510,149,510,151,506,151,503,151,502,153,502,154,502,154,502,156,503,157,506,157,509,158,510,159,510,161,510,161,510,162,512,163,515,164,518,163,519,162,521,161,524,161,527,160,528,159,528,157,528,157,528,156,530,155,533,154,536,154,537,153,536,151,533,151
497,21,494,22,493,23,494,24,497,25,500,24,502,23,500,22,497,21
488,38,485,38,484,39,484,41,484,41,484,42,484,44,479,44,476,45,475,46,475,47,471,47,468,48,466,49,466,50,466,50,466,52,466,54,462,54,459,54,457,55,457,57,457,57,457,59,459,60,462,60,465,60,466,59,466,57,466,57,466,55,466,54,471,54,474,53,475,52,475,50,475,50,475,49,475,47,479,47,482,47,484,46,484,44,488,44,491,43,493,42,493,41,493,41,493,39,491,38,488,38
488,144,485,145,484,146,484,148,484,148,484,149,484,151,484,151,484,153,484,154,484,154,484,156,485,157,488,157,491,157,493,156,493,154,493,154,493,153,493,151,493,151,493,149,493,148,493,148,493,146,491,145,488,144
488,167,485,168,484,169,485,170,488,170,491,170,493,169,491,168,488,167
479,76,476,77,475,78,476,79,479,80,482,79,484,78,482,77,479,76
462,67,457,67,457,67,453,67,450,67,448,68,448,70,448,70,448,72,448,73,448,73,448,75,450,76,453,76,457,76,457,76,462,76,465,76,466,75,466,73,466,73,466,72,466,70,466,70,466,68,465,67,462,67
444,216,441,216,440,217,440,219,440,219,440,221,441,222,444,222,447,222,448,221,448,219,448,219,448,217,447,216,444,216
426,63,423,64,422,65,422,67,422,67,422,68,423,69,426,70,429,69,431,68,431,67,431,67,431,65,429,64,426,63
426,400,423,401,422,402,423,403,426,404,429,403,431,402,429,401,426,400
417,378,413,378,413,376,413,374,413,374,413,373,412,372,409,371,406,372,404,373,404,374,404,374,404,376,406,377,409,378,413,378,413,379,413,381,413,381,413,383,414,384,417,384,420,384,422,383,422,381,422,381,422,379,420,378,417,378
391,63,386,63,386,63,382,63,379,64,378,65,379,66,382,67,385,67,386,68,388,69,391,70,394,69,395,68,395,67,395,67,395,65,394,64,391,63
391,245,388,245,386,246,385,248,382,248,379,249,378,250,378,251,378,251,378,253,379,254,382,255,385,254,386,253,388,252,391,251,394,251,395,250,395,248,395,248,395,246,394,245,391,245
347,128,344,129,342,130,342,131,342,131,342,133,344,134,347,135,350,134,351,133,351,131,351,131,351,130,350,129,347,128
338,264,335,265,333,266,335,267,338,268,341,267,342,266,341,265,338,264
258,290,255,291,254,292,254,293,254,293,254,295,255,296,258,297,261,296,262,295,262,293,262,293,262,292,261,291,258,290
223,290,218,290,218,290,214,290,209,290,209,290,205,290,200,290,200,290,196,290,193,291,192,292,190,293,187,293,183,293,183,293,178,293,175,293,174,292,172,291,169,290,165,290,165,290,161,290,156,290,156,290,152,290,149,291,147,292,147,293,147,293,147,295,147,297,147,297,147,298,149,299,152,300,156,300,156,300,161,300,165,300,165,300,169,300,172,299,174,298,175,297,178,297,183,297,183,297,187,297,192,297,192,297,196,297,200,297,200,297,205,297,209,297,209,297,214,297,217,296,218,295,220,294,223,293,226,293,227,292,226,291,223,290
223,449,220,449,218,451,220,452,223,452,226,452,227,451,226,449,223,449
143,47,140,48,138,49,140,50,143,50,146,50,147,49,146,48,143,47
72,404,69,403,68,402,66,401,63,400,60,401,59,402,59,404,59,404,59,405,59,407,59,407,59,408,60,410,63,410,66,411,68,412,69,413,72,413,75,413,76,412,76,410,76,410,76,408,76,407,76,407,76,405,75,404,72,404
63,417,60,417,59,418,60,419,63,420,66,419,68,418,66,417,63,417
45,394,42,394,41,395,42,397,45,397,48,397,50,395,48,394,45,394
19,313,16,313,14,315,16,316,19,316,22,316,23,315,22,313,19,313
515,151,510,151,510,153,512,154,515,154,518,154,519,153,518,151,515,151
249,15,246,15,245,16,246,18,249,18,254,18,254,16,254,15,249,15
