112,470,113,469,116,468,121,468,121,468,125,468,128,469,130,470,380,470,630,470,630,240,630,10,320,10,10,10,10,240,10,470,112,470
577,28,572,28,572,26,572,25,572,25,572,23,571,22,568,21,565,22,564,23,564,25,564,25,564,26,565,27,568,28,572,28,572,29,574,31,577,31,580,31,581,29,580,28,577,28
577,54,574,54,572,55,572,57,572,57,572,59,574,60,577,60,580,60,581,59,581,57,581,57,581,55,580,54,577,54
577,67,574,67,572,68,574,69,577,70,580,69,581,68,580,67,577,67
533,161,530,161,528,162,530,163,533,164,536,163,537,162,536,161,533,161
524,141,521,142,519,143,521,144,524,144,527,144,528,143,527,142,524,141
506,423,503,424,502,425,502,426,502,426,502,428,503,429,506,430,509,429,510,428,510,426,510,426,510,425,509,424,506,423
497,413,494,414,493,415,494,416,497,417,500,416,502,415,500,414,497,413
462,109,459,109,457,110,459,112,462,112,465,112,466,110,465,109,462,109
435,442,432,443,431,444,432,445,435,446,438,445,440,444,438,443,435,442
143,355,140,356,138,357,138,358,138,358,138,360,140,361,143,361,146,361,147,360,147,358,147,358,147,357,146,356,143,355
116,355,112,355,112,355,107,355,104,356,103,357,103,358,103,358,103,360,104,361,107,361,110,361,112,360,113,359,116,358,119,358,121,357,119,356,116,355
19,323,16,323,14,324,16,325,19,326,22,325,23,324,22,323,19,323
