630,70,627,69,626,68,626,67,626,67,626,65,627,64,630,63,630,37,630,10,320,10,10,10,10,240,10,470,320,470,630,470,630,70
621,86,618,87,617,88,617,89,617,89,617,91,618,92,621,93,624,92,626,91,626,89,626,89,626,88,624,87,621,86
603,119,600,119,599,120,600,121,603,122,606,121,608,120,606,119,603,119
595,60,592,61,590,62,592,63,595,63,598,63,599,62,598,61,595,60
586,70,581,70,581,70,577,70,574,70,572,72,574,73,577,73,581,73,581,73,586,73,589,73,590,72,589,70,586,70
559,86,555,86,555,85,555,83,555,83,555,81,555,80,555,80,555,78,553,77,550,76,546,76,546,76,541,76,537,76,537,76,533,76,530,77,528,78,527,79,524,80,521,80,519,81,521,82,524,83,528,83,528,83,533,83,536,82,537,81,538,80,541,80,544,80,546,81,546,83,546,83,546,85,547,86,550,86,555,86,555,88,556,89,559,89,562,89,564,88,562,87,559,86
524,18,519,18,519,18,515,18,512,19,510,20,512,21,515,21,519,21,519,21,524,21,527,21,528,20,527,19,524,18
515,232,512,232,510,234,509,235,506,235,502,235,502,235,497,235,493,235,493,235,488,235,485,236,484,237,485,238,488,238,493,238,493,238,497,238,502,238,502,238,506,238,510,238,510,238,515,238,518,238,519,237,519,235,519,235,519,234,518,232,515,232
515,459,510,459,510,459,506,459,503,459,502,460,503,461,506,462,510,462,510,462,515,462,518,461,519,460,518,459,515,459
506,28,503,28,502,29,503,31,506,31,509,31,510,29,509,28,506,28
497,21,494,22,493,23,494,24,497,25,500,24,502,23,500,22,497,21
479,25,476,25,475,26,474,27,471,28,468,28,466,29,468,31,471,31,475,31,475,31,479,31,482,31,484,29,484,28,484,28,484,26,482,25,479,25
479,38,475,38,475,38,471,38,468,38,466,39,466,41,466,41,466,42,468,43,471,44,474,43,475,42,476,41,479,41,482,40,484,39,482,38,479,38
471,57,468,58,466,59,468,60,471,60,474,60,475,59,474,58,471,57
462,229,459,229,457,230,459,231,462,232,465,231,466,230,465,229,462,229
453,28,450,28,448,29,448,31,448,31,448,33,448,34,448,34,448,36,450,37,453,38,456,37,457,36,457,34,457,34,457,33,457,31,457,31,457,29,456,28,453,28
444,47,441,48,440,49,441,50,444,50,447,50,448,49,447,48,444,47
435,76,432,77,431,78,432,79,435,80,438,79,440,78,438,77,435,76
426,44,423,45,422,46,423,47,426,47,429,47,431,46,429,45,426,44
426,93,423,93,422,94,423,95,426,96,429,95,431,94,429,93,426,93
417,452,414,452,413,451,412,449,409,449,406,449,404,451,404,452,404,452,404,454,406,455,409,455,413,455,413,455,417,455,420,455,422,454,420,453,417,452
409,31,406,32,404,33,404,34,404,34,404,36,406,37,409,38,412,37,413,36,413,34,413,34,413,33,412,32,409,31
391,57,388,58,386,59,388,60,391,60,394,60,395,59,394,58,391,57
391,446,388,446,386,447,386,449,386,449,386,451,388,452,391,452,394,452,395,451,395,449,395,449,395,447,394,446,391,446
382,439,378,439,378,439,373,439,370,440,369,441,367,442,364,442,361,443,360,444,360,446,360,446,360,447,361,448,364,449,367,448,369,447,370,446,373,446,376,445,378,444,379,443,382,442,385,442,386,441,385,440,382,439
373,12,370,12,369,13,370,14,373,15,376,14,378,13,376,12,373,12
373,420,370,420,369,421,369,423,364,423,360,423,360,423,355,423,351,423,351,421,350,420,347,420,342,420,342,420,338,420,333,420,333,418,332,417,329,417,326,416,324,415,323,414,320,413,317,413,316,412,314,411,311,410,308,411,307,412,305,413,302,413,298,413,298,413,293,413,289,413,289,413,285,413,282,414,280,415,282,416,285,417,289,417,289,417,293,417,298,417,298,417,302,417,307,417,307,417,311,417,314,417,316,418,317,419,320,420,324,420,324,420,329,420,333,420,333,421,335,422,338,423,342,423,342,423,347,423,351,423,351,425,351,426,351,426,351,428,352,429,355,430,360,430,360,430,364,430,367,429,369,428,369,426,369,426,369,425,369,423,373,423,376,422,378,421,376,420,373,420
355,15,352,15,351,16,352,18,355,18,358,18,360,16,358,15,355,15
347,54,342,54,342,54,338,54,335,54,333,55,335,56,338,57,342,57,342,57,347,57,350,56,351,55,350,54,347,54
329,21,326,22,324,23,326,24,329,25,332,24,333,23,332,22,329,21
320,41,316,41,316,41,311,41,308,41,307,42,308,43,311,44,316,44,316,44,320,44,323,43,324,42,323,41,320,41
302,21,298,21,298,21,293,21,290,22,289,23,290,24,293,25,296,25,298,26,299,27,302,28,305,27,307,26,307,25,307,25,307,23,305,22,302,21
285,34,282,35,280,36,282,37,285,38,288,37,289,36,288,35,285,34
276,47,273,48,271,49,273,50,276,50,279,50,280,49,279,48,276,47
276,407,271,407,271,407,267,407,264,407,262,408,261,410,258,410,254,410,254,410,249,410,246,411,245,412,246,413,249,413,254,413,254,413,258,413,262,413,262,413,267,413,270,413,271,412,273,411,276,410,279,410,280,408,279,407,276,407
267,21,262,21,262,21,258,21,255,22,254,23,255,24,258,25,262,25,262,25,267,25,270,24,271,23,270,22,267,21
187,60,183,60,183,60,178,60,175,61,174,62,175,63,178,63,183,63,183,63,187,63,190,63,192,62,190,61,187,60
169,41,166,40,165,39,164,38,161,38,158,38,156,39,156,41,156,41,156,42,158,43,161,44,165,44,165,44,169,44,172,43,174,42,172,41,169,41
143,355,140,354,138,353,138,352,138,352,138,350,138,349,138,349,138,347,137,346,134,345,131,345,130,344,130,342,130,342,130,340,128,339,125,339,122,339,121,340,121,342,121,342,121,344,121,345,121,345,121,347,122,348,125,349,128,349,130,350,130,352,130,352,130,353,130,355,130,355,130,357,130,358,130,358,130,360,131,361,134,361,137,362,138,363,140,364,143,365,146,364,147,363,147,361,147,361,147,360,147,358,147,358,147,357,146,356,143,355
