581,10,581,12,581,12,581,13,580,14,577,15,574,14,572,13,572,12,572,12,572,10,236,10,236,12,240,12,245,12,245,12,249,12,252,12,254,13,252,14,249,15,246,15,245,16,245,18,245,18,245,20,246,21,249,21,252,22,254,23,255,24,258,25,261,25,262,26,261,27,258,28,255,28,254,29,252,31,249,31,246,31,245,29,243,28,240,28,237,27,236,26,234,25,231,25,228,24,227,23,227,21,227,21,227,20,227,18,227,18,227,16,228,15,231,15,234,14,236,13,236,12,231,12,228,11,227,10,118,10,10,10,10,306,13,307,14,308,13,309,10,310,10,361,13,362,14,363,13,364,10,365,10,417,10,470,351,470,352,469,355,468,358,468,360,467,361,466,364,465,367,466,369,467,369,468,369,468,369,470,499,470,630,470,630,240,630,10,581,10
586,18,583,19,581,20,581,21,581,21,581,23,583,24,586,25,589,24,590,23,590,21,590,21,590,20,589,19,586,18
586,54,583,54,581,55,581,57,581,57,581,59,583,60,586,60,589,60,590,59,590,57,590,57,590,55,589,54,586,54
577,28,574,28,572,29,574,31,577,31,580,31,581,29,580,28,577,28
577,63,574,63,572,62,571,61,568,60,565,61,564,62,564,63,564,63,564,65,564,67,564,67,564,68,564,70,559,70,556,70,555,72,556,73,559,73,564,73,564,75,564,76,559,76,556,77,555,78,556,79,559,80,562,79,564,78,564,76,568,76,571,76,572,75,571,74,568,73,564,73,564,72,564,70,568,70,572,70,572,70,577,70,580,69,581,68,581,67,581,67,581,65,580,64,577,63
568,141,565,142,564,143,565,144,568,144,571,144,572,143,571,142,568,141
550,83,547,83,546,85,546,86,546,86,546,88,546,89,546,89,546,91,547,92,550,93,553,92,555,91,555,89,555,89,555,88,555,86,555,86,555,85,553,83,550,83
533,151,530,150,528,149,528,148,528,148,528,146,527,145,524,144,521,145,519,146,519,148,519,148,519,149,519,151,519,151,519,153,518,154,515,154,510,154,510,154,506,154,503,155,502,156,503,157,506,157,509,158,510,159,512,160,515,161,519,161,519,161,524,161,527,160,528,159,528,157,528,157,528,156,530,155,533,154,536,154,537,153,536,151,533,151
515,138,512,138,510,140,512,141,515,141,518,141,519,140,518,138,515,138
497,21,494,22,493,23,494,24,497,25,500,24,502,23,500,22,497,21
488,38,485,38,484,39,484,41,484,41,484,42,484,44,479,44,476,45,475,46,475,47,471,47,468,48,466,49,466,50,466,50,466,52,466,54,462,54,459,54,457,55,457,57,457,57,457,59,459,60,462,60,465,60,466,59,466,57,466,57,466,55,466,54,471,54,474,53,475,52,475,50,475,50,475,49,475,47,479,47,482,47,484,46,484,44,488,44,491,43,493,42,493,41,493,41,493,39,491,38,488,38
479,76,476,77,475,78,476,79,479,80,482,79,484,78,482,77,479,76
462,63,459,64,457,65,456,66,453,67,450,67,448,68,448,70,448,70,448,72,448,73,448,73,448,75,450,76,453,76,457,76,457,76,462,76,465,76,466,75,466,73,466,73,466,72,466,70,466,70,466,68,466,67,466,67,466,65,465,64,462,63
444,219,441,219,440,221,441,222,444,222,447,222,448,221,447,219,444,219
426,63,423,64,422,65,422,67,422,67,422,68,423,69,426,70,429,69,431,68,431,67,431,67,431,65,429,64,426,63
417,381,414,381,413,383,414,384,417,384,420,384,422,383,420,381,417,381
391,63,388,64,386,65,388,66,391,67,394,66,395,65,394,64,391,63
285,15,282,14,280,13,279,12,276,12,271,12,271,12,267,12,264,12,262,13,264,14,267,15,270,15,271,16,273,18,276,18,279,19,280,20,282,21,285,21,288,21,289,20,289,18,289,18,289,16,288,15,285,15
187,293,183,293,183,293,178,293,174,293,174,293,169,293,165,293,165,293,161,293,156,293,156,293,152,293,149,294,147,295,147,297,147,297,147,298,149,299,152,300,155,299,156,298,158,297,161,297,165,297,165,297,169,297,174,297,174,297,178,297,183,297,183,297,187,297,190,296,192,295,190,294,187,293
72,404,68,404,68,404,63,404,60,404,59,405,60,406,63,407,68,407,68,407,72,407,75,406,76,405,75,404,72,404
63,417,60,417,59,418,60,419,63,420,66,419,68,418,66,417,63,417
28,378,23,378,23,376,23,374,23,374,23,373,23,371,23,371,23,370,22,368,19,368,16,368,14,370,14,371,14,371,14,373,14,374,14,374,14,376,16,377,19,378,23,378,23,379,23,381,23,381,23,383,23,384,23,384,23,386,25,387,28,387,31,387,32,386,32,384,32,384,32,383,32,381,32,381,32,379,31,378,28,378
19,313,16,313,14,315,16,316,19,316,22,316,23,315,22,313,19,313
