564,10,562,11,559,12,556,11,555,10,282,10,10,10,10,240,10,470,320,470,630,470,630,240,630,10,564,10
577,25,574,25,572,26,572,28,572,28,572,29,574,31,577,31,580,31,581,29,581,28,581,28,581,26,580,25,577,25
577,38,574,38,572,39,574,40,577,41,580,40,581,39,580,38,577,38
550,34,547,35,546,36,547,37,550,38,553,37,555,36,553,35,550,34
541,141,538,141,537,140,536,138,533,138,530,137,528,136,528,135,528,135,528,133,528,131,528,131,528,130,528,128,533,128,536,128,537,127,536,126,533,125,528,125,528,123,528,122,528,122,528,120,528,119,528,119,528,117,528,115,528,115,528,114,527,113,524,112,519,112,519,112,515,112,512,113,510,114,510,115,510,115,510,117,510,119,506,119,503,118,502,117,500,116,497,115,494,115,493,114,493,112,493,112,493,110,493,109,493,109,493,107,493,106,493,106,493,104,493,102,493,102,493,101,494,100,497,99,500,99,502,97,500,96,497,96,493,96,493,96,488,96,484,96,484,96,479,96,476,96,475,97,475,99,475,99,475,101,476,102,479,102,482,103,484,104,482,105,479,106,476,106,475,107,475,109,475,109,475,110,475,112,475,112,475,114,475,115,475,115,475,117,474,118,471,119,468,119,466,120,468,121,471,122,474,122,475,123,475,125,475,125,475,127,476,128,479,128,482,129,484,130,484,131,479,131,475,131,475,131,471,131,468,132,466,133,466,135,466,135,466,136,468,137,471,138,474,139,475,140,475,141,475,141,475,143,475,144,475,144,475,146,475,148,475,148,475,149,476,150,479,151,484,151,484,151,488,151,493,151,493,151,497,151,500,151,502,153,502,154,502,154,502,156,503,157,506,157,510,157,510,157,515,157,518,157,519,156,519,154,524,154,527,154,528,153,530,151,533,151,536,150,537,149,537,148,537,148,537,146,538,145,541,144,544,144,546,143,544,142,541,141
533,25,528,25,528,25,524,25,521,25,519,26,519,28,519,28,519,29,519,31,519,31,519,33,521,34,524,34,528,34,528,34,533,34,536,34,537,33,537,31,537,31,537,29,537,28,537,28,537,26,536,25,533,25
533,41,530,40,528,39,527,38,524,38,521,38,519,39,519,41,519,41,519,42,519,44,519,44,519,46,521,47,524,47,528,47,528,47,533,47,536,47,537,46,537,44,537,44,537,42,536,41,533,41
506,50,503,51,502,52,503,53,506,54,509,53,510,52,509,51,506,50
471,387,468,388,466,389,468,390,471,391,474,390,475,389,474,388,471,387
462,378,459,378,457,379,457,381,457,381,457,383,459,384,462,384,465,384,466,383,466,381,466,381,466,379,465,378,462,378
453,28,450,27,448,26,448,25,448,25,448,23,447,22,444,21,441,22,440,23,438,24,435,25,432,25,431,26,429,27,426,28,423,28,422,29,420,31,417,31,414,32,413,33,414,34,417,34,420,35,422,36,423,37,426,38,431,38,431,38,435,38,438,37,440,36,440,34,440,34,440,33,441,32,444,31,447,32,448,33,450,34,453,34,456,34,457,33,457,31,457,31,457,29,456,28,453,28
187,349,183,349,183,349,178,349,174,349,174,349,169,349,166,349,165,350,165,352,161,352,158,352,156,353,158,354,161,355,164,354,165,353,165,352,169,352,174,352,174,352,178,352,183,352,183,352,187,352,190,351,192,350,190,349,187,349
161,436,156,436,156,436,152,436,147,436,147,436,143,436,140,437,138,438,140,439,143,439,147,439,147,439,152,439,156,439,156,439,161,439,164,439,165,438,164,437,161,436
524,125,519,125,519,125,515,125,512,126,510,127,510,128,510,128,510,130,512,131,515,131,518,131,519,130,521,129,524,128,528,128,528,127,528,125,524,125
515,119,510,119,510,120,512,121,515,122,518,121,519,120,518,119,515,119
515,138,510,138,510,138,506,138,503,137,502,136,500,135,497,135,494,134,493,133,491,132,488,131,484,131,484,133,484,135,484,135,484,136,485,137,488,138,491,138,493,140,494,141,497,141,500,142,502,143,503,144,506,144,509,145,510,146,510,148,510,148,510,149,510,151,510,151,510,153,512,154,515,154,519,154,519,153,519,151,519,151,519,149,519,148,519,148,519,146,519,144,519,144,519,143,519,141,519,141,519,140,518,139,515,138
