581,10,580,11,577,12,574,11,572,10,291,10,10,10,10,349,13,349,14,350,13,351,10,352,10,355,13,356,14,357,14,358,19,358,22,359,23,360,22,361,19,361,16,361,14,360,14,358,10,358,10,414,10,470,320,470,630,470,630,240,630,10,581,10
603,128,600,129,599,130,600,131,603,131,606,131,608,130,606,129,603,128
568,89,565,90,564,91,564,93,559,93,556,93,555,94,556,95,559,96,562,95,564,94,564,93,568,93,571,92,572,91,571,90,568,89
559,83,556,83,555,85,556,86,559,86,562,86,564,85,562,83,559,83
533,138,530,138,528,140,530,141,533,141,536,141,537,140,536,138,533,138
524,148,519,148,519,148,515,148,512,148,510,149,512,150,515,151,518,151,519,153,521,154,524,154,527,154,528,153,528,151,528,151,528,149,527,148,524,148
426,67,423,67,422,68,423,69,426,70,429,69,431,68,429,67,426,67
400,67,395,67,395,65,394,64,391,63,388,64,386,65,388,66,391,67,395,67,395,68,397,69,400,70,403,69,404,68,403,67,400,67
355,462,351,462,351,462,347,462,342,462,342,460,341,459,338,459,335,458,333,457,332,456,329,455,326,456,324,457,324,459,324,459,324,460,326,461,329,462,333,462,333,462,338,462,342,462,342,464,344,465,347,465,351,465,351,465,355,465,358,465,360,464,358,462,355,462
249,446,245,446,245,446,240,446,237,445,236,444,234,443,231,442,228,443,227,444,227,446,227,446,227,447,228,448,231,449,234,449,236,451,237,452,240,452,243,452,245,451,246,449,249,449,252,448,254,447,252,446,249,446
37,368,34,367,32,366,31,365,28,365,25,365,23,366,23,368,23,368,23,370,23,371,23,371,23,373,25,374,28,374,31,375,32,376,34,377,37,378,40,377,41,376,41,374,41,374,41,373,41,371,41,371,41,370,40,368,37,368
