537,10,536,11,533,12,530,11,528,10,269,10,10,10,10,240,10,470,320,470,630,470,630,240,630,10,537,10
621,442,618,443,617,444,617,446,617,446,617,447,617,449,617,449,617,451,617,452,617,452,617,454,617,455,617,455,617,457,618,458,621,459,624,458,626,457,626,455,626,455,626,454,626,452,626,452,626,451,626,449,626,449,626,447,626,446,626,446,626,444,624,443,621,442
595,109,590,109,590,107,590,106,590,106,590,104,589,103,586,102,581,102,581,101,580,100,577,99,574,100,572,101,574,102,577,102,581,102,581,104,581,106,581,106,581,107,583,108,586,109,590,109,590,110,592,112,595,112,598,112,599,110,598,109,595,109
595,274,592,275,590,276,592,277,595,277,598,277,599,276,598,275,595,274
577,112,574,113,572,114,572,115,572,115,572,117,574,118,577,119,580,118,581,117,581,115,581,115,581,114,580,113,577,112
577,135,574,135,572,136,574,137,577,138,580,137,581,136,580,135,577,135
568,106,565,106,564,107,565,108,568,109,571,108,572,107,571,106,568,106
568,122,565,122,564,123,565,124,568,125,571,124,572,123,571,122,568,122
541,15,538,15,537,16,537,18,537,18,537,20,537,21,537,21,537,23,537,25,537,25,537,26,538,27,541,28,544,27,546,26,546,25,546,25,546,23,546,21,546,21,546,20,546,18,546,18,546,16,544,15,541,15
541,34,538,35,537,36,537,38,537,38,537,39,538,40,541,41,544,40,546,39,546,38,546,38,546,36,544,35,541,34
541,83,538,83,537,85,537,86,537,86,537,88,538,89,541,89,544,89,546,88,546,86,546,86,546,85,544,83,541,83
541,122,538,122,537,123,538,124,541,125,544,124,546,123,544,122,541,122
533,60,530,61,528,62,530,63,533,63,536,63,537,62,536,61,533,60
444,329,441,330,440,331,438,332,435,332,431,332,431,332,426,332,423,333,422,334,423,335,426,336,431,336,431,336,435,336,440,336,440,336,444,336,447,335,448,334,448,332,448,332,448,331,447,330,444,329
435,339,432,339,431,340,432,342,435,342,438,342,440,340,438,339,435,339
426,323,423,323,422,324,420,325,417,326,414,326,413,327,414,329,417,329,422,329,422,329,426,329,429,329,431,327,431,326,431,326,431,324,429,323,426,323
338,15,335,15,333,16,333,18,333,18,333,20,335,21,338,21,341,21,342,20,342,18,342,18,342,16,341,15,338,15
240,21,237,22,236,23,237,24,240,25,243,24,245,23,243,22,240,21
125,326,122,326,121,327,121,329,121,329,121,331,121,332,121,332,121,334,122,335,125,336,128,335,130,334,130,332,130,332,130,331,130,329,130,329,130,327,128,326,125,326
