324,10,323,11,320,12,317,11,316,10,163,10,10,10,10,245,14,245,14,245,19,245,23,245,23,245,28,245,31,245,32,246,32,248,32,248,32,250,32,251,32,251,32,253,32,255,32,255,32,256,31,257,28,258,25,258,23,259,22,261,19,261,14,261,14,261,10,261,10,366,10,470,320,470,630,470,630,242,627,241,626,240,626,238,626,238,626,237,627,236,630,235,630,123,630,10,324,10
621,164,618,164,617,165,618,167,621,167,624,167,626,165,624,164,621,164
603,365,600,365,599,366,599,368,599,368,599,370,599,371,599,371,599,373,600,374,603,374,606,374,608,373,608,371,608,371,608,370,608,368,608,368,608,366,606,365,603,365
568,339,565,339,564,340,565,342,568,342,571,342,572,340,571,339,568,339
559,148,556,148,555,149,553,150,550,151,547,151,546,153,546,154,546,154,546,156,547,157,550,157,553,157,555,156,556,155,559,154,562,154,564,153,564,151,564,151,564,149,562,148,559,148
541,131,538,132,537,133,538,134,541,135,544,134,546,133,544,132,541,131
533,18,530,19,528,20,528,21,524,21,519,21,519,21,515,21,510,21,510,21,506,21,502,21,502,21,497,21,494,22,493,23,493,25,493,25,493,26,494,27,497,28,500,28,502,29,503,31,506,31,509,32,510,33,510,34,510,34,510,36,512,37,515,38,518,37,519,36,519,34,519,34,519,33,519,31,519,31,519,29,519,28,519,28,519,26,521,25,524,25,527,24,528,23,528,21,533,21,536,21,537,20,536,19,533,18
497,15,494,15,493,16,494,18,497,18,500,18,502,16,500,15,497,15
338,18,335,19,333,20,335,21,338,21,341,21,342,20,341,19,338,18
311,102,308,102,307,101,305,100,302,99,299,100,298,101,298,102,298,102,298,104,298,106,298,106,298,107,299,108,302,109,305,108,307,107,308,106,311,106,314,105,316,104,314,103,311,102
293,112,290,113,289,114,289,115,289,115,289,117,289,119,285,119,282,119,280,120,282,121,285,122,288,121,289,120,289,119,293,119,296,118,298,117,298,115,298,115,298,114,296,113,293,112
293,200,290,200,289,201,290,202,293,203,296,202,298,201,296,200,293,200
231,413,227,413,227,413,223,413,220,413,218,412,217,411,214,410,209,410,209,410,205,410,200,410,200,410,196,410,193,411,192,412,193,413,196,413,200,413,200,413,205,413,208,414,209,415,211,416,214,417,218,417,218,417,223,417,227,417,227,417,231,417,234,416,236,415,234,414,231,413
231,446,228,445,227,444,226,443,223,442,220,443,218,444,218,446,218,446,218,447,218,449,218,449,218,451,220,452,223,452,226,452,227,451,228,449,231,449,234,448,236,447,234,446,231,446
134,400,130,400,130,400,125,400,121,400,121,400,116,400,113,401,112,402,113,403,116,404,121,404,121,404,125,404,130,404,130,404,134,404,137,403,138,402,137,401,134,400
107,391,104,391,103,392,103,394,103,394,103,395,104,397,107,397,110,397,112,395,112,394,112,394,112,392,110,391,107,391
81,381,78,380,76,379,75,378,72,378,69,377,68,376,66,375,63,374,60,374,59,373,57,372,54,371,51,371,50,370,50,368,50,368,50,366,48,365,45,365,42,365,41,366,41,368,41,368,41,370,41,371,41,371,41,373,42,374,45,374,48,375,50,376,51,377,54,378,57,378,59,379,59,381,59,381,59,383,60,384,63,384,68,384,68,384,72,384,76,384,76,384,81,384,84,384,85,383,84,381,81,381
