564,10,564,12,568,12,571,12,572,13,572,15,572,15,572,16,572,18,577,18,580,19,581,20,581,21,581,21,581,23,583,24,586,25,589,25,590,26,590,28,590,28,590,29,589,31,586,31,581,31,581,31,577,31,574,31,572,29,572,28,572,28,572,26,572,25,572,25,572,23,572,21,572,21,572,20,572,18,568,18,565,18,564,16,564,15,564,15,564,13,564,12,559,12,556,11,555,10,282,10,10,10,10,240,10,470,440,470,440,468,435,468,431,468,431,468,426,468,423,468,422,467,422,465,417,465,413,465,413,465,409,465,406,465,404,464,406,462,409,462,413,462,413,462,417,462,420,462,422,464,422,465,426,465,431,465,431,465,435,465,438,466,440,467,440,468,444,468,448,468,448,468,453,468,456,469,457,470,544,470,630,470,630,240,630,10,564,10
612,125,609,126,608,127,608,128,603,128,600,129,599,130,600,131,603,131,606,131,608,130,608,128,612,128,615,128,617,127,615,126,612,125
603,73,600,73,599,72,598,70,595,70,592,69,590,68,589,67,586,67,583,67,581,68,581,70,581,70,581,72,583,73,586,73,589,74,590,75,590,76,590,76,590,78,590,80,590,80,590,81,590,83,590,83,590,85,592,86,595,86,599,86,599,86,603,86,606,86,608,85,608,83,608,83,608,81,606,80,603,80,600,79,599,78,600,77,603,76,606,76,608,75,606,74,603,73
603,112,599,112,599,110,598,109,595,109,590,109,590,109,586,109,583,108,581,107,580,106,577,106,574,105,572,104,571,103,568,102,565,103,564,104,562,105,559,106,555,106,555,106,550,106,547,106,546,107,547,108,550,109,553,109,555,110,556,112,559,112,562,113,564,114,565,115,568,115,572,115,572,115,577,115,580,115,581,114,583,113,586,112,590,112,590,112,595,112,599,112,599,114,600,115,603,115,606,115,608,114,606,113,603,112
550,93,547,93,546,94,547,95,550,96,553,95,555,94,553,93,550,93
550,115,547,115,546,114,544,113,541,112,537,112,537,112,533,112,528,112,528,112,524,112,519,112,519,112,515,112,510,112,510,112,506,112,503,113,502,114,500,115,497,115,493,115,493,115,488,115,485,115,484,114,482,113,479,112,475,112,475,112,471,112,468,113,466,114,468,115,471,115,474,116,475,117,474,118,471,119,468,119,466,120,468,121,471,122,474,122,475,123,475,125,475,125,475,127,476,128,479,128,482,129,484,130,485,131,488,131,493,131,493,131,497,131,500,132,502,133,502,135,502,135,502,136,503,137,506,138,509,139,510,140,509,141,506,141,502,141,502,141,497,141,494,141,493,140,491,138,488,138,484,138,484,138,479,138,476,138,475,140,475,141,475,141,475,143,475,144,475,144,475,146,476,147,479,148,482,148,484,149,485,150,488,151,491,151,493,153,494,154,497,154,500,155,502,156,503,157,506,157,509,158,510,159,512,160,515,161,519,161,519,161,524,161,527,160,528,159,528,157,528,157,528,156,530,155,533,154,536,154,537,153,537,151,537,151,537,149,538,148,541,148,544,147,546,146,544,145,541,144,538,144,537,143,537,141,537,141,537,140,537,138,537,138,537,136,537,135,537,135,537,133,537,131,537,131,537,130,538,129,541,128,544,128,546,127,546,125,546,125,546,123,547,122,550,122,553,121,555,120,555,119,555,119,555,117,553,116,550,115
533,25,528,25,528,25,524,25,521,24,519,23,519,21,519,21,519,20,518,19,515,18,510,18,510,18,506,18,502,18,502,18,497,18,494,19,493,20,491,21,488,21,485,22,484,23,485,24,488,25,491,25,493,26,494,27,497,28,500,28,502,29,503,31,506,31,510,31,510,33,510,34,510,34,510,36,512,37,515,38,518,38,519,39,519,41,519,41,519,42,519,44,519,44,519,46,519,47,519,47,519,49,519,50,515,50,510,50,510,50,506,50,503,51,502,52,503,53,506,54,509,54,510,55,512,56,515,57,518,56,519,55,519,54,519,54,519,52,519,50,524,50,527,50,528,49,530,48,533,47,536,47,537,46,537,44,537,44,537,42,536,41,533,41,530,40,528,39,528,38,528,38,528,36,528,34,528,34,528,33,530,32,533,31,536,31,537,29,537,28,537,28,537,26,536,25,533,25
506,255,503,255,502,256,502,258,502,258,502,259,502,261,502,261,502,263,502,264,502,264,502,266,500,267,497,268,494,268,493,269,493,271,493,271,493,272,491,273,488,274,485,275,484,276,484,277,484,277,484,279,485,280,488,280,493,280,493,280,497,280,500,280,502,279,502,277,502,277,502,276,502,274,502,274,502,272,503,271,506,271,509,270,510,269,510,268,510,268,510,266,510,264,510,264,510,263,510,261,510,261,510,259,510,258,510,258,510,256,509,255,506,255
479,80,476,80,475,81,476,82,479,83,482,82,484,81,482,80,479,80
479,93,476,93,475,94,475,96,475,96,475,97,474,99,471,99,468,100,466,101,468,102,471,102,475,102,475,102,479,102,482,102,484,101,484,99,484,99,484,97,484,96,484,96,484,94,482,93,479,93
479,293,476,294,475,295,475,297,475,297,475,298,476,299,479,300,482,299,484,298,484,297,484,297,484,295,482,294,479,293
462,381,459,381,457,383,459,384,462,384,465,384,466,383,465,381,462,381
453,18,450,18,448,16,447,15,444,15,441,15,440,16,438,18,435,18,432,19,431,20,431,21,431,21,431,23,431,25,431,25,431,26,429,27,426,28,423,28,422,29,422,31,422,31,422,33,422,34,422,34,422,36,422,38,422,38,422,39,423,40,426,41,429,40,431,39,432,38,435,38,438,37,440,36,440,34,440,34,440,33,441,32,444,31,447,32,448,33,450,34,453,34,456,34,457,33,457,31,457,31,457,29,456,28,453,28,450,27,448,26,450,25,453,25,456,24,457,23,457,21,457,21,457,20,456,19,453,18
444,50,441,50,440,49,438,48,435,47,432,47,431,46,429,45,426,44,422,44,422,44,417,44,414,45,413,46,413,47,413,47,413,49,413,50,413,50,413,52,414,53,417,54,420,54,422,55,423,56,426,57,429,58,431,59,432,60,435,60,438,60,440,59,440,57,440,57,440,55,441,54,444,54,447,53,448,52,447,51,444,50
444,99,441,100,440,101,441,102,444,102,447,102,448,101,447,100,444,99
444,420,441,420,440,421,441,422,444,423,447,422,448,421,447,420,444,420
426,83,423,83,422,85,423,86,426,86,429,86,431,85,429,83,426,83
426,102,423,102,422,101,420,100,417,99,414,100,413,101,413,102,413,102,413,104,414,105,417,106,422,106,422,106,426,106,429,105,431,104,429,103,426,102
409,73,406,74,404,75,406,76,409,76,412,76,413,75,412,74,409,73
409,93,404,93,404,93,400,93,395,93,395,93,391,93,386,93,386,91,385,90,382,89,378,89,378,88,378,86,378,86,378,85,376,83,373,83,370,83,369,85,369,86,369,86,369,88,370,89,373,89,378,89,378,91,379,92,382,93,386,93,386,94,388,95,391,96,395,96,395,96,400,96,404,96,404,96,409,96,412,95,413,94,412,93,409,93
355,54,351,54,351,54,347,54,344,54,342,55,344,56,347,57,351,57,351,57,355,57,358,56,360,55,358,54,355,54
302,229,299,229,298,230,298,232,298,232,298,234,299,235,302,235,305,235,307,234,307,232,307,232,307,230,305,229,302,229
240,12,236,12,236,12,231,12,228,12,227,13,227,15,223,15,220,15,218,16,220,18,223,18,226,18,227,16,227,15,231,15,236,15,236,15,240,15,243,14,245,13,243,12,240,12
231,407,228,407,227,408,228,410,231,410,234,410,236,408,234,407,231,407
196,15,193,15,192,16,193,18,196,18,199,18,200,16,199,15,196,15
178,349,174,349,174,349,169,349,166,349,165,350,165,352,165,352,165,353,166,354,169,355,172,354,174,353,175,352,178,352,181,351,183,350,181,349,178,349
169,439,165,439,165,438,164,437,161,436,156,436,156,436,152,436,147,436,147,434,146,433,143,433,138,433,138,433,134,433,131,433,130,434,131,435,134,436,138,436,138,436,143,436,147,436,147,438,149,439,152,439,156,439,156,439,161,439,165,439,165,441,166,442,169,442,172,442,174,441,172,440,169,439
143,349,140,349,138,350,138,352,134,352,131,352,130,353,130,355,125,355,122,356,121,357,121,358,121,358,121,360,122,361,125,361,128,361,130,360,130,358,130,358,130,357,130,355,134,355,137,354,138,353,138,352,143,352,146,351,147,350,146,349,143,349
81,420,78,420,76,421,76,423,76,423,76,425,78,426,81,426,84,426,85,425,85,423,85,423,85,421,84,420,81,420
63,410,59,410,59,408,57,407,54,407,51,407,50,408,51,410,54,410,59,410,59,412,59,413,59,413,59,415,60,416,63,417,66,416,68,415,68,413,68,413,68,412,66,411,63,410
533,119,530,119,528,120,528,122,528,122,528,123,528,125,533,125,536,124,537,123,537,122,537,122,537,120,536,119,533,119
524,125,521,126,519,127,519,128,524,128,527,128,528,127,528,125,524,125
524,144,521,145,519,146,521,147,524,148,527,147,528,146,527,145,524,144
515,128,512,129,510,130,512,131,515,131,518,131,519,130,519,128,515,128
515,151,512,151,510,153,512,154,515,154,518,154,519,153,518,151,515,151
515,28,512,28,510,29,510,31,515,31,518,31,519,29,518,28,515,28
