395,10,394,11,391,12,388,11,386,10,198,10,10,10,10,240,10,470,85,470,87,469,90,468,93,469,94,470,378,470,379,469,382,468,386,468,386,468,391,468,394,469,395,470,513,470,630,470,630,240,630,10,395,10
603,102,599,102,599,101,598,100,595,99,590,99,590,99,586,99,583,100,581,101,583,102,586,102,590,102,590,102,595,102,599,102,599,104,599,106,599,106,599,107,600,108,603,109,606,108,608,107,608,106,608,106,608,104,606,103,603,102
595,54,592,54,590,55,589,56,586,57,583,58,581,59,583,60,586,60,590,60,590,60,595,60,598,60,599,59,599,57,599,57,599,55,598,54,595,54
595,80,592,80,590,81,592,82,595,83,598,82,599,81,598,80,595,80
586,125,581,125,581,125,577,125,574,126,572,127,574,128,577,128,581,128,581,128,586,128,589,128,590,127,589,126,586,125
568,86,564,86,564,85,562,83,559,83,556,83,555,85,555,86,550,86,547,87,546,88,546,89,541,89,538,90,537,91,538,92,541,93,544,92,546,91,546,89,550,89,553,89,555,88,555,86,559,86,564,86,564,88,565,89,568,89,571,89,572,88,571,87,568,86
568,138,564,138,564,138,559,138,555,138,555,136,553,135,550,135,547,135,546,136,547,137,550,138,555,138,555,140,556,141,559,141,564,141,564,141,568,141,571,141,572,140,571,138,568,138
559,70,556,70,555,72,556,73,559,73,562,73,564,72,562,70,559,70
550,125,547,126,546,127,547,128,550,128,553,128,555,127,553,126,550,125
533,131,530,132,528,133,530,134,533,135,536,134,537,133,536,132,533,131
524,102,521,103,519,104,521,105,524,106,527,105,528,104,527,103,524,102
515,112,512,113,510,114,512,115,515,115,518,115,519,114,518,113,515,112
497,47,494,48,493,49,494,50,497,50,500,50,502,49,500,48,497,47
488,60,485,61,484,62,485,63,488,63,491,63,493,62,491,61,488,60
479,54,476,54,475,55,476,56,479,57,482,56,484,55,482,54,479,54
462,18,459,19,457,20,457,21,453,21,450,21,448,20,448,18,448,18,448,16,447,15,444,15,441,15,440,16,440,18,440,18,440,20,440,21,440,21,440,23,441,24,444,25,448,25,448,25,453,25,456,24,457,23,457,21,462,21,465,21,466,20,465,19,462,18
462,60,459,61,457,62,459,63,462,63,465,63,466,62,465,61,462,60
462,238,459,239,457,240,457,242,457,242,457,243,457,245,457,245,457,246,457,248,453,248,450,249,448,250,448,251,448,251,448,253,450,254,453,255,456,254,457,253,457,251,457,251,457,250,457,248,462,248,465,248,466,246,466,245,466,245,466,243,466,242,466,242,466,240,465,239,462,238
444,93,441,93,440,94,440,96,440,96,440,97,441,99,444,99,447,99,448,97,448,96,448,96,448,94,447,93,444,93
435,83,432,83,431,85,432,86,435,86,438,86,440,85,438,83,435,83
435,106,432,106,431,107,432,108,435,109,438,108,440,107,438,106,435,106
417,76,414,77,413,78,414,79,417,80,420,79,422,78,420,77,417,76
409,89,406,90,404,91,406,92,409,93,412,92,413,91,412,90,409,89
391,15,388,15,386,16,385,18,382,18,379,19,378,20,379,21,382,21,386,21,386,21,391,21,394,21,395,20,395,18,395,18,395,16,394,15,391,15
382,394,379,394,378,395,379,397,382,397,385,397,386,395,385,394,382,394
373,63,370,64,369,65,370,66,373,67,376,66,378,65,376,64,373,63
364,31,361,32,360,33,361,34,364,34,367,34,369,33,367,32,364,31
355,57,352,58,351,59,352,60,355,60,358,60,360,59,358,58,355,57
355,76,352,77,351,78,352,79,355,80,358,79,360,78,358,77,355,76
338,18,333,18,333,18,329,18,326,19,324,20,326,21,329,21,333,21,333,21,338,21,341,21,342,20,341,19,338,18
338,34,335,35,333,36,335,37,338,38,341,37,342,36,341,35,338,34
338,73,335,74,333,75,335,76,338,76,341,76,342,75,341,74,338,73
338,83,335,83,333,85,335,86,338,86,341,86,342,85,341,83,338,83
338,323,335,323,333,324,333,326,333,326,333,327,335,329,338,329,341,329,342,327,342,326,342,326,342,324,341,323,338,323
320,70,317,70,316,72,317,73,320,73,323,73,324,72,323,70,320,70
320,80,316,80,316,80,311,80,307,80,307,80,302,80,298,80,298,80,293,80,290,80,289,81,290,82,293,83,298,83,298,83,302,83,307,83,307,83,311,83,316,83,316,83,320,83,323,82,324,81,323,80,320,80
302,190,298,190,298,190,293,190,290,190,289,191,290,192,293,193,298,193,298,193,302,193,305,192,307,191,305,190,302,190
302,319,298,319,298,319,293,319,290,320,289,321,289,323,289,323,289,324,289,326,285,326,282,326,280,327,282,329,285,329,288,329,289,327,289,326,293,326,296,325,298,324,299,323,302,323,305,322,307,321,305,320,302,319
293,38,290,38,289,39,289,41,285,41,282,40,280,39,279,38,276,38,273,38,271,39,271,41,271,41,271,42,271,44,271,44,271,46,271,47,267,47,264,48,262,49,264,50,267,50,270,50,271,49,271,47,276,47,279,48,280,49,280,50,280,50,280,52,282,53,285,54,288,53,289,52,289,50,289,50,289,49,289,47,289,47,289,46,289,44,289,44,289,42,289,41,293,41,296,40,298,39,296,38,293,38
258,319,254,319,254,319,249,319,245,319,245,319,240,319,236,319,236,319,231,319,227,319,227,319,223,319,218,319,218,319,214,319,209,319,209,319,205,319,202,320,200,321,200,323,200,323,200,324,202,325,205,326,208,325,209,324,211,323,214,323,218,323,218,323,223,323,227,323,227,323,231,323,236,323,236,323,240,323,245,323,245,323,249,323,252,323,254,324,255,325,258,326,261,325,262,324,262,323,262,323,262,321,261,320,258,319
231,54,227,54,227,54,223,54,218,54,218,52,217,51,214,50,209,50,209,50,205,50,202,51,200,52,199,53,196,54,193,54,192,55,192,57,187,57,184,58,183,59,183,60,178,60,175,61,174,62,175,63,178,63,181,63,183,62,183,60,187,60,190,60,192,59,192,57,196,57,200,57,200,57,205,57,208,56,209,55,211,54,214,54,218,54,218,55,220,56,223,57,227,57,227,57,231,57,234,56,236,55,234,54,231,54
169,323,165,323,165,323,161,323,158,323,156,324,155,325,152,326,149,326,147,327,147,329,147,329,147,331,149,332,152,332,155,332,156,331,158,330,161,329,164,329,165,327,166,326,169,326,172,325,174,324,172,323,169,323
161,63,158,64,156,65,156,67,152,67,147,67,147,67,143,67,140,67,138,68,138,70,134,70,131,70,130,72,131,73,134,73,137,73,138,72,138,70,143,70,147,70,147,70,152,70,155,69,156,68,156,67,161,67,164,66,165,65,164,64,161,63
152,420,149,420,147,421,149,422,152,423,155,422,156,421,155,420,152,420
134,426,131,427,130,428,131,429,134,430,137,429,138,428,137,427,134,426
125,420,121,420,121,418,119,417,116,417,112,417,112,417,107,417,104,417,103,418,104,419,107,420,112,420,112,420,116,420,121,420,121,421,122,422,125,423,128,422,130,421,128,420,125,420
116,323,113,323,112,324,112,326,107,326,104,326,103,327,103,329,103,329,103,331,104,332,107,332,110,332,112,331,112,329,112,329,112,327,112,326,116,326,119,325,121,324,119,323,116,323
90,407,87,407,85,408,85,410,85,410,85,412,87,413,90,413,93,413,94,412,94,410,94,410,94,408,93,407,90,407
