10,319,13,320,14,321,13,322,10,323,10,396,10,470,320,470,630,470,630,258,627,257,626,256,627,255,630,255,630,235,627,235,626,234,627,232,630,232,630,121,630,10,320,10,10,10,10,319
586,25,583,24,581,23,580,22,577,21,574,22,572,23,572,25,572,25,572,26,574,27,577,28,580,28,581,29,583,31,586,31,589,31,590,29,590,28,590,28,590,26,589,25,586,25
586,38,583,38,581,39,583,40,586,41,589,40,590,39,589,38,586,38
559,167,556,167,555,165,555,164,555,164,555,162,553,161,550,161,546,161,546,161,541,161,538,161,537,162,538,163,541,164,544,164,546,165,546,167,546,167,546,169,547,170,550,170,555,170,555,170,559,170,562,170,564,169,562,168,559,167
559,426,556,427,555,428,555,430,555,430,555,431,555,433,555,433,555,434,556,435,559,436,562,435,564,434,564,433,564,433,564,431,564,430,564,430,564,428,562,427,559,426
541,115,538,116,537,117,537,119,537,119,537,120,538,121,541,122,544,121,546,120,546,119,546,119,546,117,544,116,541,115
541,141,538,141,537,140,536,138,533,138,530,138,528,140,528,141,528,141,528,143,530,144,533,144,537,144,537,144,541,144,544,144,546,143,544,142,541,141
533,462,530,462,528,464,530,465,533,465,536,465,537,464,536,462,533,462
524,89,519,89,519,89,515,89,512,90,510,91,510,93,510,93,510,94,510,96,510,96,510,97,510,99,510,99,510,101,510,102,510,102,510,104,510,106,510,106,510,107,510,109,510,109,510,110,512,112,515,112,518,113,519,114,521,115,524,115,527,115,528,114,528,112,528,112,528,110,528,109,528,109,528,107,527,106,524,106,521,105,519,104,519,102,519,102,519,101,521,100,524,99,527,99,528,97,528,96,528,96,528,94,528,93,528,93,528,91,527,90,524,89
524,125,521,126,519,127,521,128,524,128,527,128,528,127,527,126,524,125
515,67,512,67,510,68,510,70,510,70,510,72,510,73,510,73,510,75,512,76,515,76,518,76,519,75,519,73,519,73,519,72,519,70,519,70,519,68,518,67,515,67
497,47,494,48,493,49,493,50,493,50,493,52,493,54,493,54,493,55,493,57,493,57,493,59,493,60,493,60,493,62,493,63,493,63,493,65,494,66,497,67,500,66,502,65,502,63,502,63,502,62,502,60,502,60,502,59,502,57,502,57,502,55,502,54,502,54,502,52,502,50,502,50,502,49,500,48,497,47
462,99,459,100,457,101,459,102,462,102,465,102,466,101,465,100,462,99
462,112,459,113,457,114,457,115,453,115,450,116,448,117,450,118,453,119,456,118,457,117,457,115,462,115,465,115,466,114,465,113,462,112
391,313,388,313,386,315,388,316,391,316,394,316,395,315,394,313,391,313
373,238,370,239,369,240,370,241,373,242,376,241,378,240,376,239,373,238
347,245,344,245,342,246,344,248,347,248,350,248,351,246,350,245,347,245
338,430,335,430,333,431,335,432,338,433,341,432,342,431,341,430,338,430
240,119,237,119,236,120,237,121,240,122,243,121,245,120,243,119,240,119
231,449,227,449,227,447,226,446,223,446,220,446,218,447,220,448,223,449,227,449,227,451,226,452,223,452,220,453,218,454,220,455,223,455,227,455,227,455,231,455,234,455,236,454,236,452,236,452,236,451,234,449,231,449
196,455,193,456,192,457,192,459,187,459,184,459,183,460,183,462,178,462,175,462,174,464,175,465,178,465,181,465,183,464,183,462,187,462,190,461,192,460,192,459,196,459,199,458,200,457,199,456,196,455
99,15,96,15,94,16,96,18,99,18,102,18,103,16,102,15,99,15
90,290,87,290,85,289,84,288,81,287,78,288,76,289,75,290,72,290,69,291,68,292,68,293,68,293,68,295,66,296,63,297,60,296,59,295,57,294,54,293,51,293,50,292,48,291,45,290,42,291,41,292,41,293,41,293,41,295,41,297,41,297,41,298,42,299,45,300,48,300,50,302,51,303,54,303,57,304,59,305,60,306,63,306,66,306,68,305,69,304,72,303,75,303,76,302,76,300,76,300,76,298,78,297,81,297,84,296,85,295,87,294,90,293,93,293,94,292,93,291,90,290
