10,326,13,326,14,327,13,329,10,329,10,400,10,470,320,470,630,470,630,157,627,157,626,156,626,154,626,154,626,153,627,151,630,151,630,80,630,10,320,10,10,10,10,326
586,329,583,330,581,331,583,332,586,332,589,332,590,331,589,330,586,329
577,151,574,151,572,153,572,154,568,154,564,154,564,154,559,154,555,154,555,154,550,154,547,155,546,156,544,157,541,157,538,157,537,156,536,155,533,154,530,155,528,156,527,157,524,157,521,158,519,159,521,160,524,161,528,161,528,161,533,161,537,161,537,161,541,161,546,161,546,161,550,161,555,161,555,161,559,161,562,160,564,159,565,158,568,157,571,157,572,156,572,154,577,154,580,154,581,153,580,151,577,151
568,119,565,119,564,120,564,122,559,122,555,122,555,122,550,122,546,122,546,122,541,122,538,122,537,123,538,124,541,125,546,125,546,125,550,125,553,126,555,127,553,128,550,128,546,128,546,128,541,128,538,129,537,130,537,131,537,131,537,133,537,135,537,135,537,136,537,138,537,138,537,140,538,141,541,141,544,141,546,140,547,139,550,138,553,137,555,136,556,135,559,135,562,134,564,133,565,132,568,131,571,131,572,130,572,128,572,128,572,127,571,126,568,125,565,124,564,123,564,122,568,122,571,121,572,120,571,119,568,119
541,144,538,145,537,146,538,147,541,148,544,147,546,146,544,145,541,144
541,462,538,462,537,464,538,465,541,465,544,465,546,464,544,462,541,462
471,15,468,15,466,16,468,18,471,18,474,18,475,16,474,15,471,15
373,290,370,291,369,292,370,293,373,293,376,293,378,292,376,291,373,290
276,99,273,100,271,101,273,102,276,102,279,102,280,101,279,100,276,99
178,400,174,400,174,400,169,400,165,400,165,400,161,400,158,401,156,402,158,403,161,404,165,404,165,404,169,404,174,404,174,404,178,404,181,403,183,402,181,401,178,400
99,381,96,381,94,383,96,384,99,384,102,384,103,383,102,381,99,381
81,371,76,371,76,371,72,371,68,371,68,370,66,368,63,368,60,368,59,370,60,371,63,371,68,371,68,373,69,374,72,374,75,375,76,376,78,377,81,378,84,377,85,376,85,374,85,374,85,373,84,372,81,371
54,235,51,236,50,237,51,238,54,238,57,238,59,237,57,236,54,235
45,242,42,242,41,243,40,244,37,245,34,245,32,246,31,248,28,248,25,248,23,246,22,245,19,245,16,245,14,246,14,248,14,248,14,250,16,251,19,251,23,251,23,251,28,251,31,252,32,253,34,254,37,255,41,255,41,255,45,255,48,254,50,253,50,251,50,251,50,250,50,248,50,248,50,246,50,245,50,245,50,243,48,242,45,242
