630,10,320,10,10,10,10,240,10,470,320,470,630,470,630,240,630,10
612,109,608,109,608,107,608,106,608,106,608,104,606,103,603,102,599,102,599,101,599,99,599,99,599,97,598,96,595,96,592,95,590,94,590,93,590,93,590,91,589,90,586,89,583,89,581,88,580,87,577,86,574,86,572,85,574,83,577,83,581,83,581,83,586,83,589,82,590,81,590,80,590,80,590,78,590,76,590,76,590,75,589,74,586,73,583,74,581,75,581,76,581,76,581,78,580,79,577,80,572,80,572,80,568,80,564,80,564,80,559,80,556,80,555,81,555,83,555,83,555,85,555,86,555,86,555,88,556,89,559,89,562,90,564,91,565,92,568,93,572,93,572,93,577,93,580,93,581,94,581,96,581,96,581,97,583,99,586,99,589,100,590,101,592,102,595,102,599,102,599,104,599,106,599,106,599,107,600,108,603,109,608,109,608,110,609,112,612,112,615,112,617,110,615,109,612,109
603,258,600,258,599,259,599,261,599,261,599,263,600,264,603,264,606,264,608,263,608,261,608,261,608,259,606,258,603,258
595,122,592,122,590,123,590,125,590,125,590,127,592,128,595,128,598,128,599,127,599,125,599,125,599,123,598,122,595,122
595,212,592,213,590,214,590,216,590,216,590,217,590,219,590,219,590,221,590,222,590,222,590,224,592,225,595,225,598,225,599,224,599,222,599,222,599,221,599,219,599,219,599,217,599,216,599,216,599,214,598,213,595,212
586,196,583,197,581,198,581,200,581,200,581,201,581,203,581,203,581,204,583,205,586,206,589,205,590,204,590,203,590,203,590,201,590,200,590,200,590,198,589,197,586,196
479,18,476,19,475,20,474,21,471,21,468,22,466,23,466,25,466,25,466,26,468,27,471,28,474,27,475,26,476,25,479,25,482,24,484,23,484,21,484,21,484,20,482,19,479,18
453,25,450,25,448,26,448,28,448,28,448,29,450,31,453,31,456,31,457,29,457,28,457,28,457,26,456,25,453,25
426,297,423,297,422,298,423,299,426,300,429,299,431,298,429,297,426,297
426,420,423,420,422,421,423,422,426,423,429,422,431,421,429,420,426,420
417,99,414,100,413,101,413,102,413,102,413,104,414,105,417,106,420,105,422,104,422,102,422,102,422,101,420,100,417,99
417,378,414,377,413,376,412,375,409,374,406,375,404,376,404,378,404,378,404,379,404,381,404,381,404,383,404,384,404,384,404,386,404,387,404,387,404,389,406,390,409,391,413,391,413,391,417,391,420,390,422,389,422,387,422,387,422,386,422,384,422,384,422,383,422,381,422,381,422,379,420,378,417,378
409,394,406,394,404,395,406,397,409,397,412,397,413,395,412,394,409,394
409,407,404,407,404,405,403,404,400,404,397,404,395,405,397,406,400,407,404,407,404,408,404,410,404,410,404,412,406,413,409,413,412,413,413,412,413,410,413,410,413,408,412,407,409,407
400,423,397,424,395,425,395,426,391,426,388,427,386,428,388,429,391,430,394,429,395,428,395,426,400,426,403,426,404,425,403,424,400,423
391,361,388,362,386,363,388,364,391,365,394,364,395,363,394,362,391,361
382,303,379,303,378,302,376,300,373,300,370,300,369,302,369,303,369,303,369,305,370,306,373,306,378,306,378,306,382,306,385,306,386,305,385,304,382,303
355,12,352,12,351,13,352,14,355,15,358,14,360,13,358,12,355,12
329,38,326,38,324,39,324,41,324,41,324,42,326,43,329,44,332,43,333,42,333,41,333,41,333,39,332,38,329,38
276,154,271,154,271,153,270,151,267,151,264,151,262,153,264,154,267,154,271,154,271,156,273,157,276,157,279,157,280,156,279,155,276,154
143,329,140,329,138,327,137,326,134,326,131,326,130,327,130,329,130,329,130,331,131,332,134,332,138,332,138,332,143,332,146,332,147,331,146,330,143,329
54,420,51,420,50,421,51,422,54,423,57,422,59,421,57,420,54,420
