10,316,13,317,14,318,13,319,10,319,10,323,14,323,14,323,19,323,22,323,23,324,22,325,19,326,14,326,14,326,10,326,10,398,10,470,112,470,113,469,116,468,119,469,121,470,375,470,630,470,630,240,630,10,320,10,10,10,10,316
603,86,600,87,599,88,600,89,603,89,606,89,608,88,606,87,603,86
586,31,581,31,581,29,580,28,577,28,572,28,572,26,572,25,572,25,572,23,571,22,568,21,564,21,564,20,562,19,559,18,556,19,555,20,556,21,559,21,564,21,564,23,564,25,564,25,564,26,565,27,568,28,572,28,572,29,574,31,577,31,581,31,581,33,581,34,581,34,581,36,583,37,586,38,589,37,590,36,590,34,590,34,590,33,589,32,586,31
586,96,583,96,581,97,581,99,581,99,581,101,583,102,586,102,589,102,590,101,590,99,590,99,590,97,589,96,586,96
586,109,583,109,581,110,583,112,586,112,589,112,590,110,589,109,586,109
577,54,574,53,572,52,571,51,568,50,565,51,564,52,562,53,559,54,556,53,555,52,555,50,555,50,555,49,553,48,550,47,547,48,546,49,546,50,546,50,546,52,546,54,546,54,546,55,546,57,546,57,546,59,546,60,546,60,546,62,546,63,546,63,546,65,547,66,550,67,555,67,555,67,559,67,562,66,564,65,565,64,568,63,571,63,572,62,572,60,572,60,572,59,574,58,577,57,580,56,581,55,580,54,577,54
568,38,565,38,564,39,565,40,568,41,571,40,572,39,571,38,568,38
568,119,564,119,564,119,559,119,556,119,555,120,556,121,559,122,564,122,564,122,568,122,571,121,572,120,571,119,568,119
568,128,565,129,564,130,565,131,568,131,571,131,572,130,571,129,568,128
568,167,564,167,564,167,559,167,556,168,555,169,556,170,559,170,562,171,564,172,565,173,568,174,571,173,572,172,572,170,572,170,572,169,571,168,568,167
541,161,537,161,537,161,533,161,530,161,528,162,530,163,533,164,537,164,537,164,541,164,544,163,546,162,544,161,541,161
533,141,528,141,528,141,524,141,521,142,519,143,521,144,524,144,528,144,528,144,533,144,536,144,537,143,536,142,533,141
533,271,530,271,528,272,528,274,528,274,528,276,528,277,528,277,528,279,528,280,528,280,528,282,530,283,533,284,536,283,537,282,537,280,537,280,537,279,537,277,537,277,537,276,537,274,537,274,537,272,536,271,533,271
524,128,521,129,519,130,521,131,524,131,527,131,528,130,527,129,524,128
506,423,503,424,502,425,503,426,506,426,509,426,510,425,509,424,506,423
497,47,494,48,493,49,493,50,493,50,493,52,494,53,497,54,500,53,502,52,502,50,502,50,502,49,500,48,497,47
497,413,494,414,493,415,494,416,497,417,500,416,502,415,500,414,497,413
479,41,475,41,475,41,471,41,468,41,466,42,468,43,471,44,475,44,475,44,479,44,482,43,484,42,482,41,479,41
462,109,459,109,457,110,459,112,462,112,465,112,466,110,465,109,462,109
462,442,459,443,457,444,459,445,462,446,465,445,466,444,465,443,462,442
453,459,450,458,448,457,448,455,448,455,448,454,447,453,444,452,441,453,440,454,440,455,440,455,440,457,440,459,440,459,440,460,441,461,444,462,447,462,448,464,450,465,453,465,456,465,457,464,457,462,457,462,457,460,456,459,453,459
417,436,414,437,413,438,414,439,417,439,420,439,422,438,420,437,417,436
409,245,404,245,404,243,403,242,400,242,395,242,395,240,395,238,395,238,395,237,394,236,391,235,386,235,386,234,385,232,382,232,379,232,378,234,379,235,382,235,386,235,386,237,386,238,386,238,386,240,388,241,391,242,395,242,395,243,397,244,400,245,404,245,404,246,404,248,404,248,404,250,406,251,409,251,412,251,413,250,413,248,413,248,413,246,412,245,409,245
364,128,361,129,360,130,360,131,360,131,360,133,361,134,364,135,367,134,369,133,369,131,369,131,369,130,367,129,364,128
338,248,335,249,333,250,335,251,338,251,341,251,342,250,341,249,338,248
276,358,271,358,271,358,267,358,264,359,262,360,261,361,258,361,254,361,254,361,249,361,245,361,245,361,240,361,237,362,236,363,237,364,240,365,245,365,245,365,249,365,254,365,254,365,258,365,262,365,262,365,267,365,270,364,271,363,273,362,276,361,279,361,280,360,279,359,276,358
196,131,192,131,192,131,187,131,183,131,183,131,178,131,174,131,174,131,169,131,165,131,165,131,161,131,158,132,156,133,155,134,152,135,149,135,147,136,149,137,152,138,156,138,156,138,161,138,165,138,165,138,169,138,174,138,174,138,178,138,183,138,183,138,187,138,190,137,192,136,193,135,196,135,199,134,200,133,199,132,196,131
196,420,193,420,192,421,192,423,187,423,184,424,183,425,184,426,187,426,190,426,192,425,192,423,196,423,199,422,200,421,199,420,196,420
187,355,183,355,183,355,178,355,174,355,174,355,169,355,165,355,165,355,161,355,156,355,156,355,152,355,147,355,147,355,143,355,140,356,138,357,140,358,143,358,147,358,147,358,152,358,156,358,156,358,161,358,165,358,165,358,169,358,174,358,174,358,178,358,183,358,183,358,187,358,190,358,192,357,190,356,187,355
161,433,158,433,156,434,158,435,161,436,164,435,165,434,164,433,161,433
143,436,138,436,138,436,134,436,130,436,130,436,125,436,121,436,121,436,116,436,113,437,112,438,113,439,116,439,121,439,121,439,125,439,130,439,130,439,134,439,138,439,138,439,143,439,146,439,147,438,146,437,143,436
125,352,121,352,121,352,116,352,112,352,112,352,107,352,104,352,103,353,103,355,103,355,103,357,103,358,103,358,103,360,104,361,107,361,110,361,112,360,113,359,116,358,119,358,121,357,122,356,125,355,128,354,130,353,128,352,125,352
