10,326,13,326,14,327,13,329,10,329,10,400,10,470,537,470,537,468,537,468,537,467,537,465,537,465,537,464,537,462,537,462,537,460,537,459,537,459,537,457,538,456,541,455,544,456,546,457,546,459,546,459,546,460,546,462,546,462,546,464,546,465,546,465,546,467,546,468,546,468,546,470,588,470,630,470,630,157,627,157,626,156,624,155,621,154,618,154,617,153,618,151,621,151,626,151,626,151,630,151,630,80,630,10,320,10,10,10,10,326
586,326,583,326,581,327,581,329,581,329,581,331,581,332,581,332,581,334,583,335,586,336,589,335,590,334,590,332,590,332,590,331,590,329,590,329,590,327,589,326,586,326
577,151,572,151,572,151,568,151,565,151,564,153,562,154,559,154,555,154,555,154,550,154,547,155,546,156,544,157,541,157,538,157,537,156,536,155,533,154,530,155,528,156,527,157,524,157,521,158,519,159,521,160,524,161,528,161,528,161,533,161,537,161,537,161,541,161,546,161,546,161,550,161,555,161,555,161,559,161,562,160,564,159,565,158,568,157,572,157,572,157,577,157,580,157,581,156,581,154,581,154,581,153,580,151,577,151
568,119,565,119,564,120,564,122,559,122,556,121,555,120,555,119,555,119,555,117,553,116,550,115,546,115,546,115,541,115,538,116,537,117,537,119,537,119,537,120,536,121,533,122,530,122,528,123,528,125,528,125,528,127,528,128,524,128,521,129,519,130,521,131,524,131,527,131,528,130,528,128,533,128,537,128,537,130,537,131,537,131,537,133,536,134,533,135,530,135,528,136,530,137,533,138,536,139,537,140,538,141,541,141,544,141,546,140,547,139,550,138,553,137,555,136,556,135,559,135,562,134,564,133,565,132,568,131,571,131,572,130,572,128,572,128,572,127,571,126,568,125,565,124,564,123,564,122,568,122,571,121,572,120,571,119,568,119
541,144,538,145,537,146,538,147,541,148,544,147,546,146,544,145,541,144
515,135,512,135,510,136,510,138,510,138,510,140,512,141,515,141,518,141,519,140,519,138,519,138,519,136,518,135,515,135
471,15,468,15,466,16,468,18,471,18,474,18,475,16,474,15,471,15
373,290,370,291,369,292,370,293,373,293,376,293,378,292,376,291,373,290
276,99,273,100,271,101,271,102,267,102,264,103,262,104,264,105,267,106,270,105,271,104,271,102,276,102,279,102,280,101,279,100,276,99
276,196,271,196,271,196,267,196,264,197,262,198,262,200,258,200,255,200,254,201,255,202,258,203,261,202,262,201,262,200,267,200,271,200,271,200,276,200,279,199,280,198,279,197,276,196
249,76,246,77,245,78,246,79,249,80,252,79,254,78,252,77,249,76
178,400,174,400,174,400,169,400,165,400,165,400,161,400,158,401,156,402,158,403,161,404,165,404,165,404,169,404,174,404,174,404,178,404,181,403,183,402,181,401,178,400
152,465,149,466,147,467,149,468,152,468,155,468,156,467,155,466,152,465
134,387,130,387,130,387,125,387,122,388,121,389,122,390,125,391,130,391,130,391,134,391,137,390,138,389,137,388,134,387
107,381,103,381,103,381,99,381,94,381,94,381,90,381,87,381,85,383,87,384,90,384,94,384,94,384,99,384,103,384,103,384,107,384,110,384,112,383,110,381,107,381
81,374,76,374,76,373,75,372,72,371,68,371,68,370,66,368,63,368,60,368,59,370,60,371,63,371,68,371,68,373,69,374,72,374,76,374,76,376,78,377,81,378,84,377,85,376,84,375,81,374
63,313,60,313,59,315,60,316,63,316,66,316,68,315,66,313,63,313
54,232,51,232,50,234,50,235,50,235,50,237,48,238,45,238,42,239,41,240,41,242,41,242,41,243,40,244,37,245,32,245,32,245,28,245,25,244,23,243,22,242,19,242,16,242,14,243,14,245,14,245,14,246,14,248,14,248,14,250,14,251,14,251,14,253,16,254,19,255,23,255,23,255,28,255,32,255,32,255,37,255,40,255,41,256,42,257,45,258,48,257,50,256,50,255,50,255,50,253,51,252,54,251,57,251,59,250,59,248,59,248,59,246,59,245,59,245,59,243,59,242,59,242,59,240,59,238,59,238,59,237,59,235,59,235,59,234,57,232,54,232
45,423,41,423,41,423,37,423,34,424,32,425,34,426,37,426,41,426,41,426,45,426,48,426,50,425,48,424,45,423
550,125,546,125,546,125,541,125,538,126,537,127,537,128,541,128,546,128,546,128,550,128,553,128,555,127,553,126,550,125
