10,345,13,346,14,347,14,349,19,349,22,349,23,350,23,352,23,352,23,353,25,354,28,355,31,356,32,357,32,358,32,358,32,360,32,361,32,361,32,363,32,365,37,365,40,365,41,366,41,368,41,368,41,370,40,371,37,371,34,371,32,370,32,368,32,368,32,366,32,365,28,365,25,364,23,363,23,361,23,361,23,360,22,359,19,358,16,358,14,357,14,355,14,355,14,353,14,352,14,352,14,350,14,349,10,349,10,409,10,470,320,470,630,470,630,240,630,10,320,10,10,10,10,345
568,164,564,164,564,164,559,164,556,164,555,165,556,167,559,167,564,167,564,167,568,167,571,167,572,165,571,164,568,164
533,131,528,131,528,131,524,131,521,132,519,133,521,134,524,135,527,135,528,136,530,137,533,138,536,137,537,136,537,135,537,135,537,133,536,132,533,131
533,151,530,151,528,153,528,154,528,154,528,156,528,157,524,157,521,158,519,159,521,160,524,161,527,160,528,159,528,157,533,157,536,157,537,156,537,154,537,154,537,153,536,151,533,151
515,138,512,138,510,140,510,141,510,141,510,143,512,144,515,144,518,144,519,143,519,141,519,141,519,140,518,138,515,138
497,96,494,96,493,97,494,99,497,99,500,99,502,97,500,96,497,96
479,76,476,77,475,78,476,79,479,80,482,79,484,78,482,77,479,76
90,280,87,281,85,282,85,284,85,284,85,285,87,286,90,287,93,286,94,285,94,284,94,284,94,282,93,281,90,280
81,397,78,398,76,399,76,400,76,400,76,402,78,403,81,404,84,403,85,402,85,400,85,400,85,399,84,398,81,397
63,387,60,388,59,389,60,390,63,391,66,390,68,389,66,388,63,387
54,381,51,381,50,383,51,384,54,384,57,384,59,383,57,381,54,381
54,420,51,420,50,421,51,422,54,423,57,422,59,421,57,420,54,420
45,374,42,375,41,376,42,377,45,378,48,377,50,376,48,375,45,374
