630,76,627,76,626,75,627,74,630,73,630,42,630,10,320,10,10,10,10,240,10,470,320,470,630,470,630,76
595,102,590,102,590,102,586,102,581,102,581,101,581,99,581,99,581,97,580,96,577,96,574,96,572,97,572,99,572,99,572,101,574,102,577,102,581,102,581,104,583,105,586,106,590,106,590,106,595,106,598,105,599,104,598,103,595,102
559,99,556,100,555,101,556,102,559,102,562,102,564,101,562,100,559,99
559,128,556,129,555,130,556,131,559,131,562,131,564,130,562,129,559,128
533,235,528,235,528,235,524,235,521,236,519,237,521,238,524,238,528,238,528,238,533,238,536,238,537,237,536,236,533,235
506,93,503,93,502,94,503,95,506,96,509,95,510,94,509,93,506,93
497,235,493,235,493,235,488,235,485,236,484,237,485,238,488,238,493,238,493,238,497,238,500,238,502,237,500,236,497,235
426,80,423,80,422,81,422,83,422,83,422,85,422,86,422,86,422,88,422,89,422,89,422,91,422,93,422,93,422,94,423,95,426,96,429,95,431,94,431,93,431,93,431,91,431,89,431,89,431,88,431,86,431,86,431,85,431,83,431,83,431,81,429,80,426,80
426,449,422,449,422,449,417,449,413,449,413,449,409,449,406,449,404,451,406,452,409,452,413,452,413,452,417,452,422,452,422,452,426,452,429,452,431,451,429,449,426,449
409,89,406,90,404,91,406,92,409,93,412,92,413,91,412,90,409,89
400,57,397,58,395,59,397,60,400,60,403,60,404,59,403,58,400,57
391,446,386,446,386,446,382,446,379,445,378,444,376,443,373,442,369,442,369,442,364,442,361,443,360,444,360,446,360,446,360,447,361,448,364,449,369,449,369,449,373,449,378,449,378,449,382,449,386,449,386,449,391,449,394,448,395,447,394,446,391,446
382,102,379,103,378,104,379,105,382,106,385,105,386,104,385,103,382,102
364,73,361,74,360,75,361,76,364,76,367,76,369,75,367,74,364,73
347,63,344,63,342,62,341,61,338,60,333,60,333,60,329,60,326,61,324,62,324,63,324,63,324,65,326,66,329,67,333,67,333,67,338,67,341,67,342,68,344,69,347,70,350,69,351,68,351,67,351,67,351,65,350,64,347,63
338,54,335,54,333,55,335,56,338,57,341,56,342,55,341,54,338,54
329,47,326,48,324,49,326,50,329,50,332,50,333,49,332,48,329,47
329,423,324,423,324,423,320,423,316,423,316,423,311,423,308,424,307,425,308,426,311,426,314,427,316,428,317,429,320,430,323,429,324,428,326,427,329,426,332,426,333,425,332,424,329,423
320,54,317,53,316,52,314,51,311,50,308,51,307,52,307,54,307,54,307,55,308,56,311,57,316,57,316,57,320,57,323,56,324,55,323,54,320,54
293,423,290,424,289,425,290,426,293,426,296,426,298,425,296,424,293,423
240,410,237,411,236,412,234,413,231,413,228,414,227,415,228,416,231,417,236,417,236,417,240,417,243,416,245,415,245,413,245,413,245,412,243,411,240,410
178,63,174,63,174,62,174,60,174,60,174,59,172,58,169,57,166,56,165,55,164,54,161,54,156,54,156,52,155,51,152,50,147,50,147,49,146,48,143,47,140,48,138,49,140,50,143,50,147,50,147,52,149,53,152,54,156,54,156,55,156,57,156,57,156,59,158,60,161,60,164,61,165,62,166,63,169,63,174,63,174,65,175,66,178,67,181,66,183,65,181,64,178,63
143,345,140,345,138,344,138,342,138,342,138,340,137,339,134,339,131,339,130,340,130,342,130,342,130,344,130,345,130,345,130,347,130,349,130,349,130,350,131,351,134,352,137,351,138,350,140,349,143,349,146,348,147,347,146,346,143,345
