10,222,13,223,14,224,14,225,19,225,22,226,23,227,23,229,28,229,31,229,32,230,32,232,37,232,40,232,41,234,41,235,45,235,48,236,50,237,48,238,45,238,42,238,41,237,41,235,37,235,34,235,32,234,32,232,28,232,25,231,23,230,23,229,19,229,16,228,14,227,14,225,10,225,10,348,10,470,320,470,630,470,630,240,630,10,320,10,10,10,10,222
603,109,599,109,599,107,598,106,595,106,590,106,590,106,586,106,581,106,581,106,577,106,574,106,572,107,574,108,577,109,581,109,581,109,586,109,590,109,590,109,595,109,599,109,599,110,600,112,603,112,606,112,608,110,606,109,603,109
603,122,600,122,599,123,600,124,603,125,606,124,608,123,606,122,603,122
506,99,503,99,502,97,500,96,497,96,494,96,493,97,491,99,488,99,485,99,484,97,482,96,479,96,476,95,475,94,474,93,471,93,468,93,466,94,465,95,462,96,459,96,457,97,457,99,457,99,457,101,457,102,457,102,457,104,457,106,457,106,457,107,457,109,457,109,457,110,459,112,462,112,465,112,466,110,468,109,471,109,475,109,475,109,479,109,484,109,484,109,488,109,491,108,493,107,494,106,497,106,500,105,502,104,503,103,506,102,509,102,510,101,509,100,506,99
506,235,502,235,502,235,497,235,494,236,493,237,494,238,497,238,502,238,502,238,506,238,509,238,510,237,509,236,506,235
444,112,440,112,440,110,440,109,440,109,440,107,440,106,440,106,440,104,440,102,440,102,440,101,438,100,435,99,431,99,431,99,426,99,423,99,422,97,420,96,417,96,414,96,413,97,412,99,409,99,404,99,404,99,400,99,395,99,395,99,391,99,388,99,386,97,385,96,382,96,379,96,378,97,378,99,378,99,378,101,378,102,373,102,370,103,369,104,369,106,364,106,361,106,360,107,358,108,355,109,351,109,351,109,347,109,344,109,342,110,342,112,342,112,342,114,342,115,338,115,335,116,333,117,335,118,338,119,341,118,342,117,342,115,347,115,351,115,351,115,355,115,358,115,360,114,361,113,364,112,367,112,369,110,369,109,369,109,369,107,369,106,373,106,376,105,378,104,378,102,382,102,385,103,386,104,386,106,386,106,386,107,388,108,391,109,395,109,395,109,400,109,404,109,404,109,409,109,412,108,413,107,413,106,413,106,413,104,414,103,417,102,420,103,422,104,422,106,422,106,422,107,422,109,422,109,422,110,423,112,426,112,431,112,431,112,435,112,440,112,440,114,441,115,444,115,447,115,448,114,447,113,444,112
435,455,432,455,431,454,429,453,426,452,423,452,422,451,420,449,417,449,413,449,413,449,409,449,404,449,404,449,400,449,395,449,395,449,391,449,388,449,386,451,388,452,391,452,395,452,395,452,400,452,404,452,404,452,409,452,412,453,413,454,414,455,417,455,420,456,422,457,423,458,426,459,431,459,431,459,435,459,438,458,440,457,438,456,435,455
409,73,404,73,404,72,403,70,400,70,397,70,395,72,397,73,400,73,404,73,404,75,406,76,409,76,412,76,413,75,412,74,409,73
391,54,388,54,386,55,388,56,391,57,394,56,395,55,394,54,391,54
364,80,360,80,360,78,358,77,355,76,352,77,351,78,352,79,355,80,360,80,360,81,360,83,360,83,360,85,361,86,364,86,367,86,369,85,369,83,369,83,369,81,367,80,364,80
364,446,361,445,360,444,358,443,355,442,352,442,351,441,350,440,347,439,342,439,342,438,341,437,338,436,335,435,333,434,332,433,329,433,324,433,324,433,320,433,316,433,316,431,314,430,311,430,307,430,307,430,302,430,298,430,298,430,293,430,289,430,289,428,290,427,293,426,296,426,298,425,296,424,293,423,289,423,289,423,285,423,280,423,280,423,276,423,273,424,271,425,271,426,271,426,271,428,273,429,276,430,280,430,280,430,285,430,289,430,289,431,290,432,293,433,298,433,298,433,302,433,307,433,307,433,311,433,316,433,316,434,317,435,320,436,323,437,324,438,326,439,329,439,333,439,333,439,338,439,342,439,342,441,342,442,342,442,342,444,344,445,347,446,350,446,351,447,352,448,355,449,360,449,360,449,364,449,367,448,369,447,367,446,364,446
347,70,344,70,342,72,344,73,347,73,350,73,351,72,350,70,347,70
320,60,317,61,316,62,317,63,320,63,323,63,324,62,323,61,320,60
320,67,317,67,316,68,316,70,316,70,316,72,316,73,311,73,308,74,307,75,308,76,311,76,314,76,316,75,316,73,320,73,323,73,324,72,324,70,324,70,324,68,323,67,320,67
293,31,289,31,289,31,285,31,282,32,280,33,282,34,285,34,289,34,289,34,293,34,296,34,298,33,296,32,293,31
293,41,290,41,289,42,289,44,289,44,289,46,290,47,293,47,296,47,298,46,298,44,298,44,298,42,296,41,293,41
285,102,282,103,280,104,282,105,285,106,288,105,289,104,288,103,285,102
267,25,264,25,262,26,262,28,262,28,262,29,264,31,267,31,270,31,271,29,271,28,271,28,271,26,270,25,267,25
258,420,254,420,254,420,249,420,245,420,245,420,240,420,237,419,236,418,234,417,231,417,227,417,227,417,223,417,220,416,218,415,217,414,214,413,211,413,209,412,209,410,209,410,209,408,209,407,209,407,209,405,208,404,205,404,200,404,200,404,196,404,193,404,192,405,192,407,192,407,192,408,193,410,196,410,199,411,200,412,200,413,200,413,200,415,202,416,205,417,208,417,209,418,211,419,214,420,217,420,218,421,220,422,223,423,227,423,227,423,231,423,236,423,236,423,240,423,245,423,245,423,249,423,254,423,254,423,258,423,261,422,262,421,261,420,258,420
169,374,166,374,165,373,165,371,165,371,165,370,164,368,161,368,158,367,156,366,155,365,152,365,147,365,147,365,143,365,140,365,138,366,140,367,143,368,146,369,147,370,149,371,152,371,155,372,156,373,156,374,156,374,156,376,156,378,156,378,156,379,158,380,161,381,165,381,165,381,169,381,172,380,174,379,174,378,174,378,174,376,172,375,169,374
161,63,158,64,156,65,155,66,152,67,149,67,147,68,147,70,147,70,147,72,149,73,152,73,155,73,156,72,158,70,161,70,164,69,165,68,165,67,165,67,165,65,164,64,161,63
143,76,140,77,138,78,138,80,138,80,138,81,138,83,138,83,138,85,138,86,138,86,138,88,140,89,143,89,146,89,147,88,147,86,147,86,147,85,147,83,147,83,147,81,147,80,147,80,147,78,146,77,143,76
54,420,51,420,50,421,51,422,54,423,57,422,59,421,57,420,54,420
