581,10,581,12,581,12,581,13,580,14,577,15,574,14,572,13,572,12,572,12,572,10,236,10,237,11,240,12,243,12,245,13,245,15,245,15,245,16,245,18,245,18,245,20,245,21,245,21,245,23,246,24,249,25,252,25,254,26,252,27,249,28,245,28,245,28,240,28,237,27,236,26,234,25,231,25,228,24,227,23,227,21,227,21,227,20,227,18,227,18,227,16,227,15,227,15,227,13,226,12,223,12,220,11,218,10,114,10,10,10,10,349,13,349,14,350,14,352,14,352,14,353,14,355,14,355,14,357,14,358,14,358,14,360,14,361,14,361,14,363,16,364,19,365,22,365,23,366,23,368,23,368,23,370,23,371,23,371,23,373,23,374,23,374,23,376,25,377,28,378,31,378,32,379,32,381,32,381,32,383,32,384,32,384,32,386,31,387,28,387,25,387,23,386,23,384,23,384,23,383,22,381,19,381,16,380,14,379,14,378,14,378,14,376,14,374,14,374,14,373,13,372,10,371,10,421,10,470,351,470,352,469,355,468,360,468,360,468,364,468,367,469,369,470,499,470,630,470,630,240,630,10,581,10
586,18,583,19,581,20,581,21,581,21,581,23,583,24,586,25,589,24,590,23,590,21,590,21,590,20,589,19,586,18
586,54,583,54,581,55,581,57,581,57,581,59,583,60,586,60,589,60,590,59,590,57,590,57,590,55,589,54,586,54
577,67,574,66,572,65,571,64,568,63,565,64,564,65,564,67,564,67,564,68,565,69,568,70,572,70,572,70,577,70,580,69,581,68,580,67,577,67
568,141,565,142,564,143,565,144,568,144,571,144,572,143,571,142,568,141
559,96,556,96,555,97,555,99,555,99,555,101,556,102,559,102,562,102,564,101,564,99,564,99,564,97,562,96,559,96
550,86,547,87,546,88,546,89,546,89,546,91,547,92,550,93,553,92,555,91,555,89,555,89,555,88,553,87,550,86
533,151,530,150,528,149,528,148,528,148,528,146,527,145,524,144,521,144,519,143,519,141,519,141,519,140,519,138,519,138,519,136,518,135,515,135,512,135,510,136,510,138,510,138,510,140,510,141,510,141,510,143,510,144,510,144,510,146,510,148,510,148,510,149,512,150,515,151,518,151,519,153,518,154,515,154,510,154,510,154,506,154,503,155,502,156,503,157,506,157,509,158,510,159,510,161,510,161,510,162,512,163,515,164,518,163,519,162,521,161,524,161,527,160,528,159,528,157,528,157,528,156,530,155,533,154,536,154,537,153,536,151,533,151
515,115,512,116,510,117,512,118,515,119,518,118,519,117,518,116,515,115
497,21,494,22,493,23,494,24,497,25,500,24,502,23,500,22,497,21
488,38,485,38,484,39,484,41,484,41,484,42,484,44,479,44,476,45,475,46,476,47,479,47,482,47,484,46,484,44,488,44,491,43,493,42,493,41,493,41,493,39,491,38,488,38
488,144,485,145,484,146,484,148,484,148,484,149,484,151,484,151,484,153,484,154,484,154,484,156,485,157,488,157,491,157,493,156,493,154,493,154,493,153,493,151,493,151,493,149,493,148,493,148,493,146,491,145,488,144
488,167,485,168,484,169,485,170,488,170,491,170,493,169,491,168,488,167
462,67,457,67,457,67,453,67,450,67,448,68,448,70,448,70,448,72,450,73,453,73,456,74,457,75,459,76,462,76,465,76,466,75,466,73,466,73,466,72,466,70,466,70,466,68,465,67,462,67
426,63,423,64,422,65,422,67,422,67,422,68,423,69,426,70,429,69,431,68,431,67,431,67,431,65,429,64,426,63
417,381,414,381,413,383,414,384,417,384,420,384,422,383,420,381,417,381
409,374,406,375,404,376,406,377,409,378,412,377,413,376,412,375,409,374
391,63,386,63,386,63,382,63,379,64,378,65,379,66,382,67,385,67,386,68,388,69,391,70,394,69,395,68,395,67,395,67,395,65,394,64,391,63
391,245,388,245,386,246,386,248,382,248,379,249,378,250,379,251,382,251,385,251,386,250,386,248,391,248,394,248,395,246,394,245,391,245
285,15,282,14,280,13,279,12,276,12,271,12,271,12,267,12,264,12,262,13,264,14,267,15,270,15,271,16,273,18,276,18,280,18,280,18,285,18,288,18,289,16,288,15,285,15
205,290,200,290,200,290,196,290,193,291,192,292,192,293,187,293,184,294,183,295,184,296,187,297,190,296,192,295,192,293,196,293,200,293,200,293,205,293,208,293,209,292,208,291,205,290
169,293,165,293,165,293,161,293,158,294,156,295,158,296,161,297,165,297,165,297,169,297,172,296,174,295,172,294,169,293
72,404,68,404,68,404,63,404,60,404,59,405,59,407,59,407,59,408,60,410,63,410,66,410,68,408,69,407,72,407,75,406,76,405,75,404,72,404
63,417,60,417,59,418,60,419,63,420,66,419,68,418,66,417,63,417
