581,10,580,11,577,12,574,11,572,10,291,10,10,10,10,345,13,346,14,347,14,349,19,349,22,349,23,350,23,352,23,352,23,353,25,354,28,355,31,356,32,357,32,358,32,358,32,360,32,361,32,361,32,363,34,364,37,365,40,365,41,366,41,368,41,368,41,370,41,371,41,371,41,373,41,374,45,374,48,375,50,376,50,378,50,378,50,379,50,381,54,381,57,381,59,383,59,384,59,384,59,386,59,387,63,387,66,388,68,389,68,391,72,391,75,391,76,392,75,393,72,394,69,393,68,392,68,391,63,391,60,390,59,389,59,387,54,387,51,387,50,386,50,384,50,384,50,383,50,381,45,381,42,380,41,379,41,378,41,378,41,376,41,374,37,374,34,374,32,373,32,371,32,371,32,370,31,369,28,368,25,367,23,366,23,365,23,365,23,363,23,361,23,361,23,360,22,359,19,358,16,358,14,357,14,355,14,355,14,353,14,352,14,352,14,350,14,349,10,349,10,409,10,470,320,470,630,470,630,240,630,10,581,10
568,164,565,163,564,162,562,161,559,161,556,161,555,162,555,164,555,164,555,165,556,167,559,167,564,167,564,167,568,167,571,167,572,165,571,164,568,164
533,135,530,134,528,133,527,132,524,131,521,132,519,133,518,134,515,135,512,135,510,136,510,138,510,138,510,140,510,141,510,141,510,143,512,144,515,144,518,144,519,143,519,141,519,141,519,140,521,139,524,138,528,138,528,138,533,138,536,137,537,136,536,135,533,135
533,151,530,151,528,153,528,154,528,154,528,156,528,157,524,157,521,158,519,159,521,160,524,161,527,160,528,159,528,157,533,157,536,157,537,156,537,154,537,154,537,153,536,151,533,151
515,54,512,54,510,55,512,56,515,57,518,56,519,55,518,54,515,54
515,115,512,116,510,117,512,118,515,119,518,118,519,117,518,116,515,115
506,125,503,126,502,127,503,128,506,128,509,128,510,127,509,126,506,125
497,96,494,96,493,97,494,99,497,99,500,99,502,97,500,96,497,96
479,76,476,77,475,78,476,79,479,80,482,79,484,78,482,77,479,76
90,287,87,288,85,289,85,290,85,290,85,292,87,293,90,293,93,293,94,292,94,290,94,290,94,289,93,288,90,287
81,397,76,397,76,397,72,397,69,398,68,399,69,400,72,400,75,401,76,402,76,404,76,404,76,405,78,406,81,407,84,406,85,405,85,404,85,404,85,402,85,400,85,400,85,399,84,398,81,397
54,420,51,420,50,421,51,422,54,423,57,422,59,421,57,420,54,420
37,15,34,15,32,16,34,18,37,18,40,18,41,16,40,15,37,15
