537,10,537,12,537,12,537,13,537,15,537,15,537,16,536,18,533,18,530,18,528,16,528,15,528,15,528,13,528,12,528,12,528,10,269,10,10,10,10,190,13,190,14,191,14,193,14,193,14,195,14,196,14,196,14,198,14,200,14,200,14,201,14,203,14,203,14,204,14,206,14,206,14,208,14,209,14,209,14,211,14,212,14,212,14,214,13,215,10,216,10,326,13,326,14,327,13,329,10,329,10,400,10,470,289,470,290,469,293,468,298,468,298,468,302,468,305,469,307,470,475,470,476,469,479,468,482,469,484,470,557,470,630,470,630,240,630,10,537,10
621,80,618,79,617,78,615,77,612,76,609,76,608,75,608,73,608,73,608,72,608,70,608,70,608,68,606,67,603,67,600,67,599,68,599,70,599,70,599,72,598,73,595,73,592,74,590,75,589,76,586,76,583,77,581,78,580,79,577,80,574,79,572,78,571,77,568,76,565,77,564,78,564,80,564,80,564,81,565,82,568,83,572,83,572,83,577,83,580,83,581,85,581,86,581,86,581,88,581,89,581,89,581,91,583,92,586,93,589,93,590,94,592,95,595,96,599,96,599,96,603,96,606,96,608,97,608,99,608,99,608,101,609,102,612,102,617,102,617,102,621,102,624,102,626,101,624,100,621,99,618,99,617,97,617,96,617,96,617,94,617,93,617,93,617,91,617,89,617,89,617,88,617,86,617,86,617,85,618,83,621,83,624,82,626,81,624,80,621,80
595,109,590,109,590,109,586,109,581,109,581,109,577,109,572,109,572,109,568,109,565,108,564,107,562,106,559,106,555,106,555,106,550,106,547,105,546,104,544,103,541,102,537,102,537,102,533,102,530,103,528,104,527,105,524,106,521,106,519,107,519,109,515,109,512,109,510,110,510,112,510,112,510,114,510,115,510,115,510,117,509,118,506,119,503,119,502,120,502,122,502,122,502,123,500,124,497,125,494,126,493,127,493,128,488,128,485,128,484,127,482,126,479,125,476,126,475,127,474,128,471,128,468,129,466,130,466,131,466,131,466,133,466,135,466,135,466,136,468,137,471,138,474,139,475,140,475,141,475,141,475,143,475,144,475,144,475,146,476,147,479,148,484,148,484,148,488,148,493,148,493,148,497,148,500,148,502,149,502,151,502,151,502,153,502,154,502,154,502,156,502,157,502,157,502,159,503,160,506,161,509,161,510,162,510,164,510,164,510,165,512,167,515,167,518,167,519,165,521,164,524,164,528,164,528,165,530,167,533,167,537,167,537,167,541,167,544,167,546,165,544,164,541,164,537,164,537,164,533,164,528,164,528,162,528,161,528,161,528,159,528,157,528,157,528,156,530,155,533,154,536,154,537,153,537,151,537,151,537,149,537,148,537,148,537,146,536,145,533,144,528,144,528,143,528,141,528,141,528,140,528,138,528,138,528,136,528,135,528,135,528,133,527,132,524,131,519,131,519,131,515,131,512,131,510,130,512,129,515,128,518,128,519,127,521,126,524,125,527,124,528,123,527,122,524,122,521,121,519,120,519,119,519,119,519,117,519,115,519,115,519,114,519,112,519,112,519,110,519,109,524,109,527,109,528,110,528,112,528,112,528,114,528,115,528,115,528,117,530,118,533,119,536,119,537,120,538,121,541,122,544,122,546,123,546,125,546,125,546,127,547,128,550,128,553,128,555,127,555,125,555,125,555,123,555,122,555,122,555,120,556,119,559,119,562,118,564,117,565,116,568,115,572,115,572,115,577,115,580,115,581,114,583,113,586,112,590,112,590,112,595,112,598,112,599,110,598,109,595,109
559,177,555,177,555,175,553,174,550,174,547,174,546,175,547,176,550,177,555,177,555,178,555,180,555,180,555,182,556,183,559,183,562,183,564,182,564,180,564,180,564,178,562,177,559,177
550,80,547,80,546,81,546,83,546,83,546,85,547,86,550,86,553,86,555,85,555,83,555,83,555,81,553,80,550,80
550,313,547,313,546,315,546,316,546,316,546,318,546,319,546,319,546,321,546,323,546,323,546,324,546,326,546,326,546,327,546,329,546,329,546,331,547,332,550,332,553,332,555,331,555,329,555,329,555,327,555,326,555,326,555,324,555,323,555,323,555,321,555,319,555,319,555,318,555,316,555,316,555,315,553,313,550,313
533,465,530,466,528,467,530,468,533,468,536,468,537,467,536,466,533,465
515,439,512,440,510,441,510,442,510,442,510,444,510,446,510,446,510,447,512,448,515,449,518,448,519,447,519,446,519,446,519,444,519,442,519,442,519,441,518,440,515,439
444,430,441,429,440,428,438,427,435,426,432,427,431,428,431,430,431,430,431,431,432,432,435,433,438,433,440,434,440,436,440,436,440,438,440,439,440,439,440,441,440,442,440,442,440,444,441,445,444,446,447,445,448,444,448,442,448,442,448,441,448,439,448,439,448,438,448,436,448,436,448,434,448,433,448,433,448,431,447,430,444,430
391,258,388,258,386,259,388,261,391,261,394,261,395,259,394,258,391,258
364,261,361,262,360,263,361,264,364,264,367,264,369,263,367,262,364,261
347,268,342,268,342,268,338,268,333,268,333,268,329,268,326,268,324,269,326,270,329,271,333,271,333,271,338,271,342,271,342,271,347,271,350,270,351,269,350,268,347,268
302,57,299,58,298,59,299,60,302,60,305,60,307,59,305,58,302,57
223,371,220,372,218,373,220,374,223,374,226,374,227,373,226,372,223,371
196,371,193,372,192,373,193,374,196,374,199,374,200,373,199,372,196,371
178,167,174,167,174,167,169,167,166,168,165,169,164,170,161,170,156,170,156,170,152,170,149,171,147,172,147,174,147,174,147,175,149,176,152,177,156,177,156,177,161,177,164,176,165,175,166,174,169,174,172,173,174,172,175,171,178,170,181,170,183,169,181,168,178,167
152,365,149,365,147,366,149,367,152,368,155,367,156,366,155,365,152,365
134,174,130,174,130,174,125,174,122,174,121,175,119,176,116,177,112,177,112,177,107,177,104,177,103,178,103,180,103,180,103,182,103,183,103,183,103,185,103,187,99,187,96,187,94,188,96,189,99,190,102,189,103,188,103,187,107,187,110,186,112,185,113,184,116,183,119,183,121,182,122,181,125,180,128,180,130,178,131,177,134,177,137,176,138,175,137,174,134,174
125,365,122,364,121,363,119,362,116,361,112,361,112,361,107,361,103,361,103,361,99,361,94,361,94,361,90,361,87,362,85,363,87,364,90,365,94,365,94,365,99,365,102,365,103,366,103,368,103,368,103,370,104,371,107,371,112,371,112,371,116,371,119,371,121,370,122,369,125,368,128,367,130,366,128,365,125,365
524,144,521,145,519,146,519,148,519,148,519,149,521,150,524,151,527,150,528,149,528,148,528,148,528,146,528,144,524,144
497,128,493,128,493,130,494,131,497,131,500,131,502,130,500,129,497,128
