555,10,555,12,559,12,562,12,564,13,564,15,564,15,564,16,564,18,568,18,571,19,572,20,572,21,572,21,572,23,574,24,577,25,580,25,581,26,581,28,581,28,581,29,581,31,586,31,589,32,590,33,589,34,586,34,583,34,581,33,581,31,577,31,574,31,572,29,571,28,568,28,565,27,564,26,564,25,564,25,564,23,564,21,564,21,564,20,564,18,559,18,556,18,555,16,555,15,555,15,555,13,555,12,550,12,547,11,546,10,278,10,10,10,10,326,13,326,14,327,13,329,10,329,10,400,10,470,320,470,630,470,630,240,630,10,555,10
586,38,581,38,581,38,577,38,574,37,572,36,571,35,568,34,565,35,564,36,564,38,564,38,564,39,565,40,568,41,572,41,572,41,577,41,581,41,581,41,586,41,589,40,590,39,589,38,586,38
586,47,583,48,581,49,583,50,586,50,589,50,590,49,589,48,586,47
568,54,565,54,564,55,565,56,568,57,571,56,572,55,571,54,568,54
550,34,546,34,546,33,544,32,541,31,538,31,537,29,536,28,533,28,530,28,528,29,528,31,528,31,528,33,530,34,533,34,537,34,537,34,541,34,546,34,546,36,544,37,541,38,538,38,537,39,537,41,537,41,537,42,537,44,537,44,537,46,537,47,537,47,537,49,538,50,541,50,546,50,546,50,550,50,553,50,555,49,555,47,555,47,555,46,555,44,555,44,555,42,555,41,555,41,555,39,555,38,555,38,555,36,553,35,550,34
541,141,537,141,537,141,533,141,530,141,528,140,527,138,524,138,519,138,519,136,518,135,515,135,512,135,510,136,512,137,515,138,519,138,519,140,519,141,519,141,519,143,519,144,519,144,519,146,521,147,524,148,528,148,528,148,533,148,536,147,537,146,538,145,541,144,544,144,546,143,544,142,541,141
524,112,521,113,519,114,519,115,519,115,519,117,519,119,519,119,519,120,519,122,519,122,519,123,521,124,524,125,527,124,528,123,528,122,528,122,528,120,528,119,528,119,528,117,528,115,528,115,528,114,527,113,524,112
506,54,503,54,502,55,503,56,506,57,509,56,510,55,509,54,506,54
506,148,502,148,502,146,502,144,502,144,502,143,500,142,497,141,494,142,493,143,493,144,493,144,493,146,493,148,488,148,485,148,484,149,485,150,488,151,491,150,493,149,493,148,497,148,502,148,502,149,503,150,506,151,509,150,510,149,509,148,506,148
497,119,494,118,493,117,493,115,493,115,493,114,493,112,493,112,493,110,493,109,493,109,493,107,493,106,493,106,493,104,493,102,493,102,493,101,493,99,493,99,493,97,493,96,493,96,493,94,491,93,488,93,485,93,484,94,484,96,484,96,484,97,482,99,479,99,476,100,475,101,475,102,475,102,475,104,475,106,475,106,475,107,475,109,475,109,475,110,475,112,475,112,475,114,475,115,475,115,475,117,475,119,475,119,475,120,474,121,471,122,468,122,466,123,466,125,466,125,466,127,466,128,466,128,466,130,465,131,462,131,459,132,457,133,457,135,457,135,457,136,459,137,462,138,465,139,466,140,468,141,471,141,475,141,475,143,476,144,479,144,482,144,484,143,482,142,479,141,475,141,475,140,476,139,479,138,482,137,484,136,485,135,488,135,491,135,493,136,494,137,497,138,500,137,502,136,502,135,502,135,502,133,502,131,502,131,502,130,500,129,497,128,493,128,493,128,488,128,485,129,484,130,482,131,479,131,476,131,475,130,475,128,475,128,475,127,476,126,479,125,484,125,484,125,488,125,491,124,493,123,494,122,497,122,500,121,502,120,500,119,497,119
471,31,468,32,466,33,468,34,471,34,474,34,475,33,474,32,471,31
471,387,468,388,466,389,468,390,471,391,474,390,475,389,474,388,471,387
462,378,459,378,457,379,459,380,462,381,465,380,466,379,465,378,462,378
453,28,450,28,448,29,450,31,453,31,456,31,457,29,456,28,453,28
444,119,441,119,440,120,441,121,444,122,447,121,448,120,447,119,444,119
435,452,432,452,431,451,429,449,426,449,422,449,422,449,417,449,414,449,413,451,413,452,413,452,413,454,414,455,417,455,422,455,422,455,426,455,431,455,431,455,435,455,438,455,440,454,438,453,435,452
426,31,423,32,422,33,423,34,426,34,429,34,431,33,429,32,426,31
364,125,361,126,360,127,361,128,364,128,367,128,369,127,367,126,364,125
338,248,333,248,333,246,332,245,329,245,326,245,324,246,326,248,329,248,333,248,333,250,335,251,338,251,341,251,342,250,341,249,338,248
214,352,211,352,209,353,211,354,214,355,217,354,218,353,217,352,214,352
187,349,184,349,183,350,183,352,178,352,175,352,174,353,175,354,178,355,181,354,183,353,183,352,187,352,190,351,192,350,190,349,187,349
161,352,158,352,156,353,158,354,161,355,164,354,165,353,164,352,161,352
152,436,147,436,147,436,143,436,140,437,138,438,140,439,143,439,147,439,147,439,152,439,155,439,156,438,155,437,152,436
143,352,140,352,138,353,140,354,143,355,146,354,147,353,146,352,143,352
116,352,112,352,112,352,107,352,103,352,103,352,99,352,96,352,94,353,96,354,99,355,102,356,103,357,103,358,103,358,103,360,104,361,107,361,110,361,112,360,113,359,116,358,119,358,121,357,121,355,121,355,121,353,119,352,116,352
