581,10,581,12,581,12,581,13,581,15,581,15,581,16,581,18,586,18,589,19,590,20,590,21,590,21,590,23,589,24,586,25,583,24,581,23,581,21,581,21,581,20,581,18,577,18,574,18,572,16,572,15,572,15,572,13,572,12,572,12,572,10,291,10,10,10,10,268,14,268,14,268,19,268,22,268,23,269,23,271,23,271,23,272,23,274,23,274,23,276,22,277,19,277,16,278,14,279,14,280,14,280,14,282,13,283,10,284,10,349,13,349,14,350,14,352,14,352,14,353,14,355,14,355,14,357,14,358,14,358,14,360,16,361,19,361,22,362,23,363,23,365,23,365,23,366,23,368,28,368,31,368,32,370,32,371,32,371,32,373,31,374,28,374,25,374,23,373,23,371,23,371,23,370,23,368,19,368,16,367,14,366,13,365,10,365,10,417,10,470,103,470,104,469,107,468,110,469,112,470,371,470,630,470,630,240,630,10,581,10
603,128,600,129,599,130,600,131,603,131,606,131,608,130,606,129,603,128
595,50,590,50,590,49,589,48,586,47,583,48,581,49,583,50,586,50,590,50,590,52,590,54,586,54,583,54,581,55,583,56,586,57,589,56,590,55,590,54,595,54,598,53,599,52,598,51,595,50
586,93,581,93,581,93,577,93,574,92,572,91,571,90,568,89,565,89,564,88,562,87,559,86,556,87,555,88,553,89,550,89,547,90,546,91,547,92,550,93,553,93,555,94,555,96,555,96,555,97,556,99,559,99,562,99,564,97,565,96,568,96,571,96,572,97,574,99,577,99,580,99,581,97,583,96,586,96,589,95,590,94,589,93,586,93
586,135,583,135,581,136,583,137,586,138,589,137,590,136,589,135,586,135
550,73,547,74,546,75,547,76,550,76,553,76,555,75,553,74,550,73
524,109,521,108,519,107,518,106,515,106,512,106,510,107,510,109,510,109,510,110,512,112,515,112,519,112,519,112,524,112,527,112,528,110,527,109,524,109
524,148,519,148,519,148,515,148,512,148,510,149,510,151,510,151,510,153,510,154,510,154,510,156,510,157,510,157,510,159,509,160,506,161,503,160,502,159,502,157,502,157,502,156,502,154,502,154,502,153,502,151,502,151,502,149,500,148,497,148,494,147,493,146,491,145,488,144,485,145,484,146,484,148,484,148,484,149,484,151,484,151,484,153,485,154,488,154,491,155,493,156,493,157,493,157,493,159,493,161,493,161,493,162,493,164,493,164,493,165,491,167,488,167,485,168,484,169,482,170,479,170,476,171,475,172,474,173,471,174,468,174,466,175,468,176,471,177,475,177,475,177,479,177,482,176,484,175,485,174,488,174,493,174,493,174,497,174,500,173,502,172,502,170,502,170,502,169,503,168,506,167,509,167,510,165,512,164,515,164,518,163,519,162,519,161,519,161,519,159,521,158,524,157,527,157,528,156,528,154,528,154,528,153,528,151,528,151,528,149,527,148,524,148
515,115,512,116,510,117,510,119,506,119,503,119,502,120,503,121,506,122,509,121,510,120,510,119,515,119,518,118,519,117,518,116,515,115
515,135,512,135,510,136,512,137,515,138,518,137,519,136,518,135,515,135
515,141,512,142,510,143,512,144,515,144,518,144,519,143,518,142,515,141
488,31,485,32,484,33,485,34,488,34,491,34,493,33,491,32,488,31
479,41,476,41,475,42,475,44,475,44,475,46,476,47,479,47,482,47,484,46,484,44,484,44,484,42,482,41,479,41
471,86,466,86,466,85,466,83,466,83,466,81,465,80,462,80,459,80,457,81,457,83,457,83,457,85,459,86,462,86,466,86,466,88,466,89,466,89,466,91,468,92,471,93,474,92,475,91,475,89,475,89,475,88,474,87,471,86
444,465,440,465,440,465,435,465,432,466,431,467,432,468,435,468,440,468,440,468,444,468,447,468,448,467,447,466,444,465
426,63,423,64,422,65,423,66,426,67,429,66,431,65,429,64,426,63
426,70,423,70,422,72,423,73,426,73,429,73,431,72,429,70,426,70
426,209,423,210,422,211,422,212,422,212,422,214,422,216,422,216,422,217,422,219,417,219,414,219,413,221,414,222,417,222,420,222,422,221,422,219,426,219,429,218,431,217,431,216,431,216,431,214,431,212,431,212,431,211,429,210,426,209
409,462,404,462,404,462,400,462,395,462,395,462,391,462,386,462,386,462,382,462,378,462,378,462,373,462,369,462,369,462,364,462,360,462,360,462,355,462,351,462,351,462,347,462,342,462,342,460,341,459,338,459,333,459,333,459,329,459,326,458,324,457,323,456,320,455,316,455,316,455,311,455,308,456,307,457,308,458,311,459,314,459,316,460,317,461,320,462,324,462,324,462,329,462,333,462,333,462,338,462,342,462,342,464,344,465,347,465,351,465,351,465,355,465,360,465,360,465,364,465,369,465,369,465,373,465,378,465,378,465,382,465,386,465,386,465,391,465,395,465,395,465,400,465,404,465,404,465,409,465,412,465,413,464,412,462,409,462
400,67,395,67,395,65,394,64,391,63,386,63,386,63,382,63,379,64,378,65,379,66,382,67,386,67,386,67,391,67,395,67,395,68,397,69,400,70,403,69,404,68,403,67,400,67
382,365,378,365,378,365,373,365,369,365,369,363,367,362,364,361,361,362,360,363,361,364,364,365,369,365,369,366,369,368,369,368,369,370,370,371,373,371,376,371,378,370,379,369,382,368,385,367,386,366,385,365,382,365
347,352,344,352,342,353,344,354,347,355,350,354,351,353,350,352,347,352
293,452,289,452,289,452,285,452,282,453,280,454,282,455,285,455,289,455,289,455,293,455,296,455,298,454,296,453,293,452
258,452,255,453,254,454,255,455,258,455,261,455,262,454,261,453,258,452
240,446,236,446,236,446,231,446,228,446,227,447,227,449,227,449,227,451,228,452,231,452,236,452,236,452,240,452,243,452,245,451,245,449,245,449,245,447,243,446,240,446
187,271,183,271,183,271,178,271,175,270,174,269,172,268,169,268,166,267,165,266,164,265,161,264,158,265,156,266,155,267,152,268,149,268,147,269,146,270,143,271,140,271,138,272,138,274,138,274,138,276,140,277,143,277,147,277,147,277,152,277,156,277,156,277,161,277,165,277,165,277,169,277,174,277,174,277,178,277,181,277,183,276,184,275,187,274,190,273,192,272,190,271,187,271
