630,10,320,10,10,10,10,240,10,470,320,470,630,470,630,240,630,10
612,109,608,109,608,107,608,106,608,106,608,104,606,103,603,102,599,102,599,101,598,100,595,99,590,99,590,97,590,96,590,96,590,94,590,93,590,93,590,91,589,90,586,89,583,89,581,88,580,87,577,86,574,86,572,85,572,83,572,83,572,81,571,80,568,80,564,80,564,80,559,80,556,80,555,81,555,83,555,83,555,85,555,86,555,86,555,88,556,89,559,89,562,90,564,91,565,92,568,93,571,93,572,94,574,95,577,96,580,96,581,97,583,99,586,99,590,99,590,101,592,102,595,102,599,102,599,104,599,106,599,106,599,107,600,108,603,109,608,109,608,110,609,112,612,112,615,112,617,110,615,109,612,109
595,122,592,122,590,123,589,124,586,125,583,126,581,127,583,128,586,128,590,128,590,128,595,128,598,128,599,127,599,125,599,125,599,123,598,122,595,122
595,216,592,216,590,217,590,219,590,219,590,221,592,222,595,222,598,222,599,221,599,219,599,219,599,217,598,216,595,216
586,76,583,77,581,78,581,80,581,80,581,81,583,82,586,83,589,82,590,81,590,80,590,80,590,78,589,77,586,76
586,200,583,200,581,201,581,203,581,203,581,204,583,205,586,206,589,205,590,204,590,203,590,203,590,201,589,200,586,200
426,420,423,420,422,421,423,422,426,423,429,422,431,421,429,420,426,420
417,102,414,103,413,104,414,105,417,106,420,105,422,104,420,103,417,102
417,381,414,380,413,379,412,378,409,378,406,378,404,379,404,381,404,381,404,383,404,384,404,384,404,386,406,387,409,387,412,388,413,389,414,390,417,391,420,390,422,389,422,387,422,387,422,386,422,384,422,384,422,383,420,381,417,381
409,394,406,394,404,395,406,397,409,397,412,397,413,395,412,394,409,394
409,407,406,407,404,408,406,410,409,410,412,410,413,408,412,407,409,407
391,426,388,427,386,428,388,429,391,430,394,429,395,428,394,427,391,426
355,12,352,12,351,13,352,14,355,15,358,14,360,13,358,12,355,12
329,41,326,41,324,42,326,43,329,44,332,43,333,42,332,41,329,41
134,326,131,326,130,327,130,329,130,329,130,331,131,332,134,332,137,332,138,331,138,329,138,329,138,327,137,326,134,326
54,420,51,420,50,421,51,422,54,423,57,422,59,421,57,420,54,420
