581,10,583,11,586,12,589,12,590,13,590,15,590,15,590,16,590,18,590,18,590,20,590,21,590,21,590,23,590,25,590,25,590,26,590,28,590,28,590,29,589,31,586,31,583,31,581,29,581,28,581,28,581,26,581,25,581,25,581,23,581,21,581,21,581,20,581,18,581,18,581,16,580,15,577,15,574,14,572,13,572,12,572,12,572,10,291,10,10,10,10,349,13,349,14,350,13,351,10,352,10,411,10,470,320,470,630,470,630,280,627,280,626,279,627,278,630,277,630,248,627,248,626,246,627,245,630,245,630,127,630,10,581,10
612,268,609,268,608,269,609,270,612,271,615,270,617,269,615,268,612,268
603,128,599,128,599,127,598,126,595,125,592,126,590,127,592,128,595,128,599,128,599,130,599,131,595,131,592,132,590,133,592,134,595,135,598,134,599,133,599,131,603,131,606,131,608,130,606,129,603,128
586,38,583,38,581,39,581,41,581,41,581,42,581,44,581,44,581,46,583,47,586,47,589,47,590,46,590,44,590,44,590,42,590,41,590,41,590,39,589,38,586,38
479,148,476,148,475,149,475,151,475,151,475,153,476,154,479,154,482,154,484,153,484,151,484,151,484,149,482,148,479,148
479,164,476,164,475,165,476,167,479,167,482,167,484,165,482,164,479,164
462,465,457,465,457,465,453,465,450,466,448,467,450,468,453,468,457,468,457,468,462,468,465,468,466,467,465,466,462,465
391,391,388,391,386,392,388,393,391,394,394,393,395,392,394,391,391,391
267,439,264,440,262,441,264,442,267,442,270,442,271,441,270,440,267,439
249,436,245,436,245,436,240,436,237,435,236,434,234,433,231,433,228,433,227,434,227,436,227,436,227,438,228,439,231,439,236,439,236,439,240,439,245,439,245,439,249,439,252,439,254,438,252,437,249,436
205,430,202,429,200,428,199,427,196,426,193,427,192,428,192,430,192,430,192,431,193,432,196,433,200,433,200,433,205,433,208,432,209,431,208,430,205,430
72,28,69,28,68,29,69,31,72,31,75,31,76,29,75,28,72,28
72,410,69,411,68,412,69,413,72,413,75,413,76,412,75,411,72,410
