581,10,581,12,581,12,581,13,581,15,581,15,581,16,581,18,586,18,589,19,590,20,590,21,590,21,590,23,589,24,586,25,583,24,581,23,581,21,581,21,581,20,581,18,577,18,574,18,572,16,572,15,572,15,572,13,572,12,572,12,572,10,291,10,10,10,10,349,13,349,14,350,14,352,14,352,14,353,14,355,14,355,14,357,14,358,14,358,14,360,14,361,14,361,14,363,16,364,19,365,22,365,23,366,23,368,23,368,23,370,23,371,23,371,23,373,22,374,19,374,16,374,14,373,14,371,14,371,14,370,13,369,10,368,10,419,10,470,320,470,630,470,630,240,630,10,581,10
586,47,583,48,581,49,583,50,586,50,589,50,590,49,589,48,586,47
586,54,583,54,581,55,583,56,586,57,589,56,590,55,589,54,586,54
568,89,564,89,564,89,559,89,555,89,555,89,550,89,547,90,546,91,547,92,550,93,553,93,555,94,555,96,555,96,555,97,556,99,559,99,562,99,564,97,564,96,564,96,564,94,565,93,568,93,571,92,572,91,571,90,568,89
524,148,521,147,519,146,519,144,519,144,519,143,519,141,519,141,519,140,519,138,519,138,519,136,518,135,515,135,512,135,510,136,510,138,510,138,510,140,510,141,510,141,510,143,510,144,510,144,510,146,510,148,510,148,510,149,510,151,510,151,510,153,510,154,510,154,510,156,510,157,510,157,510,159,509,160,506,161,502,161,502,161,497,161,494,161,493,162,493,164,493,164,493,165,491,167,488,167,485,168,484,169,484,170,479,170,476,171,475,172,476,173,479,174,482,173,484,172,484,170,488,170,493,170,493,170,497,170,500,170,502,169,502,167,502,167,502,165,503,164,506,164,510,164,510,164,515,164,518,163,519,162,521,161,524,161,527,160,528,159,528,157,528,157,528,156,528,154,528,154,528,153,528,151,528,151,528,149,527,148,524,148
515,115,512,116,510,117,512,118,515,119,518,118,519,117,518,116,515,115
497,21,494,22,493,23,494,24,497,25,500,24,502,23,500,22,497,21
488,144,485,145,484,146,484,148,484,148,484,149,484,151,484,151,484,153,485,154,488,154,491,154,493,153,493,151,493,151,493,149,493,148,493,148,493,146,491,145,488,144
479,44,476,45,475,46,476,47,479,47,482,47,484,46,482,45,479,44
471,86,468,87,466,88,466,89,466,89,466,91,468,92,471,93,474,92,475,91,475,89,475,89,475,88,474,87,471,86
453,70,450,70,448,72,450,73,453,73,456,73,457,72,456,70,453,70
426,63,423,64,422,65,422,67,422,67,422,68,422,70,422,70,422,72,423,73,426,73,429,73,431,72,431,70,431,70,431,68,431,67,431,67,431,65,429,64,426,63
391,63,386,63,386,63,382,63,379,64,378,65,379,66,382,67,386,67,386,67,391,67,394,66,395,65,394,64,391,63
240,15,236,15,236,15,231,15,228,15,227,16,228,18,231,18,236,18,236,18,240,18,243,18,245,16,243,15,240,15
