630,60,626,60,626,60,621,60,618,60,617,59,617,57,617,57,617,55,618,54,621,54,626,54,626,54,630,54,630,32,630,10,320,10,10,10,10,240,10,470,320,470,630,470,630,60
471,21,466,21,466,21,462,21,459,22,457,23,456,24,453,25,450,25,448,26,447,27,444,28,441,28,440,29,441,31,444,31,448,31,448,31,453,31,456,32,457,33,457,34,457,34,457,36,457,38,457,38,457,39,459,40,462,41,465,40,466,39,468,38,471,38,474,37,475,36,475,34,475,34,475,33,475,31,475,31,475,29,475,28,475,28,475,26,475,25,475,25,475,23,474,22,471,21
471,229,468,229,466,230,468,231,471,232,474,231,475,230,474,229,471,229
426,25,423,25,422,26,422,28,422,28,422,29,422,31,422,31,422,33,423,34,426,34,429,34,431,33,431,31,431,31,431,29,431,28,431,28,431,26,429,25,426,25
426,407,422,407,422,405,420,404,417,404,414,404,413,405,414,406,417,407,422,407,422,408,423,410,426,410,429,410,431,408,429,407,426,407
382,57,379,58,378,59,379,60,382,60,385,60,386,59,385,58,382,57
373,433,370,433,369,434,370,435,373,436,376,435,378,434,376,433,373,433
329,449,326,449,324,451,324,452,324,452,324,454,326,455,329,455,332,455,333,454,333,452,333,452,333,451,332,449,329,449
293,28,289,28,289,26,288,25,285,25,280,25,280,23,279,22,276,21,271,21,271,21,267,21,264,22,262,23,261,24,258,25,254,25,254,25,249,25,246,25,245,26,246,27,249,28,252,28,254,29,254,31,254,31,254,33,255,34,258,34,262,34,262,34,267,34,270,34,271,33,271,31,276,31,279,31,280,29,280,28,285,28,289,28,289,29,290,31,293,31,296,31,298,29,296,28,293,28
161,12,158,12,156,13,156,15,156,15,156,16,158,18,161,18,164,18,165,16,165,15,165,15,165,13,164,12,161,12
125,349,122,348,121,347,119,346,116,345,113,346,112,347,112,349,112,349,112,350,113,351,116,352,119,352,121,353,122,354,125,355,128,354,130,353,130,352,130,352,130,350,128,349,125,349
276,25,273,25,271,26,271,28,276,28,280,28,280,26,280,25,276,25
267,28,264,28,262,29,264,31,267,31,271,31,271,29,271,28,267,28
