10,313,13,313,14,315,13,316,10,316,10,345,13,346,14,347,13,348,10,349,10,409,10,470,320,470,630,470,630,240,630,10,320,10,10,10,10,313
550,161,547,161,546,162,547,163,550,164,553,163,555,162,553,161,550,161
541,119,538,119,537,120,538,121,541,122,544,121,546,120,544,119,541,119
533,138,528,138,528,136,527,135,524,135,521,135,519,136,521,137,524,138,528,138,528,140,527,141,524,141,521,142,519,143,521,144,524,144,528,144,528,144,533,144,536,144,537,143,537,141,537,141,537,140,536,138,533,138
524,83,521,83,519,85,519,86,515,86,510,86,510,86,506,86,503,87,502,88,503,89,506,89,509,90,510,91,510,93,510,93,510,94,509,95,506,96,503,96,502,97,503,99,506,99,509,100,510,101,510,102,510,102,510,104,510,106,510,106,510,107,510,109,510,109,510,110,512,112,515,112,519,112,519,114,518,115,515,115,512,116,510,117,512,118,515,119,518,119,519,120,521,121,524,122,527,121,528,120,528,119,528,119,528,117,528,115,528,115,528,114,527,113,524,112,519,112,519,110,521,109,524,109,527,108,528,107,527,106,524,106,521,105,519,104,519,102,519,102,519,101,519,99,519,99,519,97,521,96,524,96,527,95,528,94,527,93,524,93,521,92,519,91,519,89,519,89,519,88,519,86,524,86,527,86,528,85,527,83,524,83
524,125,521,126,519,127,521,128,524,128,527,128,528,127,527,126,524,125
515,67,512,67,510,68,510,70,510,70,510,72,512,73,515,73,518,73,519,72,519,70,519,70,519,68,518,67,515,67
497,57,494,58,493,59,493,60,493,60,493,62,493,63,493,63,493,65,494,66,497,67,500,66,502,65,502,63,502,63,502,62,502,60,502,60,502,59,500,58,497,57
462,99,459,100,457,101,459,102,462,102,465,102,466,101,465,100,462,99
90,290,85,290,85,290,81,290,78,291,76,292,75,293,72,293,68,293,68,293,63,293,59,293,59,293,54,293,51,293,50,292,48,291,45,290,42,291,41,292,41,293,41,293,41,295,42,296,45,297,48,297,50,298,51,299,54,300,57,300,59,302,60,303,63,303,68,303,68,303,72,303,75,303,76,302,78,300,81,300,84,299,85,298,87,297,90,297,93,296,94,295,94,293,94,293,94,292,93,291,90,290
45,378,42,378,41,379,42,380,45,381,48,380,50,379,48,378,45,378
37,368,32,368,32,366,32,365,32,365,32,363,32,361,32,361,32,360,31,359,28,358,23,358,23,357,23,355,23,355,23,353,22,352,19,352,16,352,14,353,14,355,14,355,14,357,16,358,19,358,23,358,23,360,23,361,23,361,23,363,23,365,23,365,23,366,25,367,28,368,32,368,32,370,32,371,32,371,32,373,34,374,37,374,40,374,41,373,41,371,41,371,41,370,40,368,37,368
