10,206,13,207,14,208,14,209,14,209,14,211,14,212,14,212,14,214,14,216,14,216,14,217,14,219,14,219,14,221,14,222,14,222,14,224,13,225,10,225,10,329,13,330,14,331,13,332,10,332,10,401,10,470,112,470,113,469,116,468,119,469,121,470,375,470,630,470,630,240,630,10,320,10,10,10,10,206
612,144,608,144,608,144,603,144,599,144,599,144,595,144,592,145,590,146,590,148,590,148,590,149,590,151,590,151,590,153,592,154,595,154,598,154,599,153,600,151,603,151,606,150,608,149,609,148,612,148,615,147,617,146,615,145,612,144
586,131,583,132,581,133,583,134,586,135,589,134,590,133,589,132,586,131
577,122,574,122,572,123,572,125,568,125,564,125,564,125,559,125,556,126,555,127,555,128,550,128,546,128,546,128,541,128,538,129,537,130,537,131,537,131,537,133,538,134,541,135,544,134,546,133,547,132,550,131,555,131,555,133,556,134,559,135,562,134,564,133,562,132,559,131,555,131,555,130,555,128,559,128,564,128,564,128,568,128,571,128,572,127,572,125,577,125,580,124,581,123,580,122,577,122
577,326,574,326,572,327,574,329,577,329,580,329,581,327,580,326,577,326
550,138,546,138,546,138,541,138,538,138,537,140,538,141,541,141,546,141,546,141,550,141,553,141,555,140,553,138,550,138
541,157,538,157,537,156,536,155,533,154,530,155,528,156,527,157,524,157,521,158,519,159,521,160,524,161,528,161,528,161,533,161,537,161,537,161,541,161,544,160,546,159,544,158,541,157
533,436,530,437,528,438,528,439,528,439,528,441,530,442,533,442,536,442,537,441,537,439,537,439,537,438,536,437,533,436
302,93,298,93,298,93,293,93,290,93,289,94,290,95,293,96,298,96,298,96,302,96,305,95,307,94,305,93,302,93
240,193,237,194,236,195,237,196,240,196,243,196,245,195,243,194,240,193
223,196,220,197,218,198,220,199,223,200,226,199,227,198,226,197,223,196
143,381,138,381,138,381,134,381,131,381,130,383,131,384,134,384,138,384,138,384,143,384,146,384,147,383,146,381,143,381
99,371,94,371,94,371,90,371,87,371,85,370,84,368,81,368,78,367,76,366,75,365,72,365,69,364,68,363,66,362,63,361,60,362,59,363,59,365,59,365,59,366,60,367,63,368,66,369,68,370,69,371,72,371,75,372,76,373,78,374,81,374,85,374,85,374,90,374,93,375,94,376,96,377,99,378,102,377,103,376,103,374,103,374,103,373,102,372,99,371
81,216,76,216,76,214,76,212,76,212,76,211,75,210,72,209,68,209,68,209,63,209,60,210,59,211,60,212,63,212,66,213,68,214,69,215,72,216,76,216,76,217,78,218,81,219,84,218,85,217,84,216,81,216
54,423,51,424,50,425,51,426,54,426,57,426,59,425,57,424,54,423
19,229,16,229,14,230,16,231,19,232,22,231,23,230,22,229,19,229
