564,10,562,11,559,12,556,11,555,10,282,10,10,10,10,240,10,470,320,470,630,470,630,240,630,10,564,10
577,21,574,22,572,23,572,25,572,25,572,26,572,28,572,28,572,29,574,31,577,31,580,31,581,29,581,28,581,28,581,26,581,25,581,25,581,23,580,22,577,21
577,38,574,38,572,39,574,40,577,41,580,40,581,39,580,38,577,38
568,15,565,15,564,16,565,18,568,18,571,18,572,16,571,15,568,15
559,106,556,106,555,107,555,109,555,109,555,110,556,112,559,112,562,112,564,110,564,109,564,109,564,107,562,106,559,106
541,119,537,119,537,117,536,116,533,115,530,115,528,114,527,113,524,112,519,112,519,112,515,112,512,113,510,114,510,115,510,115,510,117,510,119,506,119,503,118,502,117,500,116,497,115,494,115,493,114,493,112,493,112,493,110,493,109,493,109,493,107,491,106,488,106,485,106,484,107,482,108,479,109,476,109,475,110,475,112,475,112,475,114,475,115,475,115,475,117,474,118,471,119,468,119,466,120,468,121,471,122,474,122,475,123,475,125,475,125,475,127,476,128,479,128,482,129,484,130,485,131,488,131,491,132,493,133,494,134,497,135,500,135,502,136,503,137,506,138,510,138,510,138,515,138,518,139,519,140,519,141,519,141,519,143,518,144,515,144,510,144,510,144,506,144,503,144,502,143,500,142,497,141,494,141,493,140,491,138,488,138,484,138,484,138,479,138,475,138,475,136,475,135,475,135,475,133,474,132,471,131,468,132,466,133,466,135,466,135,466,136,468,137,471,138,475,138,475,140,475,141,475,141,475,143,475,144,475,144,475,146,475,148,475,148,475,149,476,150,479,151,484,151,484,151,488,151,491,151,493,153,494,154,497,154,500,155,502,156,503,157,506,157,510,157,510,157,515,157,519,157,519,157,524,157,527,157,528,156,530,155,533,154,536,154,537,153,537,151,537,151,537,149,537,148,537,148,537,146,537,144,537,144,537,143,537,141,537,141,537,140,536,138,533,138,530,137,528,136,528,135,528,135,528,133,530,132,533,131,536,131,537,130,537,128,537,128,537,127,536,126,533,125,528,125,528,123,528,122,528,122,528,120,530,119,533,119,537,119,537,120,538,121,541,122,544,121,546,120,544,119,541,119
533,25,528,25,528,25,524,25,519,25,519,23,519,21,519,21,519,20,518,19,515,18,512,19,510,20,509,21,506,21,503,22,502,23,502,25,502,25,502,26,503,27,506,28,509,27,510,26,512,25,515,25,519,25,519,26,519,28,519,28,519,29,519,31,519,31,519,33,519,34,519,34,519,36,519,38,519,38,519,39,519,41,519,41,519,42,519,44,519,44,519,46,521,47,524,47,528,47,528,47,533,47,536,47,537,46,537,44,537,44,537,42,536,41,533,41,530,40,528,39,528,38,528,38,528,36,530,35,533,34,536,34,537,33,537,31,537,31,537,29,537,28,537,28,537,26,536,25,533,25
506,50,503,51,502,52,503,53,506,54,509,53,510,52,509,51,506,50
497,96,494,96,493,97,494,99,497,99,500,99,502,97,500,96,497,96
479,96,476,96,475,97,475,99,475,99,475,101,476,102,479,102,482,102,484,101,484,99,484,99,484,97,482,96,479,96
471,387,468,388,466,389,468,390,471,391,474,390,475,389,474,388,471,387
462,381,459,381,457,383,459,384,462,384,465,384,466,383,465,381,462,381
453,28,450,27,448,26,448,25,448,25,448,23,448,21,448,21,448,20,447,19,444,18,440,18,440,18,435,18,432,19,431,20,431,21,431,21,431,23,431,25,431,25,431,26,429,27,426,28,423,28,422,29,420,31,417,31,414,32,413,33,414,34,417,34,420,35,422,36,423,37,426,38,431,38,431,38,435,38,438,37,440,36,440,34,440,34,440,33,441,32,444,31,447,32,448,33,450,34,453,34,456,34,457,33,457,31,457,31,457,29,456,28,453,28
302,232,299,232,298,234,299,235,302,235,305,235,307,234,305,232,302,232
178,349,174,349,174,349,169,349,166,349,165,350,165,352,161,352,158,352,156,353,158,354,161,355,164,354,165,353,165,352,169,352,174,352,174,352,178,352,181,351,183,350,181,349,178,349
161,436,156,436,156,436,152,436,149,437,147,438,149,439,152,439,156,439,156,439,161,439,164,439,165,438,164,437,161,436
134,433,131,433,130,434,131,435,134,436,137,435,138,434,137,433,134,433
125,355,122,356,121,357,122,358,125,358,128,358,130,357,128,356,125,355
524,125,521,126,519,127,519,128,524,128,527,128,528,127,528,125,524,125
515,119,510,119,510,120,512,121,515,122,518,121,519,120,518,119,515,119
515,128,512,129,510,130,512,131,515,131,518,131,519,130,519,128,515,128
515,148,512,148,510,149,510,151,510,151,510,153,512,154,515,154,518,154,519,153,519,151,519,151,519,149,518,148,515,148
