537,10,536,11,533,12,530,11,528,10,298,10,296,11,293,12,290,11,289,10,149,10,10,10,10,148,13,148,14,149,13,150,10,151,10,310,10,470,85,470,87,469,90,468,93,469,94,470,362,470,630,470,630,34,627,34,626,33,627,32,630,31,630,21,630,10,537,10
621,439,618,440,617,441,617,442,617,442,617,444,617,446,617,446,617,447,617,449,617,449,617,451,617,452,617,452,617,454,617,455,617,455,617,457,617,459,617,459,617,460,617,462,617,462,617,464,618,465,621,465,624,465,626,464,626,462,626,462,626,460,626,459,626,459,626,457,626,455,626,455,626,454,626,452,626,452,626,451,626,449,626,449,626,447,626,446,626,446,626,444,626,442,626,442,626,441,624,440,621,439
603,135,600,135,599,136,600,137,603,138,606,137,608,136,606,135,603,135
595,109,590,109,590,107,590,106,590,106,590,104,589,103,586,102,581,102,581,101,580,100,577,99,572,99,572,99,568,99,565,100,564,101,565,102,568,102,572,102,572,102,577,102,581,102,581,104,581,106,581,106,581,107,583,108,586,109,590,109,590,110,592,112,595,112,598,112,599,110,598,109,595,109
595,274,592,275,590,276,592,277,595,277,598,277,599,276,598,275,595,274
586,135,581,135,581,135,577,135,574,135,572,136,574,137,577,138,581,138,581,138,586,138,589,137,590,136,589,135,586,135
577,112,574,113,572,114,572,115,572,115,572,117,574,118,577,119,580,118,581,117,581,115,581,115,581,114,580,113,577,112
568,106,565,106,564,107,565,108,568,109,571,108,572,107,571,106,568,106
568,122,565,122,564,123,565,124,568,125,571,124,572,123,571,122,568,122
559,112,556,113,555,114,556,115,559,115,562,115,564,114,562,113,559,112
541,15,538,15,537,16,537,18,537,18,537,20,538,21,541,21,544,21,546,20,546,18,546,18,546,16,544,15,541,15
541,25,538,25,537,26,538,27,541,28,544,27,546,26,544,25,541,25
541,31,538,32,537,33,537,34,537,34,537,36,537,38,537,38,537,39,538,40,541,41,544,40,546,39,546,38,546,38,546,36,546,34,546,34,546,33,544,32,541,31
541,73,537,73,537,73,533,73,530,74,528,75,530,76,533,76,537,76,537,76,541,76,544,76,546,75,544,74,541,73
541,83,538,83,537,85,537,86,537,86,537,88,538,89,541,89,544,89,546,88,546,86,546,86,546,85,544,83,541,83
541,102,538,103,537,104,538,105,541,106,544,105,546,104,544,103,541,102
541,115,537,115,537,115,533,115,530,116,528,117,528,119,528,119,528,120,528,122,528,122,528,123,530,124,533,125,537,125,537,125,541,125,544,124,546,123,544,122,541,122,538,121,537,120,538,119,541,119,544,118,546,117,544,116,541,115
533,60,530,61,528,62,530,63,533,63,536,63,537,62,536,61,533,60
444,329,441,330,440,331,438,332,435,332,432,332,431,331,431,329,431,329,431,327,431,326,431,326,431,324,429,323,426,323,423,323,422,324,420,325,417,326,414,326,413,327,412,329,409,329,406,330,404,331,403,332,400,332,395,332,395,332,391,332,386,332,386,332,382,332,379,333,378,334,376,335,373,336,369,336,369,336,364,336,360,336,360,336,355,336,352,336,351,337,351,339,351,339,351,340,352,342,355,342,358,342,360,340,361,339,364,339,369,339,369,339,373,339,378,339,378,339,382,339,385,338,386,337,388,336,391,336,395,336,395,336,400,336,404,336,404,336,409,336,412,335,413,334,414,333,417,332,420,333,422,334,422,336,422,336,422,337,423,338,426,339,429,339,431,340,431,342,426,342,423,343,422,344,423,345,426,345,429,345,431,344,431,342,435,342,438,342,440,340,440,339,440,339,440,337,441,336,444,336,447,335,448,334,448,332,448,332,448,331,447,330,444,329
435,89,432,90,431,91,432,92,435,93,438,92,440,91,438,90,435,89
426,76,423,77,422,78,422,80,417,80,414,80,413,81,414,82,417,83,420,82,422,81,422,80,426,80,429,79,431,78,429,77,426,76
417,109,414,109,413,110,414,112,417,112,420,112,422,110,420,109,417,109
355,193,351,193,351,193,347,193,344,194,342,195,344,196,347,196,351,196,351,196,355,196,358,196,360,195,358,194,355,193
347,12,344,12,342,13,342,15,338,15,335,15,333,16,333,18,333,18,333,20,335,21,338,21,341,21,342,20,342,18,342,18,342,16,342,15,347,15,350,14,351,13,350,12,347,12
320,70,316,70,316,70,311,70,308,70,307,72,308,73,311,73,316,73,316,73,320,73,323,73,324,72,323,70,320,70
302,63,299,64,298,65,299,66,302,67,305,66,307,65,305,64,302,63
276,54,273,54,271,55,273,56,276,57,279,56,280,55,279,54,276,54
267,21,264,22,262,23,264,24,267,25,270,24,271,23,270,22,267,21
249,34,246,35,245,36,246,37,249,38,252,37,254,36,252,35,249,34
240,21,237,22,236,23,237,24,240,25,243,24,245,23,243,22,240,21
240,28,237,28,236,29,237,31,240,31,243,31,245,29,243,28,240,28
134,332,131,332,130,331,130,329,130,329,130,327,128,326,125,326,122,326,121,327,121,329,121,329,121,331,121,332,121,332,121,334,122,335,125,336,130,336,130,336,134,336,137,335,138,334,137,333,134,332
