10,342,13,343,14,344,14,345,14,345,14,347,14,349,19,349,22,349,23,350,23,352,23,352,23,353,25,354,28,355,31,356,32,357,32,358,32,358,32,360,34,361,37,361,40,362,41,363,41,365,41,365,41,366,41,368,41,368,41,370,40,371,37,371,34,371,32,370,32,368,32,368,32,366,31,365,28,365,25,364,23,363,23,361,23,361,23,360,22,359,19,358,16,358,14,357,14,355,14,355,14,353,14,352,14,352,14,350,14,349,10,349,10,409,10,470,320,470,630,470,630,240,630,10,320,10,10,10,10,342
586,170,581,170,581,169,580,168,577,167,572,167,572,165,571,164,568,164,564,164,564,164,559,164,556,164,555,165,556,167,559,167,564,167,564,167,568,167,572,167,572,169,574,170,577,170,581,170,581,172,583,173,586,174,589,173,590,172,589,171,586,170
541,125,538,126,537,127,538,128,541,128,544,128,546,127,544,126,541,125
533,131,528,131,528,131,524,131,521,132,519,133,521,134,524,135,527,135,528,136,530,137,533,138,536,137,537,136,537,135,537,135,537,133,536,132,533,131
533,151,530,151,528,153,528,154,528,154,528,156,530,157,533,157,536,157,537,156,537,154,537,154,537,153,536,151,533,151
515,138,512,138,510,140,510,141,510,141,510,143,512,144,515,144,518,144,519,143,519,141,519,141,519,140,518,138,515,138
479,76,476,77,475,78,476,79,479,80,482,79,484,78,482,77,479,76
90,280,87,281,85,282,85,284,85,284,85,285,87,286,90,287,93,286,94,285,94,284,94,284,94,282,93,281,90,280
81,394,76,394,76,394,72,394,69,394,68,395,69,397,72,397,75,398,76,399,78,400,81,400,84,400,85,399,85,397,85,397,85,395,84,394,81,394
72,274,68,274,68,274,63,274,60,275,59,276,59,277,54,277,51,278,50,279,51,280,54,280,57,280,59,279,59,277,63,277,68,277,68,277,72,277,75,277,76,276,75,275,72,274
54,420,51,420,50,421,51,422,54,423,57,422,59,421,57,420,54,420
