630,10,320,10,10,10,10,240,10,470,320,470,630,470,630,240,630,10
612,109,608,109,608,107,608,106,608,106,608,104,606,103,603,102,600,103,599,104,599,106,599,106,599,107,600,108,603,109,608,109,608,110,609,112,612,112,615,112,617,110,615,109,612,109
603,122,599,122,599,122,595,122,592,122,590,123,590,125,590,125,590,127,592,128,595,128,598,128,599,127,600,126,603,125,606,124,608,123,606,122,603,122
595,83,590,83,590,81,589,80,586,80,583,80,581,81,583,82,586,83,590,83,590,85,592,86,595,86,598,86,599,85,598,83,595,83
586,200,583,200,581,201,583,202,586,203,589,202,590,201,589,200,586,200
471,21,468,22,466,23,468,24,471,25,474,24,475,23,474,22,471,21
417,102,414,103,413,104,414,105,417,106,420,105,422,104,420,103,417,102
417,381,414,381,413,383,413,384,413,384,413,386,413,387,413,387,413,389,414,390,417,391,420,390,422,389,422,387,422,387,422,386,422,384,422,384,422,383,420,381,417,381
409,394,406,394,404,395,406,397,409,397,412,397,413,395,412,394,409,394
355,12,352,12,351,13,352,14,355,15,358,14,360,13,358,12,355,12
