630,10,320,10,10,10,10,240,10,470,320,470,630,470,630,240,630,10
568,128,565,129,564,130,565,131,568,131,571,131,572,130,571,129,568,128
302,449,298,449,298,447,296,446,293,446,290,446,289,447,290,448,293,449,298,449,298,451,299,452,302,452,305,452,307,451,305,449,302,449
249,433,245,433,245,431,245,430,245,430,245,428,243,427,240,426,236,426,236,426,231,426,227,426,227,426,223,426,220,427,218,428,220,429,223,430,227,430,227,430,231,430,234,430,236,431,237,432,240,433,245,433,245,434,246,435,249,436,252,435,254,434,252,433,249,433
231,154,228,155,227,156,228,157,231,157,234,157,236,156,234,155,231,154
196,125,193,126,192,127,192,128,192,128,192,130,192,131,192,131,192,133,193,134,196,135,199,134,200,133,200,131,200,131,200,130,200,128,200,128,200,127,199,126,196,125
196,417,193,417,192,418,193,419,196,420,199,419,200,418,199,417,196,417
178,384,174,384,174,384,169,384,166,385,165,386,166,387,169,387,174,387,174,387,178,387,181,387,183,386,181,385,178,384
169,115,166,116,165,117,166,118,169,119,172,118,174,117,172,116,169,115
161,371,158,372,156,373,158,374,161,374,164,374,165,373,164,372,161,371
143,109,140,109,138,110,140,112,143,112,146,112,147,110,146,109,143,109
