581,10,581,12,581,12,581,13,580,14,577,15,574,14,572,13,572,12,572,12,572,10,307,10,305,11,302,12,298,12,298,12,293,12,290,11,289,10,149,10,10,10,10,240,10,470,320,470,630,470,630,240,630,10,581,10
586,28,581,28,581,28,577,28,574,28,572,29,572,31,572,31,572,33,574,34,577,34,580,34,581,33,583,32,586,31,589,31,590,29,589,28,586,28
586,54,583,54,581,55,580,56,577,57,574,58,572,59,572,60,568,60,565,61,564,62,564,63,564,63,564,65,564,67,559,67,556,67,555,68,555,70,555,70,555,72,555,73,555,73,555,75,553,76,550,76,547,77,546,78,546,80,546,80,546,81,546,83,546,83,546,85,546,86,546,86,546,88,547,89,550,89,553,89,555,88,555,86,555,86,555,85,556,83,559,83,564,83,564,83,568,83,571,82,572,81,572,80,572,80,572,78,572,76,572,76,572,75,571,74,568,73,565,73,564,72,564,70,564,70,564,68,564,67,568,67,571,66,572,65,572,63,572,63,572,62,572,60,577,60,581,60,581,60,586,60,589,60,590,59,590,57,590,57,590,55,589,54,586,54
524,144,521,145,519,146,519,148,519,148,519,149,519,151,519,151,519,153,521,154,524,154,527,154,528,153,528,151,528,151,528,149,528,148,528,148,528,146,527,145,524,144
488,76,484,76,484,76,479,76,475,76,475,75,476,74,479,73,482,73,484,72,482,70,479,70,476,69,475,68,474,67,471,67,468,66,466,65,465,64,462,63,457,63,457,63,453,63,450,64,448,65,448,67,448,67,448,68,448,70,448,70,448,72,448,73,448,73,448,75,448,76,448,76,448,78,450,79,453,80,457,80,457,80,462,80,465,79,466,78,468,77,471,76,475,76,475,78,476,79,479,80,484,80,484,80,488,80,491,79,493,78,491,77,488,76
479,47,475,47,475,47,471,47,468,48,466,49,465,50,462,50,459,51,457,52,459,53,462,54,466,54,466,54,471,54,474,53,475,52,476,51,479,50,482,50,484,49,482,48,479,47
462,57,459,58,457,59,459,60,462,60,465,60,466,59,465,58,462,57
462,86,457,86,457,85,456,83,453,83,450,83,448,85,450,86,453,86,457,86,457,88,459,89,462,89,465,89,466,88,465,87,462,86
444,44,440,44,440,44,435,44,431,44,431,44,426,44,422,44,422,44,417,44,413,44,413,44,409,44,406,45,404,46,404,47,404,47,404,49,406,50,409,50,412,50,413,49,414,48,417,47,422,47,422,47,426,47,431,47,431,47,435,47,440,47,440,47,444,47,447,47,448,46,447,45,444,44
426,67,423,67,422,68,423,69,426,70,429,69,431,68,429,67,426,67
409,60,406,61,404,62,404,63,404,63,404,65,406,66,409,67,412,66,413,65,413,63,413,63,413,62,412,61,409,60
391,63,388,64,386,65,388,66,391,67,394,66,395,65,394,64,391,63
373,465,369,465,369,465,364,465,360,465,360,464,358,462,355,462,352,462,351,464,352,465,355,465,360,465,360,467,361,468,364,468,369,468,369,468,373,468,376,468,378,467,376,466,373,465
285,15,282,15,280,16,282,18,285,18,288,18,289,16,288,15,285,15
249,25,245,25,245,23,243,22,240,21,236,21,236,21,231,21,228,22,227,23,228,24,231,25,236,25,236,25,240,25,245,25,245,26,245,28,245,28,245,29,246,31,249,31,252,31,254,29,254,28,254,28,254,26,252,25,249,25
161,54,158,54,156,55,158,56,161,57,164,56,165,55,164,54,161,54
