10,342,13,343,14,344,14,345,19,345,22,346,23,347,23,349,23,349,23,350,25,351,28,352,31,352,32,353,32,355,32,355,32,357,32,358,32,358,32,360,32,361,37,361,40,362,41,363,41,365,41,365,41,366,40,367,37,368,34,367,32,366,32,365,32,365,32,363,32,361,28,361,25,361,23,360,23,358,23,358,23,357,22,356,19,355,16,354,14,353,14,352,14,352,14,350,14,349,14,349,14,347,14,345,10,345,10,408,10,470,320,470,630,470,630,240,630,10,320,10,10,10,10,342
586,170,581,170,581,169,581,167,581,167,581,165,580,164,577,164,572,164,572,164,568,164,565,164,564,165,565,167,568,167,571,168,572,169,574,170,577,170,581,170,581,172,583,173,586,174,589,173,590,172,589,171,586,170
541,47,538,48,537,49,538,50,541,50,544,50,546,49,544,48,541,47
541,125,537,125,537,123,536,122,533,122,530,122,528,123,530,124,533,125,537,125,537,127,538,128,541,128,544,128,546,127,544,126,541,125
533,151,530,151,528,153,528,154,528,154,528,156,530,157,533,157,536,157,537,156,537,154,537,154,537,153,536,151,533,151
524,131,521,132,519,133,521,134,524,135,527,134,528,133,527,132,524,131
515,141,512,142,510,143,512,144,515,144,518,144,519,143,518,142,515,141
515,151,512,151,510,153,512,154,515,154,518,154,519,153,518,151,515,151
285,446,280,446,280,446,276,446,271,446,271,446,267,446,262,446,262,446,258,446,255,446,254,447,255,448,258,449,262,449,262,449,267,449,271,449,271,449,276,449,280,449,280,449,285,449,288,448,289,447,288,446,285,446
214,433,211,433,209,434,211,435,214,436,217,435,218,434,217,433,214,433
90,280,87,281,85,282,87,283,90,284,93,283,94,282,93,281,90,280
90,397,87,397,85,395,84,394,81,394,78,394,76,395,76,397,76,397,76,399,78,400,81,400,85,400,85,400,90,400,93,400,94,399,93,398,90,397
72,274,68,274,68,274,63,274,59,274,59,274,54,274,51,275,50,276,50,277,50,277,50,279,51,280,54,280,59,280,59,280,63,280,66,280,68,279,69,278,72,277,75,277,76,276,75,275,72,274
