342,10,341,11,338,12,335,11,333,10,172,10,10,10,10,240,10,470,85,470,87,469,90,468,93,469,94,470,362,470,630,470,630,240,630,10,342,10
621,439,618,440,617,441,617,442,617,442,617,444,617,446,617,446,617,447,617,449,617,449,617,451,617,452,617,452,617,454,618,455,621,455,624,455,626,454,626,452,626,452,626,451,626,449,626,449,626,447,626,446,626,446,626,444,626,442,626,442,626,441,624,440,621,439
533,28,530,28,528,29,528,31,528,31,528,33,528,34,528,34,528,36,528,38,528,38,528,39,530,40,533,41,536,40,537,39,537,38,537,38,537,36,537,34,537,34,537,33,537,31,537,31,537,29,536,28,533,28
524,70,521,70,519,72,521,73,524,73,527,73,528,72,527,70,524,70
426,342,423,343,422,344,422,345,422,345,422,347,423,348,426,349,429,348,431,347,431,345,431,345,431,344,429,343,426,342
400,436,397,437,395,438,395,439,395,439,395,441,397,442,400,442,403,442,404,441,404,439,404,439,404,438,403,437,400,436
391,67,388,67,386,68,388,69,391,70,394,69,395,68,394,67,391,67
329,28,324,28,324,28,320,28,317,28,316,29,317,31,320,31,324,31,324,31,329,31,332,31,333,29,332,28,329,28
329,34,326,35,324,36,326,37,329,38,332,37,333,36,332,35,329,34
276,18,273,18,271,16,270,15,267,15,264,15,262,16,261,18,258,18,254,18,254,16,252,15,249,15,245,15,245,13,243,12,240,12,237,12,236,13,237,14,240,15,245,15,245,16,246,18,249,18,254,18,254,20,254,21,254,21,254,23,255,24,258,25,261,24,262,23,264,22,267,21,271,21,271,21,276,21,279,21,280,20,279,19,276,18
240,21,237,22,236,23,237,24,240,25,243,24,245,23,243,22,240,21
223,25,220,25,218,26,220,27,223,28,226,27,227,26,226,25,223,25
214,12,211,12,209,13,209,15,209,15,209,16,211,18,214,18,217,18,218,16,218,15,218,15,218,13,217,12,214,12
125,332,122,333,121,334,121,336,121,336,121,337,122,338,125,339,128,338,130,337,130,336,130,336,130,334,128,333,125,332
