630,10,320,10,10,10,10,240,10,470,320,470,630,470,630,240,630,10
603,109,599,109,599,107,598,106,595,106,590,106,590,106,586,106,581,106,581,106,577,106,574,106,572,107,574,108,577,109,581,109,581,109,586,109,590,109,590,109,595,109,599,109,599,110,600,112,603,112,606,112,608,110,606,109,603,109
603,122,600,122,599,123,600,124,603,125,606,124,608,123,606,122,603,122
506,99,503,99,502,97,500,96,497,96,494,96,493,97,491,99,488,99,485,99,484,97,482,96,479,96,475,96,475,96,471,96,466,96,466,96,462,96,459,96,457,97,457,99,457,99,457,101,457,102,457,102,457,104,457,106,457,106,457,107,459,108,462,109,466,109,466,109,471,109,475,109,475,109,479,109,482,108,484,107,485,106,488,106,493,106,493,106,497,106,500,105,502,104,503,103,506,102,509,102,510,101,509,100,506,99
506,235,502,235,502,235,497,235,494,236,493,237,494,238,497,238,502,238,502,238,506,238,509,238,510,237,509,236,506,235
435,99,432,100,431,101,429,102,426,102,422,102,422,101,422,99,422,99,422,97,420,96,417,96,414,96,413,97,413,99,413,99,413,101,413,102,409,102,404,102,404,102,400,102,397,102,395,101,394,100,391,99,388,99,386,97,385,96,382,96,379,96,378,97,378,99,378,99,378,101,376,102,373,102,370,103,369,104,369,106,364,106,361,106,360,107,360,109,355,109,352,109,351,110,350,111,347,112,344,113,342,114,344,115,347,115,351,115,351,115,355,115,358,115,360,114,360,112,360,112,360,110,360,109,364,109,367,108,369,107,369,106,373,106,378,106,378,106,382,106,385,106,386,107,388,108,391,109,394,108,395,107,397,106,400,106,404,106,404,106,409,106,412,105,413,104,413,102,417,102,422,102,422,104,422,106,422,106,422,107,422,109,422,109,422,110,423,112,426,112,431,112,431,112,435,112,438,112,440,110,440,109,440,109,440,107,440,106,440,106,440,104,440,102,440,102,440,101,438,100,435,99
435,455,432,455,431,454,429,453,426,452,423,452,422,451,420,449,417,449,413,449,413,449,409,449,404,449,404,449,400,449,395,449,395,449,391,449,388,449,386,451,388,452,391,452,395,452,395,452,400,452,404,452,404,452,409,452,412,453,413,454,414,455,417,455,420,456,422,457,423,458,426,459,431,459,431,459,435,459,438,458,440,457,438,456,435,455
409,73,404,73,404,72,403,70,400,70,397,70,395,72,397,73,400,73,404,73,404,75,406,76,409,76,412,76,413,75,412,74,409,73
391,54,388,54,386,55,388,56,391,57,394,56,395,55,394,54,391,54
364,83,361,83,360,85,361,86,364,86,367,86,369,85,367,83,364,83
364,446,361,445,360,444,358,443,355,442,351,442,351,441,350,440,347,439,342,439,342,438,341,437,338,436,335,435,333,434,332,433,329,433,326,433,324,434,324,436,324,436,324,438,326,439,329,439,333,439,333,439,338,439,342,439,342,441,344,442,347,442,351,442,351,444,351,446,351,446,351,447,352,448,355,449,360,449,360,449,364,449,367,448,369,447,367,446,364,446
355,76,352,77,351,78,352,79,355,80,358,79,360,78,358,77,355,76
347,70,344,70,342,72,344,73,347,73,350,73,351,72,350,70,347,70
320,60,317,61,316,62,317,63,320,63,323,63,324,62,323,61,320,60
320,67,317,67,316,68,316,70,316,70,316,72,317,73,320,73,323,73,324,72,324,70,324,70,324,68,323,67,320,67
311,430,307,430,307,430,302,430,299,430,298,431,299,432,302,433,307,433,307,433,311,433,314,432,316,431,314,430,311,430
293,423,289,423,289,423,285,423,282,424,280,425,282,426,285,426,289,426,289,426,293,426,296,426,298,425,296,424,293,423
285,31,282,32,280,33,282,34,285,34,288,34,289,33,288,32,285,31
267,25,264,25,262,26,262,28,262,28,262,29,264,31,267,31,270,31,271,29,271,28,271,28,271,26,270,25,267,25
240,420,237,419,236,418,234,417,231,417,227,417,227,417,223,417,220,416,218,415,217,414,214,413,211,414,209,415,209,417,209,417,209,418,211,419,214,420,218,420,218,420,223,420,226,420,227,421,228,422,231,423,236,423,236,423,240,423,243,422,245,421,243,420,240,420
196,404,193,404,192,405,193,406,196,407,199,406,200,405,199,404,196,404
169,374,165,374,165,374,161,374,158,375,156,376,158,377,161,378,164,378,165,379,166,380,169,381,172,380,174,379,174,378,174,378,174,376,172,375,169,374
161,63,158,64,156,65,155,66,152,67,149,67,147,68,149,69,152,70,156,70,156,70,161,70,164,69,165,68,165,67,165,67,165,65,164,64,161,63
152,365,147,365,147,365,143,365,140,365,138,366,140,367,143,368,147,368,147,368,152,368,155,367,156,366,155,365,152,365
143,83,140,83,138,85,140,86,143,86,146,86,147,85,146,83,143,83
54,420,51,420,50,421,51,422,54,423,57,422,59,421,57,420,54,420
