10,329,13,330,14,331,13,332,10,332,10,401,10,470,320,470,630,470,630,240,630,10,320,10,10,10,10,329
612,99,609,100,608,101,609,102,612,102,615,102,617,101,615,100,612,99
612,119,609,119,608,120,608,122,603,122,600,122,599,123,599,125,595,125,592,126,590,127,592,128,595,128,598,128,599,127,599,125,603,125,606,124,608,123,608,122,612,122,615,121,617,120,615,119,612,119
603,135,599,135,599,135,595,135,592,135,590,136,592,137,595,138,598,139,599,140,600,141,603,141,606,141,608,140,608,138,608,138,608,136,606,135,603,135
577,115,574,116,572,117,574,118,577,119,580,118,581,117,580,116,577,115
577,128,574,129,572,130,574,131,577,131,580,131,581,130,580,129,577,128
559,122,556,122,555,123,553,124,550,125,547,126,546,127,546,128,546,128,546,130,544,131,541,131,538,132,537,133,537,135,537,135,537,136,537,138,533,138,530,138,528,140,530,141,533,141,536,141,537,140,537,138,541,138,546,138,546,138,550,138,553,137,555,136,555,135,555,135,555,133,555,131,555,131,555,130,556,129,559,128,562,128,564,127,564,125,564,125,564,123,562,122,559,122
559,336,556,336,555,337,555,339,555,339,555,340,556,342,559,342,562,342,564,340,564,339,564,339,564,337,562,336,559,336
550,115,547,116,546,117,547,118,550,119,553,118,555,117,553,116,550,115
541,164,538,164,537,165,538,167,541,167,544,167,546,165,544,164,541,164
515,433,512,433,510,434,510,436,510,436,510,438,512,439,515,439,518,439,519,438,519,436,519,436,519,434,518,433,515,433
373,268,370,268,369,269,370,270,373,271,376,270,378,269,376,268,373,268
355,277,352,278,351,279,352,280,355,280,358,280,360,279,358,278,355,277
205,374,202,375,200,376,202,377,205,378,208,377,209,376,208,375,205,374
134,371,131,372,130,373,131,374,134,374,137,374,138,373,137,372,134,371
99,368,96,367,94,366,93,365,90,365,87,364,85,363,84,362,81,361,78,361,76,360,75,359,72,358,69,358,68,357,66,356,63,355,59,355,59,353,57,352,54,352,51,352,50,353,51,354,54,355,59,355,59,357,59,358,59,358,59,360,60,361,63,361,66,362,68,363,69,364,72,365,75,365,76,366,78,367,81,368,84,369,85,370,87,371,90,371,94,371,94,371,99,371,102,371,103,370,102,368,99,368
81,190,76,190,76,190,72,190,69,190,68,191,68,193,63,193,59,193,59,191,59,190,59,190,59,188,57,187,54,187,50,187,50,187,45,187,42,187,41,188,40,189,37,190,34,189,32,188,31,187,28,187,23,187,23,187,19,187,16,187,14,188,14,190,14,190,14,191,14,193,14,193,14,195,16,196,19,196,23,196,23,196,28,196,32,196,32,196,37,196,40,196,41,195,42,194,45,193,50,193,50,193,54,193,59,193,59,195,59,196,59,196,59,198,60,199,63,200,66,199,68,198,68,196,68,196,68,195,68,193,72,193,76,193,76,193,81,193,84,192,85,191,84,190,81,190
