630,10,320,10,10,10,10,240,10,470,320,470,630,470,630,240,630,10
586,57,581,57,581,57,577,57,574,58,572,59,574,60,577,60,581,60,581,60,586,60,589,60,590,59,589,58,586,57
568,63,565,64,564,65,564,67,559,67,556,67,555,68,555,70,555,70,555,72,555,73,555,73,555,75,555,76,555,76,555,78,555,80,555,80,555,81,555,83,555,83,555,85,555,86,550,86,547,87,546,88,546,89,541,89,538,90,537,91,538,92,541,93,544,92,546,91,546,89,550,89,553,89,555,88,555,86,559,86,564,86,564,88,565,89,568,89,571,89,572,88,571,87,568,86,564,86,564,85,564,83,564,83,564,81,564,80,564,80,564,78,564,76,564,76,564,75,564,73,564,73,564,72,564,70,564,70,564,68,564,67,568,67,571,66,572,65,571,64,568,63
524,148,521,148,519,149,521,150,524,151,527,150,528,149,527,148,524,148
515,21,512,22,510,23,510,25,510,25,510,26,512,27,515,28,518,27,519,26,519,25,519,25,519,23,518,22,515,21
515,34,512,35,510,36,512,37,515,38,518,37,519,36,518,35,515,34
506,47,503,48,502,49,503,50,506,50,509,50,510,49,509,48,506,47
471,47,468,48,466,49,465,50,462,50,457,50,457,49,456,48,453,47,450,48,448,49,450,50,453,50,457,50,457,52,459,53,462,54,466,54,466,54,471,54,474,53,475,52,475,50,475,50,475,49,474,48,471,47
471,70,468,69,466,68,466,67,466,67,466,65,466,63,466,63,466,62,465,61,462,60,459,61,457,62,457,63,457,63,457,65,457,67,457,67,457,68,457,70,457,70,457,72,459,73,462,73,465,74,466,75,466,76,462,76,459,77,457,78,459,79,462,80,465,79,466,78,466,76,471,76,474,76,475,75,475,73,475,73,475,72,474,70,471,70
462,86,459,87,457,88,459,89,462,89,465,89,466,88,465,87,462,86
417,44,413,44,413,44,409,44,406,45,404,46,404,47,404,47,404,49,406,50,409,50,412,50,413,49,414,48,417,47,420,47,422,46,420,45,417,44
134,63,131,64,130,65,131,66,134,67,137,66,138,65,137,64,134,63
134,430,131,430,130,431,131,432,134,433,137,432,138,431,137,430,134,430
