484,10,482,11,479,12,475,12,475,12,471,12,466,12,466,12,462,12,459,11,457,10,440,10,438,11,435,12,431,12,431,12,426,12,423,11,422,10,342,10,341,11,338,12,333,12,333,13,333,15,333,15,333,16,332,18,329,18,326,18,324,16,324,15,324,15,324,13,326,12,329,12,333,12,333,10,218,10,220,11,223,12,227,12,227,12,231,12,236,12,236,12,240,12,243,12,245,13,245,15,249,15,254,15,254,15,258,15,262,15,262,15,267,15,271,15,271,13,273,12,276,12,279,12,280,13,279,14,276,15,271,15,271,16,273,18,276,18,279,19,280,20,280,21,285,21,288,22,289,23,288,24,285,25,282,24,280,23,280,21,276,21,273,22,271,23,270,24,267,25,264,24,262,23,261,22,258,21,255,21,254,20,252,19,249,18,246,18,245,16,245,15,240,15,236,15,236,15,231,15,227,15,227,15,223,15,218,15,218,15,214,15,211,14,209,13,209,12,209,12,209,10,110,10,10,10,10,240,10,470,395,470,397,469,400,468,404,468,404,467,406,466,409,465,413,465,413,464,414,462,417,462,420,462,422,464,420,465,417,465,413,465,413,467,412,468,409,468,404,468,404,470,608,470,609,469,612,468,615,469,617,470,623,470,630,470,630,131,627,131,626,130,627,129,630,128,630,69,630,10,484,10
612,287,609,288,608,289,609,290,612,290,615,290,617,289,615,288,612,287
603,119,600,119,599,120,600,121,603,122,606,121,608,120,606,119,603,119
595,148,592,148,590,149,592,150,595,151,598,150,599,149,598,148,595,148
533,138,530,138,528,140,530,141,533,141,536,141,537,140,536,138,533,138
524,18,519,18,519,18,515,18,512,19,510,20,512,21,515,21,519,21,519,21,524,21,527,21,528,20,527,19,524,18
497,47,494,47,493,46,491,45,488,44,485,45,484,46,484,47,484,47,484,49,484,50,484,50,484,52,484,54,479,54,476,54,475,55,476,56,479,57,484,57,484,59,485,60,488,60,491,60,493,59,491,58,488,57,484,57,484,55,484,54,488,54,491,53,493,52,494,51,497,50,500,50,502,49,500,48,497,47
417,99,414,100,413,101,414,102,417,102,420,102,422,101,420,100,417,99
391,70,388,70,386,72,388,73,391,73,394,73,395,72,394,70,391,70
364,12,361,12,360,13,358,14,355,15,352,15,351,16,352,18,355,18,360,18,360,18,364,18,367,18,369,16,369,15,369,15,369,13,367,12,364,12
329,54,326,54,324,55,326,56,329,57,332,56,333,55,332,54,329,54
329,365,326,365,324,366,326,367,329,368,332,367,333,366,332,365,329,365
320,25,317,25,316,26,317,27,320,28,323,27,324,26,323,25,320,25
214,21,209,21,209,21,205,21,202,22,200,23,200,25,200,25,200,26,202,27,205,28,208,28,209,29,211,31,214,31,217,31,218,29,218,28,218,28,218,26,218,25,218,25,218,23,217,22,214,21
125,339,122,339,121,340,121,342,121,342,121,344,122,345,125,345,128,345,130,344,130,342,130,342,130,340,128,339,125,339
