484,10,482,11,479,12,475,12,475,12,471,12,466,12,466,12,462,12,459,11,457,10,440,10,438,11,435,12,431,12,431,12,426,12,423,11,422,10,369,10,370,11,373,12,376,12,378,13,378,15,378,15,378,16,376,18,373,18,369,18,369,18,364,18,360,18,360,18,355,18,352,18,351,16,352,15,355,15,358,14,360,13,360,12,360,12,360,10,245,10,245,12,245,12,245,13,245,15,249,15,254,15,254,15,258,15,262,15,262,15,267,15,271,15,271,13,273,12,276,12,279,12,280,13,279,14,276,15,271,15,271,16,273,18,276,18,279,19,280,20,280,21,285,21,288,22,289,23,288,24,285,25,282,24,280,23,280,21,276,21,273,22,271,23,270,24,267,25,264,24,262,23,261,22,258,21,255,21,254,20,252,19,249,18,246,18,245,16,245,15,240,15,236,15,236,15,231,15,227,15,227,15,223,15,218,15,218,15,214,15,209,15,209,15,205,15,202,14,200,13,200,12,200,12,200,10,105,10,10,10,10,240,10,470,395,470,397,469,400,468,404,468,404,467,406,466,409,465,412,465,413,464,414,462,417,462,420,462,422,464,422,465,422,465,422,467,420,468,417,468,413,468,413,468,409,468,404,468,404,470,608,470,609,469,612,468,615,469,617,470,623,470,630,470,630,131,627,131,626,130,626,128,626,128,626,127,627,126,630,125,630,67,630,10,484,10
612,119,608,119,608,119,603,119,600,119,599,120,600,121,603,122,606,122,608,123,609,124,612,125,615,124,617,123,617,122,617,122,617,120,615,119,612,119
612,284,609,284,608,285,608,287,608,287,608,289,609,290,612,290,615,290,617,289,617,287,617,287,617,285,615,284,612,284
603,144,600,145,599,146,599,148,595,148,592,148,590,149,592,150,595,151,598,150,599,149,599,148,603,148,606,147,608,146,606,145,603,144
533,138,530,138,528,140,530,141,533,141,536,141,537,140,536,138,533,138
524,18,519,18,519,18,515,18,512,19,510,20,512,21,515,21,519,21,519,21,524,21,527,21,528,20,527,19,524,18
497,44,493,44,493,44,488,44,485,45,484,46,484,47,484,47,484,49,482,50,479,50,476,51,475,52,475,54,475,54,475,55,476,56,479,57,482,58,484,59,485,60,488,60,491,60,493,59,493,57,493,57,493,55,493,54,493,54,493,52,494,51,497,50,500,50,502,49,502,47,502,47,502,46,500,45,497,44
497,63,494,64,493,65,494,66,497,67,500,66,502,65,500,64,497,63
497,99,494,100,493,101,494,102,497,102,500,102,502,101,500,100,497,99
417,99,414,100,413,101,413,102,413,102,413,104,414,105,417,106,420,105,422,104,422,102,422,102,422,101,420,100,417,99
409,206,406,207,404,208,406,209,409,209,412,209,413,208,412,207,409,206
400,358,397,359,395,360,395,361,395,361,395,363,397,364,400,365,403,364,404,363,404,361,404,361,404,360,403,359,400,358
391,70,388,70,386,72,388,73,391,73,394,73,395,72,394,70,391,70
373,358,369,358,369,358,364,358,361,359,360,360,358,361,355,361,351,361,351,361,347,361,342,361,342,361,338,361,335,362,333,363,333,365,329,365,326,365,324,366,324,368,320,368,317,368,316,370,317,371,320,371,323,371,324,370,324,368,329,368,332,367,333,366,333,365,338,365,342,365,342,365,347,365,351,365,351,365,355,365,360,365,360,365,364,365,367,364,369,363,370,362,373,361,376,361,378,360,376,359,373,358
364,57,361,58,360,59,361,60,364,60,367,60,369,59,367,58,364,57
355,67,352,67,351,68,352,69,355,70,358,69,360,68,358,67,355,67
329,12,326,12,324,13,324,15,324,15,324,16,326,18,329,18,332,18,333,16,333,15,333,15,333,13,332,12,329,12
329,54,326,54,324,55,326,56,329,57,332,56,333,55,332,54,329,54
320,25,317,24,316,23,314,22,311,21,308,22,307,23,307,25,307,25,307,26,308,27,311,28,316,28,316,28,320,28,323,27,324,26,323,25,320,25
214,21,209,21,209,21,205,21,202,22,200,23,200,25,200,25,200,26,202,27,205,28,208,28,209,29,209,31,209,31,209,33,211,34,214,34,217,34,218,33,218,31,218,31,218,29,218,28,218,28,218,26,218,25,218,25,218,23,217,22,214,21
125,339,121,339,121,339,116,339,113,339,112,340,113,342,116,342,119,343,121,344,122,345,125,345,128,345,130,344,130,342,130,342,130,340,128,339,125,339
218,10,220,11,223,12,226,11,227,10,218,10
