165,10,166,11,169,12,172,12,174,13,175,14,178,15,181,15,183,16,181,18,178,18,174,18,174,18,169,18,165,18,165,18,161,18,158,18,156,16,156,15,156,15,156,13,155,12,152,12,149,11,147,10,79,10,10,10,10,339,14,339,14,339,19,339,22,339,23,340,23,342,23,342,23,344,22,345,19,345,16,346,14,347,14,349,19,349,22,349,23,350,22,351,19,352,16,351,14,350,14,349,10,349,10,409,10,470,466,470,466,468,466,468,466,467,468,466,471,465,474,466,475,467,475,468,475,468,475,470,553,470,630,470,630,280,627,281,626,282,624,283,621,284,618,283,617,282,615,281,612,280,609,280,608,279,608,277,608,277,608,276,609,275,612,274,615,275,617,276,618,277,621,277,626,277,626,277,630,277,630,144,630,10,165,10
612,122,608,122,608,122,603,122,600,122,599,123,600,124,603,125,606,126,608,127,609,128,612,128,615,128,617,127,617,125,617,125,617,123,615,122,612,122
603,96,600,96,599,97,598,99,595,99,592,100,590,101,592,102,595,102,598,103,599,104,600,105,603,106,606,105,608,104,608,102,608,102,608,101,608,99,608,99,608,97,606,96,603,96
595,41,592,41,590,42,590,44,590,44,590,46,592,47,595,47,598,47,599,46,599,44,599,44,599,42,598,41,595,41
586,128,583,129,581,130,583,131,586,131,589,131,590,130,589,129,586,128
568,128,564,128,564,128,559,128,556,129,555,130,556,131,559,131,564,131,564,131,568,131,571,131,572,130,571,129,568,128
568,141,565,142,564,143,564,144,559,144,555,144,555,144,550,144,547,145,546,146,546,148,541,148,538,148,537,149,538,150,541,151,544,150,546,149,546,148,550,148,555,148,555,148,559,148,562,147,564,146,564,144,568,144,571,144,572,143,571,142,568,141
559,76,556,77,555,78,555,80,555,80,555,81,555,83,555,83,555,85,556,86,559,86,562,86,564,85,564,83,564,83,564,81,564,80,564,80,564,78,562,77,559,76
533,102,530,103,528,104,528,106,528,106,528,107,530,108,533,109,536,108,537,107,537,106,537,106,537,104,536,103,533,102
533,138,530,138,528,140,530,141,533,141,536,141,537,140,536,138,533,138
524,122,521,122,519,123,521,124,524,125,527,124,528,123,527,122,524,122
524,148,519,148,519,148,515,148,512,148,510,149,512,150,515,151,518,151,519,153,521,154,524,154,527,154,528,153,528,151,528,151,528,149,527,148,524,148
515,112,512,113,510,114,512,115,515,115,518,115,519,114,518,113,515,112
506,167,503,168,502,169,503,170,506,170,509,170,510,169,509,168,506,167
479,177,476,177,475,178,476,180,479,180,482,180,484,178,482,177,479,177
444,54,441,54,440,55,440,57,435,57,432,58,431,59,431,60,431,60,431,62,431,63,431,63,431,65,431,67,426,67,423,67,422,68,423,69,426,70,429,69,431,68,431,67,435,67,438,66,440,65,440,63,440,63,440,62,440,60,440,60,440,59,440,57,444,57,447,56,448,55,447,54,444,54
435,200,432,200,431,201,429,202,426,203,423,203,422,204,422,206,422,206,422,208,422,209,417,209,414,210,413,211,413,212,409,212,406,213,404,214,404,216,400,216,397,216,395,217,394,218,391,219,388,219,386,221,386,222,386,222,386,224,388,225,391,225,394,225,395,224,397,223,400,222,403,222,404,221,404,219,404,219,404,217,404,216,409,216,412,215,413,214,413,212,417,212,420,212,422,211,422,209,426,209,429,209,431,208,432,207,435,206,438,205,440,204,440,203,440,203,440,201,438,200,435,200
426,459,422,459,422,459,417,459,413,459,413,459,409,459,404,459,404,459,400,459,395,459,395,459,391,459,388,459,386,460,388,461,391,462,395,462,395,462,400,462,404,462,404,462,409,462,413,462,413,462,417,462,422,462,422,462,426,462,429,461,431,460,429,459,426,459
400,63,395,63,395,63,391,63,388,64,386,65,388,66,391,67,394,67,395,68,397,69,400,70,403,69,404,68,404,67,404,67,404,65,403,64,400,63
329,342,326,343,324,344,326,345,329,345,332,345,333,344,332,343,329,342
329,455,326,456,324,457,324,459,324,459,324,460,326,461,329,462,332,461,333,460,333,459,333,459,333,457,332,456,329,455
311,452,307,452,307,451,305,449,302,449,298,449,298,447,296,446,293,446,289,446,289,446,285,446,282,446,280,447,282,448,285,449,289,449,289,449,293,449,298,449,298,451,299,452,302,452,307,452,307,454,308,455,311,455,314,455,316,454,314,453,311,452
267,358,264,359,262,360,264,361,267,361,270,361,271,360,270,359,267,358
258,442,254,442,254,442,249,442,246,443,245,444,243,445,240,446,237,445,236,444,234,443,231,442,227,442,227,442,223,442,220,443,218,444,220,445,223,446,226,446,227,447,228,448,231,449,236,449,236,449,240,449,243,449,245,451,246,452,249,452,252,452,254,451,255,449,258,449,261,448,262,447,262,446,262,446,262,444,261,443,258,442
249,238,245,238,245,238,240,238,237,239,236,240,236,242,231,242,228,241,227,240,226,239,223,238,220,238,218,237,217,236,214,235,209,235,209,235,205,235,202,236,200,237,199,238,196,238,193,239,192,240,190,241,187,242,184,242,183,243,181,244,178,245,175,245,174,246,174,248,174,248,174,250,174,251,174,251,174,253,175,254,178,255,181,255,183,256,184,257,187,258,192,258,192,258,196,258,199,257,200,256,202,255,205,255,208,254,209,253,208,252,205,251,202,251,200,250,202,249,205,248,208,248,209,246,211,245,214,245,218,245,218,245,223,245,227,245,227,245,231,245,234,244,236,243,236,242,240,242,245,242,245,242,249,242,252,241,254,240,252,239,249,238
205,44,202,45,200,46,202,47,205,47,208,47,209,46,208,45,205,44
161,21,158,22,156,23,158,24,161,25,164,24,165,23,164,22,161,21
45,374,42,374,41,373,41,371,41,371,41,370,41,368,41,368,41,366,41,365,41,365,41,363,40,362,37,361,34,361,32,360,31,359,28,358,23,358,23,358,19,358,16,359,14,360,16,361,19,361,22,362,23,363,23,365,23,365,23,366,25,367,28,368,31,369,32,370,31,371,28,371,25,372,23,373,23,374,23,374,23,376,25,377,28,378,32,378,32,378,37,378,41,378,41,378,45,378,48,377,50,376,48,375,45,374
28,242,25,242,23,243,25,244,28,245,31,244,32,243,31,242,28,242
28,268,25,268,23,269,25,270,28,271,31,270,32,269,31,268,28,268
19,248,16,249,14,250,14,251,14,251,14,253,16,254,19,255,22,254,23,253,23,251,23,251,23,250,22,249,19,248
