457,10,456,11,453,12,448,12,448,13,448,15,453,15,456,15,457,16,456,18,453,18,450,18,448,16,448,15,444,15,440,15,440,15,435,15,431,15,431,16,429,18,426,18,423,18,422,16,423,15,426,15,431,15,431,13,431,12,431,12,431,10,404,10,403,11,400,12,395,12,395,13,394,14,391,15,388,14,386,13,388,12,391,12,395,12,395,10,324,10,324,12,324,12,324,13,323,14,320,15,317,14,316,13,316,12,316,12,316,10,192,10,192,12,196,12,199,12,200,13,199,14,196,15,193,14,192,13,192,12,187,12,184,11,183,10,96,10,10,10,10,131,13,132,14,133,13,134,10,135,10,302,10,470,85,470,87,469,90,468,93,469,94,470,333,470,333,468,329,468,326,468,324,467,326,466,329,465,332,466,333,467,333,468,338,468,341,469,342,470,486,470,630,470,630,240,630,10,457,10
524,148,519,148,519,146,518,145,515,144,512,145,510,146,512,147,515,148,519,148,519,149,521,150,524,151,527,150,528,149,527,148,524,148
506,15,502,15,502,15,497,15,494,15,493,16,494,18,497,18,502,18,502,18,506,18,509,18,510,16,509,15,506,15
462,229,459,228,457,227,457,225,457,225,457,224,457,222,457,222,457,221,456,219,453,219,448,219,448,217,447,216,444,216,440,216,440,214,438,213,435,212,432,213,431,214,432,215,435,216,440,216,440,217,441,218,444,219,448,219,448,221,448,222,448,222,448,224,448,225,448,225,448,227,448,229,448,229,448,230,450,231,453,232,457,232,457,232,462,232,465,231,466,230,465,229,462,229
435,404,432,404,431,405,432,406,435,407,438,406,440,405,438,404,435,404
409,115,404,115,404,115,400,115,397,116,395,117,397,118,400,119,404,119,404,119,409,119,412,118,413,117,412,116,409,115
400,73,397,74,395,75,397,76,400,76,403,76,404,75,403,74,400,73
400,106,397,106,395,107,397,108,400,109,403,108,404,107,403,106,400,106
382,446,378,446,378,444,378,442,378,442,378,441,376,440,373,439,370,440,369,441,369,442,369,442,369,444,370,445,373,446,378,446,378,447,378,449,378,449,378,451,379,452,382,452,385,452,386,451,386,449,386,449,386,447,385,446,382,446
373,378,369,378,369,378,364,378,361,378,360,379,361,380,364,381,369,381,369,381,373,381,376,380,378,379,376,378,373,378
347,381,342,381,342,381,338,381,333,381,333,381,329,381,326,381,324,383,324,384,320,384,316,384,316,384,311,384,308,385,307,386,308,387,311,387,316,387,316,387,320,387,323,387,324,386,324,384,329,384,333,384,333,384,338,384,342,384,342,384,347,384,350,384,351,383,350,381,347,381
302,28,299,28,298,29,298,31,293,31,289,31,289,29,288,28,285,28,282,28,280,29,282,31,285,31,289,31,289,33,290,34,293,34,296,34,298,33,298,31,302,31,305,31,307,29,305,28,302,28
293,387,290,388,289,389,289,391,285,391,282,391,280,392,282,393,285,394,288,393,289,392,289,391,293,391,296,390,298,389,296,388,293,387
285,15,282,15,280,16,282,18,285,18,288,18,289,16,288,15,285,15
276,21,271,21,271,20,270,19,267,18,264,19,262,20,264,21,267,21,271,21,271,23,273,24,276,25,279,24,280,23,279,22,276,21
267,28,264,28,262,29,264,31,267,31,270,31,271,29,270,28,267,28
267,73,264,74,262,75,264,76,267,76,270,76,271,75,270,74,267,73
258,60,255,61,254,62,255,63,258,63,261,63,262,62,261,61,258,60
249,12,246,12,245,13,246,14,249,15,252,14,254,13,252,12,249,12
249,54,246,54,245,55,246,56,249,57,252,56,254,55,252,54,249,54
196,28,193,28,192,29,193,31,196,31,199,31,200,29,199,28,196,28
116,332,113,333,112,334,113,335,116,336,119,335,121,334,119,333,116,332
116,339,113,339,112,340,113,342,116,342,119,342,121,340,119,339,116,339
440,10,441,11,444,12,448,12,448,10,440,10
