10,326,13,325,14,324,16,323,19,323,22,323,23,324,23,326,23,326,23,327,22,329,19,329,16,330,14,331,13,332,10,332,10,401,10,470,103,470,104,469,107,468,112,468,112,468,116,468,121,468,121,468,125,468,128,469,130,470,380,470,630,470,630,240,630,10,320,10,10,10,10,326
586,63,581,63,581,62,581,60,581,60,581,59,580,58,577,57,574,58,572,59,572,60,572,60,572,62,574,63,577,63,581,63,581,65,581,67,577,67,574,67,572,68,574,69,577,70,580,69,581,68,581,67,586,67,589,66,590,65,589,64,586,63
577,28,572,28,572,26,571,25,568,25,565,25,564,26,565,27,568,28,572,28,572,29,574,31,577,31,580,31,581,29,580,28,577,28
550,174,547,174,546,175,547,176,550,177,553,176,555,175,553,174,550,174
541,290,538,291,537,292,538,293,541,293,544,293,546,292,544,291,541,290
533,109,528,109,528,107,527,106,524,106,521,106,519,107,521,108,524,109,528,109,528,110,528,112,528,112,528,114,528,115,528,115,528,117,530,118,533,119,536,118,537,117,537,115,537,115,537,114,537,112,537,112,537,110,536,109,533,109
524,122,521,122,519,123,521,124,524,125,527,124,528,123,527,122,524,122
524,138,521,138,519,140,518,141,515,141,512,142,510,143,512,144,515,144,519,144,519,144,524,144,527,144,528,143,528,141,528,141,528,140,527,138,524,138
515,164,512,163,510,162,509,161,506,161,502,161,502,161,497,161,494,161,493,162,494,163,497,164,500,164,502,165,503,167,506,167,510,167,510,167,515,167,518,167,519,165,518,164,515,164
506,423,503,424,502,425,502,426,502,426,502,428,503,429,506,430,509,429,510,428,510,426,510,426,510,425,509,424,506,423
488,151,485,151,484,153,485,154,488,154,491,154,493,153,491,151,488,151
479,93,476,93,475,94,476,95,479,96,482,95,484,94,482,93,479,93
479,119,476,118,475,117,474,116,471,115,468,116,466,117,466,119,466,119,466,120,468,121,471,122,474,122,475,123,476,124,479,125,482,124,484,123,484,122,484,122,484,120,482,119,479,119
471,109,468,109,466,110,468,112,471,112,474,112,475,110,474,109,471,109
453,433,450,433,448,434,450,435,453,436,456,435,457,434,456,433,453,433
444,423,441,424,440,425,441,426,444,426,447,426,448,425,447,424,444,423
444,439,441,439,440,438,438,437,435,436,432,437,431,438,431,439,431,439,431,441,431,442,431,442,431,444,431,446,431,446,431,447,432,448,435,449,440,449,440,449,444,449,447,448,448,447,448,446,448,446,448,444,448,442,448,442,448,441,447,440,444,439
426,430,423,430,422,431,423,432,426,433,429,432,431,431,429,430,426,430
373,258,369,258,369,256,367,255,364,255,361,255,360,256,361,257,364,258,369,258,369,259,370,261,373,261,376,261,378,259,376,258,373,258
347,258,344,258,342,259,344,261,347,261,350,261,351,259,350,258,347,258
231,365,227,365,227,365,223,365,220,365,218,366,220,367,223,368,227,368,227,368,231,368,234,367,236,366,234,365,231,365
178,430,175,430,174,431,175,432,178,433,181,432,183,431,181,430,178,430
169,358,165,358,165,358,161,358,158,359,156,360,158,361,161,361,165,361,165,361,169,361,172,361,174,360,172,359,169,358
169,436,166,437,165,438,166,439,169,439,172,439,174,438,172,437,169,436
143,358,138,358,138,358,134,358,131,359,130,360,130,361,130,361,130,363,131,364,134,365,137,364,138,363,140,362,143,361,146,361,147,360,146,359,143,358
116,358,113,358,112,357,110,356,107,355,104,356,103,357,102,358,99,358,96,359,94,360,96,361,99,361,103,361,103,361,107,361,112,361,112,361,116,361,119,361,121,360,119,359,116,358
