537,10,536,11,533,12,530,11,528,10,269,10,10,10,10,240,10,470,320,470,630,470,630,240,630,10,537,10
595,274,592,275,590,276,592,277,595,277,598,277,599,276,598,275,595,274
586,125,583,126,581,127,583,128,586,128,589,128,590,127,589,126,586,125
577,99,574,100,572,101,574,102,577,102,580,102,581,101,580,100,577,99
577,112,574,113,572,114,572,115,572,115,572,117,574,118,577,119,580,118,581,117,581,115,581,115,581,114,580,113,577,112
568,106,565,106,564,107,565,108,568,109,571,108,572,107,571,106,568,106
568,122,565,122,564,123,565,124,568,125,571,124,572,123,571,122,568,122
541,15,538,15,537,16,537,18,537,18,537,20,537,21,537,21,537,23,537,25,537,25,537,26,538,27,541,28,544,27,546,26,546,25,546,25,546,23,546,21,546,21,546,20,546,18,546,18,546,16,544,15,541,15
533,60,530,61,528,62,530,63,533,63,536,63,537,62,536,61,533,60
435,332,432,333,431,334,432,335,435,336,438,335,440,334,438,333,435,332
426,323,423,323,422,324,423,325,426,326,429,325,431,324,429,323,426,323
125,326,121,326,121,324,119,323,116,323,113,323,112,324,113,325,116,326,121,326,121,327,121,329,121,329,121,331,122,332,125,332,128,332,130,331,130,329,130,329,130,327,128,326,125,326
