10,326,13,326,14,327,14,329,14,329,14,331,13,332,10,332,10,401,10,470,320,470,630,470,630,240,630,10,320,10,10,10,10,326
586,76,583,77,581,78,583,79,586,80,589,79,590,78,589,77,586,76
577,60,574,61,572,62,574,63,577,63,580,63,581,62,580,61,577,60
577,67,574,67,572,68,574,69,577,70,580,69,581,68,580,67,577,67
559,177,555,177,555,175,553,174,550,174,547,174,546,175,547,176,550,177,555,177,555,178,555,180,555,180,555,182,556,183,559,183,562,183,564,182,564,180,564,180,564,178,562,177,559,177
541,119,537,119,537,117,537,115,537,115,537,114,537,112,537,112,537,110,537,109,537,109,537,107,536,106,533,106,528,106,528,106,524,106,521,106,519,107,519,109,515,109,512,109,510,110,510,112,510,112,510,114,510,115,510,115,510,117,512,118,515,119,518,118,519,117,519,115,519,115,519,114,519,112,519,112,519,110,519,109,524,109,527,109,528,110,528,112,528,112,528,114,528,115,528,115,528,117,530,118,533,119,537,119,537,120,538,121,541,122,544,121,546,120,544,119,541,119
533,148,528,148,528,148,524,148,521,148,519,149,519,151,519,151,519,153,519,154,515,154,510,154,510,153,509,151,506,151,503,151,502,153,503,154,506,154,510,154,510,156,510,157,510,157,510,159,509,160,506,161,502,161,502,161,497,161,494,161,493,162,494,163,497,164,502,164,502,164,506,164,509,164,510,165,512,167,515,167,518,167,519,165,519,164,519,164,519,162,519,161,519,161,519,159,519,157,519,157,519,156,519,154,524,154,528,154,528,154,533,154,536,154,537,153,537,151,537,151,537,149,536,148,533,148
533,164,530,164,528,165,530,167,533,167,536,167,537,165,536,164,533,164
524,122,521,122,519,123,521,124,524,125,527,124,528,123,527,122,524,122
524,138,521,137,519,136,518,135,515,135,512,135,510,136,510,138,510,138,510,140,510,141,510,141,510,143,512,144,515,144,519,144,519,144,524,144,527,144,528,143,528,141,528,141,528,140,527,138,524,138
479,80,476,80,475,81,476,82,479,83,482,82,484,81,482,80,479,80
479,93,476,93,475,94,476,95,479,96,482,95,484,94,482,93,479,93
479,115,476,115,475,114,475,112,475,112,475,110,474,109,471,109,468,109,466,110,466,112,466,112,466,114,466,115,466,115,466,117,466,119,466,119,466,120,468,121,471,122,474,122,475,123,475,125,475,125,475,127,475,128,475,128,475,130,475,131,475,131,475,133,476,134,479,135,482,134,484,133,484,131,484,131,484,130,484,128,484,128,484,127,484,125,484,125,484,123,484,122,484,122,484,120,484,119,484,119,484,117,482,116,479,115
444,439,441,439,440,438,438,437,435,436,432,437,431,438,431,439,431,439,431,441,431,442,431,442,431,444,432,445,435,446,438,446,440,447,441,448,444,449,447,448,448,447,448,446,448,446,448,444,448,442,448,442,448,441,447,440,444,439
347,258,344,258,342,259,344,261,347,261,350,261,351,259,350,258,347,258
134,361,131,362,130,363,131,364,134,365,137,364,138,363,137,362,134,361
107,358,104,359,103,360,104,361,107,361,110,361,112,360,110,359,107,358
