457,10,456,11,453,12,450,11,448,10,229,10,10,10,10,240,10,470,85,470,87,469,90,468,93,469,94,470,362,470,630,470,630,240,630,10,457,10
621,122,618,122,617,123,618,124,621,125,624,124,626,123,624,122,621,122
595,28,592,28,590,29,592,31,595,31,598,31,599,29,598,28,595,28
595,80,592,80,590,81,592,82,595,83,598,82,599,81,598,80,595,80
595,109,590,109,590,109,586,109,583,108,581,107,580,106,577,106,572,106,572,106,568,106,564,106,564,106,559,106,556,106,555,107,556,108,559,109,564,109,564,109,568,109,571,109,572,110,571,111,568,112,565,113,564,114,565,115,568,115,572,115,572,115,577,115,580,115,581,114,583,113,586,112,590,112,590,112,595,112,598,112,599,110,598,109,595,109
586,70,583,70,581,72,583,73,586,73,589,73,590,72,589,70,586,70
568,12,565,12,564,13,565,14,568,15,571,14,572,13,571,12,568,12
550,119,547,119,546,120,547,121,550,122,553,121,555,120,553,119,550,119
533,115,528,115,528,115,524,115,521,115,519,114,518,113,515,112,512,113,510,114,510,115,510,115,510,117,512,118,515,119,519,119,519,119,524,119,528,119,528,119,533,119,536,118,537,117,536,116,533,115
524,25,521,25,519,26,519,28,519,28,519,29,521,31,524,31,527,31,528,29,528,28,528,28,528,26,527,25,524,25
524,154,519,154,519,153,518,151,515,151,512,151,510,153,512,154,515,154,519,154,519,156,521,157,524,157,527,157,528,156,527,155,524,154
506,18,502,18,502,18,497,18,494,19,493,20,493,21,493,21,493,23,493,25,493,25,493,26,494,27,497,28,500,27,502,26,502,25,502,25,502,23,503,22,506,21,509,21,510,20,509,19,506,18
497,47,494,48,493,49,494,50,497,50,500,50,502,49,500,48,497,47
462,18,457,18,457,18,453,18,450,18,448,16,447,15,444,15,441,15,440,16,438,18,435,18,431,18,431,16,429,15,426,15,423,15,422,16,423,18,426,18,431,18,431,20,431,21,431,21,431,23,431,25,431,25,431,26,432,27,435,28,440,28,440,28,444,28,447,27,448,26,450,25,453,25,456,24,457,23,459,22,462,21,465,21,466,20,465,19,462,18
462,106,459,106,457,107,459,108,462,109,465,108,466,107,465,106,462,106
453,47,450,48,448,49,450,50,453,50,456,50,457,49,456,48,453,47
444,89,441,90,440,91,440,93,440,93,440,94,441,95,444,96,447,95,448,94,448,93,448,93,448,91,447,90,444,89
435,31,432,32,431,33,431,34,426,34,423,35,422,36,423,37,426,38,429,37,431,36,431,34,435,34,438,34,440,33,438,32,435,31
435,83,432,83,431,85,432,86,435,86,438,86,440,85,438,83,435,83
417,76,414,77,413,78,414,79,417,80,420,79,422,78,420,77,417,76
391,54,386,54,386,54,382,54,379,54,378,55,379,56,382,57,386,57,386,57,391,57,394,56,395,55,394,54,391,54
382,18,379,19,378,20,378,21,378,21,378,23,379,24,382,25,385,24,386,23,386,21,386,21,386,20,385,19,382,18
373,31,370,32,369,33,369,34,369,34,369,36,370,37,373,38,376,37,378,36,378,34,378,34,378,33,376,32,373,31
373,73,370,74,369,75,369,76,364,76,360,76,360,76,355,76,352,77,351,78,352,79,355,80,360,80,360,80,364,80,367,79,369,78,369,76,373,76,376,76,378,75,376,74,373,73
347,54,344,54,342,55,344,56,347,57,350,56,351,55,350,54,347,54
347,60,344,61,342,62,344,63,347,63,350,63,351,62,350,61,347,60
338,73,335,74,333,75,335,76,338,76,341,76,342,75,341,74,338,73
320,50,317,51,316,52,317,53,320,54,323,53,324,52,323,51,320,50
320,70,317,70,316,72,317,73,320,73,323,73,324,72,323,70,320,70
143,433,138,433,138,431,137,430,134,430,131,430,130,431,131,432,134,433,138,433,138,434,140,435,143,436,146,435,147,434,146,433,143,433
107,465,104,466,103,467,104,468,107,468,110,468,112,467,110,466,107,465
