475,10,475,12,475,12,475,13,475,15,475,15,475,16,476,18,479,18,482,19,484,20,484,21,488,21,491,21,493,20,494,19,497,18,500,19,502,20,502,21,502,21,502,23,500,24,497,25,493,25,493,25,488,25,485,24,484,23,484,21,479,21,476,22,475,23,475,25,475,25,475,26,475,28,475,28,475,29,476,31,479,31,482,32,484,33,485,34,488,34,491,34,493,33,494,32,497,31,500,31,502,29,503,28,506,28,509,28,510,29,510,31,510,31,510,33,509,34,506,34,503,35,502,36,502,38,502,38,502,39,502,41,502,41,502,42,500,43,497,44,494,45,493,46,493,47,493,47,493,49,494,50,497,50,500,51,502,52,500,53,497,54,494,54,493,55,491,56,488,57,485,58,484,59,484,60,484,60,484,62,482,63,479,63,476,63,475,62,475,60,475,60,475,59,475,57,475,57,475,55,474,54,471,54,468,53,466,52,466,50,466,50,466,49,465,48,462,47,459,48,457,49,456,50,453,50,450,50,448,49,448,47,448,47,448,46,450,45,453,44,456,43,457,42,457,41,457,41,457,39,457,38,457,38,457,36,457,34,457,34,457,33,457,31,453,31,450,32,448,33,447,34,444,34,440,34,440,34,435,34,432,34,431,33,431,31,431,31,431,29,432,28,435,28,440,28,440,28,444,28,447,27,448,26,450,25,453,25,456,24,457,23,457,21,457,21,457,20,459,19,462,18,465,18,466,16,466,15,466,15,466,13,466,12,466,12,466,10,238,10,10,10,10,240,10,470,493,470,494,469,497,468,500,469,502,470,510,470,512,469,515,468,519,468,519,468,524,468,527,469,528,470,579,470,630,470,630,240,630,10,475,10
621,57,618,58,617,59,618,60,621,60,624,60,626,59,624,58,621,57
612,76,609,76,608,75,608,73,608,73,608,72,608,70,608,70,608,68,608,67,608,67,608,65,608,63,608,63,608,62,608,60,608,60,608,59,606,58,603,57,600,58,599,59,599,60,599,60,599,62,598,63,595,63,590,63,590,63,586,63,583,64,581,65,580,66,577,67,574,67,572,68,571,69,568,70,565,70,564,72,562,73,559,73,556,73,555,72,553,70,550,70,547,70,546,72,544,73,541,73,538,74,537,75,538,76,541,76,546,76,546,76,550,76,553,77,555,78,556,79,559,80,562,80,564,81,564,83,564,83,564,85,565,86,568,86,571,86,572,85,572,83,572,83,572,81,572,80,572,80,572,78,574,77,577,76,580,77,581,78,581,80,581,80,581,81,583,82,586,83,589,82,590,81,590,80,590,80,590,78,592,77,595,76,598,77,599,78,600,79,603,80,608,80,608,80,612,80,615,79,617,78,615,77,612,76
524,238,521,239,519,240,521,241,524,242,527,241,528,240,527,239,524,238
524,459,519,459,519,459,515,459,510,459,510,459,506,459,502,459,502,459,497,459,494,459,493,460,494,461,497,462,502,462,502,462,506,462,510,462,510,462,515,462,519,462,519,462,524,462,527,461,528,460,527,459,524,459
515,21,512,22,510,23,512,24,515,25,518,24,519,23,518,22,515,21
471,229,468,229,466,230,468,231,471,232,474,231,475,230,474,229,471,229
444,93,441,93,440,94,441,95,444,96,447,95,448,94,447,93,444,93
435,219,432,219,431,221,432,222,435,222,438,222,440,221,438,219,435,219
435,410,431,410,431,410,426,410,423,411,422,412,422,413,422,413,422,415,423,416,426,417,429,416,431,415,432,414,435,413,438,413,440,412,438,411,435,410
426,63,423,64,422,65,423,66,426,67,429,66,431,65,429,64,426,63
426,452,423,452,422,451,420,449,417,449,414,448,413,447,412,446,409,446,406,446,404,447,404,449,404,449,404,451,406,452,409,452,412,453,413,454,413,455,413,455,413,457,414,458,417,459,420,458,422,457,423,456,426,455,429,455,431,454,429,453,426,452
391,439,386,439,386,438,385,437,382,436,378,436,378,434,376,433,373,433,370,433,369,434,370,435,373,436,378,436,378,438,379,439,382,439,386,439,386,441,385,442,382,442,379,443,378,444,379,445,382,446,386,446,386,446,391,446,394,445,395,444,395,442,395,442,395,441,394,440,391,439
373,28,370,28,369,29,369,31,369,31,369,33,370,34,373,34,376,34,378,33,378,31,378,31,378,29,376,28,373,28
329,28,326,28,324,29,323,31,320,31,317,32,316,33,317,34,320,34,324,34,324,34,329,34,332,34,333,33,333,31,333,31,333,29,332,28,329,28
320,12,317,12,316,13,317,14,320,15,323,14,324,13,323,12,320,12
320,73,317,74,316,75,317,76,320,76,323,76,324,75,323,74,320,73
258,25,255,25,254,26,255,27,258,28,261,27,262,26,261,25,258,25
205,38,202,38,200,39,202,40,205,41,208,40,209,39,208,38,205,38
187,31,184,32,183,33,184,34,187,34,190,34,192,33,190,32,187,31
178,25,175,25,174,26,175,27,178,28,181,27,183,26,181,25,178,25
169,31,166,32,165,33,165,34,165,34,165,36,166,37,169,38,172,37,174,36,174,34,174,34,174,33,172,32,169,31
161,12,158,12,156,13,158,14,161,15,164,14,165,13,164,12,161,12
134,358,130,358,130,357,130,355,130,355,130,353,128,352,125,352,121,352,121,350,121,349,121,349,121,347,121,345,121,345,121,344,119,343,116,342,112,342,112,340,110,339,107,339,104,339,103,340,104,342,107,342,112,342,112,344,112,345,112,345,112,347,112,349,112,349,112,350,113,351,116,352,121,352,121,353,121,355,121,355,121,357,122,358,125,358,130,358,130,360,130,361,130,361,130,363,131,364,134,365,137,364,138,363,138,361,138,361,138,360,137,359,134,358
462,28,459,28,457,29,457,31,462,31,465,31,466,29,465,28,462,28
