519,470,521,469,524,468,527,469,528,470,579,470,630,470,630,240,630,10,320,10,10,10,10,240,10,470,519,470
595,63,592,64,590,65,589,66,586,67,581,67,581,67,577,67,574,67,572,68,572,70,572,70,572,72,574,73,577,73,580,74,581,75,583,76,586,76,589,76,590,75,590,73,590,73,590,72,592,70,595,70,598,69,599,68,599,67,599,67,599,65,598,64,595,63
568,76,565,76,564,75,562,74,559,73,555,73,555,73,550,73,547,74,546,75,546,76,546,76,546,78,547,79,550,80,555,80,555,80,559,80,562,80,564,81,565,82,568,83,571,82,572,81,572,80,572,80,572,78,571,77,568,76
515,459,510,459,510,459,506,459,503,459,502,460,503,461,506,462,510,462,510,462,515,462,518,461,519,460,518,459,515,459
506,28,503,28,502,29,502,31,502,31,502,33,503,34,506,34,509,34,510,33,510,31,510,31,510,29,509,28,506,28
497,21,493,21,493,21,488,21,485,22,484,23,484,25,479,25,476,25,475,26,475,28,471,28,468,28,466,29,466,31,466,31,466,33,466,34,466,34,466,36,465,37,462,38,457,38,457,36,457,34,457,34,457,33,457,31,457,31,457,29,456,28,453,28,450,28,448,29,448,31,448,31,448,33,448,34,448,34,448,36,450,37,453,38,457,38,457,39,459,40,462,41,465,41,466,42,466,44,466,44,466,46,468,47,471,47,474,48,475,49,476,50,479,50,482,50,484,49,484,47,484,47,484,46,485,45,488,44,491,43,493,42,493,41,493,41,493,39,493,38,493,38,493,36,491,35,488,34,484,34,484,34,479,34,476,34,475,33,475,31,475,31,475,29,475,28,479,28,482,27,484,26,484,25,488,25,493,25,493,25,497,25,500,24,502,23,500,22,497,21
479,57,475,57,475,57,471,57,468,58,466,59,468,60,471,60,475,60,475,60,479,60,482,60,484,59,482,58,479,57
426,410,423,411,422,412,422,413,422,413,422,415,423,416,426,417,429,416,431,415,431,413,431,413,431,412,429,411,426,410
417,452,413,452,413,451,412,449,409,449,406,449,404,451,406,452,409,452,413,452,413,454,414,455,417,455,420,455,422,454,420,453,417,452
382,436,379,437,378,438,379,439,382,439,385,439,386,438,385,437,382,436
329,28,326,28,324,29,326,31,329,31,332,31,333,29,332,28,329,28
267,21,264,22,262,23,264,24,267,25,270,24,271,23,270,22,267,21
134,358,131,359,130,360,131,361,134,361,137,361,138,360,137,359,134,358
