10,73,13,74,14,75,14,76,14,76,14,78,13,79,10,80,10,275,10,470,320,470,630,470,630,240,630,10,320,10,10,10,10,73
595,31,592,31,590,29,589,28,586,28,583,28,581,29,581,31,581,31,581,33,583,34,586,34,589,35,590,36,589,37,586,38,583,38,581,39,583,40,586,41,590,41,590,41,595,41,598,40,599,39,599,38,599,38,599,36,599,34,599,34,599,33,598,32,595,31
586,44,583,45,581,46,583,47,586,47,589,47,590,46,589,45,586,44
586,50,583,51,581,52,583,53,586,54,589,53,590,52,589,51,586,50
577,102,574,103,572,104,574,105,577,106,580,105,581,104,580,103,577,102
550,80,546,80,546,80,541,80,538,80,537,81,537,83,537,83,537,85,537,86,537,86,537,88,537,89,537,89,537,91,537,93,537,93,537,94,537,96,533,96,530,96,528,97,527,99,524,99,521,100,519,101,519,102,519,102,519,104,518,105,515,106,512,106,510,107,510,109,510,109,510,110,510,112,510,112,510,114,509,115,506,115,502,115,502,115,497,115,494,116,493,117,494,118,497,119,500,119,502,120,500,121,497,122,494,122,493,123,493,125,493,125,493,127,491,128,488,128,485,129,484,130,484,131,484,131,484,133,484,135,484,135,484,136,484,138,484,138,484,140,482,141,479,141,476,142,475,143,475,144,475,144,475,146,475,148,475,148,475,149,475,151,475,151,475,153,476,154,479,154,484,154,484,154,488,154,491,154,493,153,493,151,493,151,493,149,494,148,497,148,500,147,502,146,502,144,502,144,502,143,502,141,502,141,502,140,502,138,502,138,502,136,503,135,506,135,509,134,510,133,510,131,510,131,510,130,510,128,510,128,510,127,512,126,515,125,518,124,519,123,519,122,519,122,519,120,519,119,519,119,519,117,521,116,524,115,527,115,528,114,528,112,528,112,528,110,530,109,533,109,536,108,537,107,537,106,537,106,537,104,537,102,537,102,537,101,537,99,537,99,537,97,537,96,541,96,544,95,546,94,547,93,550,93,553,92,555,91,555,89,555,89,555,88,555,86,555,86,555,85,555,83,555,83,555,81,553,80,550,80
391,38,386,38,386,38,382,38,379,38,378,39,379,40,382,41,386,41,386,41,391,41,394,40,395,39,394,38,391,38
391,177,388,177,386,178,388,180,391,180,394,180,395,178,394,177,391,177
373,60,369,60,369,59,367,58,364,57,361,58,360,59,361,60,364,60,369,60,369,62,370,63,373,63,376,63,378,62,376,61,373,60
347,449,342,449,342,447,341,446,338,446,335,446,333,447,335,448,338,449,342,449,342,451,344,452,347,452,350,452,351,451,350,449,347,449
231,200,228,200,227,201,228,202,231,203,234,202,236,201,234,200,231,200
187,426,184,426,183,425,181,424,178,423,175,424,174,425,174,426,174,426,174,428,175,429,178,430,183,430,183,430,187,430,190,429,192,428,190,427,187,426
72,28,68,28,68,26,66,25,63,25,60,24,59,23,57,22,54,21,50,21,50,21,45,21,42,21,41,20,40,19,37,18,32,18,32,16,31,15,28,15,25,15,23,16,25,18,28,18,32,18,32,20,31,21,28,21,25,22,23,23,22,24,19,25,16,25,14,26,16,27,19,28,23,28,23,28,28,28,31,27,32,26,34,25,37,25,40,25,41,26,42,27,45,28,50,28,50,28,54,28,59,28,59,28,63,28,68,28,68,29,68,31,68,31,68,33,69,34,72,34,75,34,76,33,76,31,76,31,76,29,75,28,72,28
37,238,34,239,32,240,32,242,32,242,32,243,34,244,37,245,40,244,41,243,41,242,41,242,41,240,40,239,37,238
