630,10,320,10,10,10,10,240,10,470,320,470,630,470,630,240,630,10
595,60,592,61,590,62,592,63,595,63,598,63,599,62,598,61,595,60
586,70,581,70,581,70,577,70,574,70,572,72,574,73,577,73,581,73,581,73,586,73,589,73,590,72,589,70,586,70
550,73,547,74,546,75,544,76,541,76,537,76,537,76,533,76,530,77,528,78,530,79,533,80,537,80,537,80,541,80,546,80,546,80,550,80,553,79,555,78,555,76,555,76,555,75,553,74,550,73
524,18,521,19,519,20,521,21,524,21,527,21,528,20,527,19,524,18
515,235,510,235,510,235,506,235,503,236,502,237,503,238,506,238,510,238,510,238,515,238,518,238,519,237,518,236,515,235
515,459,510,459,510,459,506,459,503,459,502,460,503,461,506,462,510,462,510,462,515,462,518,461,519,460,518,459,515,459
506,28,503,28,502,29,503,31,506,31,509,31,510,29,509,28,506,28
497,21,494,22,493,23,494,24,497,25,500,24,502,23,500,22,497,21
488,235,485,236,484,237,485,238,488,238,491,238,493,237,491,236,488,235
479,25,476,25,475,26,474,27,471,28,468,28,466,29,468,31,471,31,475,31,475,31,479,31,482,31,484,29,484,28,484,28,484,26,482,25,479,25
479,38,475,38,475,38,471,38,468,38,466,39,466,41,466,41,466,42,468,43,471,44,474,43,475,42,476,41,479,41,482,40,484,39,482,38,479,38
471,57,468,58,466,59,468,60,471,60,474,60,475,59,474,58,471,57
453,28,450,28,448,29,448,31,448,31,448,33,448,34,448,34,448,36,450,37,453,38,456,37,457,36,457,34,457,34,457,33,457,31,457,31,457,29,456,28,453,28
444,47,441,48,440,49,441,50,444,50,447,50,448,49,447,48,444,47
417,452,413,452,413,451,412,449,409,449,406,449,404,451,406,452,409,452,413,452,413,454,414,455,417,455,420,455,422,454,420,453,417,452
409,31,406,32,404,33,404,34,404,34,404,36,406,37,409,38,412,37,413,36,413,34,413,34,413,33,412,32,409,31
391,57,388,58,386,59,388,60,391,60,394,60,395,59,394,58,391,57
391,449,388,449,386,451,388,452,391,452,394,452,395,451,394,449,391,449
373,12,370,12,369,13,370,14,373,15,376,14,378,13,376,12,373,12
373,439,370,440,369,441,369,442,369,442,369,444,370,445,373,446,376,445,378,444,378,442,378,442,378,441,376,440,373,439
364,423,361,424,360,425,361,426,364,426,367,426,369,425,367,424,364,423
347,54,342,54,342,54,338,54,335,54,333,55,335,56,338,57,342,57,342,57,347,57,350,56,351,55,350,54,347,54
347,420,342,420,342,420,338,420,335,420,333,421,335,422,338,423,342,423,342,423,347,423,350,422,351,421,350,420,347,420
329,21,326,22,324,23,326,24,329,25,332,24,333,23,332,22,329,21
311,41,308,41,307,42,308,43,311,44,314,43,316,42,314,41,311,41
311,413,308,414,307,415,308,416,311,417,314,416,316,415,314,414,311,413
302,25,298,25,298,23,296,22,293,21,290,22,289,23,290,24,293,25,298,25,298,26,299,27,302,28,305,27,307,26,305,25,302,25
285,34,282,35,280,36,282,37,285,38,288,37,289,36,288,35,285,34
276,407,271,407,271,407,267,407,264,407,262,408,264,410,267,410,271,410,271,410,276,410,279,410,280,408,279,407,276,407
267,21,262,21,262,21,258,21,255,22,254,23,255,24,258,25,262,25,262,25,267,25,270,24,271,23,270,22,267,21
249,410,246,411,245,412,246,413,249,413,252,413,254,412,252,411,249,410
161,38,158,38,156,39,158,40,161,41,164,40,165,39,164,38,161,38
143,355,140,354,138,353,138,352,138,352,138,350,138,349,138,349,138,347,137,346,134,345,130,345,130,344,130,342,130,342,130,340,128,339,125,339,122,339,121,340,121,342,121,342,121,344,122,345,125,345,130,345,130,347,130,349,130,349,130,350,130,352,130,352,130,353,130,355,130,355,130,357,130,358,130,358,130,360,131,361,134,361,137,362,138,363,140,364,143,365,146,364,147,363,147,361,147,361,147,360,147,358,147,358,147,357,146,356,143,355
