10,193,13,194,14,195,14,196,14,196,14,198,13,199,10,200,10,326,13,326,14,327,13,329,10,329,10,400,10,470,320,470,630,470,630,240,630,10,320,10,10,10,10,193
603,73,600,74,599,75,599,76,599,76,599,78,599,80,599,80,599,81,600,82,603,83,606,82,608,81,608,80,608,80,608,78,608,76,608,76,608,75,606,74,603,73
586,76,583,77,581,78,581,80,581,80,581,81,583,82,586,83,589,82,590,81,590,80,590,80,590,78,589,77,586,76
577,112,574,113,572,114,574,115,577,115,580,115,581,114,580,113,577,112
559,109,556,109,555,110,556,112,559,112,562,112,564,110,562,109,559,109
559,177,555,177,555,175,553,174,550,174,547,174,546,175,547,176,550,177,555,177,555,178,555,180,555,180,555,182,556,183,559,183,562,183,564,182,564,180,564,180,564,178,562,177,559,177
550,115,547,115,546,114,546,112,546,112,546,110,544,109,541,109,538,108,537,107,537,106,537,106,537,104,536,103,533,102,530,103,528,104,527,105,524,106,521,106,519,107,519,109,515,109,512,109,510,110,510,112,510,112,510,114,510,115,510,115,510,117,510,119,510,119,510,120,510,122,506,122,503,122,502,123,502,125,502,125,502,127,502,128,502,128,502,130,503,131,506,131,510,131,510,133,510,135,510,135,510,136,510,138,510,138,510,140,509,141,506,141,502,141,502,141,497,141,494,141,493,140,494,139,497,138,500,137,502,136,500,135,497,135,494,134,493,133,493,131,493,131,493,130,491,129,488,128,485,128,484,127,482,126,479,125,476,126,475,127,475,128,475,128,475,130,475,131,475,131,475,133,475,135,475,135,475,136,475,138,475,138,475,140,476,141,479,141,482,142,484,143,484,144,484,144,484,146,485,147,488,148,493,148,493,148,497,148,500,148,502,149,502,151,502,151,502,153,502,154,502,154,502,156,503,157,506,157,509,158,510,159,510,161,510,161,510,162,510,164,510,164,510,165,512,167,515,167,518,167,519,165,521,164,524,164,528,164,528,165,530,167,533,167,537,167,537,167,541,167,544,167,546,165,544,164,541,164,537,164,537,164,533,164,528,164,528,162,527,161,524,161,521,160,519,159,521,158,524,157,527,157,528,156,530,155,533,154,536,154,537,153,537,151,537,151,537,149,537,148,537,148,537,146,536,145,533,144,528,144,528,143,528,141,528,141,528,140,528,138,528,138,528,136,527,135,524,135,521,134,519,133,518,132,515,131,510,131,510,130,510,128,510,128,510,127,510,125,510,125,510,123,510,122,515,122,519,122,519,123,521,124,524,125,527,124,528,123,527,122,524,122,519,122,519,120,519,119,519,119,519,117,519,115,519,115,519,114,519,112,519,112,519,110,519,109,524,109,527,109,528,110,528,112,528,112,528,114,528,115,528,115,528,117,530,118,533,119,536,119,537,120,538,121,541,122,546,122,546,122,550,122,553,121,555,120,555,119,555,119,555,117,553,116,550,115
444,433,440,433,440,431,438,430,435,430,432,430,431,431,432,432,435,433,440,433,440,434,440,436,440,436,440,438,440,439,440,439,440,441,440,442,440,442,440,444,441,445,444,446,447,445,448,444,448,442,448,442,448,441,448,439,448,439,448,438,448,436,448,436,448,434,447,433,444,433
125,365,122,364,121,363,119,362,116,361,112,361,112,361,107,361,103,361,103,361,99,361,96,362,94,363,96,364,99,365,103,365,103,365,107,365,110,365,112,366,113,367,116,368,121,368,121,368,125,368,128,367,130,366,128,365,125,365
524,144,519,144,519,144,515,144,512,145,510,146,510,148,510,148,510,149,510,151,510,151,510,153,512,154,515,154,518,154,519,153,521,151,524,151,527,150,528,149,528,148,528,148,528,146,528,144,524,144
