581,10,581,12,581,12,581,13,581,15,581,15,581,16,581,18,586,18,589,19,590,20,590,21,590,21,590,23,589,24,586,25,583,24,581,23,581,21,581,21,581,20,581,18,577,18,574,18,572,16,572,15,572,15,572,13,572,12,572,12,572,10,291,10,10,10,10,349,13,349,14,350,14,352,14,352,14,353,14,355,14,355,14,357,14,358,14,358,14,360,14,361,14,361,14,363,14,365,19,365,22,365,23,366,23,368,23,368,23,370,22,371,19,371,16,371,14,370,14,368,14,368,14,366,14,365,10,365,10,417,10,470,320,470,630,470,630,240,630,10,581,10
595,50,590,50,590,49,589,48,586,47,583,48,581,49,583,50,586,50,590,50,590,52,590,54,586,54,583,54,581,55,583,56,586,57,589,56,590,55,590,54,595,54,598,53,599,52,598,51,595,50
577,93,574,92,572,91,571,90,568,89,564,89,564,89,559,89,555,89,555,89,550,89,547,90,546,91,547,92,550,93,553,93,555,94,555,96,555,96,555,97,556,99,559,99,562,99,564,97,565,96,568,96,571,96,572,97,574,99,577,99,580,99,581,97,581,96,581,96,581,94,580,93,577,93
524,148,519,148,519,148,515,148,512,148,510,149,510,151,510,151,510,153,510,154,510,154,510,156,510,157,510,157,510,159,509,160,506,161,502,161,502,161,497,161,494,161,493,162,493,164,493,164,493,165,491,167,488,167,485,168,484,169,484,170,479,170,476,171,475,172,476,173,479,174,482,173,484,172,484,170,488,170,493,170,493,170,497,170,500,170,502,169,503,168,506,167,509,167,510,165,512,164,515,164,518,163,519,162,519,161,519,161,519,159,521,158,524,157,527,157,528,156,528,154,528,154,528,153,528,151,528,151,528,149,527,148,524,148
515,115,512,116,510,117,512,118,515,119,518,118,519,117,518,116,515,115
515,135,512,135,510,136,512,137,515,138,518,137,519,136,518,135,515,135
515,141,512,142,510,143,512,144,515,144,518,144,519,143,518,142,515,141
497,151,494,150,493,149,493,148,493,148,493,146,491,145,488,144,485,145,484,146,484,148,484,148,484,149,484,151,484,151,484,153,485,154,488,154,491,155,493,156,494,157,497,157,500,157,502,156,502,154,502,154,502,153,500,151,497,151
479,44,476,45,475,46,476,47,479,47,482,47,484,46,482,45,479,44
471,86,468,87,466,88,466,89,466,89,466,91,468,92,471,93,474,92,475,91,475,89,475,89,475,88,474,87,471,86
462,80,459,80,457,81,459,82,462,83,465,82,466,81,465,80,462,80
426,63,423,64,422,65,422,67,422,67,422,68,422,70,422,70,422,72,423,73,426,73,429,73,431,72,431,70,431,70,431,68,431,67,431,67,431,65,429,64,426,63
400,67,395,67,395,65,394,64,391,63,386,63,386,63,382,63,379,64,378,65,379,66,382,67,386,67,386,67,391,67,395,67,395,68,397,69,400,70,403,69,404,68,403,67,400,67
382,462,379,462,378,464,379,465,382,465,385,465,386,464,385,462,382,462
364,462,360,462,360,462,355,462,352,462,351,464,352,465,355,465,360,465,360,465,364,465,367,465,369,464,367,462,364,462
231,446,228,446,227,447,227,449,227,449,227,451,228,452,231,452,234,452,236,451,236,449,236,449,236,447,234,446,231,446
