572,10,572,12,572,12,572,13,572,15,577,15,580,15,581,16,580,18,577,18,574,18,572,16,572,15,568,15,565,14,564,13,564,12,564,12,564,10,457,10,457,12,457,12,457,13,459,14,462,15,466,15,466,13,468,12,471,12,474,12,475,13,474,14,471,15,466,15,466,16,466,18,466,18,466,20,466,21,466,21,466,23,465,24,462,25,457,25,457,25,453,25,450,25,448,26,447,27,444,28,441,28,440,29,440,31,440,31,440,33,438,34,435,34,432,35,431,36,431,38,431,38,431,39,431,41,431,41,431,42,429,43,426,44,423,43,422,42,422,41,422,41,422,39,422,38,422,38,422,36,422,34,422,34,422,33,423,32,426,31,429,31,431,29,431,28,431,28,431,26,431,25,431,25,431,23,429,22,426,21,423,21,422,20,422,18,422,18,422,16,423,15,426,15,429,15,431,16,432,18,435,18,438,18,440,16,441,15,444,15,447,14,448,13,448,12,448,12,448,10,378,10,378,12,378,12,378,13,376,14,373,15,370,14,369,13,369,12,369,12,369,10,189,10,10,10,10,240,10,470,85,470,87,469,90,468,93,469,94,470,103,470,103,468,103,468,103,467,104,466,107,465,110,466,112,467,112,468,112,468,112,470,371,470,630,470,630,240,630,10,572,10
621,122,618,122,617,123,618,124,621,125,624,124,626,123,624,122,621,122
612,86,609,87,608,88,609,89,612,89,615,89,617,88,615,87,612,86
595,28,592,28,590,29,592,31,595,31,598,31,599,29,598,28,595,28
595,67,590,67,590,67,586,67,583,67,581,68,581,70,581,70,581,72,581,73,581,73,581,75,583,76,586,76,590,76,590,76,595,76,598,76,599,75,599,73,599,73,599,72,599,70,599,70,599,68,598,67,595,67
595,80,592,80,590,81,592,82,595,83,598,82,599,81,598,80,595,80
595,109,590,109,590,109,586,109,583,108,581,107,581,106,581,106,581,104,580,103,577,102,574,102,572,101,571,100,568,99,565,100,564,101,562,102,559,102,556,103,555,104,555,106,555,106,555,107,556,108,559,109,562,109,564,110,564,112,564,112,564,114,565,115,568,115,572,115,572,115,577,115,580,115,581,114,583,113,586,112,590,112,590,112,595,112,598,112,599,110,598,109,595,109
577,28,574,28,572,29,574,31,577,31,580,31,581,29,580,28,577,28
550,115,547,116,546,117,546,119,546,119,546,120,547,121,550,122,553,121,555,120,555,119,555,119,555,117,553,116,550,115
541,93,538,93,537,94,536,95,533,96,528,96,528,96,524,96,521,96,519,97,521,99,524,99,527,100,528,101,530,102,533,102,536,102,537,101,538,100,541,99,544,99,546,97,546,96,546,96,546,94,544,93,541,93
541,125,537,125,537,125,533,125,528,125,528,123,528,122,528,122,528,120,530,119,533,119,536,118,537,117,537,115,537,115,537,114,536,113,533,112,530,113,528,114,527,115,524,115,519,115,519,115,515,115,512,116,510,117,510,119,506,119,503,119,502,120,503,121,506,122,509,121,510,120,510,119,515,119,518,119,519,120,519,122,519,122,519,123,521,124,524,125,528,125,528,127,530,128,533,128,537,128,537,128,541,128,544,128,546,127,544,126,541,125
541,138,537,138,537,136,536,135,533,135,528,135,528,133,527,132,524,131,521,132,519,133,521,134,524,135,528,135,528,136,530,137,533,138,537,138,537,140,538,141,541,141,544,141,546,140,544,138,541,138
524,25,521,25,519,26,519,28,519,28,519,29,519,31,519,31,519,33,521,34,524,34,527,34,528,33,528,31,528,31,528,29,528,28,528,28,528,26,527,25,524,25
524,151,519,151,519,151,515,151,512,151,510,153,512,154,515,154,518,155,519,156,521,157,524,157,527,157,528,156,528,154,528,154,528,153,527,151,524,151
515,18,510,18,510,18,506,18,502,18,502,18,497,18,494,19,493,20,491,21,488,21,485,22,484,23,485,24,488,25,491,25,493,26,494,27,497,28,500,27,502,26,502,25,502,25,502,23,503,22,506,21,510,21,510,21,515,21,518,21,519,20,518,19,515,18
515,38,512,38,510,39,512,40,515,41,518,40,519,39,518,38,515,38
497,50,494,51,493,52,493,54,493,54,493,55,494,56,497,57,500,56,502,55,502,54,502,54,502,52,500,51,497,50
479,248,476,249,475,250,475,251,475,251,475,253,475,255,475,255,475,256,475,258,471,258,468,258,466,259,466,261,466,261,466,263,466,264,466,264,466,266,468,267,471,268,474,267,475,266,475,264,475,264,475,263,475,261,475,261,475,259,475,258,479,258,482,257,484,256,484,255,484,255,484,253,484,251,484,251,484,250,482,249,479,248
462,96,459,96,457,97,457,99,457,99,457,101,456,102,453,102,448,102,448,101,447,100,444,99,441,100,440,101,441,102,444,102,448,102,448,104,448,106,448,106,448,107,448,109,448,109,448,110,448,112,448,112,448,114,450,115,453,115,456,115,457,114,459,113,462,112,465,112,466,110,466,109,466,109,466,107,466,106,466,106,466,104,466,102,466,102,466,101,466,99,466,99,466,97,465,96,462,96
462,122,459,122,457,123,457,125,457,125,457,127,457,128,457,128,457,130,459,131,462,131,465,131,466,130,466,128,466,128,466,127,466,125,466,125,466,123,465,122,462,122
462,274,459,275,457,276,459,277,462,277,465,277,466,276,465,275,462,274
453,47,450,48,448,49,450,50,453,50,456,50,457,49,456,48,453,47
444,80,440,80,440,80,435,80,431,80,431,80,426,80,423,79,422,78,420,77,417,76,413,76,413,76,409,76,404,76,404,76,400,76,397,76,395,75,394,74,391,73,388,74,386,75,385,76,382,76,379,76,378,75,378,73,378,73,378,72,376,70,373,70,370,70,369,72,369,73,369,73,369,75,367,76,364,76,361,76,360,75,360,73,360,73,360,72,358,70,355,70,351,70,351,68,352,67,355,67,358,66,360,65,358,64,355,63,352,63,351,62,350,61,347,60,342,60,342,60,338,60,333,60,333,60,329,60,324,60,324,60,320,60,317,61,316,62,317,63,320,63,324,63,324,63,329,63,333,63,333,63,338,63,341,64,342,65,341,66,338,67,335,67,333,68,335,69,338,70,342,70,342,70,347,70,351,70,351,72,350,73,347,73,342,73,342,73,338,73,335,74,333,75,335,76,338,76,342,76,342,76,347,76,350,77,351,78,352,79,355,80,358,80,360,81,361,82,364,83,369,83,369,83,373,83,378,83,378,83,382,83,385,82,386,81,388,80,391,80,395,80,395,80,400,80,403,80,404,81,404,83,404,83,404,85,406,86,409,86,413,86,413,86,417,86,420,87,422,88,423,89,426,89,429,89,431,88,432,87,435,86,440,86,440,88,440,89,440,89,440,91,440,93,440,93,440,94,441,95,444,96,447,95,448,94,448,93,448,93,448,91,448,89,448,89,448,88,447,87,444,86,440,86,440,85,441,83,444,83,447,82,448,81,447,80,444,80
435,112,431,112,431,110,431,109,431,109,431,107,431,106,431,106,431,104,429,103,426,102,423,103,422,104,422,106,422,106,422,107,422,109,422,109,422,110,423,112,426,112,431,112,431,114,431,115,431,115,431,117,432,118,435,119,438,118,440,117,440,115,440,115,440,114,438,113,435,112
417,465,414,466,413,467,414,468,417,468,420,468,422,467,420,466,417,465
409,404,404,404,404,402,403,401,400,400,397,401,395,402,397,403,400,404,404,404,404,405,406,406,409,407,412,406,413,405,412,404,409,404
400,349,397,349,395,350,397,351,400,352,403,351,404,350,403,349,400,349
400,462,395,462,395,462,391,462,386,462,386,462,382,462,379,462,378,464,379,465,382,465,386,465,386,465,391,465,395,465,395,465,400,465,403,465,404,464,403,462,400,462
391,54,386,54,386,54,382,54,379,54,378,55,379,56,382,57,386,57,386,57,391,57,394,56,395,55,394,54,391,54
391,339,386,339,386,339,382,339,379,338,378,337,376,336,373,336,369,336,369,336,364,336,360,336,360,336,355,336,352,336,351,337,351,339,347,339,344,338,342,337,341,336,338,336,335,336,333,337,333,339,333,339,333,340,335,342,338,342,342,342,342,342,347,342,350,342,351,340,351,339,355,339,360,339,360,339,364,339,367,339,369,340,370,342,373,342,378,342,378,342,382,342,385,343,386,344,388,345,391,345,394,345,395,344,395,342,395,342,395,340,394,339,391,339
382,18,378,18,378,18,373,18,370,19,369,20,370,21,373,21,376,22,378,23,379,24,382,25,385,24,386,23,386,21,386,21,386,20,385,19,382,18
382,41,379,40,378,39,378,38,378,38,378,36,378,34,378,34,378,33,376,32,373,31,370,32,369,33,369,34,369,34,369,36,369,38,369,38,369,39,369,41,369,41,369,42,370,43,373,44,376,45,378,46,378,47,378,47,378,49,379,50,382,50,385,50,386,49,386,47,386,47,386,46,386,44,386,44,386,42,385,41,382,41
364,196,361,197,360,198,361,199,364,200,367,199,369,198,367,197,364,196
355,50,352,51,351,52,351,54,347,54,344,54,342,55,344,56,347,57,350,56,351,55,351,54,355,54,358,53,360,52,358,51,355,50
329,47,326,48,324,49,323,50,320,50,317,51,316,52,316,54,316,54,316,55,317,56,320,57,324,57,324,57,329,57,332,56,333,55,333,54,333,54,333,52,333,50,333,50,333,49,332,48,329,47
329,83,326,83,324,85,326,86,329,86,332,86,333,85,332,83,329,83
311,86,308,87,307,88,308,89,311,89,314,89,316,88,314,87,311,86
302,397,299,398,298,399,299,400,302,400,305,400,307,399,305,398,302,397
293,67,290,67,289,68,289,70,289,70,289,72,290,73,293,73,296,73,298,72,298,70,298,70,298,68,296,67,293,67
285,86,282,86,280,85,280,83,280,83,280,81,279,80,276,80,273,79,271,78,270,77,267,76,264,76,262,75,261,74,258,73,255,74,254,75,254,76,254,76,254,78,254,80,254,80,254,81,254,83,254,83,254,85,255,86,258,86,262,86,262,86,267,86,270,87,271,88,273,89,276,89,280,89,280,89,285,89,288,89,289,88,288,87,285,86
285,206,282,207,280,208,280,209,280,209,280,211,282,212,285,212,288,212,289,211,289,209,289,209,289,208,288,207,285,206
276,332,273,333,271,334,273,335,276,336,279,335,280,334,279,333,276,332
267,397,262,397,262,397,258,397,255,398,254,399,255,400,258,400,262,400,262,400,267,400,270,400,271,399,270,398,267,397
258,332,255,333,254,334,254,336,254,336,254,337,255,338,258,339,261,338,262,337,262,336,262,336,262,334,261,333,258,332
205,70,200,70,200,70,196,70,193,70,192,72,190,73,187,73,183,73,183,73,178,73,174,73,174,73,169,73,166,74,165,75,164,76,161,76,158,77,156,78,156,80,152,80,147,80,147,80,143,80,140,80,138,81,138,83,134,83,131,83,130,85,131,86,134,86,137,86,138,85,138,83,143,83,147,83,147,83,152,83,155,82,156,81,156,80,161,80,165,80,165,80,169,80,172,79,174,78,175,77,178,76,183,76,183,76,187,76,192,76,192,76,196,76,200,76,200,76,205,76,208,76,209,75,209,73,209,73,209,72,208,70,205,70
187,332,184,333,183,334,183,336,183,336,183,337,181,338,178,339,175,339,174,340,174,342,174,342,174,344,175,345,178,345,181,345,183,344,184,343,187,342,190,342,192,340,192,339,192,339,192,337,192,336,192,336,192,334,190,333,187,332
152,336,147,336,147,336,143,336,140,336,138,337,138,339,138,339,138,340,140,342,143,342,146,342,147,340,149,339,152,339,155,338,156,337,155,336,152,336
143,433,140,432,138,431,137,430,134,430,131,430,130,431,130,433,130,433,130,434,131,435,134,436,138,436,138,436,143,436,146,435,147,434,146,433,143,433
63,423,60,424,59,425,60,426,63,426,66,426,68,425,66,424,63,423
