457,10,456,11,453,12,450,11,448,10,440,10,440,12,440,12,440,13,438,14,435,15,431,15,431,16,429,18,426,18,423,18,422,16,423,15,426,15,431,15,431,13,431,12,431,12,431,10,404,10,403,11,400,12,395,12,395,13,394,14,391,15,388,14,386,13,388,12,391,12,395,12,395,10,192,10,192,12,196,12,199,12,200,13,199,14,196,15,193,14,192,13,192,12,187,12,184,11,183,10,96,10,10,10,10,240,10,470,320,470,630,470,630,240,630,10,457,10
524,148,521,148,519,149,521,150,524,151,527,150,528,149,527,148,524,148
453,15,450,15,448,16,450,18,453,18,456,18,457,16,456,15,453,15
409,109,406,109,404,110,406,112,409,112,412,112,413,110,412,109,409,109
329,465,326,466,324,467,326,468,329,468,332,468,333,467,332,466,329,465
320,12,317,12,316,13,317,14,320,15,323,14,324,13,323,12,320,12
302,28,299,28,298,29,298,31,293,31,289,31,289,29,288,28,285,28,282,28,280,29,282,31,285,31,289,31,289,33,290,34,293,34,296,34,298,33,298,31,302,31,305,31,307,29,305,28,302,28
285,15,282,15,280,16,282,18,285,18,288,18,289,16,288,15,285,15
276,21,271,21,271,20,270,19,267,18,264,19,262,20,264,21,267,21,271,21,271,23,273,24,276,25,279,24,280,23,279,22,276,21
249,12,246,12,245,13,246,14,249,15,252,14,254,13,252,12,249,12
231,12,228,12,227,13,228,14,231,15,234,14,236,13,234,12,231,12
196,28,193,28,192,29,193,31,196,31,199,31,200,29,199,28,196,28
116,339,113,339,112,340,113,342,116,342,119,342,121,340,119,339,116,339
