519,10,519,12,524,12,527,12,528,13,527,14,524,15,521,14,519,13,519,12,515,12,512,11,510,10,475,10,475,12,475,12,475,13,474,14,471,15,468,14,466,13,466,12,466,12,466,10,360,10,358,11,355,12,352,11,351,10,342,10,342,12,342,12,342,13,341,14,338,15,335,14,333,13,333,12,333,12,333,10,172,10,10,10,10,63,13,64,14,65,16,66,19,67,22,67,23,68,22,69,19,70,14,70,14,70,10,70,10,270,10,470,85,470,87,469,90,468,93,469,94,470,103,470,104,469,107,468,110,469,112,470,371,470,630,470,630,119,627,118,626,117,627,116,630,115,630,63,630,10,519,10
621,439,618,440,617,441,617,442,617,442,617,444,617,446,617,446,617,447,617,449,617,449,617,451,618,452,621,452,624,452,626,451,626,449,626,449,626,447,626,446,626,446,626,444,626,442,626,442,626,441,624,440,621,439
550,115,547,116,546,117,547,118,550,119,553,118,555,117,553,116,550,115
541,138,538,138,537,140,538,141,541,141,544,141,546,140,544,138,541,138
533,18,530,19,528,20,528,21,528,21,528,23,528,25,528,25,528,26,528,28,528,28,528,29,528,31,528,31,528,33,528,34,528,34,528,36,528,38,528,38,528,39,530,40,533,41,536,40,537,39,537,38,537,38,537,36,537,34,537,34,537,33,537,31,537,31,537,29,537,28,537,28,537,26,537,25,537,25,537,23,537,21,537,21,537,20,536,19,533,18
524,67,521,67,519,68,519,70,519,70,519,72,519,73,519,73,519,75,519,76,515,76,512,77,510,78,512,79,515,80,518,79,519,78,519,76,524,76,527,76,528,75,528,73,528,73,528,72,528,70,528,70,528,68,527,67,524,67
524,125,521,126,519,127,521,128,524,128,527,128,528,127,527,126,524,125
515,34,512,35,510,36,510,38,510,38,510,39,512,40,515,41,518,40,519,39,519,38,519,38,519,36,518,35,515,34
515,93,512,92,510,91,509,90,506,89,503,90,502,91,502,93,502,93,502,94,502,96,502,96,502,97,502,99,502,99,502,101,503,102,506,102,509,102,510,101,510,99,510,99,510,97,512,96,515,96,518,95,519,94,518,93,515,93
506,47,503,48,502,49,503,50,506,50,509,50,510,49,509,48,506,47
435,345,432,345,431,344,429,343,426,342,423,343,422,344,420,345,417,345,414,346,413,347,414,348,417,349,420,349,422,350,423,351,426,352,429,351,431,350,432,349,435,349,438,348,440,347,438,346,435,345
426,355,423,356,422,357,423,358,426,358,429,358,431,357,429,356,426,355
409,76,406,77,404,78,406,79,409,80,412,79,413,78,412,77,409,76
400,342,397,343,395,344,394,345,391,345,386,345,386,345,382,345,378,345,378,345,373,345,369,345,369,345,364,345,361,346,360,347,358,348,355,349,351,349,351,349,347,349,344,349,342,350,342,352,342,352,342,353,344,354,347,355,350,354,351,353,352,352,355,352,360,352,360,352,364,352,369,352,369,352,373,352,376,351,378,350,379,349,382,349,386,349,386,349,391,349,395,349,395,349,400,349,403,348,404,347,404,345,404,345,404,344,403,343,400,342
400,436,397,437,395,438,395,439,395,439,395,441,395,442,395,442,395,444,397,445,400,446,403,445,404,444,404,442,404,442,404,441,404,439,404,439,404,438,403,437,400,436
391,67,388,67,386,68,385,69,382,70,379,70,378,72,379,73,382,73,386,73,386,73,391,73,394,73,395,72,395,70,395,70,395,68,394,67,391,67
382,15,379,15,378,16,376,18,373,18,370,19,369,20,369,21,364,21,361,22,360,23,360,25,360,25,360,26,361,27,364,28,367,27,369,26,369,25,369,25,369,23,369,21,373,21,378,21,378,21,382,21,385,21,386,20,386,18,386,18,386,16,385,15,382,15
382,200,378,200,378,198,376,197,373,196,369,196,369,196,364,196,361,197,360,198,361,199,364,200,369,200,369,200,373,200,378,200,378,201,379,202,382,203,385,202,386,201,385,200,382,200
364,63,361,64,360,65,361,66,364,67,367,66,369,65,367,64,364,63
347,18,344,19,342,20,344,21,347,21,350,21,351,20,350,19,347,18
329,28,324,28,324,28,320,28,317,28,316,29,317,31,320,31,323,32,324,33,324,34,324,34,324,36,324,38,324,38,324,39,324,41,324,41,324,42,326,43,329,44,332,43,333,42,333,41,333,41,333,39,333,38,333,38,333,36,333,34,333,34,333,33,333,31,333,31,333,29,332,28,329,28
329,352,326,352,324,353,326,354,329,355,332,354,333,353,332,352,329,352
276,18,273,18,271,16,270,15,267,15,262,15,262,15,258,15,254,15,254,15,249,15,246,14,245,13,243,12,240,12,236,12,236,12,231,12,227,12,227,12,223,12,218,12,218,12,214,12,211,12,209,13,209,15,209,15,209,16,209,18,209,18,209,20,211,21,214,21,218,21,218,21,223,21,226,21,227,20,227,18,227,18,227,16,228,15,231,15,234,15,236,16,237,18,240,18,243,19,245,20,246,21,249,21,252,22,254,23,255,24,258,25,261,24,262,23,264,22,267,21,271,21,271,21,276,21,279,21,280,20,279,19,276,18
258,31,255,32,254,33,255,34,258,34,261,34,262,33,261,32,258,31
240,41,237,41,236,42,237,43,240,44,243,43,245,42,243,41,240,41
223,25,218,25,218,25,214,25,211,25,209,26,211,27,214,28,218,28,218,28,223,28,226,27,227,26,226,25,223,25
134,339,131,338,130,337,130,336,130,336,130,334,128,333,125,332,122,333,121,334,121,336,121,336,121,337,121,339,121,339,121,340,121,342,121,342,121,344,122,345,125,345,130,345,130,345,134,345,137,345,138,344,138,342,138,342,138,340,137,339,134,339
