630,10,320,10,10,10,10,240,10,470,320,470,630,470,630,240,630,10
612,109,608,109,608,107,608,106,608,106,608,104,606,103,603,102,599,102,599,101,599,99,599,99,599,97,598,96,595,96,590,96,590,94,589,93,586,93,581,93,581,91,580,90,577,89,572,89,572,88,572,86,572,86,572,85,572,83,572,83,572,81,571,80,568,80,564,80,564,80,559,80,556,80,555,81,555,83,555,83,555,85,556,86,559,86,562,87,564,88,565,89,568,89,572,89,572,91,574,92,577,93,581,93,581,94,583,95,586,96,590,96,590,97,590,99,590,99,590,101,592,102,595,102,599,102,599,104,599,106,599,106,599,107,600,108,603,109,608,109,608,110,609,112,612,112,615,112,617,110,615,109,612,109
603,261,600,262,599,263,600,264,603,264,606,264,608,263,606,262,603,261
595,122,592,122,590,123,590,125,590,125,590,127,592,128,595,128,598,128,599,127,599,125,599,125,599,123,598,122,595,122
595,212,592,213,590,214,590,216,590,216,590,217,590,219,590,219,590,221,592,222,595,222,598,222,599,221,599,219,599,219,599,217,599,216,599,216,599,214,598,213,595,212
586,73,583,74,581,75,581,76,581,76,581,78,581,80,581,80,581,81,583,82,586,83,589,82,590,81,590,80,590,80,590,78,590,76,590,76,590,75,589,74,586,73
586,196,583,197,581,198,581,200,581,200,581,201,581,203,581,203,581,204,583,205,586,206,589,205,590,204,590,203,590,203,590,201,590,200,590,200,590,198,589,197,586,196
479,18,476,19,475,20,475,21,471,21,468,22,466,23,468,24,471,25,474,24,475,23,475,21,479,21,482,21,484,20,482,19,479,18
417,102,414,103,413,104,414,105,417,106,420,105,422,104,420,103,417,102
417,378,413,378,413,378,409,378,406,378,404,379,404,381,404,381,404,383,404,384,404,384,404,386,406,387,409,387,412,388,413,389,414,390,417,391,420,390,422,389,422,387,422,387,422,386,422,384,422,384,422,383,422,381,422,381,422,379,420,378,417,378
409,394,406,394,404,395,406,397,409,397,412,397,413,395,412,394,409,394
409,407,406,407,404,408,404,410,404,410,404,412,406,413,409,413,412,413,413,412,413,410,413,410,413,408,412,407,409,407
400,423,397,424,395,425,395,426,391,426,388,427,386,428,388,429,391,430,394,429,395,428,395,426,400,426,403,426,404,425,403,424,400,423
355,12,352,12,351,13,352,14,355,15,358,14,360,13,358,12,355,12
329,41,326,41,324,42,326,43,329,44,332,43,333,42,332,41,329,41
134,326,131,326,130,327,130,329,130,329,130,331,131,332,134,332,137,332,138,331,138,329,138,329,138,327,137,326,134,326
54,420,51,420,50,421,51,422,54,423,57,422,59,421,57,420,54,420
