528,10,527,11,524,12,521,11,519,10,265,10,10,10,10,240,10,470,475,470,476,469,479,468,482,469,484,470,557,470,630,470,630,240,630,10,528,10
612,96,609,96,608,97,608,99,608,99,608,101,609,102,612,102,615,102,617,101,617,99,617,99,617,97,615,96,612,96
603,131,600,132,599,133,598,134,595,135,592,135,590,136,592,137,595,138,598,139,599,140,600,141,603,141,606,141,608,140,608,138,608,138,608,136,608,135,608,135,608,133,606,132,603,131
586,109,583,109,581,110,581,112,581,112,581,114,581,115,577,115,572,115,572,114,571,113,568,112,565,113,564,114,564,115,559,115,555,115,555,115,550,115,547,116,546,117,546,119,546,119,546,120,547,121,550,122,555,122,555,123,553,124,550,125,547,126,546,127,546,128,546,128,546,130,546,131,546,131,546,133,546,135,546,135,546,136,547,137,550,138,553,137,555,136,555,135,555,135,555,133,555,131,555,131,555,130,556,129,559,128,562,128,564,127,564,125,564,125,564,123,562,122,559,122,555,122,555,120,556,119,559,119,562,118,564,117,564,115,568,115,572,115,572,117,574,118,577,119,580,118,581,117,581,115,586,115,589,115,590,114,590,112,590,112,590,110,589,109,586,109
577,128,574,129,572,130,574,131,577,131,580,131,581,130,580,129,577,128
541,164,537,164,537,164,533,164,530,164,528,165,530,167,533,167,537,167,537,167,541,167,544,167,546,165,544,164,541,164
533,15,530,15,528,16,530,18,533,18,536,18,537,16,536,15,533,15
533,141,528,141,528,141,524,141,521,142,519,143,521,144,524,144,527,145,528,146,528,148,528,148,528,149,530,150,533,151,536,150,537,149,537,148,537,148,537,146,537,144,537,144,537,143,536,142,533,141
444,423,441,424,440,425,440,426,440,426,440,428,440,430,440,430,440,431,441,432,444,433,447,432,448,431,448,430,448,430,448,428,448,426,448,426,448,425,447,424,444,423
205,374,202,375,200,376,202,377,205,378,208,377,209,376,208,375,205,374
134,371,131,372,130,373,131,374,134,374,137,374,138,373,137,372,134,371
81,361,76,361,76,360,75,359,72,358,69,359,68,360,69,361,72,361,76,361,76,363,78,364,81,365,84,364,85,363,84,362,81,361
54,187,50,187,50,187,45,187,42,187,41,188,42,189,45,190,50,190,50,190,54,190,57,189,59,188,57,187,54,187
28,187,25,187,23,188,22,189,19,190,16,190,14,191,16,192,19,193,23,193,23,193,28,193,31,192,32,191,32,190,32,190,32,188,31,187,28,187
