537,10,537,12,537,12,537,13,537,15,537,15,537,16,536,18,533,18,530,18,528,16,528,15,528,15,528,13,528,12,528,12,528,10,269,10,10,10,10,193,13,194,14,195,14,196,14,196,14,198,13,199,10,200,10,212,13,213,14,214,13,215,10,216,10,343,10,470,475,470,476,469,479,468,482,469,484,470,557,470,630,470,630,240,630,10,537,10
612,96,608,96,608,94,606,93,603,93,600,93,599,94,600,95,603,96,608,96,608,97,608,99,608,99,608,101,609,102,612,102,615,102,617,101,617,99,617,99,617,97,615,96,612,96
603,135,600,135,599,136,600,137,603,138,606,137,608,136,606,135,603,135
586,109,583,109,581,110,581,112,577,112,572,112,572,112,568,112,565,111,564,110,562,109,559,109,556,109,555,110,555,112,555,112,555,114,553,115,550,115,546,115,546,115,541,115,538,116,537,117,537,119,537,119,537,120,538,121,541,122,544,122,546,123,546,125,546,125,546,127,547,128,550,128,553,128,555,127,555,125,555,125,555,123,555,122,555,122,555,120,556,119,559,119,562,118,564,117,565,116,568,115,572,115,572,115,577,115,580,115,581,114,581,112,586,112,589,112,590,110,589,109,586,109
550,326,547,326,546,327,547,329,550,329,553,329,555,327,553,326,550,326
541,164,537,164,537,164,533,164,530,164,528,165,530,167,533,167,537,167,537,167,541,167,544,167,546,165,544,164,541,164
533,144,528,144,528,143,528,141,528,141,528,140,527,138,524,138,521,138,519,140,519,141,519,141,519,143,521,144,524,144,528,144,528,146,528,148,528,148,528,149,530,150,533,151,536,150,537,149,537,148,537,148,537,146,536,145,533,144
515,154,512,154,510,153,509,151,506,151,503,151,502,153,502,154,502,154,502,156,503,157,506,157,510,157,510,157,515,157,518,157,519,156,518,155,515,154
515,439,512,440,510,441,510,442,510,442,510,444,512,445,515,446,518,445,519,444,519,442,519,442,519,441,518,440,515,439
444,426,441,427,440,428,440,430,440,430,440,431,440,433,440,433,440,434,440,436,440,436,440,438,441,439,444,439,447,439,448,438,448,436,448,436,448,434,448,433,448,433,448,431,448,430,448,430,448,428,447,427,444,426
116,365,113,365,112,366,113,367,116,368,119,367,121,366,119,365,116,365
99,361,94,361,94,361,90,361,87,362,85,363,87,364,90,365,94,365,94,365,99,365,102,364,103,363,102,362,99,361
