10,336,13,336,14,337,14,339,14,339,14,340,16,341,19,342,22,343,23,344,23,345,23,345,23,347,25,348,28,349,31,349,32,350,32,352,32,352,32,353,32,355,32,355,32,357,34,358,37,358,40,359,41,360,41,361,41,361,41,363,41,365,41,365,41,366,40,367,37,368,34,367,32,366,31,365,28,365,25,364,23,363,23,361,23,361,23,360,23,358,23,358,23,357,22,356,19,355,16,354,14,353,14,352,14,352,14,350,14,349,14,349,14,347,13,346,10,345,10,408,10,470,320,470,630,470,630,174,627,173,626,172,624,171,621,170,617,170,617,170,612,170,608,170,608,170,603,170,600,170,599,169,599,167,599,167,599,165,600,164,603,164,608,164,608,164,612,164,615,164,617,165,618,167,621,167,626,167,626,167,630,167,630,89,630,10,320,10,10,10,10,336
577,349,574,349,572,350,574,351,577,352,580,351,581,350,580,349,577,349
550,339,547,339,546,340,546,342,546,342,546,344,547,345,550,345,553,345,555,344,555,342,555,342,555,340,553,339,550,339
541,38,538,38,537,39,537,41,537,41,537,42,538,43,541,44,544,43,546,42,546,41,546,41,546,39,544,38,541,38
541,128,538,129,537,130,538,131,541,131,544,131,546,130,544,129,541,128
541,135,538,135,537,136,538,137,541,138,544,137,546,136,544,135,541,135
471,99,468,100,466,101,468,102,471,102,474,102,475,101,474,100,471,99
293,212,290,213,289,214,290,215,293,216,296,215,298,214,296,213,293,212
223,423,218,423,218,423,214,423,211,424,209,425,208,426,205,426,202,427,200,428,202,429,205,430,209,430,209,430,214,430,218,430,218,430,223,430,226,429,227,428,227,426,227,426,227,425,226,424,223,423
223,436,218,436,218,436,214,436,209,436,209,436,205,436,200,436,200,436,196,436,193,437,192,438,190,439,187,439,184,440,183,441,184,442,187,442,190,443,192,444,193,445,196,446,200,446,200,446,205,446,209,446,209,446,214,446,217,446,218,447,220,448,223,449,226,448,227,447,227,446,227,446,227,444,226,443,223,442,220,442,218,441,220,440,223,439,226,439,227,438,226,437,223,436
116,404,113,403,112,402,110,401,107,400,104,400,103,399,102,398,99,397,96,398,94,399,94,400,94,400,94,402,96,403,99,404,102,404,103,405,104,406,107,407,112,407,112,407,116,407,119,406,121,405,119,404,116,404
90,391,87,391,85,392,87,393,90,394,93,393,94,392,93,391,90,391
63,242,60,242,59,243,59,245,54,245,50,245,50,245,45,245,42,245,41,246,41,248,41,248,41,250,41,251,41,251,41,253,42,254,45,255,48,255,50,256,51,257,54,258,57,257,59,256,59,255,59,255,59,253,59,251,59,251,59,250,59,248,59,248,59,246,59,245,63,245,66,244,68,243,66,242,63,242
63,378,60,378,59,379,60,380,63,381,66,380,68,379,66,378,63,378
54,319,51,320,50,321,50,323,50,323,50,324,51,325,54,326,57,325,59,324,59,323,59,323,59,321,57,320,54,319
28,15,25,15,23,16,25,18,28,18,31,18,32,16,31,15,28,15
