165,10,165,12,169,12,172,12,174,13,174,15,174,15,174,16,172,18,169,18,166,18,165,16,165,15,165,15,165,13,165,12,161,12,158,11,156,10,83,10,10,10,10,339,14,339,14,339,19,339,22,339,23,340,22,342,19,342,14,342,14,342,10,342,10,345,13,346,14,347,14,349,19,349,22,349,23,350,22,351,19,352,16,351,14,350,14,349,10,349,10,409,10,470,466,470,466,468,466,468,466,467,468,466,471,465,474,466,475,467,475,468,475,468,475,470,553,470,630,470,630,280,626,280,626,280,621,280,617,280,617,280,612,280,609,280,608,279,608,277,608,277,608,276,609,275,612,274,615,275,617,276,618,277,621,277,626,277,626,277,630,277,630,144,630,10,165,10
612,122,608,122,608,122,603,122,600,122,599,123,600,124,603,125,606,126,608,127,609,128,612,128,615,128,617,127,617,125,617,125,617,123,615,122,612,122
603,96,600,96,599,97,600,99,603,99,606,99,608,97,606,96,603,96
595,41,592,41,590,42,590,44,590,44,590,46,592,47,595,47,598,47,599,46,599,44,599,44,599,42,598,41,595,41
586,128,583,129,581,130,583,131,586,131,589,131,590,130,589,129,586,128
568,128,564,128,564,128,559,128,556,129,555,130,556,131,559,131,564,131,564,131,568,131,571,131,572,130,571,129,568,128
559,80,556,80,555,81,555,83,555,83,555,85,556,86,559,86,562,86,564,85,564,83,564,83,564,81,562,80,559,80
550,144,547,145,546,146,546,148,541,148,538,148,537,149,538,150,541,151,544,150,546,149,546,148,550,148,553,147,555,146,553,145,550,144
524,148,519,148,519,148,515,148,512,148,510,149,512,150,515,151,519,151,519,151,524,151,527,150,528,149,527,148,524,148
515,112,512,113,510,114,512,115,515,115,518,115,519,114,518,113,515,112
426,67,423,67,422,68,423,69,426,70,429,69,431,68,429,67,426,67
417,459,413,459,413,459,409,459,404,459,404,459,400,459,397,459,395,460,397,461,400,462,404,462,404,462,409,462,413,462,413,462,417,462,420,461,422,460,420,459,417,459
329,342,326,343,324,344,326,345,329,345,332,345,333,344,332,343,329,342
302,449,298,449,298,447,296,446,293,446,290,446,289,447,290,448,293,449,298,449,298,451,299,452,302,452,305,452,307,451,305,449,302,449
249,446,245,446,245,446,240,446,236,446,236,446,231,446,228,446,227,447,228,448,231,449,236,449,236,449,240,449,245,449,245,449,249,449,252,448,254,447,252,446,249,446
187,245,184,245,183,246,184,248,187,248,190,248,192,246,190,245,187,245
161,21,158,22,156,23,158,24,161,25,164,24,165,23,164,22,161,21
37,361,34,361,32,360,31,359,28,358,23,358,23,358,19,358,16,359,14,360,16,361,19,361,22,362,23,363,25,364,28,365,31,365,32,366,32,368,32,368,32,370,31,371,28,371,25,372,23,373,23,374,23,374,23,376,25,377,28,378,32,378,32,378,37,378,40,377,41,376,41,374,41,374,41,373,41,371,41,371,41,370,41,368,41,368,41,366,41,365,41,365,41,363,40,362,37,361
