10,216,13,216,14,217,14,219,14,219,14,221,14,222,14,222,14,224,13,225,10,225,10,329,13,330,14,331,13,332,10,332,10,401,10,470,320,470,630,470,630,240,630,10,320,10,10,10,10,216
603,148,600,148,599,149,600,150,603,151,606,150,608,149,606,148,603,148
586,128,583,129,581,130,581,131,581,131,581,133,583,134,586,135,589,134,590,133,590,131,590,131,590,130,589,129,586,128
577,122,574,122,572,123,572,125,568,125,564,125,564,125,559,125,556,126,555,127,553,128,550,128,546,128,546,128,541,128,538,129,537,130,537,131,537,131,537,133,538,134,541,135,546,135,546,135,550,135,555,135,555,135,559,135,562,134,564,133,564,131,564,131,564,130,565,129,568,128,571,128,572,127,572,125,577,125,580,124,581,123,580,122,577,122
577,326,574,326,572,327,574,329,577,329,580,329,581,327,580,326,577,326
550,138,546,138,546,138,541,138,538,138,537,140,538,141,541,141,546,141,546,141,550,141,553,141,555,140,553,138,550,138
550,157,546,157,546,157,541,157,538,157,537,156,536,155,533,154,530,155,528,156,527,157,524,157,521,158,519,159,521,160,524,161,528,161,528,161,533,161,537,161,537,161,541,161,546,161,546,161,550,161,553,160,555,159,553,158,550,157
302,93,298,93,298,93,293,93,289,93,289,93,285,93,282,93,280,94,282,95,285,96,289,96,289,96,293,96,298,96,298,96,302,96,305,95,307,94,305,93,302,93
134,381,131,381,130,383,131,384,134,384,137,384,138,383,137,381,134,381
99,374,94,374,94,373,93,372,90,371,87,371,85,370,84,368,81,368,78,367,76,366,75,365,72,365,69,364,68,363,66,362,63,361,60,362,59,363,59,365,59,365,59,366,60,367,63,368,66,369,68,370,68,371,68,371,68,373,69,374,72,374,76,374,76,374,81,374,85,374,85,374,90,374,94,374,94,376,96,377,99,378,102,377,103,376,102,375,99,374
54,423,51,424,50,425,51,426,54,426,57,426,59,425,57,424,54,423
