630,10,320,10,10,10,10,240,10,470,320,470,630,470,630,240,630,10
603,271,600,271,599,272,600,273,603,274,606,273,608,272,606,271,603,271
586,93,583,92,581,91,580,90,577,89,574,89,572,88,571,87,568,86,564,86,564,85,564,83,564,83,564,81,562,80,559,80,555,80,555,78,553,77,550,76,547,77,546,78,547,79,550,80,555,80,555,81,555,83,555,83,555,85,556,86,559,86,564,86,564,88,564,89,564,89,564,91,565,92,568,93,571,93,572,94,574,95,577,96,580,96,581,97,583,99,586,99,589,99,590,97,590,96,590,96,590,94,589,93,586,93
586,125,581,125,581,123,580,122,577,122,574,122,572,123,574,124,577,125,581,125,581,127,583,128,586,128,589,128,590,127,589,126,586,125
541,12,538,12,537,13,537,15,537,15,537,16,536,18,533,18,530,19,528,20,528,21,528,21,528,23,528,25,528,25,528,26,528,28,528,28,528,29,530,31,533,31,536,31,537,29,537,28,537,28,537,26,538,25,541,25,544,24,546,23,546,21,546,21,546,20,546,18,546,18,546,16,546,15,546,15,546,13,544,12,541,12
435,83,432,83,431,85,432,86,435,86,438,86,440,85,438,83,435,83
435,313,431,313,431,311,431,310,431,310,431,308,429,307,426,306,423,307,422,308,420,309,417,310,414,310,413,311,413,313,413,313,413,315,414,316,417,316,420,316,422,315,423,313,426,313,431,313,431,315,432,316,435,316,438,316,440,315,438,313,435,313
400,67,397,67,395,68,397,69,400,70,403,69,404,68,403,67,400,67
382,316,379,317,378,318,379,319,382,319,385,319,386,318,385,317,382,316
338,187,333,187,333,185,332,184,329,183,326,184,324,185,326,186,329,187,333,187,333,188,335,189,338,190,341,189,342,188,341,187,338,187
311,177,308,177,307,178,308,180,311,180,314,180,316,178,314,177,311,177
125,329,121,329,121,327,121,326,121,326,121,324,119,323,116,323,113,322,112,321,110,320,107,319,104,320,103,321,103,323,103,323,103,324,104,325,107,326,110,326,112,327,113,329,116,329,121,329,121,331,122,332,125,332,128,332,130,331,128,330,125,329
37,47,34,48,32,49,34,50,37,50,40,50,41,49,40,48,37,47
