10,222,13,223,14,224,13,225,10,225,10,348,10,470,320,470,630,470,630,240,630,10,320,10,10,10,10,222
603,109,600,109,599,110,600,112,603,112,606,112,608,110,606,109,603,109
603,122,600,122,599,123,600,124,603,125,606,124,608,123,606,122,603,122
586,106,581,106,581,106,577,106,574,106,572,107,574,108,577,109,581,109,581,109,586,109,589,108,590,107,589,106,586,106
497,96,494,96,493,97,491,99,488,99,484,99,484,99,479,99,476,99,475,97,474,96,471,96,466,96,466,96,462,96,459,96,457,97,457,99,457,99,457,101,457,102,457,102,457,104,457,106,457,106,457,107,459,108,462,109,465,108,466,107,468,106,471,106,474,106,475,107,476,108,479,109,482,108,484,107,485,106,488,106,493,106,493,106,497,106,500,105,502,104,502,102,502,102,502,101,502,99,502,99,502,97,500,96,497,96
435,99,432,100,431,101,429,102,426,102,422,102,422,101,420,100,417,99,414,100,413,101,413,102,409,102,404,102,404,102,400,102,395,102,395,102,391,102,388,103,386,104,386,106,386,106,386,107,388,108,391,109,394,108,395,107,397,106,400,106,403,106,404,107,406,108,409,109,412,108,413,107,413,106,413,106,413,104,413,102,417,102,422,102,422,104,422,106,422,106,422,107,422,109,422,109,422,110,423,112,426,112,431,112,431,112,435,112,438,112,440,110,440,109,440,109,440,107,440,106,440,106,440,104,440,102,440,102,440,101,438,100,435,99
426,452,423,452,422,451,420,449,417,449,413,449,413,449,409,449,404,449,404,449,400,449,395,449,395,449,391,449,388,449,386,451,388,452,391,452,395,452,395,452,400,452,404,452,404,452,409,452,412,453,413,454,414,455,417,455,420,456,422,457,423,458,426,459,429,458,431,457,431,455,431,455,431,454,429,453,426,452
409,73,404,73,404,72,403,70,400,70,397,70,395,72,397,73,400,73,404,73,404,75,406,76,409,76,412,76,413,75,412,74,409,73
355,76,352,77,351,78,352,79,355,80,358,79,360,78,358,77,355,76
355,109,352,109,351,110,351,112,351,112,351,114,352,115,355,115,358,115,360,114,360,112,360,112,360,110,358,109,355,109
355,442,351,442,351,441,350,440,347,439,342,439,342,438,341,437,338,436,335,435,333,434,332,433,329,433,326,433,324,434,324,436,324,436,324,438,326,439,329,439,333,439,333,439,338,439,342,439,342,441,344,442,347,442,351,442,351,444,351,446,351,446,351,447,352,448,355,449,358,448,360,447,360,446,360,446,360,444,358,443,355,442
347,70,344,70,342,72,344,73,347,73,350,73,351,72,350,70,347,70
320,67,317,67,316,68,316,70,316,70,316,72,317,73,320,73,323,73,324,72,324,70,324,70,324,68,323,67,320,67
311,430,307,430,307,430,302,430,298,430,298,430,293,430,290,430,289,431,290,432,293,433,298,433,298,433,302,433,307,433,307,433,311,433,314,432,316,431,314,430,311,430
293,44,290,45,289,46,290,47,293,47,296,47,298,46,296,45,293,44
285,31,282,32,280,33,282,34,285,34,288,34,289,33,288,32,285,31
267,28,264,28,262,29,264,31,267,31,270,31,271,29,270,28,267,28
240,420,236,420,236,420,231,420,228,419,227,418,226,417,223,417,220,416,218,415,217,414,214,413,209,413,209,413,205,413,202,414,200,415,200,417,200,417,200,418,202,419,205,420,209,420,209,420,214,420,217,420,218,421,220,422,223,423,227,423,227,423,231,423,236,423,236,423,240,423,243,422,245,421,243,420,240,420
196,404,193,404,192,405,192,407,192,407,192,408,193,410,196,410,199,410,200,408,200,407,200,407,200,405,199,404,196,404
169,374,166,374,165,373,165,371,165,371,165,370,164,368,161,368,158,367,156,366,155,365,152,365,147,365,147,365,143,365,140,365,138,366,140,367,143,368,146,369,147,370,149,371,152,371,155,372,156,373,156,374,156,374,156,376,156,378,156,378,156,379,158,380,161,381,165,381,165,381,169,381,172,380,174,379,174,378,174,378,174,376,172,375,169,374
152,67,149,67,147,68,149,69,152,70,155,69,156,68,155,67,152,67
143,76,140,77,138,78,138,80,138,80,138,81,138,83,138,83,138,85,138,86,138,86,138,88,140,89,143,89,146,89,147,88,147,86,147,86,147,85,147,83,147,83,147,81,147,80,147,80,147,78,146,77,143,76
54,420,51,420,50,421,51,422,54,423,57,422,59,421,57,420,54,420
37,232,34,232,32,234,34,235,37,235,40,235,41,234,40,232,37,232
