457,10,457,12,457,12,457,13,456,14,453,15,448,15,448,16,450,18,453,18,457,18,457,18,462,18,465,19,466,20,466,21,466,21,466,23,465,24,462,25,457,25,457,25,453,25,450,25,448,26,447,27,444,28,440,28,440,28,435,28,432,27,431,26,431,25,431,25,431,23,429,22,426,21,423,21,422,20,422,18,422,18,422,16,423,15,426,15,429,15,431,16,432,18,435,18,438,18,440,16,441,15,444,15,448,15,448,13,448,12,448,12,448,10,378,10,376,11,373,12,370,11,369,10,189,10,10,10,10,240,10,470,85,470,87,469,90,468,93,469,94,470,103,470,103,468,103,468,103,467,104,466,107,465,110,466,112,467,112,468,112,468,112,470,371,470,630,470,630,240,630,10,457,10
621,122,618,122,617,123,618,124,621,125,624,124,626,123,624,122,621,122
595,28,592,28,590,29,592,31,595,31,598,31,599,29,598,28,595,28
595,67,590,67,590,67,586,67,583,67,581,68,581,70,581,70,581,72,583,73,586,73,590,73,590,73,595,73,598,73,599,72,599,70,599,70,599,68,598,67,595,67
595,80,592,80,590,81,592,82,595,83,598,82,599,81,598,80,595,80
595,109,590,109,590,109,586,109,583,108,581,107,580,106,577,106,574,105,572,104,571,103,568,102,564,102,564,102,559,102,556,103,555,104,555,106,555,106,555,107,556,108,559,109,562,109,564,110,564,112,564,112,564,114,565,115,568,115,572,115,572,115,577,115,580,115,581,114,583,113,586,112,590,112,590,112,595,112,598,112,599,110,598,109,595,109
577,28,574,28,572,29,574,31,577,31,580,31,581,29,580,28,577,28
568,12,565,12,564,13,565,14,568,15,571,14,572,13,571,12,568,12
550,119,547,119,546,120,547,121,550,122,553,121,555,120,553,119,550,119
541,93,538,93,537,94,537,96,537,96,537,97,537,99,533,99,530,100,528,101,530,102,533,102,536,102,537,101,537,99,541,99,544,99,546,97,546,96,546,96,546,94,544,93,541,93
541,138,538,138,537,140,538,141,541,141,544,141,546,140,544,138,541,138
533,115,528,115,528,115,524,115,519,115,519,115,515,115,512,116,510,117,510,119,506,119,503,119,502,120,503,121,506,122,509,121,510,120,510,119,515,119,518,119,519,120,521,121,524,122,527,121,528,120,530,119,533,119,536,118,537,117,536,116,533,115
524,25,521,25,519,26,519,28,519,28,519,29,519,31,519,31,519,33,521,34,524,34,527,34,528,33,528,31,528,31,528,29,528,28,528,28,528,26,527,25,524,25
524,151,519,151,519,151,515,151,512,151,510,153,512,154,515,154,518,155,519,156,521,157,524,157,527,157,528,156,528,154,528,154,528,153,527,151,524,151
515,18,510,18,510,18,506,18,502,18,502,18,497,18,494,19,493,20,491,21,488,21,485,22,484,23,485,24,488,25,491,25,493,26,494,27,497,28,500,27,502,26,502,25,502,25,502,23,503,22,506,21,510,21,510,21,515,21,518,21,519,20,518,19,515,18
515,38,512,38,510,39,512,40,515,41,518,40,519,39,518,38,515,38
497,47,494,48,493,49,494,50,497,50,500,50,502,49,500,48,497,47
462,96,459,96,457,97,457,99,457,99,457,101,456,102,453,102,448,102,448,101,447,100,444,99,441,100,440,101,441,102,444,102,448,102,448,104,450,105,453,106,456,106,457,107,457,109,457,109,457,110,459,112,462,112,465,112,466,110,466,109,466,109,466,107,466,106,466,106,466,104,466,102,466,102,466,101,466,99,466,99,466,97,465,96,462,96
462,125,459,126,457,127,459,128,462,128,465,128,466,127,465,126,462,125
453,47,450,48,448,49,450,50,453,50,456,50,457,49,456,48,453,47
444,86,440,86,440,85,440,83,440,83,440,81,438,80,435,80,431,80,431,80,426,80,422,80,422,78,420,77,417,76,414,77,413,78,413,80,409,80,404,80,404,78,403,77,400,76,395,76,395,76,391,76,386,76,386,76,382,76,379,76,378,75,376,74,373,73,370,74,369,75,367,76,364,76,360,76,360,76,355,76,352,77,351,78,352,79,355,80,358,80,360,81,361,82,364,83,369,83,369,83,373,83,378,83,378,83,382,83,385,82,386,81,388,80,391,80,395,80,395,80,400,80,404,80,404,81,404,83,404,83,404,85,406,86,409,86,413,86,413,86,417,86,420,87,422,88,423,89,426,89,429,89,431,88,432,87,435,86,440,86,440,88,440,89,440,89,440,91,440,93,440,93,440,94,441,95,444,96,447,95,448,94,448,93,448,93,448,91,448,89,448,89,448,88,447,87,444,86
435,31,432,32,431,33,431,34,426,34,423,35,422,36,423,37,426,38,429,37,431,36,431,34,435,34,438,34,440,33,438,32,435,31
426,102,423,103,422,104,422,106,422,106,422,107,423,108,426,109,429,108,431,107,431,106,431,106,431,104,429,103,426,102
391,54,386,54,386,54,382,54,379,54,378,55,379,56,382,57,386,57,386,57,391,57,394,56,395,55,394,54,391,54
391,462,388,462,386,464,388,465,391,465,394,465,395,464,394,462,391,462
382,18,379,19,378,20,378,21,378,21,378,23,379,24,382,25,385,24,386,23,386,21,386,21,386,20,385,19,382,18
382,41,379,41,378,42,379,43,382,44,385,43,386,42,385,41,382,41
382,339,378,339,378,339,373,339,370,339,369,340,370,342,373,342,378,342,378,342,382,342,385,342,386,340,385,339,382,339
373,31,370,32,369,33,369,34,369,34,369,36,370,37,373,38,376,37,378,36,378,34,378,34,378,33,376,32,373,31
355,70,351,70,351,68,350,67,347,67,344,67,342,68,344,69,347,70,351,70,351,72,352,73,355,73,358,73,360,72,358,70,355,70
355,336,352,336,351,337,351,339,347,339,344,339,342,340,344,342,347,342,350,342,351,340,351,339,355,339,358,338,360,337,358,336,355,336
347,54,344,54,342,55,344,56,347,57,350,56,351,55,350,54,347,54
347,60,342,60,342,60,338,60,335,61,333,62,335,63,338,63,342,63,342,63,347,63,350,63,351,62,350,61,347,60
338,73,335,74,333,75,335,76,338,76,341,76,342,75,341,74,338,73
329,47,326,48,324,49,324,50,320,50,317,51,316,52,317,53,320,54,323,53,324,52,324,50,329,50,332,50,333,49,332,48,329,47
311,86,308,87,307,88,308,89,311,89,314,89,316,88,314,87,311,86
258,332,255,333,254,334,255,335,258,336,261,335,262,334,261,333,258,332
187,336,184,336,183,337,181,338,178,339,175,339,174,340,175,342,178,342,183,342,183,342,187,342,190,342,192,340,192,339,192,339,192,337,190,336,187,336
143,336,140,336,138,337,140,338,143,339,146,338,147,337,146,336,143,336
143,433,138,433,138,431,137,430,134,430,131,430,130,431,131,432,134,433,138,433,138,434,140,435,143,436,146,435,147,434,146,433,143,433
417,80,413,80,413,81,414,82,417,83,420,82,422,81,422,80,417,80
