10,339,13,339,14,340,13,342,10,342,10,406,10,470,320,470,630,470,630,240,630,10,320,10,10,10,10,339
612,125,609,126,608,127,609,128,612,128,615,128,617,127,615,126,612,125
612,274,609,275,608,276,609,277,612,277,615,277,617,276,615,275,612,274
586,128,583,129,581,130,583,131,586,131,589,131,590,130,589,129,586,128
559,80,556,80,555,81,555,83,555,83,555,85,556,86,559,86,562,86,564,85,564,83,564,83,564,81,562,80,559,80
533,138,530,138,528,140,530,141,533,141,536,141,537,140,536,138,533,138
524,148,519,148,519,148,515,148,512,148,510,149,512,150,515,151,518,151,519,153,521,154,524,154,527,154,528,153,528,151,528,151,528,149,527,148,524,148
515,112,512,113,510,114,512,115,515,115,518,115,519,114,518,113,515,112
444,54,441,54,440,55,441,56,444,57,447,56,448,55,447,54,444,54
426,67,423,67,422,68,423,69,426,70,429,69,431,68,429,67,426,67
426,206,423,207,422,208,423,209,426,209,429,209,431,208,429,207,426,206
409,459,404,459,404,459,400,459,397,459,395,460,397,461,400,462,404,462,404,462,409,462,412,461,413,460,412,459,409,459
400,67,395,67,395,65,394,64,391,63,388,64,386,65,388,66,391,67,395,67,395,68,397,69,400,70,403,69,404,68,403,67,400,67
347,462,344,462,342,464,344,465,347,465,350,465,351,464,350,462,347,462
329,455,326,456,324,457,324,459,324,459,324,460,326,461,329,462,332,461,333,460,333,459,333,459,333,457,332,456,329,455
249,446,245,446,245,446,240,446,237,445,236,444,234,443,231,442,228,443,227,444,227,446,227,446,227,447,228,448,231,449,236,449,236,449,240,449,245,449,245,449,249,449,252,448,254,447,252,446,249,446
169,12,166,12,165,13,165,15,165,15,165,16,166,18,169,18,172,18,174,16,174,15,174,15,174,13,172,12,169,12
37,365,32,365,32,365,28,365,25,365,23,366,23,368,23,368,23,370,23,371,23,371,23,373,23,374,23,374,23,376,25,377,28,378,32,378,32,378,37,378,40,377,41,376,41,374,41,374,41,373,41,371,41,371,41,370,41,368,41,368,41,366,40,365,37,365
28,358,23,358,23,358,19,358,16,359,14,360,16,361,19,361,23,361,23,361,28,361,31,361,32,360,31,359,28,358
19,349,16,349,14,350,16,351,19,352,22,351,23,350,22,349,19,349
