10,326,14,326,14,326,19,326,22,326,23,327,22,329,19,329,16,330,14,331,13,332,10,332,10,401,10,470,103,470,104,469,107,468,112,468,112,468,116,468,121,468,121,468,125,468,128,469,130,470,380,470,630,470,630,240,630,10,320,10,10,10,10,326
586,63,583,63,581,62,581,60,581,60,581,59,580,58,577,57,574,58,572,59,572,60,572,60,572,62,572,63,572,63,572,65,572,67,572,67,572,68,572,70,568,70,565,70,564,72,565,73,568,73,571,73,572,72,572,70,577,70,580,69,581,68,583,67,586,67,589,66,590,65,589,64,586,63
586,76,583,77,581,78,583,79,586,80,589,79,590,78,589,77,586,76
577,28,572,28,572,26,571,25,568,25,565,25,564,26,565,27,568,28,572,28,572,29,574,31,577,31,580,31,581,29,580,28,577,28
559,177,556,176,555,175,553,174,550,174,547,174,546,175,546,177,546,177,546,178,547,180,550,180,553,181,555,182,556,183,559,183,562,183,564,182,564,180,564,180,564,178,562,177,559,177
541,119,537,119,537,117,537,115,537,115,537,114,537,112,537,112,537,110,537,109,537,109,537,107,536,106,533,106,528,106,528,106,524,106,521,106,519,107,519,109,515,109,512,109,510,110,510,112,510,112,510,114,510,115,510,115,510,117,512,118,515,119,518,118,519,117,519,115,519,115,519,114,519,112,519,112,519,110,519,109,524,109,527,109,528,110,528,112,528,112,528,114,528,115,528,115,528,117,530,118,533,119,537,119,537,120,538,121,541,122,544,121,546,120,544,119,541,119
541,287,538,288,537,289,537,290,537,290,537,292,537,293,537,293,537,295,538,296,541,297,544,296,546,295,546,293,546,293,546,292,546,290,546,290,546,289,544,288,541,287
533,151,530,150,528,149,527,148,524,148,521,148,519,149,519,151,519,151,519,153,521,154,524,154,528,154,528,154,533,154,536,154,537,153,536,151,533,151
524,122,521,122,519,123,521,124,524,125,527,124,528,123,527,122,524,122
524,138,521,138,519,140,518,141,515,141,512,142,510,143,512,144,515,144,519,144,519,144,524,144,527,144,528,143,528,141,528,141,528,140,527,138,524,138
515,164,512,163,510,162,509,161,506,161,502,161,502,161,497,161,494,161,493,162,493,164,493,164,493,165,494,167,497,167,502,167,502,167,506,167,510,167,510,167,515,167,518,167,519,165,518,164,515,164
506,423,503,424,502,425,502,426,502,426,502,428,503,429,506,430,509,429,510,428,510,426,510,426,510,425,509,424,506,423
488,73,485,74,484,75,484,76,484,76,484,78,484,80,479,80,476,80,475,81,476,82,479,83,482,82,484,81,484,80,488,80,491,79,493,78,493,76,493,76,493,75,491,74,488,73
488,89,485,90,484,91,484,93,479,93,476,93,475,94,476,95,479,96,482,95,484,94,484,93,488,93,491,92,493,91,491,90,488,89
488,151,485,151,484,153,485,154,488,154,491,154,493,153,491,151,488,151
479,115,476,115,475,114,475,112,475,112,475,110,474,109,471,109,468,109,466,110,466,112,466,112,466,114,466,115,466,115,466,117,466,119,466,119,466,120,465,121,462,122,459,122,457,123,459,124,462,125,466,125,466,125,471,125,474,126,475,127,475,128,475,128,475,130,476,131,479,131,482,131,484,130,484,128,484,128,484,127,484,125,484,125,484,123,484,122,484,122,484,120,484,119,484,119,484,117,482,116,479,115
471,99,468,100,466,101,468,102,471,102,474,102,475,101,474,100,471,99
462,128,459,129,457,130,459,131,462,131,465,131,466,130,465,129,462,128
453,433,450,433,448,434,450,435,453,436,456,435,457,434,456,433,453,433
453,442,450,442,448,441,447,440,444,439,441,439,440,438,438,437,435,436,432,437,431,438,431,439,431,439,431,441,431,442,431,442,431,444,431,446,431,446,431,447,432,448,435,449,440,449,440,449,444,449,448,449,448,449,453,449,456,448,457,447,457,446,457,446,457,444,456,443,453,442
444,423,441,424,440,425,441,426,444,426,447,426,448,425,447,424,444,423
426,426,423,427,422,428,422,430,422,430,422,431,423,432,426,433,429,432,431,431,431,430,431,430,431,428,429,427,426,426
382,135,379,135,378,136,378,138,378,138,378,140,379,141,382,141,385,141,386,140,386,138,386,138,386,136,385,135,382,135
382,222,379,223,378,224,379,225,382,225,385,225,386,224,385,223,382,222
373,258,369,258,369,256,367,255,364,255,361,255,360,256,361,257,364,258,369,258,369,259,370,261,373,261,376,261,378,259,376,258,373,258
347,258,344,258,342,259,344,261,347,261,350,261,351,259,350,258,347,258
231,365,227,365,227,365,223,365,220,365,218,366,220,367,223,368,227,368,227,368,231,368,234,367,236,366,234,365,231,365
231,465,228,466,227,467,228,468,231,468,234,468,236,467,234,466,231,465
178,430,175,430,174,431,175,432,178,433,181,432,183,431,181,430,178,430
169,358,165,358,165,358,161,358,156,358,156,358,152,358,147,358,147,358,143,358,138,358,138,358,134,358,130,358,130,358,125,358,121,358,121,358,116,358,113,358,112,357,110,356,107,355,104,356,103,357,102,358,99,358,96,359,94,360,96,361,99,361,103,361,103,361,107,361,112,361,112,361,116,361,121,361,121,361,125,361,128,362,130,363,131,364,134,365,137,364,138,363,140,362,143,361,147,361,147,361,152,361,156,361,156,361,161,361,165,361,165,361,169,361,172,361,174,360,172,359,169,358
169,436,166,437,165,438,166,439,169,439,172,439,174,438,172,437,169,436
