630,10,320,10,10,10,10,240,10,470,320,470,630,470,630,240,630,10
595,60,592,61,590,62,592,63,595,63,598,63,599,62,598,61,595,60
595,67,592,67,590,68,590,70,586,70,581,70,581,70,577,70,574,70,572,72,574,73,577,73,581,73,581,73,586,73,589,73,590,72,590,70,595,70,598,69,599,68,598,67,595,67
550,73,547,74,546,75,544,76,541,76,538,77,537,78,538,79,541,80,546,80,546,80,550,80,553,79,555,78,555,76,555,76,555,75,553,74,550,73
524,18,521,19,519,20,521,21,524,21,527,21,528,20,527,19,524,18
515,459,510,459,510,459,506,459,503,459,502,460,503,461,506,462,510,462,510,462,515,462,518,461,519,460,518,459,515,459
506,28,503,28,502,29,503,31,506,31,509,31,510,29,509,28,506,28
497,21,494,22,493,23,494,24,497,25,500,24,502,23,500,22,497,21
479,25,476,25,475,26,475,28,471,28,468,28,466,29,468,31,471,31,474,31,475,29,475,28,479,28,482,27,484,26,482,25,479,25
479,38,476,37,475,36,474,35,471,34,468,35,466,36,466,38,466,38,466,39,466,41,466,41,466,42,468,43,471,44,475,44,475,44,479,44,482,43,484,42,484,41,484,41,484,39,482,38,479,38
471,57,468,58,466,59,468,60,471,60,474,60,475,59,474,58,471,57
453,28,450,28,448,29,448,31,448,31,448,33,448,34,448,34,448,36,450,37,453,38,456,37,457,36,457,34,457,34,457,33,457,31,457,31,457,29,456,28,453,28
444,47,441,48,440,49,441,50,444,50,447,50,448,49,447,48,444,47
417,452,413,452,413,451,412,449,409,449,406,449,404,451,406,452,409,452,413,452,413,454,414,455,417,455,420,455,422,454,420,453,417,452
409,31,406,32,404,33,404,34,404,34,404,36,406,37,409,38,412,37,413,36,413,34,413,34,413,33,412,32,409,31
391,57,388,58,386,59,388,60,391,60,394,60,395,59,394,58,391,57
373,442,370,443,369,444,370,445,373,446,376,445,378,444,376,443,373,442
347,54,344,54,342,55,344,56,347,57,350,56,351,55,350,54,347,54
347,420,344,420,342,421,344,422,347,423,350,422,351,421,350,420,347,420
329,21,326,22,324,23,326,24,329,25,332,24,333,23,332,22,329,21
311,41,308,41,307,42,308,43,311,44,314,43,316,42,314,41,311,41
293,21,290,22,289,23,290,24,293,25,296,24,298,23,296,22,293,21
267,21,262,21,262,21,258,21,255,22,254,23,255,24,258,25,262,25,262,25,267,25,270,24,271,23,270,22,267,21
267,407,264,407,262,408,264,410,267,410,270,410,271,408,270,407,267,407
161,38,158,38,156,39,158,40,161,41,164,40,165,39,164,38,161,38
143,358,138,358,138,358,134,358,131,359,130,360,131,361,134,361,137,362,138,363,140,364,143,365,146,364,147,363,147,361,147,361,147,360,146,359,143,358
134,352,131,352,130,353,131,354,134,355,137,354,138,353,137,352,134,352
125,342,122,343,121,344,122,345,125,345,128,345,130,344,128,343,125,342
