590,10,590,12,590,12,590,13,589,14,586,15,583,15,581,16,581,18,581,18,581,20,580,21,577,21,574,21,572,20,572,18,572,18,572,16,572,15,572,15,572,13,572,12,572,12,572,10,291,10,10,10,10,25,14,25,14,25,19,25,23,25,23,25,28,25,32,25,32,25,37,25,41,25,41,23,42,22,45,21,48,21,50,20,51,19,54,18,57,19,59,20,59,21,59,21,59,23,57,24,54,25,50,25,50,25,45,25,41,25,41,26,40,27,37,28,32,28,32,28,28,28,23,28,23,28,19,28,14,28,14,28,10,28,10,310,13,310,14,311,14,313,14,313,14,315,13,316,10,316,10,345,13,346,14,347,16,348,19,349,22,349,23,350,23,352,23,352,23,353,23,355,23,355,23,357,25,358,28,358,31,359,32,360,32,361,32,361,32,363,34,364,37,365,40,365,41,366,41,368,41,368,41,370,41,371,41,371,41,373,41,374,45,374,48,375,50,376,50,378,50,378,50,379,50,381,54,381,57,381,59,383,59,384,59,384,59,386,59,387,63,387,66,388,68,389,68,391,72,391,75,391,76,392,75,393,72,394,69,393,68,392,68,391,63,391,60,390,59,389,59,387,54,387,51,387,50,386,50,384,50,384,50,383,50,381,45,381,42,380,41,379,41,378,41,378,41,376,41,374,37,374,34,374,32,373,32,371,32,371,32,370,31,369,28,368,25,367,23,366,23,365,23,365,23,363,22,362,19,361,16,361,14,360,14,358,14,358,14,357,14,355,14,355,14,353,13,352,10,352,10,411,10,470,320,470,630,470,630,240,630,10,590,10
568,378,565,378,564,379,565,380,568,381,571,380,572,379,571,378,568,378
559,161,556,160,555,159,553,158,550,157,546,157,546,157,541,157,538,158,537,159,538,160,541,161,544,161,546,162,547,163,550,164,553,164,555,165,556,167,559,167,562,167,564,165,564,164,564,164,564,162,562,161,559,161
550,404,547,404,546,405,547,406,550,407,553,406,555,405,553,404,550,404
541,67,537,67,537,67,533,67,530,67,528,68,528,70,528,70,528,72,528,73,524,73,521,74,519,75,521,76,524,76,528,76,528,78,527,79,524,80,521,80,519,81,519,83,519,83,519,85,518,86,515,86,510,86,510,86,506,86,502,86,502,86,497,86,494,87,493,88,493,89,493,89,493,91,493,93,493,93,493,94,491,95,488,96,485,96,484,97,485,99,488,99,491,100,493,101,493,102,493,102,493,104,493,106,493,106,493,107,493,109,493,109,493,110,493,112,493,112,493,114,494,115,497,115,500,116,502,117,502,119,502,119,502,120,502,122,502,122,502,123,502,125,502,125,502,127,502,128,502,128,502,130,502,131,502,131,502,133,503,134,506,135,509,135,510,136,510,138,510,138,510,140,512,141,515,141,518,142,519,143,521,144,524,144,527,144,528,143,530,142,533,141,536,141,537,140,536,138,533,138,530,137,528,136,528,135,528,135,528,133,528,131,528,131,528,130,527,129,524,128,519,128,519,127,519,125,519,125,519,123,521,122,524,122,527,121,528,120,530,119,533,119,537,119,537,120,538,121,541,122,544,121,546,120,544,119,541,119,537,119,537,117,536,116,533,115,528,115,528,115,524,115,521,115,519,114,519,112,519,112,519,110,519,109,519,109,519,107,518,106,515,106,510,106,510,106,506,106,503,105,502,104,503,103,506,102,509,102,510,101,510,99,510,99,510,97,510,96,510,96,510,94,510,93,510,93,510,91,512,90,515,89,519,89,519,89,524,89,528,89,528,89,533,89,536,89,537,88,537,86,537,86,537,85,537,83,537,83,537,81,537,80,537,80,537,78,536,77,533,76,528,76,528,75,528,73,533,73,537,73,537,73,541,73,544,73,546,72,546,70,546,70,546,68,544,67,541,67
524,157,521,158,519,159,521,160,524,161,527,160,528,159,527,158,524,157
515,54,512,54,510,55,510,57,510,57,510,59,512,60,515,60,518,60,519,59,519,57,519,57,519,55,518,54,515,54
515,67,512,67,510,68,512,69,515,70,518,69,519,68,518,67,515,67
506,47,503,48,502,49,503,50,506,50,509,50,510,49,509,48,506,47
497,63,494,64,493,65,494,66,497,67,500,66,502,65,500,64,497,63
497,73,494,74,493,75,493,76,488,76,484,76,484,76,479,76,476,77,475,78,476,79,479,80,484,80,484,80,488,80,491,79,493,78,493,76,497,76,500,76,502,75,500,74,497,73
329,452,326,453,324,454,326,455,329,455,332,455,333,454,332,453,329,452
320,232,317,232,316,234,317,235,320,235,323,235,324,234,323,232,320,232
214,449,211,449,209,451,211,452,214,452,217,452,218,451,217,449,214,449
169,462,166,462,165,464,166,465,169,465,172,465,174,464,172,462,169,462
90,287,87,288,85,289,84,290,81,290,78,291,76,292,75,293,72,293,68,293,68,293,63,293,59,293,59,293,54,293,51,294,50,295,50,297,50,297,50,298,51,299,54,300,57,300,59,302,60,303,63,303,68,303,68,303,72,303,76,303,76,303,81,303,84,303,85,302,85,300,85,300,85,298,87,297,90,297,93,296,94,295,94,293,94,293,94,292,94,290,94,290,94,289,93,288,90,287
81,400,78,400,76,399,75,398,72,397,69,398,68,399,68,400,68,400,68,402,68,404,68,404,68,405,69,406,72,407,75,407,76,408,78,410,81,410,84,410,85,408,85,407,85,407,85,405,85,404,85,404,85,402,84,401,81,400
63,420,59,420,59,420,54,420,51,420,50,421,51,422,54,423,59,423,59,423,63,423,66,422,68,421,66,420,63,420
37,15,34,15,32,16,34,18,37,18,40,18,41,16,40,15,37,15
19,319,16,320,14,321,16,322,19,323,22,322,23,321,22,320,19,319
515,128,512,129,510,130,512,131,515,131,518,131,519,130,519,128,515,128
