537,10,537,12,541,12,544,12,546,13,546,15,546,15,546,16,546,18,546,18,546,20,547,21,550,21,553,22,555,23,553,24,550,25,547,25,546,26,544,27,541,28,538,28,537,29,537,31,537,31,537,33,537,34,537,34,537,36,536,37,533,38,530,37,528,36,528,34,528,34,528,33,528,31,528,31,528,29,528,28,528,28,528,26,528,25,528,25,528,23,528,21,528,21,528,20,530,19,533,18,536,18,537,16,537,15,537,15,537,13,537,12,533,12,530,11,528,10,269,10,10,10,10,240,10,470,320,470,630,470,630,240,630,10,537,10
612,119,609,119,608,120,609,121,612,122,615,121,617,120,615,119,612,119
603,271,600,271,599,272,600,273,603,274,606,273,608,272,606,271,603,271
586,96,581,96,581,94,581,93,581,93,581,91,580,90,577,89,574,90,572,91,572,93,572,93,572,94,574,95,577,96,581,96,581,97,583,99,586,99,589,99,590,97,589,96,586,96
586,125,583,124,581,123,580,122,577,122,574,122,572,123,572,125,572,125,572,127,574,128,577,128,581,128,581,128,586,128,589,128,590,127,589,126,586,125
577,112,574,113,572,114,574,115,577,115,580,115,581,114,580,113,577,112
559,83,556,83,555,85,556,86,559,86,562,86,564,85,562,83,559,83
550,73,547,74,546,75,546,76,546,76,546,78,547,79,550,80,553,79,555,78,555,76,555,76,555,75,553,74,550,73
444,89,441,90,440,91,441,92,444,93,447,92,448,91,447,90,444,89
435,83,432,83,431,85,432,86,435,86,438,86,440,85,438,83,435,83
435,313,432,313,431,315,432,316,435,316,438,316,440,315,438,313,435,313
417,417,414,417,413,418,414,419,417,420,420,419,422,418,420,417,417,417
400,67,397,67,395,68,397,69,400,70,403,69,404,68,403,67,400,67
400,436,397,437,395,438,397,439,400,439,403,439,404,438,403,437,400,436
338,187,335,187,333,188,335,189,338,190,341,189,342,188,341,187,338,187
125,326,122,325,121,324,119,323,116,323,112,323,112,321,110,320,107,319,104,320,103,321,104,322,107,323,112,323,112,324,112,326,112,326,112,327,113,329,116,329,119,330,121,331,122,332,125,332,128,332,130,331,130,329,130,329,130,327,128,326,125,326
