103,470,104,469,107,468,112,468,112,468,116,468,121,468,121,468,125,468,130,468,130,468,134,468,137,469,138,470,519,470,521,469,524,468,527,469,528,470,579,470,630,470,630,240,630,10,320,10,10,10,10,240,10,470,103,470
612,102,609,103,608,104,608,106,608,106,608,107,608,109,608,109,608,110,609,112,612,112,615,112,617,110,617,109,617,109,617,107,617,106,617,106,617,104,615,103,612,102
603,122,600,122,599,123,600,124,603,125,606,124,608,123,606,122,603,122
595,60,592,61,590,62,590,63,590,63,590,65,590,67,590,67,590,68,592,69,595,70,598,69,599,68,599,67,599,67,599,65,599,63,599,63,599,62,598,61,595,60
595,83,592,83,590,85,592,86,595,86,598,86,599,85,598,83,595,83
577,190,574,190,572,191,574,192,577,193,580,192,581,191,580,190,577,190
568,170,565,170,564,169,562,168,559,167,556,167,555,165,555,164,555,164,555,162,555,161,555,161,555,159,553,158,550,157,547,158,546,159,546,161,546,161,546,162,546,164,546,164,546,165,546,167,546,167,546,169,547,170,550,170,553,171,555,172,555,174,555,174,555,175,556,176,559,177,562,177,564,178,565,180,568,180,571,180,572,178,572,177,572,177,572,175,572,174,572,174,572,172,571,171,568,170
568,183,565,184,564,185,565,186,568,187,571,186,572,185,571,184,568,183
426,67,423,67,422,68,423,69,426,70,429,69,431,68,429,67,426,67
409,430,406,430,404,431,406,432,409,433,412,432,413,431,412,430,409,430
143,319,140,320,138,321,140,322,143,323,146,322,147,321,146,320,143,319
