103,470,104,469,107,468,110,469,112,470,371,470,630,470,630,240,630,10,320,10,10,10,10,240,10,470,103,470
612,102,608,102,608,102,603,102,600,103,599,104,600,105,603,106,606,106,608,107,608,109,608,109,608,110,609,112,612,112,615,112,617,110,617,109,617,109,617,107,617,106,617,106,617,104,615,103,612,102
603,122,600,122,599,123,600,124,603,125,606,124,608,123,606,122,603,122
595,60,592,61,590,62,590,63,590,63,590,65,590,67,590,67,590,68,592,69,595,70,598,69,599,68,599,67,599,67,599,65,599,63,599,63,599,62,598,61,595,60
595,80,592,80,590,81,590,83,590,83,590,85,592,86,595,86,598,86,599,85,599,83,599,83,599,81,598,80,595,80
586,122,583,122,581,123,583,124,586,125,589,124,590,123,589,122,586,122
577,190,574,190,572,191,574,192,577,193,580,192,581,191,580,190,577,190
559,167,555,167,555,165,553,164,550,164,547,164,546,165,547,167,550,167,555,167,555,169,555,170,555,170,555,172,555,174,555,174,555,175,556,176,559,177,562,176,564,175,564,174,564,174,564,172,564,170,564,170,564,169,562,168,559,167
471,21,468,22,466,23,468,24,471,25,474,24,475,23,474,22,471,21
426,67,423,67,422,68,423,69,426,70,429,69,431,68,429,67,426,67
417,387,414,388,413,389,414,390,417,391,420,390,422,389,420,388,417,387
409,394,406,394,404,395,406,397,409,397,412,397,413,395,412,394,409,394
409,430,406,430,404,431,406,432,409,433,412,432,413,431,412,430,409,430
355,12,352,12,351,13,351,15,351,15,351,16,352,18,355,18,358,18,360,16,360,15,360,15,360,13,358,12,355,12
143,319,138,319,138,319,134,319,131,320,130,321,131,322,134,323,137,323,138,324,140,325,143,326,146,325,147,324,147,323,147,323,147,321,146,320,143,319
