395,10,395,12,395,12,395,13,394,14,391,15,388,14,386,13,385,12,382,12,378,12,378,13,378,15,378,15,378,16,378,18,378,18,378,20,376,21,373,21,370,21,369,20,367,19,364,18,361,19,360,20,358,21,355,21,351,21,351,21,347,21,344,21,342,20,341,19,338,18,335,18,333,16,332,15,329,15,326,14,324,13,324,12,324,12,324,10,245,10,245,12,249,12,252,12,254,13,254,15,258,15,261,15,262,16,264,18,267,18,271,18,271,18,276,18,279,19,280,20,282,21,285,21,288,22,289,23,290,24,293,25,298,25,298,25,302,25,307,25,307,25,311,25,314,25,316,26,316,28,316,28,316,29,316,31,316,31,316,33,314,34,311,34,308,35,307,36,305,37,302,38,299,37,298,36,296,35,293,34,290,34,289,33,288,32,285,31,282,32,280,33,279,34,276,34,271,34,271,34,267,34,262,34,262,34,258,34,255,34,254,33,254,31,254,31,254,29,252,28,249,28,246,27,245,26,246,25,249,25,254,25,254,25,258,25,261,24,262,23,261,22,258,21,255,21,254,20,254,18,254,18,254,16,254,15,249,15,245,15,245,16,243,18,240,18,237,18,236,16,237,15,240,15,245,15,245,13,245,12,240,12,237,11,236,10,123,10,10,10,10,240,10,470,351,470,351,468,351,468,351,467,350,466,347,465,344,465,342,464,341,462,338,462,333,462,333,462,329,462,326,461,324,460,323,459,320,459,317,458,316,457,316,455,316,455,316,454,317,453,320,452,323,452,324,451,324,449,324,449,324,447,326,446,329,446,332,445,333,444,335,443,338,442,341,443,342,444,342,446,342,446,342,447,342,449,342,449,342,451,341,452,338,452,335,453,333,454,335,455,338,455,341,456,342,457,344,458,347,459,350,459,351,460,352,461,355,462,360,462,360,462,364,462,367,462,369,464,369,465,369,465,369,467,367,468,364,468,361,469,360,470,495,470,630,470,630,60,626,60,626,60,621,60,618,60,617,59,617,57,617,57,617,55,618,54,621,54,626,54,626,54,630,54,630,32,630,10,395,10
559,70,556,70,555,72,556,73,559,73,562,73,564,72,562,70,559,70
515,18,512,19,510,20,512,21,515,21,518,21,519,20,518,19,515,18
471,21,466,21,466,21,462,21,459,22,457,23,456,24,453,25,450,25,448,26,447,27,444,28,441,28,440,29,441,31,444,31,448,31,448,31,453,31,456,32,457,33,457,34,457,34,457,36,457,38,457,38,457,39,459,40,462,41,465,40,466,39,468,38,471,38,474,37,475,36,475,34,475,34,475,33,475,31,475,31,475,29,475,28,475,28,475,26,475,25,475,25,475,23,474,22,471,21
471,229,468,229,466,230,468,231,471,232,474,231,475,230,474,229,471,229
426,25,422,25,422,23,420,22,417,21,414,22,413,23,414,24,417,25,422,25,422,26,422,28,422,28,422,29,422,31,422,31,422,33,423,34,426,34,429,34,431,33,431,31,431,31,431,29,431,28,431,28,431,26,429,25,426,25
426,407,422,407,422,405,420,404,417,404,413,404,413,404,409,404,404,404,404,404,400,404,397,404,395,405,397,406,400,407,404,407,404,407,409,407,413,407,413,407,417,407,422,407,422,408,423,410,426,410,429,410,431,408,429,407,426,407
417,12,414,12,413,13,413,15,409,15,406,15,404,16,406,18,409,18,412,18,413,16,413,15,417,15,420,14,422,13,420,12,417,12
417,462,414,462,413,464,413,465,413,465,413,467,414,468,417,468,420,468,422,467,422,465,422,465,422,464,420,462,417,462
409,34,406,35,404,36,406,37,409,38,412,37,413,36,412,35,409,34
400,423,397,424,395,425,397,426,400,426,403,426,404,425,403,424,400,423
382,57,379,58,378,59,378,60,378,60,378,62,379,63,382,63,385,63,386,62,386,60,386,60,386,59,385,58,382,57
373,430,370,430,369,431,369,433,369,433,369,434,370,435,373,436,376,435,378,434,378,433,378,433,378,431,376,430,373,430
364,404,361,403,360,402,358,401,355,400,351,400,351,400,347,400,344,401,342,402,342,404,342,404,342,405,344,406,347,407,351,407,351,407,355,407,360,407,360,407,364,407,367,406,369,405,367,404,364,404
355,34,352,35,351,36,352,37,355,38,358,37,360,36,358,35,355,34
329,54,326,54,324,55,326,56,329,57,332,56,333,55,332,54,329,54
320,397,316,397,316,397,311,397,307,397,307,397,302,397,298,397,298,395,296,394,293,394,290,394,289,395,289,397,285,397,282,398,280,399,280,400,276,400,273,401,271,402,273,403,276,404,279,403,280,402,280,400,285,400,288,400,289,399,289,397,293,397,298,397,298,399,299,400,302,400,307,400,307,400,311,400,316,400,316,400,320,400,323,400,324,399,323,398,320,397
302,41,299,41,298,42,299,43,302,44,305,43,307,42,305,41,302,41
169,21,165,21,165,20,165,18,165,18,165,16,165,15,165,15,165,13,164,12,161,12,158,12,156,13,156,15,156,15,156,16,156,18,156,18,156,20,158,21,161,21,165,21,165,23,166,24,169,25,172,24,174,23,172,22,169,21
143,465,140,466,138,467,140,468,143,468,146,468,147,467,146,466,143,465
125,345,121,345,121,345,116,345,113,346,112,347,113,348,116,349,119,349,121,350,121,352,121,352,121,353,122,354,125,355,128,354,130,353,130,352,130,352,130,350,130,349,130,349,130,347,128,346,125,345
63,203,60,203,59,204,60,205,63,206,66,205,68,204,66,203,63,203
342,10,342,12,342,12,342,13,344,14,347,15,350,14,351,13,352,12,355,12,358,12,360,13,361,14,364,15,367,14,369,13,370,12,373,12,378,12,378,10,342,10
