475,10,474,11,471,12,468,11,466,10,342,10,341,11,338,12,335,11,333,10,172,10,10,10,10,240,10,470,320,470,630,470,630,240,630,10,475,10
550,115,547,116,546,117,547,118,550,119,553,118,555,117,553,116,550,115
541,138,538,138,537,140,538,141,541,141,544,141,546,140,544,138,541,138
533,28,530,28,528,29,528,31,528,31,528,33,528,34,528,34,528,36,530,37,533,38,536,37,537,36,537,34,537,34,537,33,537,31,537,31,537,29,536,28,533,28
391,67,388,67,386,68,386,70,386,70,386,72,388,73,391,73,394,73,395,72,395,70,395,70,395,68,394,67,391,67
382,18,379,19,378,20,379,21,382,21,385,21,386,20,385,19,382,18
364,63,361,64,360,65,361,66,364,67,367,66,369,65,367,64,364,63
329,28,324,28,324,28,320,28,317,28,316,29,317,31,320,31,324,31,324,31,329,31,332,31,333,29,332,28,329,28
329,34,326,35,324,36,326,37,329,38,332,37,333,36,332,35,329,34
276,18,273,18,271,16,270,15,267,15,262,15,262,15,258,15,254,15,254,15,249,15,245,15,245,13,243,12,240,12,236,12,236,12,231,12,227,12,227,12,223,12,218,12,218,12,214,12,211,12,209,13,209,15,209,15,209,16,211,18,214,18,217,18,218,16,220,15,223,15,227,15,227,15,231,15,236,15,236,15,240,15,245,15,245,16,246,18,249,18,252,19,254,20,254,21,254,21,254,23,255,24,258,25,261,24,262,23,264,22,267,21,271,21,271,21,276,21,279,21,280,20,279,19,276,18
223,25,218,25,218,25,214,25,211,25,209,26,211,27,214,28,218,28,218,28,223,28,226,27,227,26,226,25,223,25
125,336,122,336,121,337,121,339,121,339,121,340,121,342,121,342,121,344,122,345,125,345,128,345,130,344,130,342,130,342,130,340,130,339,130,339,130,337,128,336,125,336
