457,10,456,11,453,12,450,11,448,10,440,10,440,12,440,12,440,13,438,14,435,15,431,15,431,16,429,18,426,18,423,18,422,16,423,15,426,15,431,15,431,13,431,12,431,12,431,10,404,10,403,11,400,12,395,12,395,13,394,14,391,15,388,14,386,13,388,12,391,12,395,12,395,10,324,10,324,12,324,12,324,13,323,14,320,15,317,14,316,13,316,12,316,12,316,10,192,10,192,12,196,12,199,12,200,13,199,14,196,15,193,14,192,13,192,12,187,12,184,11,183,10,96,10,10,10,10,240,10,470,320,470,630,470,630,240,630,10,457,10
524,148,519,148,519,146,518,145,515,144,512,145,510,146,512,147,515,148,519,148,519,149,521,150,524,151,527,150,528,149,527,148,524,148
506,15,502,15,502,15,497,15,494,15,493,16,494,18,497,18,502,18,502,18,506,18,509,18,510,16,509,15,506,15
453,15,450,15,448,16,450,18,453,18,456,18,457,16,456,15,453,15
453,225,450,226,448,227,450,228,453,229,456,228,457,227,456,226,453,225
444,216,440,216,440,214,438,213,435,212,432,213,431,214,432,215,435,216,440,216,440,217,441,218,444,219,447,218,448,217,447,216,444,216
400,106,397,106,395,107,397,108,400,109,403,108,404,107,403,106,400,106
329,381,326,381,324,383,326,384,329,384,332,384,333,383,332,381,329,381
329,465,326,466,324,467,326,468,329,468,332,468,333,467,332,466,329,465
302,28,299,28,298,29,298,31,293,31,289,31,289,29,288,28,285,28,282,28,280,29,282,31,285,31,289,31,289,33,290,34,293,34,296,34,298,33,298,31,302,31,305,31,307,29,305,28,302,28
293,387,290,388,289,389,290,390,293,391,296,390,298,389,296,388,293,387
285,15,282,15,280,16,282,18,285,18,288,18,289,16,288,15,285,15
276,21,271,21,271,20,270,19,267,18,264,19,262,20,264,21,267,21,271,21,271,23,273,24,276,25,279,24,280,23,279,22,276,21
249,12,246,12,245,13,246,14,249,15,252,14,254,13,252,12,249,12
196,28,193,28,192,29,193,31,196,31,199,31,200,29,199,28,196,28
116,332,113,333,112,334,113,335,116,336,119,335,121,334,119,333,116,332
116,339,113,339,112,340,113,342,116,342,119,342,121,340,119,339,116,339
