630,10,320,10,10,10,10,240,10,470,320,470,630,470,630,240,630,10
603,122,600,122,599,123,600,124,603,125,606,124,608,123,606,122,603,122
595,106,590,106,590,106,586,106,583,106,581,107,583,108,586,109,590,109,590,109,595,109,598,108,599,107,598,106,595,106
497,99,494,99,493,97,491,96,488,96,485,95,484,94,482,93,479,93,476,93,475,94,475,96,475,96,475,97,475,99,471,99,468,100,466,101,466,102,466,102,466,104,468,105,471,106,475,106,475,106,479,106,484,106,484,106,488,106,491,105,493,104,494,103,497,102,500,102,502,101,500,100,497,99
497,235,493,235,493,235,488,235,485,236,484,237,485,238,488,238,493,238,493,238,497,238,500,238,502,237,500,236,497,235
435,102,432,103,431,104,431,106,431,106,431,107,432,108,435,109,438,108,440,107,440,106,440,106,440,104,438,103,435,102
426,86,423,87,422,88,423,89,426,89,429,89,431,88,429,87,426,86
426,93,423,93,422,94,422,96,417,96,414,96,413,97,413,99,413,99,413,101,414,102,417,102,420,102,422,101,422,99,422,99,422,97,422,96,426,96,429,95,431,94,429,93,426,93
426,449,422,449,422,449,417,449,413,449,413,449,409,449,404,449,404,449,400,449,397,449,395,451,397,452,400,452,404,452,404,452,409,452,413,452,413,452,417,452,422,452,422,452,426,452,429,452,431,451,429,449,426,449
409,73,404,73,404,72,403,70,400,70,397,70,395,72,397,73,400,73,404,73,404,75,406,76,409,76,412,76,413,75,412,74,409,73
391,102,386,102,386,102,382,102,378,102,378,102,373,102,370,103,369,104,370,105,373,106,378,106,378,106,382,106,386,106,386,106,391,106,394,105,395,104,394,103,391,102
364,446,360,446,360,444,358,443,355,442,352,443,351,444,352,445,355,446,360,446,360,447,361,448,364,449,367,448,369,447,367,446,364,446
347,67,344,67,342,68,342,70,342,70,342,72,344,73,347,73,350,73,351,72,351,70,351,70,351,68,350,67,347,67
329,47,326,48,324,49,326,50,329,50,332,50,333,49,332,48,329,47
329,60,326,61,324,62,326,63,329,63,332,63,333,62,332,61,329,60
311,50,308,51,307,52,308,53,311,54,314,53,316,52,314,51,311,50
293,423,290,424,289,425,290,426,293,426,296,426,298,425,296,424,293,423
231,417,227,417,227,417,223,417,220,417,218,418,220,419,223,420,226,420,227,421,228,422,231,423,234,422,236,421,236,420,236,420,236,418,234,417,231,417
479,99,475,99,475,101,476,102,479,102,482,102,484,101,482,100,479,99
