333,10,333,12,333,12,333,13,332,14,329,15,326,14,324,13,324,12,324,12,324,10,167,10,10,10,10,240,10,470,351,470,351,468,351,468,351,467,350,466,347,465,344,465,342,464,341,462,338,462,333,462,333,462,329,462,326,461,324,460,324,459,324,459,324,457,324,455,324,455,324,454,326,453,329,452,332,453,333,454,333,455,333,455,333,457,335,458,338,459,342,459,342,459,347,459,350,458,351,457,352,456,355,455,358,456,360,457,361,458,364,459,367,459,369,460,369,462,369,462,369,464,369,465,369,465,369,467,369,468,369,468,369,470,499,470,630,470,630,57,627,56,626,55,627,54,630,54,630,32,630,10,333,10
515,18,512,19,510,20,512,21,515,21,518,21,519,20,518,19,515,18
471,21,466,21,466,21,462,21,459,22,457,23,457,25,457,25,457,26,457,28,453,28,450,28,448,29,450,31,453,31,456,31,457,29,457,28,462,28,465,28,466,29,468,31,471,31,474,31,475,29,475,28,475,28,475,26,475,25,475,25,475,23,474,22,471,21
417,465,414,466,413,467,414,468,417,468,420,468,422,467,420,466,417,465
409,15,406,15,404,16,406,18,409,18,412,18,413,16,412,15,409,15
382,57,379,58,378,59,379,60,382,60,385,60,386,59,385,58,382,57
355,12,352,12,351,13,351,15,351,15,351,16,352,18,355,18,358,18,360,16,360,15,360,15,360,13,358,12,355,12
320,28,317,27,316,26,314,25,311,25,307,25,307,25,302,25,298,25,298,25,293,25,290,24,289,23,288,22,285,21,280,21,280,21,276,21,273,21,271,20,270,19,267,18,264,18,262,16,261,15,258,15,255,15,254,16,254,18,254,18,254,20,255,21,258,21,261,22,262,23,261,24,258,25,255,25,254,26,255,27,258,28,261,28,262,29,262,31,262,31,262,33,264,34,267,34,271,34,271,34,276,34,279,34,280,33,282,32,285,31,288,32,289,33,290,34,293,34,298,34,298,34,302,34,307,34,307,34,311,34,314,34,316,33,317,32,320,31,323,31,324,29,323,28,320,28
302,391,299,391,298,392,298,394,293,394,290,394,289,395,289,397,285,397,282,398,280,399,282,400,285,400,288,400,289,399,289,397,293,397,296,397,298,395,298,394,302,394,305,393,307,392,305,391,302,391
240,15,237,15,236,16,237,18,240,18,243,18,245,16,243,15,240,15
