630,10,320,10,10,10,10,240,10,470,320,470,630,470,630,240,630,10
559,125,556,126,555,127,556,128,559,128,562,128,564,127,562,126,559,125
541,144,538,145,537,146,538,147,541,148,544,147,546,146,544,145,541,144
515,119,512,119,510,120,512,121,515,122,518,121,519,120,518,119,515,119
479,122,476,122,475,123,476,124,479,125,482,124,484,123,482,122,479,122
400,459,397,459,395,460,395,462,391,462,388,462,386,464,385,465,382,465,379,466,378,467,379,468,382,468,386,468,386,468,391,468,394,468,395,467,395,465,395,465,395,464,395,462,400,462,403,461,404,460,403,459,400,459
347,449,344,449,342,451,344,452,347,452,350,452,351,451,350,449,347,449
320,442,317,442,316,441,314,440,311,439,307,439,307,439,302,439,298,439,298,439,293,439,289,439,289,438,288,437,285,436,280,436,280,434,279,433,276,433,273,432,271,431,270,430,267,430,262,430,262,430,258,430,255,430,254,431,255,432,258,433,261,433,262,434,264,435,267,436,271,436,271,436,276,436,280,436,280,438,282,439,285,439,289,439,289,441,290,442,293,442,298,442,298,442,302,442,305,443,307,444,308,445,311,446,316,446,316,446,320,446,323,445,324,444,323,443,320,442
214,109,209,109,209,109,205,109,202,109,200,110,200,112,200,112,200,114,202,115,205,115,208,116,209,117,211,118,214,119,217,118,218,117,218,115,218,115,218,114,218,112,218,112,218,110,217,109,214,109
205,417,202,416,200,415,199,414,196,413,192,413,192,413,187,413,184,414,183,415,184,416,187,417,190,417,192,418,193,419,196,420,200,420,200,420,205,420,208,419,209,418,208,417,205,417
178,96,175,96,174,97,175,99,178,99,181,99,183,97,181,96,178,96
178,381,174,381,174,381,169,381,165,381,165,379,164,378,161,378,156,378,156,376,156,374,156,374,156,373,158,372,161,371,164,371,165,370,164,368,161,368,158,367,156,366,155,365,152,365,147,365,147,363,146,362,143,361,140,362,138,363,140,364,143,365,147,365,147,366,147,368,147,368,147,370,147,371,147,371,147,373,147,374,147,374,147,376,149,377,152,378,156,378,156,379,158,380,161,381,165,381,165,383,166,384,169,384,174,384,174,384,178,384,181,384,183,383,181,381,178,381
161,287,158,288,156,289,158,290,161,290,164,290,165,289,164,288,161,287
143,76,140,77,138,78,138,80,138,80,138,81,140,82,143,83,146,82,147,81,147,80,147,80,147,78,146,77,143,76
143,112,140,113,138,114,138,115,138,115,138,117,140,118,143,119,146,118,147,117,147,115,147,115,147,114,146,113,143,112
81,261,78,262,76,263,78,264,81,264,84,264,85,263,84,262,81,261
