395,10,395,12,395,12,395,13,394,14,391,15,388,14,386,13,386,12,386,12,386,10,342,10,342,12,342,12,342,13,342,15,347,15,350,14,351,13,352,12,355,12,358,12,360,13,361,14,364,15,369,15,369,15,373,15,376,15,378,16,376,18,373,18,369,18,369,18,364,18,361,19,360,20,358,21,355,21,351,21,351,21,347,21,344,21,342,20,342,18,342,18,342,16,342,15,338,15,333,15,333,15,329,15,326,14,324,13,324,12,324,12,324,10,245,10,243,11,240,12,237,11,236,10,123,10,10,10,10,240,10,470,351,470,351,468,351,468,351,467,350,466,347,465,344,465,342,464,341,462,338,462,333,462,333,462,329,462,326,461,324,460,324,459,324,459,324,457,324,455,324,455,324,454,324,452,324,452,324,451,326,449,329,449,332,449,333,451,333,452,333,452,333,454,333,455,333,455,333,457,335,458,338,459,342,459,342,459,347,459,351,459,351,459,355,459,360,459,360,459,364,459,367,459,369,460,369,462,369,462,369,464,369,465,369,465,369,467,369,468,369,468,369,470,499,470,630,470,630,60,626,60,626,60,621,60,618,60,617,59,617,57,617,57,617,55,618,54,621,54,626,54,626,54,630,54,630,32,630,10,395,10
515,18,512,19,510,20,512,21,515,21,518,21,519,20,518,19,515,18
471,21,466,21,466,21,462,21,459,22,457,23,456,24,453,25,450,25,448,26,448,28,448,28,448,29,450,31,453,31,456,32,457,33,457,34,457,34,457,36,459,37,462,38,465,37,466,36,468,35,471,34,474,34,475,33,475,31,475,31,475,29,475,28,475,28,475,26,475,25,475,25,475,23,474,22,471,21
426,25,423,25,422,26,423,27,426,28,429,27,431,26,429,25,426,25
426,31,423,32,422,33,423,34,426,34,429,34,431,33,429,32,426,31
417,404,413,404,413,404,409,404,406,404,404,405,406,406,409,407,413,407,413,407,417,407,420,406,422,405,420,404,417,404
417,462,414,462,413,464,413,465,413,465,413,467,414,468,417,468,420,468,422,467,422,465,422,465,422,464,420,462,417,462
409,15,406,15,404,16,406,18,409,18,412,18,413,16,412,15,409,15
382,57,379,58,378,59,379,60,382,60,385,60,386,59,385,58,382,57
329,54,326,54,324,55,326,56,329,57,332,56,333,55,332,54,329,54
320,397,317,398,316,399,317,400,320,400,323,400,324,399,323,398,320,397
311,25,307,25,307,25,302,25,298,25,298,25,293,25,290,24,289,23,288,22,285,21,280,21,280,21,276,21,273,21,271,20,270,19,267,18,264,18,262,16,261,15,258,15,255,15,254,16,254,18,254,18,254,20,255,21,258,21,261,22,262,23,261,24,258,25,254,25,254,25,249,25,246,25,245,26,246,27,249,28,252,28,254,29,254,31,254,31,254,33,255,34,258,34,262,34,262,34,267,34,271,34,271,34,276,34,279,34,280,33,282,32,285,31,288,32,289,33,290,34,293,34,298,34,298,34,302,34,307,34,307,34,311,34,314,34,316,33,316,31,316,31,316,29,316,28,316,28,316,26,314,25,311,25
302,41,299,41,298,42,299,43,302,44,305,43,307,42,305,41,302,41
302,391,299,391,298,392,298,394,293,394,290,394,289,395,289,397,285,397,282,398,280,399,282,400,285,400,288,400,289,399,289,397,293,397,296,397,298,395,298,394,302,394,305,393,307,392,305,391,302,391
240,15,237,15,236,16,237,18,240,18,243,18,245,16,243,15,240,15
161,12,158,12,156,13,156,15,156,15,156,16,158,18,161,18,164,18,165,16,165,15,165,15,165,13,164,12,161,12
143,465,140,466,138,467,140,468,143,468,146,468,147,467,146,466,143,465
125,349,122,349,121,350,122,351,125,352,128,351,130,350,128,349,125,349
