630,60,626,60,626,60,621,60,618,60,617,59,617,57,617,57,617,55,618,54,621,54,626,54,626,54,630,54,630,32,630,10,320,10,10,10,10,240,10,470,320,470,630,470,630,60
595,63,592,64,590,65,589,66,586,67,583,67,581,68,583,69,586,70,590,70,590,70,595,70,598,69,599,68,599,67,599,67,599,65,598,64,595,63
568,76,565,77,564,78,565,79,568,80,571,79,572,78,571,77,568,76
479,41,475,41,475,39,475,38,475,38,475,36,475,34,475,34,475,33,475,31,475,31,475,29,475,28,475,28,475,26,475,25,475,25,475,23,474,22,471,21,466,21,466,21,462,21,459,22,457,23,456,24,453,25,450,25,448,26,447,27,444,28,441,28,440,29,441,31,444,31,448,31,448,31,453,31,456,32,457,33,457,34,457,34,457,36,457,38,457,38,457,39,459,40,462,41,466,41,466,41,471,41,475,41,475,42,475,44,475,44,475,46,476,47,479,47,482,47,484,46,484,44,484,44,484,42,482,41,479,41
471,229,468,229,466,230,468,231,471,232,474,231,475,230,474,229,471,229
426,25,423,25,422,26,422,28,422,28,422,29,422,31,422,31,422,33,423,34,426,34,429,34,431,33,431,31,431,31,431,29,431,28,431,28,431,26,429,25,426,25
426,407,423,407,422,408,423,410,426,410,429,410,431,408,429,407,426,407
382,57,379,58,378,59,379,60,382,60,385,60,386,59,385,58,382,57
373,433,370,433,369,434,370,435,373,436,376,435,378,434,376,433,373,433
267,21,264,22,262,23,261,24,258,25,254,25,254,25,249,25,246,25,245,26,246,27,249,28,252,28,254,29,255,31,258,31,261,31,262,29,264,28,267,28,270,27,271,26,271,25,271,25,271,23,270,22,267,21
161,12,158,12,156,13,158,14,161,15,164,14,165,13,164,12,161,12
125,349,122,348,121,347,119,346,116,345,113,346,112,347,112,349,112,349,112,350,113,351,116,352,119,352,121,353,122,354,125,355,128,354,130,353,130,352,130,352,130,350,128,349,125,349
