475,10,474,11,471,12,468,11,466,10,238,10,10,10,10,240,10,470,519,470,521,469,524,468,527,469,528,470,579,470,630,470,630,240,630,10,475,10
621,57,618,58,617,59,618,60,621,60,624,60,626,59,624,58,621,57
603,57,600,58,599,59,600,60,603,60,606,60,608,59,606,58,603,57
603,63,599,63,599,63,595,63,590,63,590,63,586,63,583,64,581,65,580,66,577,67,574,67,572,68,572,70,572,70,572,72,571,73,568,73,564,73,564,73,559,73,556,73,555,72,553,70,550,70,547,70,546,72,544,73,541,73,538,74,537,75,538,76,541,76,546,76,546,76,550,76,553,77,555,78,556,79,559,80,562,80,564,81,564,83,564,83,564,85,565,86,568,86,571,86,572,85,572,83,572,83,572,81,572,80,572,80,572,78,574,77,577,76,580,77,581,78,583,79,586,80,589,79,590,78,590,76,590,76,590,75,592,74,595,73,599,73,599,73,603,73,606,73,608,72,608,70,608,70,608,68,608,67,608,67,608,65,606,64,603,63
524,459,519,459,519,459,515,459,510,459,510,459,506,459,502,459,502,459,497,459,494,459,493,460,494,461,497,462,502,462,502,462,506,462,510,462,510,462,515,462,519,462,519,462,524,462,527,461,528,460,527,459,524,459
506,28,503,28,502,29,502,31,502,31,502,33,502,34,497,34,493,34,493,34,488,34,484,34,484,34,479,34,476,34,475,33,475,31,475,31,475,29,475,28,479,28,482,27,484,26,484,25,488,25,493,25,493,25,497,25,500,24,502,23,500,22,497,21,493,21,493,21,488,21,485,22,484,23,484,25,479,25,475,25,475,23,474,22,471,21,468,22,466,23,468,24,471,25,475,25,475,26,475,28,471,28,468,28,466,29,466,31,466,31,466,33,465,34,462,34,459,35,457,36,457,38,457,38,457,39,459,40,462,41,465,41,466,42,466,44,466,44,466,46,466,47,466,47,466,49,468,50,471,50,474,51,475,52,475,54,475,54,475,55,475,57,475,57,475,59,476,60,479,60,482,60,484,59,484,57,484,57,484,55,485,54,488,54,491,53,493,52,493,50,493,50,493,49,493,47,493,47,493,46,493,44,493,44,493,42,493,41,493,41,493,39,494,38,497,38,500,37,502,36,502,34,506,34,509,34,510,33,510,31,510,31,510,29,509,28,506,28
453,28,450,28,448,29,450,31,453,31,456,31,457,29,456,28,453,28
444,93,441,93,440,94,441,95,444,96,447,95,448,94,447,93,444,93
426,410,423,411,422,412,422,413,422,413,422,415,423,416,426,417,429,416,431,415,431,413,431,413,431,412,429,411,426,410
426,452,422,452,422,452,417,452,413,452,413,451,413,449,413,449,413,447,412,446,409,446,406,446,404,447,404,449,404,449,404,451,406,452,409,452,413,452,413,454,414,455,417,455,422,455,422,455,426,455,429,455,431,454,429,453,426,452
382,436,378,436,378,434,376,433,373,433,370,433,369,434,370,435,373,436,378,436,378,438,379,439,382,439,385,439,386,438,385,437,382,436
373,31,370,32,369,33,370,34,373,34,376,34,378,33,376,32,373,31
329,28,326,28,324,29,324,31,324,31,324,33,326,34,329,34,332,34,333,33,333,31,333,31,333,29,332,28,329,28
320,12,317,12,316,13,317,14,320,15,323,14,324,13,323,12,320,12
320,73,317,74,316,75,317,76,320,76,323,76,324,75,323,74,320,73
258,25,255,25,254,26,255,27,258,28,261,27,262,26,261,25,258,25
187,31,184,32,183,33,184,34,187,34,190,34,192,33,190,32,187,31
178,25,175,25,174,26,175,27,178,28,181,27,183,26,181,25,178,25
134,358,130,358,130,357,128,356,125,355,122,356,121,357,122,358,125,358,130,358,130,360,130,361,130,361,130,363,131,364,134,365,137,364,138,363,138,361,138,361,138,360,137,359,134,358
116,342,112,342,112,340,110,339,107,339,104,339,103,340,104,342,107,342,112,342,112,344,112,345,112,345,112,347,113,348,116,349,119,348,121,347,121,345,121,345,121,344,119,343,116,342
