457,10,456,11,453,12,450,11,448,10,440,10,440,12,440,12,440,13,438,14,435,15,431,15,431,16,429,18,426,18,423,18,422,16,423,15,426,15,431,15,431,13,431,12,431,12,431,10,324,10,323,11,320,12,317,11,316,10,192,10,192,12,196,12,199,12,200,13,199,14,196,15,193,14,192,13,192,12,187,12,184,11,183,10,96,10,10,10,10,240,10,470,85,470,87,469,90,468,93,469,94,470,333,470,333,468,329,468,326,468,324,467,326,466,329,465,332,466,333,467,333,468,338,468,341,469,342,470,486,470,630,470,630,240,630,10,457,10
506,15,502,15,502,15,497,15,494,15,493,16,494,18,497,18,502,18,502,18,506,18,509,18,510,16,509,15,506,15
453,15,450,15,448,16,450,18,453,18,456,18,457,16,456,15,453,15
444,216,441,216,440,217,441,218,444,219,447,218,448,217,447,216,444,216
400,106,397,106,395,107,397,108,400,109,403,108,404,107,403,106,400,106
329,381,326,381,324,383,324,384,320,384,317,385,316,386,317,387,320,387,323,387,324,386,324,384,329,384,332,384,333,383,332,381,329,381
302,28,299,28,298,29,298,31,293,31,289,31,289,29,288,28,285,28,282,28,280,29,282,31,285,31,289,31,289,33,290,34,293,34,296,34,298,33,298,31,302,31,305,31,307,29,305,28,302,28
285,15,282,15,280,16,282,18,285,18,288,18,289,16,288,15,285,15
276,21,271,21,271,20,270,19,267,18,264,19,262,20,264,21,267,21,271,21,271,23,273,24,276,25,279,24,280,23,279,22,276,21
267,28,264,28,262,29,264,31,267,31,270,31,271,29,270,28,267,28
249,12,246,12,245,13,246,14,249,15,252,14,254,13,252,12,249,12
196,28,193,28,192,29,193,31,196,31,199,31,200,29,199,28,196,28
116,332,113,333,112,334,113,335,116,336,119,335,121,334,119,333,116,332
116,339,113,339,112,340,113,342,116,342,119,342,121,340,119,339,116,339
