581,10,583,11,586,12,589,12,590,13,590,15,590,15,590,16,590,18,590,18,590,20,590,21,590,21,590,23,590,25,590,25,590,26,590,28,590,28,590,29,589,31,586,31,583,31,581,29,581,28,581,28,581,26,581,25,581,25,581,23,581,21,581,21,581,20,581,18,581,18,581,16,580,15,577,15,574,14,572,13,572,12,572,12,572,10,291,10,10,10,10,349,13,349,14,350,13,351,10,352,10,411,10,470,320,470,630,470,630,280,627,280,626,279,627,278,630,277,630,144,630,10,581,10
603,122,600,122,599,123,599,125,595,125,592,126,590,127,592,128,595,128,599,128,599,130,599,131,595,131,592,132,590,133,590,135,586,135,583,135,581,136,583,137,586,138,589,137,590,136,590,135,595,135,598,134,599,133,599,131,603,131,606,131,608,130,606,129,603,128,599,128,599,127,599,125,603,125,606,124,608,123,606,122,603,122
586,38,583,38,581,39,581,41,581,41,581,42,581,44,581,44,581,46,583,47,586,47,589,47,590,46,590,44,590,44,590,42,590,41,590,41,590,39,589,38,586,38
568,138,565,138,564,140,565,141,568,141,571,141,572,140,571,138,568,138
550,135,547,135,546,136,547,137,550,138,553,137,555,136,553,135,550,135
550,141,547,142,546,143,547,144,550,144,553,144,555,143,553,142,550,141
462,465,457,465,457,465,453,465,450,466,448,467,450,468,453,468,457,468,457,468,462,468,465,468,466,467,465,466,462,465
417,410,414,411,413,412,414,413,417,413,420,413,422,412,420,411,417,410
391,391,388,391,386,392,388,393,391,394,394,393,395,392,394,391,391,391
364,336,361,336,360,337,360,339,360,339,360,340,361,342,364,342,367,342,369,340,369,339,369,339,369,337,367,336,364,336
276,439,271,439,271,439,267,439,264,440,262,441,264,442,267,442,271,442,271,442,276,442,279,442,280,441,279,440,276,439
249,436,245,436,245,436,240,436,236,436,236,436,231,436,228,437,227,438,228,439,231,439,236,439,236,439,240,439,245,439,245,439,249,439,252,439,254,438,252,437,249,436
205,430,200,430,200,430,196,430,193,430,192,431,193,432,196,433,200,433,200,433,205,433,208,432,209,431,208,430,205,430
72,410,69,411,68,412,69,413,72,413,75,413,76,412,75,411,72,410
