630,57,627,58,626,59,624,60,621,60,618,60,617,59,617,57,617,57,617,55,618,54,621,54,626,54,626,54,630,54,630,32,630,10,320,10,10,10,10,240,10,470,320,470,630,470,630,57
603,67,600,66,599,65,598,64,595,63,592,64,590,65,589,66,586,67,581,67,581,67,577,67,574,67,572,68,572,70,572,70,572,72,574,73,577,73,580,74,581,75,583,76,586,76,589,76,590,75,592,74,595,73,599,73,599,73,603,73,606,73,608,72,608,70,608,70,608,68,606,67,603,67
568,76,565,76,564,75,562,74,559,73,555,73,555,73,550,73,547,74,546,75,547,76,550,76,553,77,555,78,556,79,559,80,562,80,564,81,565,82,568,83,571,82,572,81,572,80,572,80,572,78,571,77,568,76
488,21,485,22,484,23,485,24,488,25,491,24,493,23,491,22,488,21
488,38,484,38,484,38,479,38,476,37,475,36,475,34,475,34,475,33,475,31,475,31,475,29,475,28,475,28,475,26,475,25,475,25,475,23,474,22,471,21,466,21,466,21,462,21,459,22,457,23,456,24,453,25,450,25,448,26,447,27,444,28,441,28,440,29,441,31,444,31,448,31,448,31,453,31,456,32,457,33,457,34,457,34,457,36,457,38,457,38,457,39,457,41,457,41,457,42,459,43,462,44,465,45,466,46,466,47,466,47,466,49,468,50,471,50,474,51,475,52,475,54,475,54,475,55,476,56,479,57,482,56,484,55,485,54,488,54,491,53,493,52,493,50,493,50,493,49,493,47,493,47,493,46,493,44,493,44,493,42,493,41,493,41,493,39,491,38,488,38
471,229,468,229,466,230,468,231,471,232,474,231,475,230,474,229,471,229
426,28,423,28,422,29,422,31,422,31,422,33,423,34,426,34,429,34,431,33,431,31,431,31,431,29,429,28,426,28
426,407,423,407,422,408,423,410,426,410,429,410,431,408,429,407,426,407
426,452,423,453,422,454,423,455,426,455,429,455,431,454,429,453,426,452
382,436,378,436,378,434,376,433,373,433,370,433,369,434,370,435,373,436,378,436,378,438,379,439,382,439,385,439,386,438,385,437,382,436
329,31,326,32,324,33,326,34,329,34,332,34,333,33,332,32,329,31
320,12,317,12,316,13,317,14,320,15,323,14,324,13,323,12,320,12
267,21,264,22,262,23,261,24,258,25,254,25,254,25,249,25,246,25,245,26,246,27,249,28,254,28,254,28,258,28,262,28,262,28,267,28,270,27,271,26,271,25,271,25,271,23,270,22,267,21
187,31,184,32,183,33,184,34,187,34,190,34,192,33,190,32,187,31
178,25,175,25,174,26,175,27,178,28,181,27,183,26,181,25,178,25
161,12,158,12,156,13,158,14,161,15,164,14,165,13,164,12,161,12
125,352,121,352,121,350,121,349,121,349,121,347,121,345,121,345,121,344,119,343,116,342,113,343,112,344,112,345,112,345,112,347,112,349,112,349,112,350,113,351,116,352,121,352,121,353,121,355,121,355,121,357,122,358,125,358,128,358,130,357,130,355,130,355,130,353,128,352,125,352
