630,10,320,10,10,10,10,240,10,470,320,470,630,470,630,240,630,10
612,109,608,109,608,107,608,106,608,106,608,104,606,103,603,102,599,102,599,101,598,100,595,99,592,100,590,101,592,102,595,102,599,102,599,104,599,106,599,106,599,107,600,108,603,109,608,109,608,110,609,112,612,112,615,112,617,110,615,109,612,109
603,122,599,122,599,122,595,122,592,122,590,123,590,125,590,125,590,127,592,128,595,128,598,128,599,127,600,126,603,125,606,124,608,123,606,122,603,122
595,83,590,83,590,81,590,80,590,80,590,78,590,76,590,76,590,75,589,74,586,73,583,74,581,75,581,76,581,76,581,78,581,80,581,80,581,81,583,82,586,83,590,83,590,85,592,86,595,86,598,86,599,85,598,83,595,83
595,216,592,216,590,217,592,218,595,219,598,218,599,217,598,216,595,216
586,93,583,93,581,94,583,95,586,96,589,95,590,94,589,93,586,93
586,200,583,200,581,201,583,202,586,203,589,202,590,201,589,200,586,200
568,83,565,83,564,85,565,86,568,86,571,86,572,85,571,83,568,83
479,18,476,19,475,20,475,21,471,21,468,22,466,23,468,24,471,25,474,24,475,23,475,21,479,21,482,21,484,20,482,19,479,18
417,102,414,103,413,104,414,105,417,106,420,105,422,104,420,103,417,102
417,381,413,381,413,381,409,381,406,381,404,383,406,384,409,384,412,385,413,386,413,387,413,387,413,389,414,390,417,391,420,390,422,389,422,387,422,387,422,386,422,384,422,384,422,383,420,381,417,381
409,394,406,394,404,395,406,397,409,397,412,397,413,395,412,394,409,394
391,426,388,427,386,428,388,429,391,430,394,429,395,428,394,427,391,426
355,12,352,12,351,13,352,14,355,15,358,14,360,13,358,12,355,12
