10,323,14,323,14,323,19,323,22,323,23,324,22,325,19,326,14,326,14,326,10,326,10,398,10,470,112,470,113,469,116,468,119,469,121,470,375,470,630,470,630,240,630,10,320,10,10,10,10,323
586,31,581,31,581,29,580,28,577,28,572,28,572,26,572,25,572,25,572,23,571,22,568,21,565,22,564,23,564,25,564,25,564,26,565,27,568,28,572,28,572,29,574,31,577,31,581,31,581,33,583,34,586,34,589,34,590,33,589,32,586,31
586,109,583,109,581,110,583,112,586,112,589,112,590,110,589,109,586,109
577,54,574,54,572,55,574,56,577,57,580,56,581,55,580,54,577,54
541,161,537,161,537,161,533,161,530,161,528,162,530,163,533,164,537,164,537,164,541,164,544,163,546,162,544,161,541,161
524,141,521,142,519,143,521,144,524,144,527,144,528,143,527,142,524,141
506,423,503,424,502,425,502,426,502,426,502,428,503,429,506,430,509,429,510,428,510,426,510,426,510,425,509,424,506,423
497,413,494,414,493,415,494,416,497,417,500,416,502,415,500,414,497,413
462,109,459,109,457,110,459,112,462,112,465,112,466,110,465,109,462,109
258,361,255,362,254,363,255,364,258,365,261,364,262,363,261,362,258,361
169,355,166,356,165,357,166,358,169,358,172,358,174,357,172,356,169,355
152,355,147,355,147,355,143,355,140,356,138,357,140,358,143,358,147,358,147,358,152,358,155,358,156,357,155,356,152,355
116,355,112,355,112,355,107,355,104,356,103,357,103,358,103,358,103,360,104,361,107,361,110,361,112,360,113,359,116,358,119,358,121,357,119,356,116,355
