10,326,14,326,14,326,19,326,22,326,23,327,22,329,19,329,16,330,14,331,13,332,10,332,10,401,10,470,320,470,630,470,630,240,630,10,320,10,10,10,10,326
586,63,583,63,581,62,580,61,577,60,574,61,572,62,572,63,572,63,572,65,572,67,572,67,572,68,572,70,568,70,565,70,564,72,565,73,568,73,571,73,572,72,572,70,577,70,580,69,581,68,583,67,586,67,589,66,590,65,589,64,586,63
586,76,583,77,581,78,583,79,586,80,589,79,590,78,589,77,586,76
559,177,556,176,555,175,553,174,550,174,547,174,546,175,546,177,546,177,546,178,547,180,550,180,553,181,555,182,556,183,559,183,562,183,564,182,564,180,564,180,564,178,562,177,559,177
541,119,537,119,537,117,537,115,537,115,537,114,537,112,537,112,537,110,537,109,537,109,537,107,536,106,533,106,528,106,528,106,524,106,521,106,519,107,519,109,515,109,512,109,510,110,510,112,510,112,510,114,510,115,510,115,510,117,512,118,515,119,518,118,519,117,519,115,519,115,519,114,519,112,519,112,519,110,519,109,524,109,527,109,528,110,528,112,528,112,528,114,528,115,528,115,528,117,530,118,533,119,537,119,537,120,538,121,541,122,544,121,546,120,544,119,541,119
533,148,528,148,528,148,524,148,521,148,519,149,519,151,519,151,519,153,521,154,524,154,528,154,528,154,533,154,536,154,537,153,537,151,537,151,537,149,536,148,533,148
524,122,521,122,519,123,521,124,524,125,527,124,528,123,527,122,524,122
524,138,519,138,519,136,518,135,515,135,512,135,510,136,512,137,515,138,519,138,519,140,518,141,515,141,512,142,510,143,512,144,515,144,519,144,519,144,524,144,527,144,528,143,528,141,528,141,528,140,527,138,524,138
515,161,510,161,510,161,506,161,502,161,502,161,497,161,494,161,493,162,494,163,497,164,500,164,502,165,503,167,506,167,510,167,510,167,515,167,518,167,519,165,519,164,519,164,519,162,518,161,515,161
506,151,503,151,502,153,503,154,506,154,509,154,510,153,509,151,506,151
506,426,503,427,502,428,503,429,506,430,509,429,510,428,509,427,506,426
488,151,485,151,484,153,485,154,488,154,491,154,493,153,491,151,488,151
479,80,476,80,475,81,476,82,479,83,482,82,484,81,482,80,479,80
479,93,476,93,475,94,476,95,479,96,482,95,484,94,482,93,479,93
479,115,476,115,475,114,475,112,475,112,475,110,474,109,471,109,468,109,466,110,466,112,466,112,466,114,466,115,466,115,466,117,466,119,466,119,466,120,468,121,471,122,474,122,475,123,475,125,475,125,475,127,475,128,475,128,475,130,476,131,479,131,482,131,484,130,484,128,484,128,484,127,484,125,484,125,484,123,484,122,484,122,484,120,484,119,484,119,484,117,482,116,479,115
471,99,468,100,466,101,468,102,471,102,474,102,475,101,474,100,471,99
453,433,450,433,448,434,450,435,453,436,456,435,457,434,456,433,453,433
453,442,450,442,448,441,447,440,444,439,441,439,440,438,438,437,435,436,432,437,431,438,431,439,431,439,431,441,431,442,431,442,431,444,432,445,435,446,438,446,440,447,441,448,444,449,447,448,448,447,450,446,453,446,456,445,457,444,456,443,453,442
444,423,441,424,440,425,441,426,444,426,447,426,448,425,447,424,444,423
426,426,423,427,422,428,422,430,422,430,422,431,423,432,426,433,429,432,431,431,431,430,431,430,431,428,429,427,426,426
373,258,370,258,369,259,370,261,373,261,376,261,378,259,376,258,373,258
347,258,344,258,342,259,344,261,347,261,350,261,351,259,350,258,347,258
169,358,166,359,165,360,166,361,169,361,172,361,174,360,172,359,169,358
143,358,138,358,138,358,134,358,131,359,130,360,130,361,130,361,130,363,131,364,134,365,137,364,138,363,140,362,143,361,146,361,147,360,146,359,143,358
116,358,112,358,112,358,107,358,103,358,103,358,99,358,96,359,94,360,96,361,99,361,103,361,103,361,107,361,112,361,112,361,116,361,119,361,121,360,119,359,116,358
