630,10,320,10,10,10,10,240,10,470,320,470,630,470,630,240,630,10
621,115,618,116,617,117,618,118,621,119,624,118,626,117,624,116,621,115
612,125,609,126,608,127,609,128,612,128,615,128,617,127,615,126,612,125
603,119,600,119,599,120,599,122,595,122,592,122,590,123,590,125,586,125,583,126,581,127,581,128,577,128,574,129,572,130,574,131,577,131,580,131,581,130,581,128,586,128,589,128,590,127,590,125,595,125,598,124,599,123,599,122,603,122,606,121,608,120,606,119,603,119
550,135,547,135,546,136,547,137,550,138,553,137,555,136,553,135,550,135
506,238,503,239,502,240,503,241,506,242,509,241,510,240,509,239,506,238
488,18,485,18,484,16,482,15,479,15,476,15,475,16,475,18,475,18,475,20,476,21,479,21,484,21,484,21,488,21,491,21,493,20,491,19,488,18
426,63,423,64,422,65,423,66,426,67,429,66,431,65,429,64,426,63
417,452,413,452,413,451,412,449,409,449,404,449,404,449,400,449,395,449,395,449,391,449,388,449,386,451,388,452,391,452,395,452,395,452,400,452,404,452,404,452,409,452,413,452,413,454,414,455,417,455,420,455,422,454,420,453,417,452
400,125,397,126,395,127,395,128,395,128,395,130,397,131,400,131,403,131,404,130,404,128,404,128,404,127,403,126,400,125
391,109,388,109,386,110,386,112,382,112,379,113,378,114,379,115,382,115,386,115,386,117,386,119,386,119,386,120,386,122,382,122,379,122,378,123,379,124,382,125,385,124,386,123,386,122,391,122,394,121,395,120,395,119,395,119,395,117,394,116,391,115,386,115,386,114,386,112,391,112,394,112,395,110,394,109,391,109
373,141,370,142,369,143,370,144,373,144,376,144,378,143,376,142,373,141
347,446,344,445,342,444,341,443,338,442,335,443,333,444,332,445,329,446,326,446,324,447,326,448,329,449,333,449,333,449,338,449,342,449,342,449,347,449,350,448,351,447,350,446,347,446
338,21,335,22,333,23,333,25,333,25,333,26,333,28,333,28,333,29,333,31,333,31,333,33,335,34,338,34,341,34,342,33,342,31,342,31,342,29,342,28,342,28,342,26,342,25,342,25,342,23,341,22,338,21
276,430,271,430,271,430,267,430,262,430,262,430,258,430,255,430,254,431,255,432,258,433,262,433,262,433,267,433,271,433,271,433,276,433,279,432,280,431,279,430,276,430
267,109,262,109,262,109,258,109,255,109,254,110,254,112,254,112,254,114,254,115,254,115,254,117,255,118,258,119,261,118,262,117,264,116,267,115,270,115,271,114,271,112,271,112,271,110,270,109,267,109
223,417,218,417,218,417,214,417,209,417,209,417,205,417,202,417,200,418,200,420,200,420,200,421,202,422,205,423,209,423,209,423,214,423,218,423,218,423,223,423,226,422,227,421,227,420,227,420,227,418,226,417,223,417
187,404,183,404,183,404,178,404,175,404,174,405,175,406,178,407,183,407,183,407,187,407,190,406,192,405,190,404,187,404
161,378,156,378,156,378,152,378,147,378,147,376,146,375,143,374,140,375,138,376,140,377,143,378,147,378,147,379,149,380,152,381,155,381,156,383,158,384,161,384,164,384,165,383,165,381,165,381,165,379,164,378,161,378
152,115,147,115,147,114,147,112,147,112,147,110,147,109,147,109,147,107,147,106,147,106,147,104,147,102,147,102,147,101,147,99,147,99,147,97,147,96,147,96,147,94,147,93,147,93,147,91,146,90,143,89,140,90,138,91,138,93,138,93,138,94,138,96,138,96,138,97,138,99,138,99,138,101,138,102,138,102,138,104,138,106,138,106,138,107,138,109,138,109,138,110,138,112,138,112,138,114,140,115,143,115,147,115,147,117,147,119,147,119,147,120,147,122,147,122,147,123,149,124,152,125,155,124,156,123,156,122,156,122,156,120,156,119,156,119,156,117,155,116,152,115
143,70,140,70,138,72,140,73,143,73,146,73,147,72,146,70,143,70
