528,10,528,12,528,12,528,13,528,15,528,15,528,16,528,18,528,18,528,20,528,21,528,21,528,23,527,24,524,25,521,24,519,23,519,21,519,21,519,20,518,19,515,18,512,18,510,16,512,15,515,15,518,14,519,13,519,12,519,12,519,10,265,10,10,10,10,240,10,470,85,470,87,469,90,468,93,469,94,470,362,470,630,470,630,242,627,241,626,240,627,239,630,238,630,124,630,10,528,10
568,361,564,361,564,361,559,361,555,361,555,361,550,361,547,362,546,363,547,364,550,365,555,365,555,365,559,365,564,365,564,365,568,365,571,364,572,363,571,362,568,361
550,349,546,349,546,349,541,349,538,349,537,350,538,351,541,352,546,352,546,352,550,352,553,351,555,350,553,349,550,349
479,144,475,144,475,144,471,144,468,145,466,146,466,148,466,148,466,149,468,150,471,151,474,150,475,149,476,148,479,148,482,147,484,146,482,145,479,144
471,154,468,155,466,156,468,157,471,157,474,157,475,156,474,155,471,154
462,106,459,106,457,107,457,109,457,109,457,110,459,112,462,112,465,112,466,110,466,109,466,109,466,107,465,106,462,106
417,102,414,103,413,104,413,106,413,106,413,107,414,108,417,109,420,108,422,107,422,106,422,106,422,104,420,103,417,102
391,187,388,187,386,188,388,189,391,190,394,189,395,188,394,187,391,187
373,465,369,465,369,465,364,465,361,466,360,467,361,468,364,468,369,468,369,468,373,468,376,468,378,467,376,466,373,465
347,67,344,67,342,68,342,70,342,70,342,72,344,73,347,73,350,73,351,72,351,70,351,70,351,68,350,67,347,67
347,455,342,455,342,454,341,453,338,452,333,452,333,452,329,452,326,453,324,454,326,455,329,455,333,455,333,455,338,455,342,455,342,457,344,458,347,459,350,458,351,457,350,456,347,455
293,442,289,442,289,442,285,442,280,442,280,441,279,440,276,439,271,439,271,438,270,437,267,436,264,435,262,434,261,433,258,433,255,432,254,431,252,430,249,430,246,429,245,428,246,427,249,426,252,426,254,425,252,424,249,423,245,423,245,423,240,423,236,423,236,423,231,423,227,423,227,423,223,423,218,423,218,421,217,420,214,420,211,419,209,418,208,417,205,417,202,416,200,415,199,414,196,413,192,413,192,413,187,413,184,414,183,415,184,416,187,417,190,417,192,418,193,419,196,420,199,420,200,421,202,422,205,423,209,423,209,423,214,423,218,423,218,425,220,426,223,426,226,427,227,428,227,430,227,430,227,431,228,432,231,433,234,433,236,434,237,435,240,436,245,436,245,436,249,436,252,437,254,438,255,439,258,439,262,439,262,439,267,439,271,439,271,441,273,442,276,442,280,442,280,444,282,445,285,446,289,446,289,446,293,446,296,445,298,444,296,443,293,442
276,148,273,147,271,146,270,145,267,144,264,144,262,143,261,142,258,141,254,141,254,141,249,141,245,141,245,141,240,141,237,142,236,143,236,144,236,144,236,146,237,147,240,148,245,148,245,148,249,148,252,148,254,149,255,150,258,151,262,151,262,151,267,151,270,151,271,153,273,154,276,154,279,154,280,153,280,151,280,151,280,149,279,148,276,148
205,125,202,124,200,123,200,122,200,122,200,120,200,119,200,119,200,117,199,116,196,115,193,115,192,114,190,113,187,112,183,112,183,112,178,112,175,113,174,114,174,115,174,115,174,117,174,119,174,119,174,120,175,121,178,122,181,122,183,123,184,124,187,125,190,126,192,127,192,128,192,128,192,130,193,131,196,131,200,131,200,131,205,131,208,131,209,130,209,128,209,128,209,127,208,126,205,125
178,384,175,385,174,386,175,387,178,387,181,387,183,386,181,385,178,384
169,378,166,378,165,379,166,380,169,381,172,380,174,379,172,378,169,378
161,371,158,372,156,373,158,374,161,374,164,374,165,373,164,372,161,371
143,86,140,87,138,88,140,89,143,89,146,89,147,88,146,87,143,86
143,122,140,122,138,123,138,125,138,125,138,127,138,128,138,128,138,130,138,131,138,131,138,133,140,134,143,135,146,134,147,133,147,131,147,131,147,130,147,128,147,128,147,127,147,125,147,125,147,123,146,122,143,122
90,274,87,275,85,276,87,277,90,277,93,277,94,276,93,275,90,274
37,251,32,251,32,250,31,249,28,248,23,248,23,246,22,245,19,245,16,245,14,246,16,248,19,248,23,248,23,250,25,251,28,251,32,251,32,253,34,254,37,255,40,254,41,253,40,252,37,251
