537,10,537,12,541,12,544,12,546,13,546,15,546,15,546,16,546,18,546,18,546,20,547,21,550,21,553,22,555,23,553,24,550,25,547,25,546,26,544,27,541,28,538,28,537,29,537,31,537,31,537,33,537,34,537,34,537,36,536,37,533,38,528,38,528,38,524,38,521,37,519,36,519,34,519,34,519,33,521,32,524,31,527,31,528,29,528,28,528,28,528,26,528,25,528,25,528,23,528,21,528,21,528,20,530,19,533,18,536,18,537,16,537,15,537,15,537,13,537,12,533,12,530,11,528,10,269,10,10,10,10,240,10,470,320,470,630,470,630,240,630,10,537,10
612,119,609,119,608,120,609,121,612,122,615,121,617,120,615,119,612,119
603,271,600,271,599,272,600,273,603,274,606,273,608,272,606,271,603,271
586,93,583,92,581,91,580,90,577,89,574,89,572,88,571,87,568,86,564,86,564,85,564,83,564,83,564,81,562,80,559,80,556,79,555,78,555,76,555,76,555,75,553,74,550,73,547,74,546,75,546,76,546,76,546,78,546,80,546,80,546,81,547,82,550,83,553,83,555,85,555,86,550,86,547,87,546,88,547,89,550,89,553,89,555,88,555,86,559,86,564,86,564,88,564,89,564,89,564,91,565,92,568,93,571,93,572,94,574,95,577,96,580,96,581,97,581,99,581,99,581,101,583,102,586,102,589,102,590,101,590,99,590,99,590,97,590,96,590,96,590,94,589,93,586,93
586,125,583,124,581,123,580,122,577,122,574,122,572,123,572,125,572,125,572,127,574,128,577,128,581,128,581,128,586,128,589,128,590,127,589,126,586,125
444,89,441,90,440,91,441,92,444,93,447,92,448,91,447,90,444,89
444,99,441,100,440,101,440,102,440,102,440,104,441,105,444,106,447,105,448,104,448,102,448,102,448,101,447,100,444,99
435,83,432,83,431,85,432,86,435,86,438,86,440,85,438,83,435,83
435,313,432,312,431,311,431,310,431,310,431,308,429,307,426,306,423,307,422,308,420,309,417,310,414,310,413,311,413,313,413,313,413,315,413,316,413,316,413,318,414,319,417,319,422,319,422,319,426,319,431,319,431,319,435,319,438,319,440,318,440,316,440,316,440,315,438,313,435,313
417,417,414,417,413,418,413,420,413,420,413,421,414,422,417,423,420,422,422,421,422,420,422,420,422,418,420,417,417,417
409,426,406,427,404,428,406,429,409,430,412,429,413,428,412,427,409,426
400,67,397,67,395,68,397,69,400,70,403,69,404,68,403,67,400,67
400,436,397,437,395,438,397,439,400,439,403,439,404,438,403,437,400,436
391,313,388,313,386,315,385,316,382,316,379,317,378,318,378,319,373,319,370,320,369,321,370,322,373,323,376,322,378,321,378,319,382,319,386,319,386,319,391,319,394,319,395,318,395,316,395,316,395,315,394,313,391,313
373,47,370,48,369,49,370,50,373,50,376,50,378,49,376,48,373,47
347,190,342,190,342,188,341,187,338,187,333,187,333,185,332,184,329,183,324,183,324,182,323,181,320,180,316,180,316,178,314,177,311,177,307,177,307,175,305,174,302,174,299,174,298,175,299,176,302,177,307,177,307,178,308,180,311,180,316,180,316,182,317,183,320,183,324,183,324,185,326,186,329,187,333,187,333,188,335,189,338,190,342,190,342,191,344,192,347,193,350,192,351,191,350,190,347,190
125,329,121,329,121,327,121,326,121,326,121,324,119,323,116,323,113,322,112,321,110,320,107,319,103,319,103,319,99,319,96,320,94,321,96,322,99,323,102,323,103,324,104,325,107,326,110,326,112,327,113,329,116,329,121,329,121,331,122,332,125,332,128,332,130,331,128,330,125,329
45,47,42,47,41,46,40,45,37,44,34,45,32,46,32,47,32,47,32,49,34,50,37,50,41,50,41,50,45,50,48,50,50,49,48,48,45,47
