581,10,581,12,581,12,581,13,580,14,577,15,574,14,572,13,572,12,572,12,572,10,291,10,10,10,10,25,14,25,14,25,19,25,23,25,23,25,28,25,31,25,32,26,31,27,28,28,23,28,23,28,19,28,14,28,14,28,10,28,10,310,13,310,14,311,14,313,14,313,14,315,13,316,10,316,10,345,13,346,14,347,16,348,19,349,22,349,23,350,23,352,23,352,23,353,25,354,28,355,31,356,32,357,32,358,32,358,32,360,32,361,32,361,32,363,34,364,37,365,40,365,41,366,41,368,41,368,41,370,41,371,41,371,41,373,41,374,45,374,48,375,50,376,50,378,50,378,50,379,50,381,54,381,57,381,59,383,59,384,59,384,59,386,59,387,63,387,66,388,68,389,68,391,72,391,75,391,76,392,75,393,72,394,69,393,68,392,68,391,63,391,60,390,59,389,59,387,54,387,51,387,50,386,50,384,50,384,50,383,50,381,45,381,42,380,41,379,41,378,41,378,41,376,41,374,37,374,34,374,32,373,32,371,32,371,32,370,31,369,28,368,25,367,23,366,23,365,23,365,23,363,23,361,23,361,23,360,22,359,19,358,16,358,14,357,14,355,14,355,14,353,13,352,10,352,10,411,10,470,320,470,630,470,630,240,630,10,581,10
559,161,556,160,555,159,553,158,550,157,546,157,546,157,541,157,537,157,537,156,537,154,537,154,537,153,536,151,533,151,530,151,528,153,528,154,528,154,528,156,528,157,524,157,521,158,519,159,521,160,524,161,527,160,528,159,528,157,533,157,537,157,537,159,538,160,541,161,544,161,546,162,547,163,550,164,553,164,555,165,556,167,559,167,562,167,564,165,564,164,564,164,564,162,562,161,559,161
541,67,538,67,537,68,536,69,533,70,530,70,528,72,530,73,533,73,537,73,537,73,541,73,544,73,546,72,546,70,546,70,546,68,544,67,541,67
541,119,538,119,537,120,538,121,541,122,544,121,546,120,544,119,541,119
533,80,528,80,528,80,524,80,521,80,519,81,519,83,519,83,519,85,521,86,524,86,527,86,528,85,530,83,533,83,536,82,537,81,536,80,533,80
524,115,521,115,519,114,519,112,519,112,519,110,518,109,515,109,510,109,510,109,506,109,503,109,502,110,502,112,502,112,502,114,503,115,506,115,509,116,510,117,509,118,506,119,503,119,502,120,502,122,502,122,502,123,502,125,502,125,502,127,502,128,502,128,502,130,503,131,506,131,510,131,510,133,510,135,510,135,510,136,510,138,510,138,510,140,512,141,515,141,519,141,519,141,524,141,527,141,528,140,528,138,528,138,528,136,528,135,528,135,528,133,527,132,524,131,519,131,519,131,515,131,510,131,510,130,510,128,510,128,510,127,512,126,515,125,518,124,519,123,519,122,519,122,519,120,521,119,524,119,527,118,528,117,527,116,524,115
515,54,512,54,510,55,510,57,510,57,510,59,512,60,515,60,518,60,519,59,519,57,519,57,519,55,518,54,515,54
506,47,503,48,502,49,503,50,506,50,509,50,510,49,509,48,506,47
506,96,503,95,502,94,500,93,497,93,494,93,493,94,493,96,493,96,493,97,493,99,493,99,493,101,493,102,493,102,493,104,494,105,497,106,500,105,502,104,502,102,502,102,502,101,503,100,506,99,509,99,510,97,509,96,506,96
488,76,484,76,484,76,479,76,476,77,475,78,476,79,479,80,484,80,484,80,488,80,491,79,493,78,491,77,488,76
329,452,326,453,324,454,326,455,329,455,332,455,333,454,332,453,329,452
90,287,87,288,85,289,84,290,81,290,78,291,76,292,76,293,76,293,76,295,76,297,72,297,68,297,68,297,63,297,60,297,59,298,60,299,63,300,68,300,68,300,72,300,75,299,76,298,76,297,81,297,85,297,85,297,90,297,93,296,94,295,94,293,94,293,94,292,94,290,94,290,94,289,93,288,90,287
81,400,78,400,76,399,75,398,72,397,69,398,68,399,68,400,68,400,68,402,69,403,72,404,75,404,76,405,78,406,81,407,84,406,85,405,85,404,85,404,85,402,84,401,81,400
54,420,51,420,50,421,51,422,54,423,57,422,59,421,57,420,54,420
45,21,42,22,41,23,42,24,45,25,48,24,50,23,48,22,45,21
37,15,34,15,32,16,34,18,37,18,40,18,41,16,40,15,37,15
