10,193,13,194,14,195,14,196,14,196,14,198,14,200,14,200,14,201,14,203,14,203,14,204,14,206,14,206,14,208,14,209,14,209,14,211,14,212,14,212,14,214,14,216,14,216,14,217,14,219,14,219,14,221,13,222,10,222,10,346,10,470,112,470,113,469,116,468,119,469,121,470,174,470,174,468,169,468,166,468,165,467,166,466,169,465,172,466,174,467,174,468,178,468,181,469,183,470,406,470,630,470,630,135,626,135,626,136,624,137,621,138,618,137,617,136,618,135,621,135,626,135,626,133,626,131,626,131,626,130,627,129,630,128,630,69,630,10,320,10,10,10,10,193
603,115,599,115,599,115,595,115,592,116,590,117,590,119,586,119,583,119,581,120,581,122,581,122,581,123,583,124,586,125,590,125,590,125,595,125,598,126,599,127,600,128,603,128,606,128,608,127,608,125,608,125,608,123,608,122,608,122,608,120,608,119,608,119,608,117,606,116,603,115
595,148,590,148,590,148,586,148,583,148,581,149,581,151,581,151,581,153,581,154,581,154,581,156,583,157,586,157,590,157,590,157,595,157,598,157,599,156,599,154,599,154,599,153,599,151,599,151,599,149,598,148,595,148
568,306,565,307,564,308,564,310,564,310,564,311,564,313,564,313,564,315,564,316,564,316,564,318,565,319,568,319,571,319,572,318,572,316,572,316,572,315,572,313,572,313,572,311,572,310,572,310,572,308,571,307,568,306
559,164,556,164,555,165,555,167,555,167,555,169,556,170,559,170,562,170,564,169,564,167,564,167,564,165,562,164,559,164
524,436,519,436,519,436,515,436,512,437,510,438,510,439,510,439,510,441,512,442,515,442,518,442,519,441,521,440,524,439,527,439,528,438,527,437,524,436
373,277,370,278,369,279,370,280,373,280,376,280,378,279,376,278,373,277
355,280,352,281,351,282,351,284,347,284,344,284,342,285,342,287,338,287,335,288,333,289,335,290,338,290,341,290,342,289,342,287,347,287,350,286,351,285,351,284,355,284,358,283,360,282,358,281,355,280
223,187,218,187,218,187,214,187,209,187,209,187,205,187,202,187,200,188,199,189,196,190,193,190,192,191,193,192,196,193,200,193,200,193,205,193,208,192,209,191,211,190,214,190,218,190,218,190,223,190,226,189,227,188,226,187,223,187
169,190,165,190,165,190,161,190,158,190,156,191,156,193,156,193,156,195,158,196,161,196,164,196,165,195,166,194,169,193,172,192,174,191,172,190,169,190
169,381,165,381,165,379,164,378,161,378,156,378,156,378,152,378,147,378,147,378,143,378,138,378,138,376,137,375,134,374,131,374,130,373,128,372,125,371,121,371,121,371,116,371,113,371,112,370,110,368,107,368,103,368,103,368,99,368,96,367,94,366,93,365,90,365,85,365,85,365,81,365,78,365,76,366,78,367,81,368,84,369,85,370,87,371,90,371,93,372,94,373,96,374,99,374,103,374,103,374,107,374,112,374,112,374,116,374,119,375,121,376,122,377,125,378,130,378,130,378,134,378,138,378,138,379,140,380,143,381,147,381,147,381,152,381,156,381,156,381,161,381,165,381,165,383,166,384,169,384,172,384,174,383,172,381,169,381
134,193,130,193,130,193,125,193,122,194,121,195,122,196,125,196,130,196,130,196,134,196,137,196,138,195,137,194,134,193
107,196,103,196,103,196,99,196,96,196,94,195,93,194,90,193,87,194,85,195,84,196,81,196,78,197,76,198,78,199,81,200,84,200,85,201,85,203,85,203,85,204,87,205,90,206,93,205,94,204,96,203,99,203,102,202,103,201,104,200,107,200,110,199,112,198,110,197,107,196
37,190,34,190,32,191,32,193,32,193,32,195,34,196,37,196,40,196,41,195,41,193,41,193,41,191,40,190,37,190
595,119,590,119,590,120,592,121,595,122,598,121,599,120,598,119,595,119
