630,235,627,235,626,234,627,232,630,232,630,121,630,10,320,10,10,10,10,240,10,470,320,470,630,470,630,235
586,25,583,25,581,26,581,28,581,28,581,29,583,31,586,31,589,31,590,29,590,28,590,28,590,26,589,25,586,25
559,167,556,167,555,165,553,164,550,164,547,164,546,165,546,167,546,167,546,169,547,170,550,170,555,170,555,170,559,170,562,170,564,169,562,168,559,167
559,430,556,430,555,431,556,432,559,433,562,432,564,431,562,430,559,430
541,141,537,141,537,140,536,138,533,138,530,138,528,140,530,141,533,141,537,141,537,143,538,144,541,144,544,144,546,143,544,142,541,141
524,106,521,105,519,104,518,103,515,102,512,103,510,104,510,106,510,106,510,107,510,109,510,109,510,110,512,112,515,112,519,112,519,112,524,112,527,112,528,110,528,109,528,109,528,107,527,106,524,106
515,93,512,93,510,94,510,96,510,96,510,97,512,99,515,99,518,99,519,97,519,96,519,96,519,94,518,93,515,93
462,99,459,100,457,101,459,102,462,102,465,102,466,101,465,100,462,99
453,115,450,116,448,117,450,118,453,119,456,118,457,117,456,116,453,115
81,290,78,291,76,292,75,293,72,293,69,294,68,295,68,297,68,297,68,298,68,300,63,300,59,300,59,298,57,297,54,297,50,297,50,295,50,293,50,293,50,292,48,291,45,290,42,291,41,292,41,293,41,293,41,295,42,296,45,297,50,297,50,298,51,299,54,300,59,300,59,302,60,303,63,303,66,303,68,302,68,300,72,300,75,299,76,298,78,297,81,297,84,296,85,295,85,293,85,293,85,292,84,291,81,290
