10,193,13,194,14,195,14,196,14,196,14,198,13,199,10,200,10,326,13,326,14,327,13,329,10,329,10,400,10,470,320,470,630,470,630,240,630,10,320,10,10,10,10,193
603,76,600,77,599,78,600,79,603,80,606,79,608,78,606,77,603,76
586,76,583,77,581,78,583,79,586,80,589,79,590,78,589,77,586,76
559,177,555,177,555,175,553,174,550,174,547,174,546,175,547,176,550,177,555,177,555,178,555,180,555,180,555,182,556,183,559,183,562,183,564,182,564,180,564,180,564,178,562,177,559,177
550,115,547,116,546,117,546,119,541,119,537,119,537,117,537,115,537,115,537,114,537,112,537,112,537,110,537,109,537,109,537,107,536,106,533,106,528,106,528,106,524,106,521,106,519,107,519,109,515,109,512,109,510,110,510,112,510,112,510,114,510,115,510,115,510,117,512,118,515,119,518,118,519,117,519,115,519,115,519,114,519,112,519,112,519,110,519,109,524,109,527,109,528,110,528,112,528,112,528,114,528,115,528,115,528,117,530,118,533,119,537,119,537,120,538,121,541,122,544,121,546,120,546,119,550,119,553,118,555,117,553,116,550,115
541,164,537,164,537,164,533,164,528,164,528,162,527,161,524,161,521,160,519,159,521,158,524,157,527,157,528,156,530,155,533,154,536,154,537,153,537,151,537,151,537,149,536,148,533,148,528,148,528,148,524,148,521,148,519,149,519,151,519,151,519,153,518,154,515,154,512,154,510,153,510,151,510,151,510,149,509,148,506,148,503,148,502,149,502,151,502,151,502,153,502,154,502,154,502,156,503,157,506,157,509,158,510,159,509,160,506,161,503,161,502,162,503,163,506,164,509,164,510,165,512,167,515,167,518,167,519,165,521,164,524,164,528,164,528,165,530,167,533,167,537,167,537,167,541,167,544,167,546,165,544,164,541,164
524,122,521,122,519,123,521,124,524,125,527,124,528,123,527,122,524,122
524,135,521,134,519,133,518,132,515,131,512,132,510,133,510,135,510,135,510,136,510,138,510,138,510,140,510,141,510,141,510,143,512,144,515,144,519,144,519,144,524,144,527,144,528,143,528,141,528,141,528,140,528,138,528,138,528,136,527,135,524,135
488,131,485,131,484,130,484,128,484,128,484,127,482,126,479,125,476,126,475,127,475,128,475,128,475,130,475,131,475,131,475,133,476,134,479,135,484,135,484,135,488,135,491,134,493,133,491,132,488,131
488,138,485,138,484,140,484,141,484,141,484,143,484,144,484,144,484,146,485,147,488,148,491,147,493,146,493,144,493,144,493,143,493,141,493,141,493,140,491,138,488,138
479,119,475,119,475,119,471,119,468,119,466,120,468,121,471,122,475,122,475,122,479,122,482,121,484,120,482,119,479,119
471,109,468,109,466,110,468,112,471,112,474,112,475,110,474,109,471,109
444,436,441,437,440,438,438,439,435,439,432,440,431,441,432,442,435,442,438,443,440,444,441,445,444,446,447,445,448,444,448,442,448,442,448,441,448,439,448,439,448,438,447,437,444,436
125,365,121,365,121,363,119,362,116,361,112,361,112,361,107,361,103,361,103,361,99,361,96,362,94,363,96,364,99,365,103,365,103,365,107,365,112,365,112,365,116,365,121,365,121,366,122,367,125,368,128,367,130,366,128,365,125,365
