537,10,536,11,533,12,530,11,528,10,269,10,10,10,10,193,13,194,14,195,14,196,14,196,14,198,13,199,10,200,10,326,13,326,14,327,13,329,10,329,10,400,10,470,475,470,476,469,479,468,482,469,484,470,557,470,630,470,630,240,630,10,537,10
612,99,609,100,608,101,609,102,612,102,615,102,617,101,615,100,612,99
603,67,600,67,599,68,599,70,599,70,599,72,598,73,595,73,592,74,590,75,589,76,586,76,583,77,581,78,580,79,577,80,574,80,572,81,574,82,577,83,581,83,581,83,586,83,589,82,590,81,592,80,595,80,598,80,599,81,599,83,599,83,599,85,600,86,603,86,606,86,608,85,608,83,608,83,608,81,608,80,608,80,608,78,608,76,608,76,608,75,608,73,608,73,608,72,608,70,608,70,608,68,606,67,603,67
603,89,599,89,599,89,595,89,590,89,590,88,589,87,586,86,583,87,581,88,583,89,586,89,590,89,590,91,592,92,595,93,598,93,599,94,600,95,603,96,606,95,608,94,608,93,608,93,608,91,606,90,603,89
595,109,592,109,590,110,592,112,595,112,598,112,599,110,598,109,595,109
577,112,574,111,572,110,571,109,568,109,565,108,564,107,562,106,559,106,556,106,555,107,555,109,555,109,555,110,556,112,559,112,562,113,564,114,565,115,568,115,572,115,572,115,577,115,580,115,581,114,580,113,577,112
559,177,555,177,555,175,553,174,550,174,547,174,546,175,547,176,550,177,555,177,555,178,555,180,555,180,555,182,556,183,559,183,562,183,564,182,564,180,564,180,564,178,562,177,559,177
550,80,547,80,546,81,546,83,546,83,546,85,547,86,550,86,553,86,555,85,555,83,555,83,555,81,553,80,550,80
550,115,547,115,546,114,546,112,546,112,546,110,544,109,541,109,538,108,537,107,537,106,537,106,537,104,536,103,533,102,530,103,528,104,527,105,524,106,521,106,519,107,519,109,515,109,512,109,510,110,510,112,510,112,510,114,510,115,510,115,510,117,510,119,510,119,510,120,509,121,506,122,503,122,502,123,502,125,502,125,502,127,502,128,502,128,502,130,502,131,502,131,502,133,500,134,497,135,494,134,493,133,493,131,493,131,493,130,491,129,488,128,485,128,484,127,482,126,479,125,476,126,475,127,474,128,471,128,468,129,466,130,466,131,466,131,466,133,468,134,471,135,474,135,475,136,475,138,475,138,475,140,475,141,475,141,475,143,475,144,475,144,475,146,476,147,479,148,484,148,484,148,488,148,493,148,493,148,497,148,500,148,502,149,502,151,502,151,502,153,502,154,502,154,502,156,502,157,502,157,502,159,503,160,506,161,509,161,510,162,510,164,510,164,510,165,512,167,515,167,518,167,519,165,521,164,524,164,528,164,528,165,530,167,533,167,537,167,537,167,541,167,544,167,546,165,544,164,541,164,537,164,537,164,533,164,528,164,528,162,528,161,528,161,528,159,528,157,528,157,528,156,530,155,533,154,536,154,537,153,537,151,537,151,537,149,537,148,537,148,537,146,536,145,533,144,528,144,528,143,528,141,528,141,528,140,528,138,528,138,528,136,527,135,524,135,521,134,519,133,518,132,515,131,512,131,510,130,510,128,510,128,510,127,512,126,515,125,519,125,519,125,524,125,527,124,528,123,527,122,524,122,521,121,519,120,519,119,519,119,519,117,519,115,519,115,519,114,519,112,519,112,519,110,519,109,524,109,527,109,528,110,528,112,528,112,528,114,528,115,528,115,528,117,530,118,533,119,536,119,537,120,538,121,541,122,546,122,546,122,550,122,553,121,555,120,555,119,555,119,555,117,553,116,550,115
550,125,547,126,546,127,547,128,550,128,553,128,555,127,553,126,550,125
515,442,512,443,510,444,512,445,515,446,518,445,519,444,518,443,515,442
444,430,441,429,440,428,438,427,435,426,432,427,431,428,431,430,431,430,431,431,432,432,435,433,438,433,440,434,440,436,440,436,440,438,440,439,440,439,440,441,440,442,440,442,440,444,441,445,444,446,447,445,448,444,448,442,448,442,448,441,448,439,448,439,448,438,448,436,448,436,448,434,448,433,448,433,448,431,447,430,444,430
391,258,388,258,386,259,388,261,391,261,394,261,395,259,394,258,391,258
125,365,122,364,121,363,119,362,116,361,112,361,112,361,107,361,103,361,103,361,99,361,96,362,94,363,96,364,99,365,103,365,103,365,107,365,110,365,112,366,113,367,116,368,121,368,121,368,125,368,128,367,130,366,128,365,125,365
524,144,521,145,519,146,519,148,519,148,519,149,521,150,524,151,527,150,528,149,528,148,528,148,528,146,528,144,524,144
