519,470,521,469,524,468,527,469,528,470,579,470,630,470,630,57,627,58,626,59,624,60,621,60,618,60,617,59,617,57,617,57,617,55,618,54,621,54,626,54,626,54,630,54,630,32,630,10,320,10,10,10,10,240,10,470,519,470
603,63,599,63,599,63,595,63,590,63,590,63,586,63,583,64,581,65,580,66,577,67,574,67,572,68,571,69,568,70,565,70,564,72,562,73,559,73,556,73,555,72,553,70,550,70,547,70,546,72,546,73,546,73,546,75,547,76,550,76,553,77,555,78,556,79,559,80,562,80,564,81,565,82,568,83,571,82,572,81,572,80,572,80,572,78,572,76,572,76,572,75,574,74,577,73,580,74,581,75,581,76,581,76,581,78,583,79,586,80,589,79,590,78,590,76,590,76,590,75,592,74,595,73,598,74,599,75,600,76,603,76,606,76,608,75,608,73,608,73,608,72,608,70,608,70,608,68,608,67,608,67,608,65,606,64,603,63
488,21,484,21,484,20,482,19,479,18,475,18,475,18,471,18,468,19,466,20,465,21,462,21,459,22,457,23,456,24,453,25,450,25,448,26,447,27,444,28,440,28,440,28,435,28,431,28,431,28,426,28,423,28,422,29,422,31,422,31,422,33,423,34,426,34,431,34,431,34,435,34,438,34,440,33,441,32,444,31,448,31,448,31,453,31,457,31,457,33,457,34,457,34,457,36,457,38,457,38,457,39,457,41,457,41,457,42,459,43,462,44,465,45,466,46,466,47,466,47,466,49,468,50,471,50,474,51,475,52,475,54,475,54,475,55,475,57,475,57,475,59,476,60,479,60,482,60,484,59,484,57,484,57,484,55,485,54,488,54,491,53,493,52,493,50,493,50,493,49,493,47,493,47,493,46,493,44,493,44,493,42,493,41,493,41,493,39,493,38,493,38,493,36,491,35,488,34,484,34,484,34,479,34,476,34,475,33,475,31,475,31,475,29,475,28,475,28,475,26,475,25,475,25,475,23,476,22,479,21,484,21,484,23,485,24,488,25,491,24,493,23,491,22,488,21
471,229,468,229,466,230,468,231,471,232,474,231,475,230,474,229,471,229
426,63,423,64,422,65,423,66,426,67,429,66,431,65,429,64,426,63
426,410,423,411,422,412,422,413,422,413,422,415,423,416,426,417,429,416,431,415,431,413,431,413,431,412,429,411,426,410
426,452,423,453,422,454,422,455,417,455,414,456,413,457,414,458,417,459,420,458,422,457,422,455,426,455,429,455,431,454,429,453,426,452
382,436,378,436,378,434,376,433,373,433,370,433,369,434,370,435,373,436,378,436,378,438,379,439,382,439,385,439,386,438,385,437,382,436
329,28,326,28,324,29,324,31,324,31,324,33,326,34,329,34,332,34,333,33,333,31,333,31,333,29,332,28,329,28
320,12,317,12,316,13,317,14,320,15,323,14,324,13,323,12,320,12
267,21,264,22,262,23,261,24,258,25,255,25,254,26,255,27,258,28,262,28,262,28,267,28,270,27,271,26,271,25,271,25,271,23,270,22,267,21
205,38,202,38,200,39,202,40,205,41,208,40,209,39,208,38,205,38
187,31,184,32,183,33,184,34,187,34,190,34,192,33,190,32,187,31
178,25,175,25,174,26,175,27,178,28,181,27,183,26,181,25,178,25
161,12,158,12,156,13,158,14,161,15,164,14,165,13,164,12,161,12
125,352,121,352,121,350,121,349,121,349,121,347,121,345,121,345,121,344,119,343,116,342,112,342,112,340,110,339,107,339,104,339,103,340,104,342,107,342,112,342,112,344,112,345,112,345,112,347,112,349,112,349,112,350,113,351,116,352,121,352,121,353,121,355,121,355,121,357,122,358,125,358,128,358,130,357,130,355,130,355,130,353,128,352,125,352
462,28,459,28,457,29,457,31,462,31,465,31,466,29,465,28,462,28
