630,10,320,10,10,10,10,240,10,470,320,470,630,470,630,240,630,10
586,47,583,48,581,49,583,50,586,50,589,50,590,49,589,48,586,47
577,25,574,25,572,26,572,28,572,28,572,29,574,31,577,31,580,31,581,29,581,28,581,28,581,26,580,25,577,25
577,38,574,38,572,39,574,40,577,41,580,40,581,39,580,38,577,38
568,18,565,19,564,20,565,21,568,21,571,21,572,20,571,19,568,18
559,12,556,12,555,13,556,14,559,15,562,14,564,13,562,12,559,12
550,34,547,35,546,36,547,37,550,38,553,37,555,36,553,35,550,34
541,41,537,41,537,41,533,41,530,40,528,39,527,38,524,38,521,38,519,39,519,41,519,41,519,42,521,43,524,44,527,45,528,46,530,47,533,47,536,47,537,46,538,45,541,44,544,43,546,42,544,41,541,41
541,141,538,141,537,140,536,138,533,138,530,137,528,136,527,135,524,135,519,135,519,135,515,135,512,134,510,133,509,132,506,131,503,131,502,130,503,129,506,128,509,128,510,127,510,125,510,125,510,123,509,122,506,122,503,121,502,120,502,119,502,119,502,117,500,116,497,115,494,115,493,114,493,112,493,112,493,110,493,109,493,109,493,107,493,106,493,106,493,104,494,103,497,102,500,102,502,101,502,99,502,99,502,97,500,96,497,96,493,96,493,96,488,96,484,96,484,96,479,96,476,96,475,97,475,99,475,99,475,101,475,102,475,102,475,104,475,106,475,106,475,107,475,109,475,109,475,110,475,112,475,112,475,114,475,115,475,115,475,117,474,118,471,119,468,119,466,120,466,122,466,122,466,123,466,125,466,125,466,127,466,128,466,128,466,130,465,131,462,131,459,132,457,133,457,135,457,135,457,136,459,137,462,138,465,139,466,140,468,141,471,141,474,142,475,143,475,144,475,144,475,146,475,148,475,148,475,149,476,150,479,151,484,151,484,151,488,151,493,151,493,151,497,151,500,151,502,153,502,154,502,154,502,156,503,157,506,157,509,157,510,156,510,154,510,154,510,153,510,151,510,151,510,149,510,148,510,148,510,146,509,145,506,144,503,144,502,143,502,141,502,141,502,140,503,139,506,138,510,138,510,138,515,138,518,139,519,140,519,141,519,141,519,143,519,144,519,144,519,146,519,148,519,148,519,149,519,151,519,151,519,153,521,154,524,154,527,154,528,153,530,151,533,151,536,150,537,149,537,148,537,148,537,146,538,145,541,144,544,144,546,143,544,142,541,141
533,25,528,25,528,25,524,25,521,25,519,26,519,28,519,28,519,29,519,31,519,31,519,33,521,34,524,34,528,34,528,34,533,34,536,34,537,33,537,31,537,31,537,29,537,28,537,28,537,26,536,25,533,25
524,112,521,113,519,114,519,115,519,115,519,117,519,119,519,119,519,120,519,122,519,122,519,123,521,124,524,125,527,124,528,123,528,122,528,122,528,120,528,119,528,119,528,117,528,115,528,115,528,114,527,113,524,112
506,50,503,51,502,52,502,54,502,54,502,55,503,56,506,57,509,56,510,55,510,54,510,54,510,52,509,51,506,50
471,31,468,32,466,33,468,34,471,34,474,34,475,33,474,32,471,31
471,387,468,388,466,389,468,390,471,391,474,390,475,389,474,388,471,387
462,378,459,378,457,379,457,381,457,381,457,383,459,384,462,384,465,384,466,383,466,381,466,381,466,379,465,378,462,378
453,28,450,27,448,26,447,25,444,25,440,25,440,25,435,25,432,25,431,26,429,27,426,28,423,28,422,29,420,31,417,31,414,32,413,33,414,34,417,34,420,35,422,36,423,37,426,38,431,38,431,38,435,38,438,37,440,36,440,34,440,34,440,33,441,32,444,31,447,32,448,33,450,34,453,34,456,34,457,33,457,31,457,31,457,29,456,28,453,28
453,371,450,372,448,373,450,374,453,374,456,374,457,373,456,372,453,371
417,449,414,449,413,451,413,452,413,452,413,454,414,455,417,455,420,455,422,454,422,452,422,452,422,451,420,449,417,449
187,349,183,349,183,349,178,349,174,349,174,349,169,349,166,349,165,350,165,352,161,352,158,352,156,353,158,354,161,355,164,354,165,353,165,352,169,352,172,352,174,353,175,354,178,355,181,354,183,353,184,352,187,352,190,351,192,350,190,349,187,349
161,436,156,436,156,436,152,436,147,436,147,436,143,436,140,437,138,438,140,439,143,439,147,439,147,439,152,439,156,439,156,439,161,439,164,439,165,438,164,437,161,436
116,355,113,356,112,357,113,358,116,358,119,358,121,357,119,356,116,355
488,135,485,135,484,136,485,137,488,138,491,137,493,136,491,135,488,135
