630,157,627,157,626,156,626,154,626,154,626,153,627,151,630,151,630,80,630,10,320,10,10,10,10,240,10,470,320,470,630,470,630,157
586,329,583,330,581,331,583,332,586,332,589,332,590,331,589,330,586,329
577,151,574,151,572,153,572,154,568,154,564,154,564,154,559,154,555,154,555,154,550,154,547,155,546,156,544,157,541,157,538,158,537,159,538,160,541,161,546,161,546,161,550,161,555,161,555,161,559,161,562,160,564,159,565,158,568,157,571,157,572,156,572,154,577,154,580,154,581,153,580,151,577,151
568,119,565,119,564,120,565,121,568,122,571,121,572,120,571,119,568,119
568,125,564,125,564,125,559,125,555,125,555,123,553,122,550,122,546,122,546,122,541,122,538,122,537,123,538,124,541,125,546,125,546,125,550,125,555,125,555,127,553,128,550,128,546,128,546,128,541,128,538,129,537,130,537,131,537,131,537,133,537,135,537,135,537,136,537,138,537,138,537,140,538,141,541,141,544,141,546,140,547,139,550,138,553,137,555,136,555,135,555,135,555,133,556,132,559,131,562,131,564,130,565,129,568,128,571,128,572,127,571,126,568,125
541,459,538,459,537,460,537,462,537,462,537,464,537,465,537,465,537,467,538,468,541,468,544,468,546,467,546,465,546,465,546,464,546,462,546,462,546,460,544,459,541,459
524,157,521,158,519,159,521,160,524,161,527,160,528,159,527,158,524,157
471,15,468,15,466,16,468,18,471,18,474,18,475,16,474,15,471,15
373,290,370,291,369,292,370,293,373,293,376,293,378,292,376,291,373,290
169,400,165,400,165,400,161,400,158,401,156,402,158,403,161,404,165,404,165,404,169,404,172,403,174,402,172,401,169,400
99,381,96,381,94,383,96,384,99,384,102,384,103,383,102,381,99,381
81,374,76,374,76,373,75,372,72,371,69,372,68,373,69,374,72,374,76,374,76,376,78,377,81,378,84,377,85,376,84,375,81,374
54,235,51,236,50,237,48,238,45,238,42,239,41,240,41,242,41,242,41,243,40,244,37,245,32,245,32,245,28,245,25,244,23,243,22,242,19,242,16,242,14,243,14,245,14,245,14,246,14,248,14,248,14,250,14,251,14,251,14,253,14,255,14,255,14,256,16,257,19,258,22,257,23,256,25,255,28,255,32,255,32,255,37,255,41,255,41,255,45,255,48,254,50,253,50,251,50,251,50,250,50,248,50,248,50,246,50,245,50,245,50,243,51,242,54,242,57,241,59,240,59,238,59,238,59,237,57,236,54,235
45,423,41,423,41,423,37,423,34,424,32,425,34,426,37,426,41,426,41,426,45,426,48,426,50,425,48,424,45,423
