10,193,13,194,14,195,14,196,14,196,14,198,14,200,14,200,14,201,14,203,14,203,14,204,14,206,14,206,14,208,14,209,14,209,14,211,14,212,14,212,14,214,14,216,14,216,14,217,14,219,14,219,14,221,13,222,10,222,10,346,10,470,174,470,174,468,169,468,166,468,165,467,166,466,169,465,172,466,174,467,174,468,178,468,181,469,183,470,406,470,630,470,630,131,627,131,626,130,627,129,630,128,630,69,630,10,320,10,10,10,10,193
621,135,618,135,617,136,618,137,621,138,624,137,626,136,624,135,621,135
603,119,600,119,599,120,598,121,595,122,592,121,590,120,589,119,586,119,583,119,581,120,581,122,581,122,581,123,583,124,586,125,590,125,590,125,595,125,598,126,599,127,600,128,603,128,606,128,608,127,608,125,608,125,608,123,608,122,608,122,608,120,606,119,603,119
595,151,592,151,590,153,592,154,595,154,598,154,599,153,598,151,595,151
568,310,565,310,564,311,564,313,564,313,564,315,565,316,568,316,571,316,572,315,572,313,572,313,572,311,571,310,568,310
559,164,556,164,555,165,555,167,555,167,555,169,556,170,559,170,562,170,564,169,564,167,564,167,564,165,562,164,559,164
515,436,512,437,510,438,510,439,510,439,510,441,512,442,515,442,518,442,519,441,519,439,519,439,519,438,518,437,515,436
355,280,352,281,351,282,351,284,347,284,344,284,342,285,342,287,338,287,335,288,333,289,335,290,338,290,341,290,342,289,342,287,347,287,350,286,351,285,351,284,355,284,358,283,360,282,358,281,355,280
169,381,166,381,165,383,166,384,169,384,172,384,174,383,172,381,169,381
152,378,147,378,147,378,143,378,140,378,138,379,140,380,143,381,147,381,147,381,152,381,155,380,156,379,155,378,152,378
125,193,122,194,121,195,122,196,125,196,128,196,130,195,128,194,125,193
125,371,121,371,121,371,116,371,112,371,112,370,110,368,107,368,103,368,103,368,99,368,96,367,94,366,93,365,90,365,85,365,85,365,81,365,76,365,76,363,75,362,72,361,69,362,68,363,69,364,72,365,76,365,76,366,78,367,81,368,84,369,85,370,87,371,90,371,93,372,94,373,96,374,99,374,102,374,103,373,104,372,107,371,112,371,112,373,113,374,116,374,119,375,121,376,122,377,125,378,128,377,130,376,130,374,130,374,130,373,128,372,125,371
99,196,94,196,94,196,90,196,87,197,85,198,85,200,85,200,85,201,87,202,90,203,94,203,94,203,99,203,102,202,103,201,103,200,103,200,103,198,102,197,99,196
45,190,41,190,41,190,37,190,34,190,32,191,32,193,32,193,32,195,34,196,37,196,40,196,41,195,42,194,45,193,48,192,50,191,48,190,45,190
