581,10,581,12,581,12,581,13,581,15,581,15,581,16,581,18,586,18,589,19,590,20,590,21,590,21,590,23,589,24,586,25,583,24,581,23,581,21,581,21,581,20,581,18,577,18,574,18,572,16,572,15,572,15,572,13,572,12,572,12,572,10,291,10,10,10,10,271,14,271,14,271,19,271,22,271,23,272,22,273,19,274,16,275,14,276,14,277,14,277,14,279,13,280,10,280,10,349,13,349,14,350,14,352,14,352,14,353,14,355,14,355,14,357,14,358,14,358,14,360,14,361,19,361,22,362,23,363,23,365,23,365,23,366,23,368,28,368,31,368,32,370,32,371,32,371,32,373,31,374,28,374,25,374,23,373,23,371,23,371,23,370,23,368,19,368,16,367,14,366,14,365,14,365,14,363,14,361,10,361,10,416,10,470,103,470,104,469,107,468,110,469,112,470,371,470,630,470,630,240,630,10,581,10
603,128,600,129,599,130,600,131,603,131,606,131,608,130,606,129,603,128
595,50,590,50,590,49,589,48,586,47,583,48,581,49,583,50,586,50,590,50,590,52,590,54,586,54,583,54,581,55,583,56,586,57,589,56,590,55,590,54,595,54,598,53,599,52,598,51,595,50
586,135,583,135,581,136,583,137,586,138,589,137,590,136,589,135,586,135
577,93,574,92,572,91,571,90,568,89,565,89,564,88,562,87,559,86,556,87,555,88,553,89,550,89,547,90,546,91,547,92,550,93,553,93,555,94,556,95,559,96,564,96,564,96,568,96,571,96,572,97,574,99,577,99,580,99,581,97,581,96,581,96,581,94,580,93,577,93
524,109,521,108,519,107,518,106,515,106,512,106,510,107,510,109,510,109,510,110,512,112,515,112,519,112,519,112,524,112,527,112,528,110,527,109,524,109
524,148,519,148,519,148,515,148,512,148,510,149,510,151,510,151,510,153,510,154,510,154,510,156,510,157,510,157,510,159,509,160,506,161,502,161,502,161,497,161,494,161,493,162,493,164,493,164,493,165,491,167,488,167,485,168,484,169,485,170,488,170,493,170,493,170,497,170,500,170,502,169,503,168,506,167,509,167,510,165,512,164,515,164,518,163,519,162,519,161,519,161,519,159,521,158,524,157,527,157,528,156,528,154,528,154,528,153,528,151,528,151,528,149,527,148,524,148
515,115,512,116,510,117,512,118,515,119,518,118,519,117,518,116,515,115
515,141,512,142,510,143,512,144,515,144,518,144,519,143,518,142,515,141
497,151,493,151,493,149,493,148,493,148,493,146,491,145,488,144,485,145,484,146,484,148,484,148,484,149,485,150,488,151,493,151,493,153,493,154,493,154,493,156,494,157,497,157,500,157,502,156,502,154,502,154,502,153,500,151,497,151
488,31,485,32,484,33,485,34,488,34,491,34,493,33,491,32,488,31
471,89,468,90,466,91,468,92,471,93,474,92,475,91,474,90,471,89
462,80,459,80,457,81,457,83,457,83,457,85,459,86,462,86,465,86,466,85,466,83,466,83,466,81,465,80,462,80
444,465,441,466,440,467,441,468,444,468,447,468,448,467,447,466,444,465
426,63,423,64,422,65,422,67,422,67,422,68,422,70,422,70,422,72,423,73,426,73,429,73,431,72,431,70,431,70,431,68,431,67,431,67,431,65,429,64,426,63
426,209,423,210,422,211,422,212,422,212,422,214,422,216,422,216,422,217,423,218,426,219,429,218,431,217,431,216,431,216,431,214,431,212,431,212,431,211,429,210,426,209
400,67,395,67,395,65,394,64,391,63,386,63,386,63,382,63,379,64,378,65,379,66,382,67,386,67,386,67,391,67,395,67,395,68,397,69,400,70,403,69,404,68,403,67,400,67
400,462,395,462,395,462,391,462,386,462,386,462,382,462,378,462,378,462,373,462,369,462,369,462,364,462,360,462,360,462,355,462,351,462,351,462,347,462,342,462,342,460,341,459,338,459,333,459,333,459,329,459,326,458,324,457,323,456,320,455,316,455,316,455,311,455,308,456,307,457,308,458,311,459,314,459,316,460,317,461,320,462,324,462,324,462,329,462,333,462,333,462,338,462,342,462,342,464,344,465,347,465,351,465,351,465,355,465,360,465,360,465,364,465,369,465,369,465,373,465,378,465,378,465,382,465,386,465,386,465,391,465,395,465,395,465,400,465,403,465,404,464,403,462,400,462
373,368,370,368,369,370,370,371,373,371,376,371,378,370,376,368,373,368
293,452,290,453,289,454,290,455,293,455,296,455,298,454,296,453,293,452
240,446,236,446,236,446,231,446,228,446,227,447,227,449,227,449,227,451,228,452,231,452,236,452,236,452,240,452,243,452,245,451,245,449,245,449,245,447,243,446,240,446
178,271,174,271,174,271,169,271,166,270,165,269,164,268,161,268,158,268,156,269,156,271,156,271,156,272,158,273,161,274,165,274,165,274,169,274,174,274,174,274,178,274,181,273,183,272,181,271,178,271
