581,10,581,12,581,12,581,13,581,15,581,15,581,16,580,18,577,18,574,18,572,16,572,15,572,15,572,13,572,12,572,12,572,10,291,10,10,10,10,25,14,25,14,25,19,25,22,25,23,26,22,27,19,28,14,28,14,28,10,28,10,310,13,310,14,311,14,313,14,313,14,315,13,316,10,316,10,345,13,346,14,347,16,348,19,349,22,349,23,350,23,352,23,352,23,353,23,355,23,355,23,357,23,358,28,358,31,359,32,360,32,361,32,361,32,363,32,365,32,365,32,366,32,368,37,368,40,368,41,370,41,371,41,371,41,373,41,374,45,374,48,375,50,376,50,378,50,378,50,379,50,381,54,381,57,381,59,383,59,384,59,384,59,386,59,387,63,387,66,388,68,389,66,390,63,391,60,390,59,389,59,387,54,387,51,387,50,386,50,384,50,384,50,383,50,381,45,381,42,380,41,379,41,378,41,378,41,376,41,374,37,374,34,374,32,373,32,371,32,371,32,370,32,368,28,368,25,367,23,366,23,365,23,365,23,363,23,361,23,361,23,360,23,358,19,358,16,358,14,357,14,355,14,355,14,353,13,352,10,352,10,411,10,470,320,470,630,470,630,240,630,10,581,10
559,161,556,160,555,159,553,158,550,157,546,157,546,157,541,157,538,158,537,159,538,160,541,161,544,161,546,162,547,163,550,164,555,164,555,164,559,164,562,163,564,162,562,161,559,161
541,67,538,67,537,68,536,69,533,70,530,70,528,72,528,73,524,73,521,74,519,75,521,76,524,76,528,76,528,78,527,79,524,80,521,80,519,81,519,83,519,83,519,85,518,86,515,86,510,86,510,86,506,86,503,87,502,88,503,89,506,89,510,89,510,89,515,89,519,89,519,89,524,89,527,89,528,88,530,87,533,86,536,86,537,85,537,83,537,83,537,81,537,80,537,80,537,78,536,77,533,76,528,76,528,75,528,73,533,73,537,73,537,73,541,73,544,73,546,72,546,70,546,70,546,68,544,67,541,67
541,119,537,119,537,117,536,116,533,115,530,115,528,114,527,113,524,112,521,111,519,110,519,109,519,109,519,107,519,106,519,106,519,104,518,103,515,102,510,102,510,101,510,99,510,99,510,97,510,96,510,96,510,94,509,93,506,93,503,93,502,94,500,95,497,96,494,96,493,97,494,99,497,99,500,100,502,101,502,102,497,102,494,103,493,104,494,105,497,106,502,106,502,107,502,109,502,109,502,110,502,112,502,112,502,114,503,115,506,115,509,116,510,117,509,118,506,119,503,119,502,120,502,122,502,122,502,123,502,125,502,125,502,127,503,128,506,128,509,128,510,127,512,126,515,125,519,125,519,127,521,128,524,128,527,128,528,127,527,126,524,125,519,125,519,123,521,122,524,122,527,121,528,120,530,119,533,119,537,119,537,120,538,121,541,122,544,121,546,120,544,119,541,119
533,138,530,137,528,136,528,135,528,135,528,133,527,132,524,131,519,131,519,131,515,131,512,132,510,133,510,135,510,135,510,136,510,138,510,138,510,140,512,141,515,141,518,142,519,143,521,144,524,144,527,144,528,143,530,142,533,141,536,141,537,140,536,138,533,138
515,57,512,58,510,59,512,60,515,60,518,60,519,59,518,58,515,57
515,67,512,67,510,68,512,69,515,70,518,69,519,68,518,67,515,67
497,60,494,61,493,62,493,63,493,63,493,65,494,66,497,67,500,66,502,65,502,63,502,63,502,62,500,61,497,60
169,462,166,462,165,464,166,465,169,465,172,465,174,464,172,462,169,462
90,287,87,288,85,289,84,290,81,290,78,291,76,292,75,293,72,293,68,293,68,293,63,293,59,293,59,293,54,293,51,294,50,295,50,297,50,297,50,298,51,299,54,300,57,300,59,302,60,303,63,303,68,303,68,303,72,303,75,303,76,302,78,300,81,300,84,299,85,298,87,297,90,297,93,296,94,295,94,293,94,293,94,292,94,290,94,290,94,289,93,288,90,287
81,400,76,400,76,400,72,400,69,401,68,402,69,403,72,404,75,404,76,405,78,406,81,407,84,406,85,405,85,404,85,404,85,402,84,401,81,400
45,21,42,22,41,23,42,24,45,25,48,24,50,23,48,22,45,21
37,15,34,15,32,16,34,18,37,18,40,18,41,16,40,15,37,15
506,102,502,102,502,104,502,106,506,106,509,105,510,104,510,102,506,102
