10,326,14,326,14,324,16,323,19,323,22,323,23,324,22,325,19,326,14,326,14,327,14,329,14,329,14,331,13,332,10,332,10,401,10,470,103,470,104,469,107,468,112,468,112,468,116,468,121,468,121,468,125,468,128,469,130,470,380,470,630,470,630,240,630,10,320,10,10,10,10,326
586,63,581,63,581,62,581,60,581,60,581,59,580,58,577,57,574,58,572,59,572,60,572,60,572,62,574,63,577,63,581,63,581,65,581,67,577,67,574,67,572,68,574,69,577,70,580,69,581,68,581,67,586,67,589,66,590,65,589,64,586,63
577,28,572,28,572,26,571,25,568,25,565,25,564,26,565,27,568,28,572,28,572,29,574,31,577,31,580,31,581,29,580,28,577,28
533,112,530,113,528,114,530,115,533,115,536,115,537,114,536,113,533,112
524,122,521,122,519,123,521,124,524,125,527,124,528,123,527,122,524,122
524,141,519,141,519,141,515,141,512,142,510,143,512,144,515,144,519,144,519,144,524,144,527,144,528,143,527,142,524,141
506,161,503,161,502,162,503,163,506,164,509,163,510,162,509,161,506,161
506,423,503,424,502,425,502,426,502,426,502,428,503,429,506,430,509,429,510,428,510,426,510,426,510,425,509,424,506,423
479,119,476,119,475,120,476,121,479,122,482,121,484,120,482,119,479,119
453,433,450,433,448,434,450,435,453,436,456,435,457,434,456,433,453,433
444,423,441,424,440,425,441,426,444,426,447,426,448,425,447,424,444,423
444,442,441,442,440,441,438,440,435,439,432,440,431,441,431,442,431,442,431,444,431,446,431,446,431,447,432,448,435,449,440,449,440,449,444,449,447,448,448,447,448,446,448,446,448,444,447,443,444,442
373,258,370,258,369,259,370,261,373,261,376,261,378,259,376,258,373,258
231,365,228,365,227,366,228,367,231,368,234,367,236,366,234,365,231,365
178,430,175,430,174,431,175,432,178,433,181,432,183,431,181,430,178,430
169,358,165,358,165,358,161,358,158,359,156,360,158,361,161,361,165,361,165,361,169,361,172,361,174,360,172,359,169,358
143,358,138,358,138,358,134,358,131,359,130,360,131,361,134,361,138,361,138,361,143,361,146,361,147,360,146,359,143,358
107,355,104,356,103,357,103,358,103,358,103,360,104,361,107,361,110,361,112,360,112,358,112,358,112,357,110,356,107,355
