630,10,320,10,10,10,10,240,10,470,320,470,630,470,630,240,630,10
612,106,608,106,608,104,606,103,603,102,600,103,599,104,600,105,603,106,608,106,608,107,608,109,608,109,608,110,609,112,612,112,615,112,617,110,617,109,617,109,617,107,615,106,612,106
603,122,599,122,599,122,595,122,590,122,590,122,586,122,583,122,581,123,583,124,586,125,590,125,590,125,595,125,599,125,599,125,603,125,606,124,608,123,606,122,603,122
595,63,592,64,590,65,592,66,595,67,598,66,599,65,598,64,595,63
595,83,590,83,590,81,589,80,586,80,583,80,581,81,583,82,586,83,590,83,590,85,592,86,595,86,598,86,599,85,598,83,595,83
577,190,574,190,572,191,574,192,577,193,580,192,581,191,580,190,577,190
471,21,468,22,466,23,468,24,471,25,474,24,475,23,474,22,471,21
426,67,423,67,422,68,423,69,426,70,429,69,431,68,429,67,426,67
417,102,414,103,413,104,414,105,417,106,420,105,422,104,420,103,417,102
417,384,414,385,413,386,413,387,413,387,413,389,414,390,417,391,420,390,422,389,422,387,422,387,422,386,420,385,417,384
409,394,406,394,404,395,406,397,409,397,412,397,413,395,412,394,409,394
355,12,352,12,351,13,352,14,355,15,358,14,360,13,358,12,355,12
