10,336,13,336,14,337,14,339,14,339,14,340,16,341,19,342,22,343,23,344,23,345,23,345,23,347,25,348,28,349,31,349,32,350,32,352,32,352,32,353,32,355,32,355,32,357,34,358,37,358,40,359,41,360,41,361,41,361,41,363,41,365,41,365,41,366,40,367,37,368,34,367,32,366,32,365,32,365,32,363,31,362,28,361,25,361,23,360,23,358,23,358,23,357,22,356,19,355,16,354,14,353,14,352,14,352,14,350,14,349,14,349,14,347,13,346,10,345,10,408,10,470,320,470,630,470,630,170,626,170,626,170,621,170,617,170,617,170,612,170,609,170,608,169,606,168,603,167,600,167,599,165,600,164,603,164,608,164,608,164,612,164,615,164,617,165,618,167,621,167,626,167,626,167,630,167,630,89,630,10,320,10,10,10,10,336
577,349,574,349,572,350,574,351,577,352,580,351,581,350,580,349,577,349
541,38,538,38,537,39,538,40,541,41,544,40,546,39,544,38,541,38
541,128,538,129,537,130,538,131,541,131,544,131,546,130,544,129,541,128
541,135,538,135,537,136,538,137,541,138,544,137,546,136,544,135,541,135
223,423,220,424,218,425,220,426,223,426,226,426,227,425,226,424,223,423
223,442,220,442,218,441,218,439,218,439,218,438,217,437,214,436,209,436,209,436,205,436,200,436,200,436,196,436,193,437,192,438,192,439,192,439,192,441,193,442,196,442,199,443,200,444,202,445,205,446,209,446,209,446,214,446,217,446,218,447,220,448,223,449,226,448,227,447,227,446,227,446,227,444,226,443,223,442
116,404,113,403,112,402,110,401,107,400,104,400,103,399,102,398,99,397,96,398,94,399,94,400,94,400,94,402,96,403,99,404,102,404,103,405,104,406,107,407,112,407,112,407,116,407,119,406,121,405,119,404,116,404
90,391,87,391,85,392,87,393,90,394,93,393,94,392,93,391,90,391
72,381,68,381,68,379,66,378,63,378,60,378,59,379,60,380,63,381,68,381,68,383,69,384,72,384,75,384,76,383,75,381,72,381
54,245,51,245,50,246,48,248,45,248,42,249,41,250,42,251,45,251,48,252,50,253,51,254,54,255,57,254,59,253,59,251,59,251,59,250,59,248,59,248,59,246,57,245,54,245
