475,10,474,11,471,12,468,11,466,10,342,10,341,11,338,12,333,12,333,13,332,14,329,15,326,14,324,13,326,12,329,12,333,12,333,10,172,10,10,10,10,240,10,470,608,470,609,469,612,468,615,469,617,470,623,470,630,470,630,240,630,10,475,10
533,28,530,28,528,29,528,31,528,31,528,33,530,34,533,34,536,34,537,33,537,31,537,31,537,29,536,28,533,28
417,99,414,100,413,101,414,102,417,102,420,102,422,101,420,100,417,99
391,67,388,67,386,68,386,70,386,70,386,72,388,73,391,73,394,73,395,72,395,70,395,70,395,68,394,67,391,67
364,12,361,12,360,13,361,14,364,15,367,14,369,13,367,12,364,12
364,63,361,64,360,65,361,66,364,67,367,66,369,65,367,64,364,63
320,28,317,28,316,29,317,31,320,31,323,31,324,29,323,28,320,28
276,18,273,18,271,16,270,15,267,15,262,15,262,15,258,15,254,15,254,15,249,15,245,15,245,13,243,12,240,12,236,12,236,12,231,12,227,12,227,12,223,12,218,12,218,12,214,12,211,12,209,13,209,15,209,15,209,16,211,18,214,18,217,18,218,16,220,15,223,15,227,15,227,15,231,15,236,15,236,15,240,15,245,15,245,16,246,18,249,18,252,19,254,20,255,21,258,21,262,21,262,21,267,21,271,21,271,21,276,21,279,21,280,20,279,19,276,18
223,25,218,25,218,25,214,25,211,25,209,26,211,27,214,28,218,28,218,28,223,28,226,27,227,26,226,25,223,25
125,339,122,339,121,340,121,342,121,342,121,344,122,345,125,345,128,345,130,344,130,342,130,342,130,340,128,339,125,339
