475,10,474,11,471,12,466,12,466,12,462,12,459,11,457,10,440,10,438,11,435,12,431,12,431,12,426,12,423,11,422,10,351,10,350,11,347,12,342,12,342,12,338,12,333,12,333,13,333,15,333,15,333,16,333,18,333,18,333,20,332,21,329,21,324,21,324,23,324,25,324,25,324,26,323,27,320,28,316,28,316,28,311,28,307,28,307,28,302,28,299,27,298,26,298,25,298,25,298,23,299,22,302,21,305,21,307,20,308,19,311,18,314,19,316,20,317,21,320,21,324,21,324,20,324,18,324,18,324,16,323,15,320,15,317,14,316,13,317,12,320,12,324,12,324,12,329,12,333,12,333,10,307,10,307,12,307,12,307,13,305,14,302,15,298,15,298,15,293,15,290,15,289,16,288,18,285,18,282,19,280,20,282,21,285,21,288,22,289,23,288,24,285,25,280,25,280,25,276,25,271,25,271,25,267,25,262,25,262,25,258,25,254,25,254,25,249,25,246,25,245,26,243,27,240,28,236,28,236,28,231,28,228,28,227,29,227,31,227,31,227,33,226,34,223,34,218,34,218,34,214,34,211,34,209,33,209,31,209,31,209,29,208,28,205,28,202,27,200,26,200,25,200,25,200,23,200,21,200,21,200,20,199,19,196,18,193,18,192,16,192,15,192,15,192,13,192,12,192,12,192,10,101,10,10,10,10,240,10,470,395,470,397,469,400,468,404,468,404,467,404,465,404,465,404,464,406,462,409,462,412,462,413,464,413,465,413,465,413,467,412,468,409,468,404,468,404,470,517,470,630,470,630,240,630,10,475,10
595,148,590,148,590,148,586,148,583,148,581,149,583,150,586,151,590,151,590,151,595,151,598,150,599,149,598,148,595,148
541,144,538,145,537,146,538,147,541,148,544,147,546,146,544,145,541,144
426,368,423,368,422,370,423,371,426,371,429,371,431,370,429,368,426,368
391,452,388,453,386,454,386,455,386,455,386,457,388,458,391,459,394,458,395,457,395,455,395,455,395,454,394,453,391,452
373,12,370,12,369,13,369,15,364,15,361,15,360,16,358,18,355,18,352,19,351,20,352,21,355,21,360,21,360,21,364,21,367,21,369,20,369,18,369,18,369,16,369,15,373,15,376,14,378,13,376,12,373,12
338,73,335,74,333,75,335,76,338,76,341,76,342,75,341,74,338,73
116,339,113,339,112,340,113,342,116,342,119,342,121,340,119,339,116,339
209,10,211,11,214,12,218,12,218,12,223,12,227,12,227,12,231,12,236,12,236,12,240,12,243,12,245,13,245,15,249,15,254,15,254,15,258,15,261,14,262,13,264,12,267,12,271,12,271,12,276,12,280,12,280,12,285,12,289,12,289,12,293,12,296,11,298,10,209,10
240,15,237,15,236,16,236,18,240,18,243,18,245,16,245,15,240,15
231,18,228,19,227,20,228,21,231,21,234,21,236,20,236,18,231,18
