630,10,320,10,10,10,10,240,10,470,320,470,630,470,630,240,630,10
603,122,600,122,599,123,600,124,603,125,606,124,608,123,606,122,603,122
595,102,590,102,590,102,586,102,583,103,581,104,581,106,581,106,581,107,583,108,586,109,590,109,590,109,595,109,598,108,599,107,599,106,599,106,599,104,598,103,595,102
533,235,528,235,528,235,524,235,521,236,519,237,521,238,524,238,528,238,528,238,533,238,536,238,537,237,536,236,533,235
497,99,493,99,493,97,491,96,488,96,485,95,484,94,482,93,479,93,476,93,475,94,475,96,475,96,475,97,475,99,471,99,468,100,466,101,468,102,471,102,475,102,475,104,476,105,479,106,482,105,484,104,482,103,479,102,475,102,475,101,475,99,479,99,484,99,484,99,488,99,493,99,493,101,494,102,497,102,500,102,502,101,500,100,497,99
497,235,493,235,493,235,488,235,485,236,484,237,485,238,488,238,493,238,493,238,497,238,500,238,502,237,500,236,497,235
426,80,423,80,422,81,423,82,426,83,429,82,431,81,429,80,426,80
426,86,423,87,422,88,422,89,422,89,422,91,422,93,422,93,422,94,422,96,417,96,414,96,413,97,413,99,413,99,413,101,414,102,417,102,420,102,422,101,422,99,422,99,422,97,422,96,426,96,429,95,431,94,431,93,431,93,431,91,431,89,431,89,431,88,429,87,426,86
426,449,422,449,422,449,417,449,413,449,413,449,409,449,404,449,404,449,400,449,395,449,395,447,394,446,391,446,388,446,386,447,388,448,391,449,395,449,395,451,397,452,400,452,404,452,404,452,409,452,413,452,413,452,417,452,422,452,422,452,426,452,429,452,431,451,429,449,426,449
409,89,406,90,404,91,406,92,409,93,412,92,413,91,412,90,409,89
382,102,378,102,378,102,373,102,370,103,369,104,370,105,373,106,378,106,378,106,382,106,385,105,386,104,385,103,382,102
364,442,361,443,360,444,360,446,360,446,360,447,361,448,364,449,367,448,369,447,369,446,369,446,369,444,367,443,364,442
347,67,342,67,342,65,342,63,342,63,342,62,341,61,338,60,333,60,333,60,329,60,326,61,324,62,326,63,329,63,332,64,333,65,333,67,329,67,326,67,324,68,326,69,329,70,332,69,333,68,333,67,338,67,342,67,342,68,342,70,342,70,342,72,344,73,347,73,350,73,351,72,351,70,351,70,351,68,350,67,347,67
329,47,326,48,324,49,326,50,329,50,332,50,333,49,332,48,329,47
320,426,317,427,316,428,317,429,320,430,323,429,324,428,323,427,320,426
311,50,308,51,307,52,307,54,307,54,307,55,308,56,311,57,314,56,316,55,316,54,316,54,316,52,314,51,311,50
302,423,298,423,298,423,293,423,290,424,289,425,290,426,293,426,298,426,298,426,302,426,305,426,307,425,305,424,302,423
240,410,237,411,236,412,234,413,231,413,228,414,227,415,227,417,227,417,227,418,228,419,231,420,234,419,236,418,237,417,240,417,243,416,245,415,245,413,245,413,245,412,243,411,240,410
169,63,166,64,165,65,166,66,169,67,172,66,174,65,172,64,169,63
152,50,149,51,147,52,149,53,152,54,155,53,156,52,155,51,152,50
