457,10,457,12,457,12,457,13,456,14,453,15,448,15,448,16,450,18,453,18,457,18,457,18,462,18,465,19,466,20,465,21,462,21,459,22,457,23,456,24,453,25,450,25,448,26,447,27,444,28,441,28,440,29,440,31,440,31,440,33,438,34,435,34,432,35,431,36,431,38,431,38,431,39,431,41,431,41,431,42,429,43,426,44,423,43,422,42,422,41,422,41,422,39,422,38,422,38,422,36,422,34,422,34,422,33,423,32,426,31,429,31,431,29,431,28,431,28,431,26,431,25,431,25,431,23,429,22,426,21,423,21,422,20,422,18,422,18,422,16,423,15,426,15,429,15,431,16,432,18,435,18,438,18,440,16,441,15,444,15,448,15,448,13,448,12,448,12,448,10,229,10,10,10,10,240,10,470,320,470,630,470,630,240,630,10,457,10
595,67,590,67,590,67,586,67,583,67,581,68,581,70,581,70,581,72,581,73,581,73,581,75,583,76,586,76,590,76,590,76,595,76,598,76,599,75,599,73,599,73,599,72,599,70,599,70,599,68,598,67,595,67
595,80,592,80,590,81,592,82,595,83,598,82,599,81,598,80,595,80
595,109,590,109,590,109,586,109,583,108,581,107,580,106,577,106,574,105,572,104,571,103,568,102,564,102,564,102,559,102,556,103,555,104,555,106,555,106,555,107,555,109,555,109,555,110,556,112,559,112,562,113,564,114,565,115,568,115,572,115,572,115,577,115,580,115,581,114,583,113,586,112,590,112,590,112,595,112,598,112,599,110,598,109,595,109
586,28,581,28,581,28,577,28,574,28,572,29,574,31,577,31,581,31,581,31,586,31,589,31,590,29,589,28,586,28
577,18,574,19,572,20,574,21,577,21,580,21,581,20,580,19,577,18
568,12,565,12,564,13,565,14,568,15,571,14,572,13,571,12,568,12
550,115,547,116,546,117,544,118,541,119,537,119,537,117,537,115,537,115,537,114,536,113,533,112,528,112,528,112,524,112,519,112,519,112,515,112,512,113,510,114,510,115,510,115,510,117,510,119,506,119,503,119,502,120,502,122,502,122,502,123,502,125,502,125,502,127,502,128,502,128,502,130,503,131,506,131,509,131,510,130,510,128,510,128,510,127,510,125,510,125,510,123,510,122,510,122,510,120,510,119,515,119,518,119,519,120,519,122,519,122,519,123,521,124,524,125,528,125,528,127,528,128,528,128,528,130,528,131,524,131,521,132,519,133,521,134,524,135,528,135,528,136,528,138,528,138,528,140,528,141,528,141,528,143,528,144,528,144,528,146,528,148,528,148,528,149,528,151,524,151,519,151,519,151,515,151,510,151,510,149,509,148,506,148,502,148,502,148,497,148,494,148,493,149,494,150,497,151,502,151,502,151,506,151,510,151,510,153,510,154,510,154,510,156,512,157,515,157,519,157,519,157,524,157,527,157,528,156,528,154,528,154,528,153,528,151,533,151,536,150,537,149,537,148,537,148,537,146,537,144,537,144,537,143,538,142,541,141,544,141,546,140,544,138,541,138,538,137,537,136,536,135,533,135,528,135,528,133,528,131,533,131,536,131,537,130,538,129,541,128,544,128,546,127,544,126,541,125,537,125,537,125,533,125,528,125,528,123,528,122,528,122,528,120,530,119,533,119,537,119,537,120,538,121,541,122,546,122,546,122,550,122,553,121,555,120,555,119,555,119,555,117,553,116,550,115
541,96,538,96,537,97,537,99,533,99,530,100,528,101,530,102,533,102,536,102,537,101,537,99,541,99,544,99,546,97,544,96,541,96
524,25,521,25,519,26,519,28,519,28,519,29,519,31,519,31,519,33,521,34,524,34,527,34,528,33,528,31,528,31,528,29,528,28,528,28,528,26,527,25,524,25
524,41,519,41,519,39,518,38,515,38,512,38,510,39,512,40,515,41,519,41,519,42,521,43,524,44,527,43,528,42,527,41,524,41
515,18,510,18,510,18,506,18,502,18,502,18,497,18,494,19,493,20,491,21,488,21,485,22,484,23,485,24,488,25,491,25,493,26,494,27,497,28,502,28,502,28,506,28,509,27,510,26,510,25,510,25,510,23,512,22,515,21,518,21,519,20,518,19,515,18
488,141,485,142,484,143,485,144,488,144,491,144,493,143,491,142,488,141
462,96,459,96,457,97,457,99,457,99,457,101,457,102,457,102,457,104,457,106,457,106,457,107,459,108,462,109,465,108,466,107,466,106,466,106,466,104,466,102,466,102,466,101,466,99,466,99,466,97,465,96,462,96
444,50,441,51,440,52,440,54,435,54,432,54,431,55,432,56,435,57,438,56,440,55,440,54,444,54,447,53,448,52,447,51,444,50
444,93,441,93,440,94,441,95,444,96,447,95,448,94,447,93,444,93
444,99,441,100,440,101,441,102,444,102,447,102,448,101,447,100,444,99
435,80,432,80,431,81,431,83,426,83,422,83,422,81,422,80,422,80,422,78,420,77,417,76,413,76,413,75,412,74,409,73,406,74,404,75,406,76,409,76,413,76,413,78,413,80,413,80,413,81,414,82,417,83,422,83,422,85,423,86,426,86,429,86,431,85,431,83,435,83,438,82,440,81,438,80,435,80
426,102,422,102,422,102,417,102,414,103,413,104,414,105,417,106,420,106,422,107,423,108,426,109,429,108,431,107,431,106,431,106,431,104,429,103,426,102
391,54,388,54,386,55,388,56,391,57,394,56,395,55,394,54,391,54
391,93,388,93,386,94,388,95,391,96,394,95,395,94,394,93,391,93
391,462,388,462,386,464,388,465,391,465,394,465,395,464,394,462,391,462
382,21,379,22,378,23,379,24,382,25,385,24,386,23,385,22,382,21
382,41,379,41,378,42,379,43,382,44,385,43,386,42,385,41,382,41
373,34,370,35,369,36,370,37,373,38,376,37,378,36,376,35,373,34
364,76,361,77,360,78,361,79,364,80,367,79,369,78,367,77,364,76
355,54,351,54,351,54,347,54,344,54,342,55,344,56,347,57,351,57,351,57,355,57,358,56,360,55,358,54,355,54
347,60,344,61,342,62,344,63,347,63,350,63,351,62,350,61,347,60
152,436,147,436,147,434,146,433,143,433,140,432,138,431,137,430,134,430,131,430,130,431,130,433,130,433,130,434,131,435,134,436,138,436,138,436,143,436,147,436,147,438,149,439,152,439,155,439,156,438,155,437,152,436
