10,313,13,313,14,315,13,316,10,316,10,345,13,346,14,347,14,349,14,349,14,350,14,352,19,352,22,352,23,353,23,355,23,355,23,357,23,358,28,358,31,359,32,360,32,361,32,361,32,363,32,365,32,365,32,366,32,368,37,368,40,368,41,370,41,371,41,371,41,373,41,374,45,374,48,375,50,376,50,378,50,378,50,379,50,381,54,381,57,381,59,383,59,384,59,384,59,386,59,387,63,387,66,388,68,389,66,390,63,391,60,390,59,389,59,387,54,387,51,387,50,386,50,384,50,384,50,383,50,381,45,381,42,380,41,379,41,378,41,378,41,376,41,374,37,374,34,374,32,373,32,371,32,371,32,370,32,368,28,368,25,367,23,366,23,365,23,365,23,363,23,361,23,361,23,360,23,358,19,358,16,358,14,357,14,355,14,355,14,353,14,352,10,352,10,411,10,470,320,470,630,470,630,240,630,10,320,10,10,10,10,313
550,157,546,157,546,157,541,157,538,158,537,159,538,160,541,161,544,161,546,162,547,163,550,164,553,163,555,162,555,161,555,161,555,159,553,158,550,157
541,119,538,119,537,120,538,121,541,122,544,121,546,120,544,119,541,119
533,70,530,70,528,72,530,73,533,73,536,73,537,72,536,70,533,70
533,80,528,80,528,80,524,80,521,80,519,81,519,83,519,83,519,85,518,86,515,86,510,86,510,86,506,86,503,87,502,88,503,89,506,89,509,90,510,91,512,92,515,93,518,92,519,91,521,90,524,89,527,89,528,88,528,86,528,86,528,85,530,83,533,83,536,82,537,81,536,80,533,80
533,138,528,138,528,136,527,135,524,135,521,135,519,136,521,137,524,138,528,138,528,140,528,141,524,141,521,142,519,143,521,144,524,144,527,144,528,143,528,141,533,141,536,141,537,140,536,138,533,138
524,106,521,105,519,104,519,102,519,102,519,101,518,100,515,99,510,99,510,97,509,96,506,96,503,96,502,97,503,99,506,99,510,99,510,101,510,102,510,102,510,104,510,106,510,106,510,107,510,109,510,109,510,110,510,112,510,112,510,114,510,115,510,115,510,117,510,119,510,119,510,120,512,121,515,122,519,122,519,122,524,122,527,121,528,120,528,119,528,119,528,117,528,115,528,115,528,114,527,113,524,112,521,111,519,110,521,109,524,109,527,108,528,107,527,106,524,106
524,125,521,126,519,127,521,128,524,128,527,128,528,127,527,126,524,125
515,67,512,67,510,68,510,70,510,70,510,72,512,73,515,73,518,73,519,72,519,70,519,70,519,68,518,67,515,67
497,60,494,61,493,62,493,63,493,63,493,65,494,66,497,67,500,66,502,65,502,63,502,63,502,62,500,61,497,60
90,287,87,288,85,289,84,290,81,290,78,291,76,292,75,293,72,293,68,293,68,293,63,293,59,293,59,293,54,293,50,293,50,293,45,293,42,294,41,295,42,296,45,297,48,297,50,298,51,299,54,300,57,300,59,302,60,303,63,303,68,303,68,303,72,303,75,303,76,302,78,300,81,300,84,299,85,298,87,297,90,297,93,296,94,295,94,293,94,293,94,292,94,290,94,290,94,289,93,288,90,287
