581,10,581,12,581,12,581,13,580,14,577,15,574,14,572,13,572,12,572,12,572,10,291,10,10,10,10,240,10,470,320,470,630,470,630,240,630,10,581,10
586,54,583,54,581,55,580,56,577,57,574,58,572,59,572,60,568,60,565,61,564,62,564,63,564,63,564,65,564,67,564,67,564,68,564,70,559,70,556,70,555,72,556,73,559,73,564,73,564,75,562,76,559,76,556,77,555,78,553,79,550,80,547,80,546,81,546,83,546,83,546,85,546,86,546,86,546,88,546,89,546,89,546,91,547,92,550,93,553,92,555,91,555,89,555,89,555,88,555,86,555,86,555,85,556,83,559,83,562,82,564,81,565,80,568,80,571,79,572,78,572,76,572,76,572,75,571,74,568,73,564,73,564,72,564,70,568,70,571,69,572,68,572,67,572,67,572,65,572,63,572,63,572,62,572,60,577,60,581,60,581,60,586,60,589,60,590,59,590,57,590,57,590,55,589,54,586,54
577,28,574,28,572,29,574,31,577,31,580,31,581,29,580,28,577,28
524,144,521,145,519,146,519,148,519,148,519,149,519,151,519,151,519,153,519,154,519,154,519,156,521,157,524,157,527,157,528,156,528,154,528,154,528,153,528,151,528,151,528,149,528,148,528,148,528,146,527,145,524,144
488,41,485,41,484,42,484,44,479,44,476,45,475,46,475,47,471,47,468,48,466,49,466,50,466,50,466,52,466,54,462,54,459,54,457,55,457,57,457,57,457,59,459,60,462,60,465,60,466,59,466,57,466,57,466,55,466,54,471,54,474,53,475,52,475,50,475,50,475,49,475,47,479,47,482,47,484,46,484,44,488,44,491,43,493,42,491,41,488,41
488,76,484,76,484,76,479,76,476,77,475,78,476,79,479,80,484,80,484,80,488,80,491,79,493,78,491,77,488,76
479,70,475,70,475,70,471,70,468,69,466,68,466,67,466,67,466,65,465,64,462,63,457,63,457,63,453,63,450,64,448,65,448,67,448,67,448,68,448,70,448,70,448,72,448,73,448,73,448,75,448,76,448,76,448,78,450,79,453,80,457,80,457,80,462,80,465,79,466,78,466,76,466,76,466,75,468,74,471,73,475,73,475,73,479,73,482,73,484,72,482,70,479,70
426,67,423,67,422,68,423,69,426,70,429,69,431,68,429,67,426,67
391,63,388,64,386,65,388,66,391,67,394,66,395,65,394,64,391,63
373,465,369,465,369,465,364,465,361,466,360,467,361,468,364,468,369,468,369,468,373,468,376,468,378,467,376,466,373,465
285,15,282,15,280,16,282,18,285,18,288,18,289,16,288,15,285,15
249,25,245,25,245,23,243,22,240,21,236,21,236,21,231,21,228,22,227,23,228,24,231,25,236,25,236,25,240,25,245,25,245,26,245,28,245,28,245,29,246,31,249,31,252,31,254,29,254,28,254,28,254,26,252,25,249,25
240,15,237,15,236,16,237,18,240,18,243,18,245,16,243,15,240,15
