324,10,323,11,320,12,317,11,316,10,298,10,298,12,298,12,298,13,298,15,298,15,298,16,298,18,298,18,298,20,296,21,293,21,289,21,289,23,290,24,293,25,296,25,298,26,296,27,293,28,289,28,289,28,285,28,282,28,280,29,280,31,280,31,280,33,279,34,276,34,271,34,271,34,267,34,264,34,262,33,262,31,262,31,262,29,264,28,267,28,270,27,271,26,273,25,276,25,279,24,280,23,282,22,285,21,289,21,289,20,289,18,289,18,289,16,289,15,289,15,289,13,288,12,285,12,282,11,280,10,145,10,10,10,10,240,10,470,85,470,87,469,90,468,93,469,94,470,342,470,342,468,342,468,342,467,342,465,342,465,342,464,341,462,338,462,335,461,333,460,335,459,338,459,341,458,342,457,342,455,342,455,342,454,342,452,342,452,342,451,344,449,347,449,350,448,351,447,352,446,355,446,358,446,360,447,361,448,364,449,367,449,369,451,369,452,369,452,369,454,369,455,369,455,369,457,370,458,373,459,376,459,378,460,378,462,378,462,378,464,379,465,382,465,385,466,386,467,386,468,386,468,386,470,413,470,413,468,413,468,413,467,414,466,417,465,420,466,422,467,422,468,422,468,422,470,526,470,630,470,630,240,630,10,324,10
515,18,512,19,510,20,512,21,515,21,518,21,519,20,518,19,515,18
479,18,476,19,475,20,475,21,471,21,468,21,466,20,465,19,462,18,459,19,457,20,457,21,457,21,457,23,459,24,462,25,466,25,466,25,471,25,474,24,475,23,475,21,479,21,482,21,484,20,482,19,479,18
444,15,440,15,440,15,435,15,432,15,431,16,431,18,431,18,431,20,432,21,435,21,438,21,440,20,441,19,444,18,447,18,448,16,447,15,444,15
435,148,432,148,431,149,432,150,435,151,438,150,440,149,438,148,435,148
417,15,413,15,413,15,409,15,406,15,404,16,406,18,409,18,413,18,413,18,417,18,420,18,422,16,420,15,417,15
409,397,406,397,404,395,403,394,400,394,397,393,395,392,394,391,391,391,388,391,386,392,386,394,386,394,386,395,385,397,382,397,379,398,378,399,379,400,382,400,386,400,386,400,391,400,395,400,395,400,400,400,404,400,404,400,409,400,412,400,413,399,412,398,409,397
391,18,388,19,386,20,388,21,391,21,394,21,395,20,394,19,391,18
373,63,370,64,369,65,370,66,373,67,376,66,378,65,376,64,373,63
364,12,360,12,360,12,355,12,352,12,351,13,351,15,351,15,351,16,352,18,355,18,358,18,360,16,361,15,364,15,367,14,369,13,367,12,364,12
347,112,342,112,342,110,341,109,338,109,335,109,333,110,333,112,329,112,326,113,324,114,326,115,329,115,332,115,333,114,333,112,338,112,342,112,342,114,344,115,347,115,350,115,351,114,350,113,347,112
329,387,324,387,324,387,320,387,317,388,316,389,316,391,311,391,307,391,307,391,302,391,298,391,298,391,293,391,290,391,289,392,288,393,285,394,282,394,280,395,282,397,285,397,289,397,289,397,293,397,296,397,298,395,299,394,302,394,307,394,307,394,311,394,314,393,316,392,316,391,320,391,324,391,324,391,329,391,332,390,333,389,332,388,329,387
320,21,317,22,316,23,316,25,316,25,316,26,314,27,311,28,308,28,307,29,307,31,307,31,307,33,308,34,311,34,316,34,316,34,320,34,323,34,324,33,324,31,324,31,324,29,324,28,324,28,324,26,324,25,324,25,324,23,323,22,320,21
293,31,290,32,289,33,290,34,293,34,296,34,298,33,296,32,293,31
267,18,264,18,262,16,261,15,258,15,255,15,254,16,252,18,249,18,245,18,245,16,243,15,240,15,237,15,236,16,237,18,240,18,245,18,245,20,246,21,249,21,254,21,254,21,258,21,262,21,262,21,267,21,270,21,271,20,270,19,267,18
196,41,192,41,192,39,190,38,187,38,184,38,183,39,184,40,187,41,192,41,192,42,193,43,196,44,199,43,200,42,199,41,196,41
116,336,113,336,112,337,113,338,116,339,119,338,121,337,119,336,116,336
