378,470,379,469,382,468,386,468,386,468,391,468,394,469,395,470,513,470,630,470,630,240,630,10,320,10,10,10,10,240,10,470,378,470
595,54,592,54,590,55,589,56,586,57,583,58,581,59,583,60,586,60,590,60,590,60,595,60,598,60,599,59,599,57,599,57,599,55,598,54,595,54
586,125,583,126,581,127,583,128,586,128,589,128,590,127,589,126,586,125
568,63,565,64,564,65,564,67,559,67,556,67,555,68,555,70,555,70,555,72,555,73,555,73,555,75,556,76,559,76,562,76,564,75,564,73,564,73,564,72,564,70,564,70,564,68,564,67,568,67,571,66,572,65,571,64,568,63
568,86,564,86,564,85,564,83,564,83,564,81,562,80,559,80,556,80,555,81,555,83,555,83,555,85,555,86,550,86,547,87,546,88,546,89,541,89,538,90,537,91,538,92,541,93,544,92,546,91,546,89,550,89,553,89,555,88,555,86,559,86,564,86,564,88,565,89,568,89,571,89,572,88,571,87,568,86
462,60,459,61,457,62,457,63,457,63,457,65,459,66,462,67,465,66,466,65,466,63,466,63,466,62,465,61,462,60
453,47,450,48,448,49,450,50,453,50,456,50,457,49,456,48,453,47
444,15,441,15,440,16,441,18,444,18,447,18,448,16,447,15,444,15
382,18,379,19,378,20,379,21,382,21,385,21,386,20,385,19,382,18
134,70,131,70,130,72,131,73,134,73,137,73,138,72,137,70,134,70
