395,10,394,11,391,12,388,11,386,10,198,10,10,10,10,240,10,470,85,470,87,469,90,468,93,469,94,470,386,470,388,469,391,468,394,469,395,470,513,470,630,470,630,240,630,10,395,10
603,106,600,106,599,107,600,108,603,109,606,108,608,107,606,106,603,106
595,57,592,58,590,59,592,60,595,60,598,60,599,59,598,58,595,57
595,80,592,80,590,81,592,82,595,83,598,82,599,81,598,80,595,80
595,99,592,100,590,101,592,102,595,102,598,102,599,101,598,100,595,99
586,125,581,125,581,125,577,125,574,126,572,127,574,128,577,128,581,128,581,128,586,128,589,128,590,127,589,126,586,125
559,70,556,70,555,72,556,73,559,73,562,73,564,72,562,70,559,70
550,86,547,87,546,88,546,89,541,89,538,90,537,91,538,92,541,93,544,92,546,91,546,89,550,89,553,89,555,88,553,87,550,86
550,125,547,126,546,127,547,128,550,128,553,128,555,127,553,126,550,125
550,135,547,135,546,136,547,137,550,138,553,137,555,136,553,135,550,135
533,131,530,132,528,133,530,134,533,135,536,134,537,133,536,132,533,131
524,102,521,103,519,104,521,105,524,106,527,105,528,104,527,103,524,102
515,112,512,113,510,114,512,115,515,115,518,115,519,114,518,113,515,112
497,47,494,48,493,49,494,50,497,50,500,50,502,49,500,48,497,47
462,18,459,19,457,20,457,21,453,21,450,21,448,20,448,18,448,18,448,16,447,15,444,15,441,15,440,16,440,18,440,18,440,20,438,21,435,21,432,22,431,23,432,24,435,25,440,25,440,25,444,25,448,25,448,25,453,25,456,24,457,23,457,21,462,21,465,21,466,20,465,19,462,18
462,60,459,61,457,62,459,63,462,63,465,63,466,62,465,61,462,60
444,93,441,93,440,94,440,96,440,96,440,97,441,99,444,99,447,99,448,97,448,96,448,96,448,94,447,93,444,93
435,83,432,83,431,85,432,86,435,86,438,86,440,85,438,83,435,83
435,106,432,106,431,107,432,108,435,109,438,108,440,107,438,106,435,106
417,76,414,77,413,78,414,79,417,80,420,79,422,78,420,77,417,76
391,15,388,15,386,16,385,18,382,18,379,19,378,20,379,21,382,21,386,21,386,21,391,21,394,21,395,20,395,18,395,18,395,16,394,15,391,15
373,63,370,64,369,65,370,66,373,67,376,66,378,65,376,64,373,63
355,57,352,58,351,59,352,60,355,60,358,60,360,59,358,58,355,57
355,76,352,77,351,78,352,79,355,80,358,79,360,78,358,77,355,76
338,34,335,35,333,36,335,37,338,38,341,37,342,36,341,35,338,34
338,73,335,74,333,75,335,76,338,76,341,76,342,75,341,74,338,73
320,70,317,70,316,72,317,73,320,73,323,73,324,72,323,70,320,70
320,80,317,80,316,81,317,82,320,83,323,82,324,81,323,80,320,80
285,44,282,45,280,46,280,47,280,47,280,49,282,50,285,50,288,50,289,49,289,47,289,47,289,46,288,45,285,44
276,38,273,38,271,39,273,40,276,41,279,40,280,39,279,38,276,38
161,326,158,326,156,327,158,329,161,329,164,329,165,327,164,326,161,326
125,420,122,420,121,421,122,422,125,423,128,422,130,421,128,420,125,420
