581,10,581,12,581,12,581,13,581,15,581,15,581,16,581,18,586,18,589,19,590,20,590,21,590,21,590,23,589,24,586,25,583,24,581,23,581,21,581,21,581,20,581,18,577,18,574,18,572,16,572,15,572,15,572,13,572,12,572,12,572,10,236,10,234,11,231,12,228,11,227,10,118,10,10,10,10,349,13,349,14,350,14,352,14,352,14,353,14,355,14,355,14,357,14,358,14,358,14,360,14,361,14,361,14,363,16,364,19,365,22,365,23,366,23,368,23,368,23,370,23,371,23,371,23,373,23,374,23,374,23,376,22,377,19,378,16,377,14,376,14,374,14,374,14,373,14,371,14,371,14,370,13,369,10,368,10,419,10,470,320,470,630,470,630,240,630,10,581,10
586,54,583,54,581,55,581,57,581,57,581,59,583,60,586,60,589,60,590,59,590,57,590,57,590,55,589,54,586,54
568,63,565,64,564,65,565,66,568,67,571,66,572,65,571,64,568,63
568,141,565,142,564,143,565,144,568,144,571,144,572,143,571,142,568,141
559,96,556,96,555,97,556,99,559,99,562,99,564,97,562,96,559,96
550,86,547,87,546,88,546,89,546,89,546,91,547,92,550,93,553,92,555,91,555,89,555,89,555,88,553,87,550,86
524,144,521,144,519,143,519,141,519,141,519,140,519,138,519,138,519,136,518,135,515,135,512,135,510,136,510,138,510,138,510,140,510,141,510,141,510,143,510,144,510,144,510,146,510,148,510,148,510,149,510,151,510,151,510,153,510,154,510,154,510,156,510,157,510,157,510,159,509,160,506,161,503,161,502,162,502,164,497,164,494,164,493,165,493,167,488,167,485,168,484,169,485,170,488,170,491,170,493,169,493,167,497,167,500,167,502,165,502,164,506,164,510,164,510,164,515,164,518,163,519,162,521,161,524,161,527,160,528,159,528,157,528,157,528,156,528,154,528,154,528,153,528,151,528,151,528,149,528,148,528,148,528,146,527,145,524,144
515,115,512,116,510,117,512,118,515,119,518,118,519,117,518,116,515,115
497,21,494,22,493,23,494,24,497,25,500,24,502,23,500,22,497,21
488,38,485,38,484,39,485,40,488,41,491,40,493,39,491,38,488,38
488,144,485,145,484,146,484,148,484,148,484,149,484,151,484,151,484,153,484,154,484,154,484,156,485,157,488,157,491,157,493,156,493,154,493,154,493,153,493,151,493,151,493,149,493,148,493,148,493,146,491,145,488,144
479,44,476,45,475,46,476,47,479,47,482,47,484,46,482,45,479,44
471,86,468,87,466,88,468,89,471,89,474,89,475,88,474,87,471,86
462,73,457,73,457,72,456,70,453,70,450,70,448,72,450,73,453,73,457,73,457,75,459,76,462,76,465,76,466,75,465,74,462,73
426,63,423,64,422,65,422,67,422,67,422,68,423,69,426,70,429,69,431,68,431,67,431,67,431,65,429,64,426,63
391,63,386,63,386,63,382,63,379,64,378,65,379,66,382,67,386,67,386,67,391,67,394,66,395,65,394,64,391,63
249,25,245,25,245,23,245,21,245,21,245,20,245,18,245,18,245,16,243,15,240,15,236,15,236,15,231,15,228,15,227,16,228,18,231,18,234,19,236,20,234,21,231,21,228,22,227,23,228,24,231,25,236,25,236,25,240,25,245,25,245,26,246,27,249,28,252,27,254,26,252,25,249,25
72,404,68,404,68,404,63,404,60,404,59,405,60,406,63,407,68,407,68,407,72,407,75,406,76,405,75,404,72,404
28,381,25,381,23,383,23,384,23,384,23,386,25,387,28,387,31,387,32,386,32,384,32,384,32,383,31,381,28,381
