581,10,581,12,581,12,581,13,580,14,577,15,574,14,572,13,572,12,572,12,572,10,291,10,10,10,10,274,13,275,14,276,14,277,14,277,14,279,13,280,10,280,10,349,13,349,14,350,14,352,14,352,14,353,14,355,14,355,14,357,14,358,14,358,14,360,13,361,10,361,10,416,10,470,320,470,630,470,630,240,630,10,581,10
603,128,600,129,599,130,600,131,603,131,606,131,608,130,606,129,603,128
586,135,583,135,581,136,583,137,586,138,589,137,590,136,589,135,586,135
577,93,574,92,572,91,571,90,568,89,565,89,564,88,562,87,559,86,556,87,555,88,555,89,555,89,555,91,555,93,555,93,555,94,556,95,559,96,564,96,564,96,568,96,571,96,572,97,574,99,577,99,580,99,581,97,581,96,581,96,581,94,580,93,577,93
524,148,519,148,519,148,515,148,512,148,510,149,510,151,510,151,510,153,512,154,515,154,519,154,519,154,524,154,527,154,528,153,528,151,528,151,528,149,527,148,524,148
515,115,512,116,510,117,512,118,515,119,518,118,519,117,518,116,515,115
515,141,512,142,510,143,512,144,515,144,518,144,519,143,518,142,515,141
515,157,512,158,510,159,509,160,506,161,503,161,502,162,503,163,506,164,510,164,510,164,515,164,518,163,519,162,519,161,519,161,519,159,518,158,515,157
488,167,485,168,484,169,485,170,488,170,491,170,493,169,491,168,488,167
426,67,423,67,422,68,422,70,422,70,422,72,423,73,426,73,429,73,431,72,431,70,431,70,431,68,429,67,426,67
426,209,423,210,422,211,422,212,422,212,422,214,423,215,426,216,429,215,431,214,431,212,431,212,431,211,429,210,426,209
400,67,395,67,395,65,394,64,391,63,386,63,386,63,382,63,379,64,378,65,379,66,382,67,386,67,386,67,391,67,395,67,395,68,397,69,400,70,403,69,404,68,403,67,400,67
382,462,378,462,378,462,373,462,369,462,369,462,364,462,360,462,360,462,355,462,351,462,351,462,347,462,342,462,342,460,341,459,338,459,333,459,333,459,329,459,326,459,324,460,326,461,329,462,333,462,333,462,338,462,342,462,342,464,344,465,347,465,351,465,351,465,355,465,360,465,360,465,364,465,369,465,369,465,373,465,378,465,378,465,382,465,385,465,386,464,385,462,382,462
311,455,308,456,307,457,308,458,311,459,314,458,316,457,314,456,311,455
293,452,290,453,289,454,290,455,293,455,296,455,298,454,296,453,293,452
249,446,245,446,245,446,240,446,237,445,236,444,234,443,231,442,228,443,227,444,227,446,227,446,227,447,227,449,227,449,227,451,228,452,231,452,236,452,236,452,240,452,243,452,245,451,246,449,249,449,252,448,254,447,252,446,249,446
37,368,32,368,32,368,28,368,25,368,23,370,23,371,23,371,23,373,25,374,28,374,31,375,32,376,34,377,37,378,40,377,41,376,41,374,41,374,41,373,41,371,41,371,41,370,40,368,37,368
