528,10,528,12,533,12,536,12,537,13,537,15,537,15,537,16,536,18,533,18,530,18,528,16,528,15,528,15,528,13,528,12,524,12,521,11,519,10,265,10,10,10,10,193,13,194,14,195,13,196,10,196,10,333,10,470,475,470,476,469,479,468,482,469,484,470,557,470,630,470,630,240,630,10,528,10
612,96,608,96,608,94,606,93,603,93,600,93,599,94,600,95,603,96,608,96,608,97,608,99,608,99,608,101,609,102,612,102,615,102,617,101,617,99,617,99,617,97,615,96,612,96
603,135,600,135,599,136,600,137,603,138,606,137,608,136,606,135,603,135
586,109,583,109,581,110,583,112,586,112,589,112,590,110,589,109,586,109
577,115,572,115,572,114,571,113,568,112,565,113,564,114,564,115,559,115,555,115,555,115,550,115,547,116,546,117,546,119,546,119,546,120,547,121,550,122,555,122,555,123,553,124,550,125,547,126,546,127,547,128,550,128,555,128,555,128,559,128,562,128,564,127,564,125,564,125,564,123,562,122,559,122,555,122,555,120,556,119,559,119,562,118,564,117,564,115,568,115,572,115,572,117,574,118,577,119,580,118,581,117,580,116,577,115
550,131,547,132,546,133,547,134,550,135,553,134,555,133,553,132,550,131
541,164,537,164,537,164,533,164,530,164,528,165,530,167,533,167,537,167,537,167,541,167,544,167,546,165,544,164,541,164
533,141,528,141,528,141,524,141,521,142,519,143,521,144,524,144,527,145,528,146,528,148,528,148,528,149,530,150,533,151,536,150,537,149,537,148,537,148,537,146,537,144,537,144,537,143,536,142,533,141
515,442,512,443,510,444,512,445,515,446,518,445,519,444,518,443,515,442
444,426,441,427,440,428,440,430,440,430,440,431,440,433,440,433,440,434,441,435,444,436,447,435,448,434,448,433,448,433,448,431,448,430,448,430,448,428,447,427,444,426
81,361,76,361,76,360,75,359,72,358,69,359,68,360,69,361,72,361,76,361,76,363,78,364,81,365,84,364,85,363,84,362,81,361
