555,10,555,12,559,12,562,12,564,13,564,15,564,15,564,16,564,18,568,18,571,19,572,20,572,21,572,21,572,23,572,25,572,25,572,26,572,28,577,28,580,28,581,29,581,31,586,31,589,32,590,33,590,34,590,34,590,36,589,37,586,38,583,37,581,36,581,34,581,34,581,33,581,31,577,31,574,31,572,29,572,28,568,28,565,27,564,26,564,25,564,25,564,23,564,21,564,21,564,20,564,18,559,18,556,18,555,16,555,15,555,15,555,13,555,12,550,12,547,11,546,10,278,10,10,10,10,326,13,326,14,327,13,329,10,329,10,400,10,470,320,470,630,470,630,240,630,10,555,10
586,47,583,48,581,49,583,50,586,50,589,50,590,49,589,48,586,47
568,38,565,38,564,39,565,40,568,41,571,40,572,39,571,38,568,38
568,54,565,54,564,55,564,57,564,57,564,59,565,60,568,60,571,60,572,59,572,57,572,57,572,55,571,54,568,54
550,34,547,35,546,36,547,37,550,38,553,37,555,36,553,35,550,34
550,41,546,41,546,41,541,41,538,41,537,42,537,44,537,44,537,46,537,47,537,47,537,49,538,50,541,50,544,51,546,52,547,53,550,54,553,53,555,52,555,50,555,50,555,49,555,47,555,47,555,46,555,44,555,44,555,42,553,41,550,41
541,141,537,141,537,141,533,141,528,141,528,141,524,141,521,142,519,143,521,144,524,144,527,145,528,146,530,147,533,148,536,147,537,146,538,145,541,144,544,144,546,143,544,142,541,141
524,115,521,116,519,117,521,118,524,119,527,118,528,117,527,116,524,115
488,109,485,109,484,110,482,111,479,112,476,113,475,114,476,115,479,115,482,116,484,117,484,119,479,119,476,119,475,120,476,121,479,122,482,121,484,120,484,119,488,119,491,118,493,117,493,115,493,115,493,114,493,112,493,112,493,110,491,109,488,109
471,131,466,131,466,131,462,131,459,132,457,133,457,135,457,135,457,136,459,137,462,138,465,137,466,136,468,135,471,135,474,134,475,133,474,132,471,131
444,119,441,119,440,120,441,121,444,122,447,121,448,120,447,119,444,119
435,452,432,453,431,454,432,455,435,455,438,455,440,454,438,453,435,452
364,125,361,126,360,127,361,128,364,128,367,128,369,127,367,126,364,125
338,248,335,249,333,250,335,251,338,251,341,251,342,250,341,249,338,248
161,352,158,352,156,353,158,354,161,355,164,354,165,353,164,352,161,352
152,436,147,436,147,436,143,436,140,437,138,438,140,439,143,439,147,439,147,439,152,439,155,439,156,438,155,437,152,436
116,352,112,352,112,352,107,352,103,352,103,352,99,352,96,352,94,353,96,354,99,355,102,356,103,357,103,358,103,358,103,360,104,361,107,361,110,361,112,360,113,359,116,358,119,358,121,357,121,355,121,355,121,353,119,352,116,352
