537,470,537,468,537,468,537,467,538,466,541,465,544,466,546,467,546,468,546,468,546,470,588,470,630,470,630,240,630,10,320,10,10,10,10,240,10,470,537,470
621,232,618,232,617,234,618,235,621,235,624,235,626,234,624,232,621,232
603,47,600,47,599,46,598,45,595,44,592,45,590,46,590,47,590,47,590,49,590,50,590,50,590,52,592,53,595,54,599,54,599,54,603,54,606,53,608,52,608,50,608,50,608,49,606,48,603,47
595,31,592,32,590,33,590,34,590,34,590,36,592,37,595,38,598,37,599,36,599,34,599,34,599,33,598,32,595,31
586,141,581,141,581,140,580,138,577,138,572,138,572,136,571,135,568,135,564,135,564,135,559,135,556,135,555,136,556,137,559,138,564,138,564,138,568,138,572,138,572,140,574,141,577,141,581,141,581,143,583,144,586,144,589,144,590,143,589,142,586,141
559,167,555,167,555,165,553,164,550,164,547,164,546,165,547,167,550,167,555,167,555,169,556,170,559,170,562,170,564,169,562,168,559,167
541,138,538,138,537,140,538,141,541,141,544,141,546,140,544,138,541,138
515,439,512,440,510,441,512,442,515,442,518,442,519,441,518,440,515,439
444,80,441,80,440,81,441,82,444,83,447,82,448,81,447,80,444,80
444,96,441,96,440,97,440,99,440,99,440,101,441,102,444,102,447,102,448,101,448,99,448,99,448,97,447,96,444,96
400,436,397,437,395,438,397,439,400,439,403,439,404,438,403,437,400,436
382,261,379,262,378,263,378,264,378,264,378,266,378,268,378,268,378,269,378,271,378,271,378,272,379,273,382,274,385,273,386,272,386,271,386,271,386,269,386,268,386,268,386,266,386,264,386,264,386,263,385,262,382,261
373,426,370,427,369,428,370,429,373,430,376,429,378,428,376,427,373,426
249,128,246,129,245,130,246,131,249,131,252,131,254,130,252,129,249,128
143,306,140,306,138,305,138,303,138,303,138,302,137,300,134,300,130,300,130,300,125,300,122,300,121,302,121,303,121,303,121,305,122,306,125,306,128,307,130,308,131,309,134,310,138,310,138,310,143,310,146,309,147,308,146,307,143,306
