630,76,627,76,626,75,627,74,630,73,630,42,630,10,320,10,10,10,10,240,10,470,320,470,630,470,630,76
603,102,599,102,599,102,595,102,592,102,590,101,589,100,586,99,583,99,581,97,581,96,581,96,581,94,580,93,577,93,574,93,572,94,571,95,568,96,565,96,564,97,562,99,559,99,555,99,555,99,550,99,547,100,546,101,547,102,550,102,555,102,555,102,559,102,564,102,564,102,568,102,572,102,572,102,577,102,580,103,581,104,583,105,586,106,590,106,590,106,595,106,598,106,599,107,600,108,603,109,606,108,608,107,608,106,608,106,608,104,606,103,603,102
586,125,583,126,581,127,583,128,586,128,589,128,590,127,589,126,586,125
559,128,556,129,555,130,556,131,559,131,562,131,564,130,562,129,559,128
533,235,528,235,528,235,524,235,521,236,519,237,519,238,519,238,519,240,521,241,524,242,527,241,528,240,530,239,533,238,536,238,537,237,536,236,533,235
515,93,510,93,510,93,506,93,503,92,502,91,500,90,497,89,494,90,493,91,493,93,493,93,493,94,493,96,488,96,484,96,484,94,482,93,479,93,476,93,475,94,476,95,479,96,484,96,484,97,485,99,488,99,491,99,493,97,493,96,497,96,502,96,502,96,506,96,510,96,510,96,515,96,518,95,519,94,518,93,515,93
497,235,493,235,493,235,488,235,485,236,484,237,485,238,488,238,493,238,493,238,497,238,500,238,502,237,500,236,497,235
471,83,468,83,466,85,468,86,471,86,474,86,475,85,474,83,471,83
426,80,423,80,422,81,422,83,422,83,422,85,420,86,417,86,414,87,413,88,412,89,409,89,406,90,404,91,406,92,409,93,412,93,413,94,413,96,409,96,406,96,404,97,406,99,409,99,412,99,413,97,413,96,417,96,422,96,422,96,426,96,429,95,431,94,431,93,431,93,431,91,431,89,431,89,431,88,431,86,431,86,431,85,431,83,431,83,431,81,429,80,426,80
426,449,422,449,422,449,417,449,413,449,413,449,409,449,406,448,404,447,403,446,400,446,395,446,395,446,391,446,386,446,386,446,382,446,379,445,378,444,376,443,373,442,369,442,369,442,364,442,361,443,360,444,360,446,360,446,360,447,361,448,364,449,369,449,369,449,373,449,378,449,378,449,382,449,386,449,386,449,391,449,394,449,395,451,397,452,400,452,404,452,404,452,409,452,413,452,413,452,417,452,422,452,422,452,426,452,429,452,431,451,429,449,426,449
400,57,397,58,395,59,397,60,400,60,403,60,404,59,403,58,400,57
382,102,378,102,378,102,373,102,370,103,369,104,370,105,373,106,378,106,378,106,382,106,385,105,386,104,385,103,382,102
364,73,361,74,360,75,361,76,364,76,367,76,369,75,367,74,364,73
355,433,352,433,351,434,352,435,355,436,358,435,360,434,358,433,355,433
347,60,342,60,342,60,338,60,335,60,333,59,332,58,329,57,324,57,324,55,326,54,329,54,333,54,333,54,338,54,341,53,342,52,341,51,338,50,335,50,333,49,332,48,329,47,326,48,324,49,323,50,320,50,316,50,316,50,311,50,308,51,307,52,307,54,307,54,307,55,308,56,311,57,316,57,316,57,320,57,324,57,324,59,324,60,324,60,324,62,324,63,324,63,324,65,324,67,324,67,324,68,326,69,329,70,333,70,333,70,338,70,342,70,342,70,347,70,350,69,351,68,351,67,351,67,351,65,351,63,351,63,351,62,350,61,347,60
329,423,324,423,324,423,320,423,316,423,316,423,311,423,307,423,307,423,302,423,298,423,298,423,293,423,290,424,289,425,290,426,293,426,298,426,298,426,302,426,307,426,307,426,311,426,314,427,316,428,317,429,320,430,323,429,324,428,326,427,329,426,332,426,333,425,332,424,329,423
249,413,246,413,245,412,243,411,240,410,237,411,236,412,234,413,231,413,228,414,227,415,227,417,227,417,227,418,228,419,231,420,236,420,236,420,240,420,243,419,245,418,246,417,249,417,252,416,254,415,252,414,249,413
178,63,175,63,174,62,174,60,174,60,174,59,172,58,169,57,166,56,165,55,164,54,161,54,158,53,156,52,155,51,152,50,147,50,147,49,146,48,143,47,140,48,138,49,140,50,143,50,147,50,147,52,147,54,147,54,147,55,149,56,152,57,155,58,156,59,158,60,161,60,164,61,165,62,165,63,165,63,165,65,166,66,169,67,174,67,174,67,178,67,181,66,183,65,181,64,178,63
161,86,158,87,156,88,158,89,161,89,164,89,165,88,164,87,161,86
143,345,140,345,138,344,138,342,138,342,138,340,137,339,134,339,131,339,130,340,130,342,130,342,130,344,130,345,130,345,130,347,131,348,134,349,137,349,138,350,140,351,143,352,146,351,147,350,147,349,147,349,147,347,146,346,143,345
