85,470,87,469,90,468,93,469,94,470,103,470,104,469,107,468,112,468,112,468,116,468,121,468,121,468,125,468,130,468,130,468,134,468,137,469,138,470,519,470,521,469,524,468,527,469,528,470,579,470,630,470,630,240,630,10,320,10,10,10,10,240,10,470,85,470
612,102,608,102,608,102,603,102,600,103,599,104,600,105,603,106,606,106,608,107,608,109,608,109,608,110,609,112,612,112,615,112,617,110,617,109,617,109,617,107,617,106,617,106,617,104,615,103,612,102
603,63,600,63,599,62,598,61,595,60,592,61,590,62,590,63,590,63,590,65,590,67,590,67,590,68,590,70,590,70,590,72,592,73,595,73,598,73,599,72,599,70,599,70,599,68,600,67,603,67,606,66,608,65,606,64,603,63
603,93,600,93,599,94,600,95,603,96,606,95,608,94,606,93,603,93
603,122,600,122,599,123,600,124,603,125,606,124,608,123,606,122,603,122
603,229,600,229,599,230,599,232,599,232,599,234,600,235,603,235,606,235,608,234,608,232,608,232,608,230,606,229,603,229
595,80,592,80,590,81,590,83,590,83,590,85,590,86,590,86,590,88,592,89,595,89,598,89,599,88,599,86,599,86,599,85,599,83,599,83,599,81,598,80,595,80
586,122,583,122,581,123,583,124,586,125,589,124,590,123,589,122,586,122
577,190,574,190,572,191,574,192,577,193,580,192,581,191,580,190,577,190
568,148,564,148,564,146,562,145,559,144,556,145,555,146,556,147,559,148,564,148,564,149,565,150,568,151,571,150,572,149,571,148,568,148
568,170,565,170,564,169,562,168,559,167,556,167,555,165,555,164,555,164,555,162,555,161,555,161,555,159,553,158,550,157,546,157,546,157,541,157,538,158,537,159,537,161,537,161,537,162,538,163,541,164,544,164,546,165,546,167,546,167,546,169,547,170,550,170,553,171,555,172,555,174,555,174,555,175,556,176,559,177,562,177,564,178,564,180,564,180,564,182,564,183,564,183,564,185,565,186,568,187,571,186,572,185,572,183,572,183,572,182,572,180,572,180,572,178,572,177,572,177,572,175,572,174,572,174,572,172,571,171,568,170
541,144,537,144,537,143,536,142,533,141,530,142,528,143,530,144,533,144,537,144,537,146,538,147,541,148,544,147,546,146,544,145,541,144
471,21,468,22,466,23,468,24,471,25,474,24,475,23,474,22,471,21
426,67,423,67,422,68,423,69,426,70,429,69,431,68,429,67,426,67
417,277,414,278,413,279,413,280,413,280,413,282,414,283,417,284,420,283,422,282,422,280,422,280,422,279,420,278,417,277
417,387,414,388,413,389,414,390,417,391,420,390,422,389,420,388,417,387
417,433,414,432,413,431,412,430,409,430,406,430,404,431,404,433,404,433,404,434,406,435,409,436,413,436,413,436,417,436,420,435,422,434,420,433,417,433
400,349,397,349,395,350,397,351,400,352,403,351,404,350,403,349,400,349
382,280,379,281,378,282,379,283,382,284,385,283,386,282,385,281,382,280
382,407,379,407,378,408,379,410,382,410,385,410,386,408,385,407,382,407
355,12,352,12,351,13,351,15,351,15,351,16,352,18,355,18,358,18,360,16,360,15,360,15,360,13,358,12,355,12
276,144,273,145,271,146,273,147,276,148,279,147,280,146,279,145,276,144
258,138,254,138,254,136,252,135,249,135,246,135,245,136,246,137,249,138,254,138,254,140,255,141,258,141,261,141,262,140,261,138,258,138
152,323,149,322,147,321,146,320,143,319,138,319,138,319,134,319,131,320,130,321,131,322,134,323,137,323,138,324,140,325,143,326,147,326,147,326,152,326,155,325,156,324,155,323,152,323
63,25,60,25,59,26,60,27,63,28,66,27,68,26,66,25,63,25
54,18,51,19,50,20,51,21,54,21,57,21,59,20,57,19,54,18
