581,10,583,11,586,12,589,12,590,13,590,15,590,15,590,16,590,18,590,18,590,20,592,21,595,21,598,22,599,23,600,24,603,25,606,25,608,26,608,28,608,28,608,29,608,31,608,31,608,33,609,34,612,34,615,34,617,33,617,31,617,31,617,29,618,28,621,28,624,27,626,26,626,25,626,25,626,23,626,21,626,21,626,20,626,18,626,18,626,16,627,15,630,15,630,12,630,10,581,10
41,10,40,11,37,12,34,11,32,10,21,10,10,10,10,115,13,116,14,117,16,118,19,119,22,119,23,120,25,121,28,122,31,122,32,123,34,124,37,125,40,126,41,127,41,128,41,128,41,130,42,131,45,131,50,131,50,131,54,131,59,131,59,131,63,131,66,132,68,133,69,134,72,135,76,135,76,135,81,135,85,135,85,135,90,135,94,135,94,135,99,135,103,135,103,135,107,135,112,135,112,135,116,135,119,135,121,136,122,137,125,138,130,138,130,138,134,138,138,138,138,138,143,138,147,138,147,138,152,138,156,138,156,138,161,138,165,138,165,138,169,138,174,138,174,138,178,138,183,138,183,138,187,138,192,138,192,138,196,138,200,138,200,138,205,138,209,138,209,138,214,138,218,138,218,138,223,138,227,138,227,138,231,138,236,138,236,138,240,138,245,138,245,138,249,138,254,138,254,138,258,138,262,138,262,138,267,138,270,138,271,140,273,141,276,141,280,141,280,141,285,141,289,141,289,141,293,141,296,141,298,140,299,138,302,138,305,138,307,140,308,141,311,141,316,141,316,141,320,141,323,141,324,140,324,138,324,138,324,136,326,135,329,135,333,135,333,135,338,135,341,134,342,133,342,131,342,131,342,130,344,129,347,128,350,128,351,127,351,125,351,125,351,123,351,122,351,122,351,120,351,119,351,119,351,117,351,115,351,115,351,114,350,113,347,112,344,112,342,110,342,109,342,109,342,107,344,106,347,106,350,105,351,104,352,103,355,102,358,103,360,104,360,106,360,106,360,107,361,108,364,109,369,109,369,107,369,106,369,106,369,104,369,102,369,102,369,101,369,99,369,99,369,97,367,96,364,96,361,95,360,94,360,93,360,93,360,91,360,89,360,89,360,88,360,86,360,86,360,85,361,83,364,83,369,83,369,83,373,83,376,82,378,81,379,80,382,80,385,79,386,78,388,77,391,76,394,76,395,75,395,73,391,73,388,73,386,72,388,70,391,70,394,70,395,72,395,73,400,73,403,73,404,72,404,70,404,70,404,68,403,67,400,67,397,66,395,65,394,64,391,63,388,63,386,62,386,60,386,60,386,59,388,58,391,57,394,56,395,55,395,54,395,54,395,52,395,50,395,50,395,49,394,48,391,47,386,47,386,47,382,47,379,47,378,46,376,45,373,44,370,43,369,42,369,41,369,41,369,39,369,38,369,38,369,36,369,34,369,34,369,33,367,32,364,31,361,31,360,29,358,28,355,28,352,27,351,26,351,25,351,25,351,23,351,21,351,21,351,20,352,19,355,18,358,18,360,16,360,15,355,15,352,14,351,13,352,12,355,12,358,12,360,13,360,15,364,15,367,14,369,13,370,12,373,12,376,11,378,10,41,10
364,54,360,54,360,54,355,54,352,54,351,55,351,57,351,57,351,59,352,60,355,60,360,60,360,60,364,60,367,60,369,59,369,57,369,57,369,55,367,54,364,54
347,41,342,41,342,39,341,38,338,38,335,37,333,36,332,35,329,34,326,35,324,36,324,38,324,38,324,39,324,41,324,41,324,42,326,43,329,44,332,43,333,42,335,41,338,41,342,41,342,42,344,43,347,44,350,43,351,42,350,41,347,41
329,21,324,21,324,21,320,21,317,22,316,23,317,24,320,25,323,25,324,26,326,27,329,28,332,27,333,26,333,25,333,25,333,23,332,22,329,21
302,44,299,45,298,46,299,47,302,47,305,47,307,46,305,45,302,44
285,54,282,54,280,55,282,56,285,57,288,56,289,55,288,54,285,54
10,407,13,407,14,408,14,410,14,410,14,412,16,413,19,413,22,414,23,415,23,417,23,417,23,418,25,419,28,420,32,420,32,420,37,420,41,420,41,420,45,420,48,420,50,421,51,422,54,423,59,423,59,423,63,423,66,422,68,421,68,420,68,420,68,418,66,417,63,417,59,417,59,417,54,417,50,417,50,417,45,417,42,416,41,415,42,414,45,413,48,413,50,412,50,410,50,410,50,408,50,407,50,407,50,405,50,404,50,404,50,402,48,401,45,400,42,400,41,399,41,397,41,397,41,395,41,394,41,394,41,392,41,391,41,391,41,389,40,388,37,387,34,387,32,386,32,384,32,384,32,383,32,381,32,381,32,379,32,378,32,378,32,376,31,375,28,374,23,374,23,374,19,374,14,374,14,374,10,374,10,407
10,436,14,436,14,436,19,436,23,436,23,436,28,436,32,436,32,434,31,433,28,433,25,432,23,431,22,430,19,430,14,430,14,430,10,430,10,436
85,470,84,469,81,468,78,468,76,467,76,465,72,465,69,465,68,464,66,462,63,462,59,462,59,462,54,462,51,462,50,464,50,465,50,465,50,467,48,468,45,468,42,468,41,467,40,466,37,465,34,465,32,464,32,462,32,462,32,460,31,459,28,459,25,458,23,457,23,455,23,455,23,454,23,452,23,452,23,451,22,449,19,449,16,449,14,451,14,452,14,452,14,454,14,455,14,455,14,457,14,459,14,459,14,460,14,462,14,462,14,464,14,465,14,465,14,467,16,468,19,468,22,469,23,470,85,470
218,470,217,469,214,468,211,468,209,467,209,465,209,465,209,464,209,462,209,462,209,460,209,459,209,459,209,457,209,455,209,455,209,454,211,453,214,452,217,453,218,454,220,455,223,455,226,455,227,454,228,453,231,452,234,452,236,451,236,449,236,449,236,447,237,446,240,446,245,446,245,446,249,446,252,446,254,447,255,448,258,449,262,449,262,449,267,449,270,449,271,451,273,452,276,452,279,453,280,454,282,455,285,455,288,456,289,457,289,459,289,459,289,460,289,462,289,462,289,464,290,465,293,465,296,466,298,467,299,468,302,468,305,469,307,470,422,470,422,468,422,468,422,467,420,466,417,465,414,465,413,464,412,462,409,462,406,461,404,460,403,459,400,459,397,458,395,457,395,455,395,455,395,454,395,452,395,452,395,451,394,449,391,449,388,448,386,447,386,446,386,446,386,444,386,442,386,442,386,441,385,440,382,439,379,439,378,438,378,436,378,436,378,434,376,433,373,433,369,433,369,433,364,433,361,432,360,431,358,430,355,430,352,429,351,428,350,427,347,426,344,426,342,425,341,424,338,423,335,422,333,421,333,420,333,420,333,418,335,417,338,417,341,416,342,415,344,414,347,413,350,413,351,412,352,411,355,410,360,410,360,408,360,407,360,407,360,405,358,404,355,404,352,403,351,402,352,401,355,400,360,400,360,400,364,400,367,400,369,399,370,398,373,397,376,397,378,395,379,394,382,394,386,394,386,394,391,394,394,393,395,392,397,391,400,391,403,390,404,389,406,388,409,387,412,387,413,386,414,385,417,384,420,385,422,386,422,387,422,387,422,389,423,390,426,391,429,391,431,392,431,394,431,394,431,395,431,397,431,397,431,399,432,400,435,400,438,401,440,402,440,404,440,404,440,405,440,407,440,407,440,408,440,410,440,410,440,412,441,413,444,413,447,414,448,415,448,417,448,417,448,418,448,420,448,420,448,421,450,422,453,423,456,424,457,425,457,426,457,426,457,428,457,430,457,430,457,431,457,433,457,433,457,434,457,436,457,436,457,438,459,439,462,439,465,440,466,441,466,442,466,442,466,444,466,446,466,446,466,447,468,448,471,449,474,449,475,451,475,452,475,452,475,454,475,455,475,455,475,457,476,458,479,459,482,459,484,460,484,462,484,462,484,464,485,465,488,465,493,465,493,465,497,465,500,466,502,467,503,468,506,468,509,468,510,467,512,466,515,465,518,465,519,464,519,462,519,462,519,460,518,459,515,459,512,458,510,457,510,455,510,455,510,454,509,453,506,452,503,452,502,451,502,449,502,449,502,447,502,446,502,446,502,444,500,443,497,442,494,442,493,441,493,439,493,439,493,438,493,436,493,436,493,434,491,433,488,433,485,432,484,431,484,430,484,430,484,428,484,426,484,426,484,425,484,423,484,423,484,421,484,420,484,420,484,418,484,417,484,417,484,415,482,414,479,413,476,413,475,412,475,410,475,410,475,408,475,407,475,407,475,405,475,404,475,404,475,402,475,400,475,400,475,399,475,397,475,397,475,395,475,394,475,394,475,392,475,391,475,391,475,389,475,387,475,387,475,386,475,384,475,384,475,383,475,381,475,381,475,379,475,378,475,378,475,376,475,374,475,374,475,373,475,371,475,371,475,370,474,369,471,368,468,367,466,366,466,365,466,365,466,363,466,361,466,361,466,360,468,359,471,358,474,358,475,357,476,356,479,355,482,354,484,353,484,352,484,352,484,350,484,349,484,349,484,347,484,345,484,345,484,344,484,342,484,342,484,340,484,339,484,339,484,337,485,336,488,336,493,336,493,336,497,336,502,336,502,336,506,336,509,336,510,337,512,338,515,339,518,338,519,337,519,336,519,336,519,334,519,332,519,332,519,331,519,329,519,329,519,327,519,326,519,326,519,324,519,323,519,323,519,321,519,319,519,319,519,318,518,317,515,316,512,316,510,315,510,313,510,313,510,311,510,310,510,310,510,308,510,306,510,306,510,305,510,303,510,303,510,302,510,300,510,300,510,298,509,297,506,297,503,296,502,295,502,293,502,293,502,292,502,290,502,290,502,289,502,287,502,287,502,285,503,284,506,284,509,284,510,285,510,287,510,287,510,289,512,290,515,290,519,290,519,290,524,290,527,290,528,289,528,287,528,287,528,285,528,284,528,284,528,282,528,280,528,280,528,279,528,277,528,277,528,276,528,274,528,274,528,272,530,271,533,271,536,270,537,269,537,268,537,268,537,266,537,264,537,264,537,263,537,261,537,261,537,259,537,258,537,258,537,256,537,255,537,255,537,253,537,251,537,251,537,250,537,248,537,248,537,246,537,245,537,245,537,243,537,242,537,242,537,240,537,238,537,238,537,237,537,235,537,235,537,234,537,232,537,232,537,230,537,229,537,229,537,227,537,225,537,225,537,224,537,222,537,222,537,221,537,219,537,219,537,217,537,216,537,216,537,214,537,212,537,212,537,211,537,209,537,209,537,208,536,207,533,206,530,205,528,204,528,203,528,203,528,201,528,200,528,200,528,198,527,197,524,196,521,196,519,195,518,194,515,193,512,192,510,191,510,190,510,190,510,188,509,187,506,187,503,186,502,185,502,183,502,183,502,182,500,181,497,180,494,180,493,178,491,177,488,177,485,176,484,175,482,174,479,174,475,174,475,174,471,174,468,173,466,172,465,171,462,170,457,170,457,170,453,170,450,171,448,172,447,173,444,174,441,174,440,175,441,176,444,177,447,177,448,178,448,180,448,180,448,182,447,183,444,183,440,183,440,183,435,183,431,183,431,183,426,183,423,183,422,182,422,180,422,180,422,178,422,177,422,177,422,175,420,174,417,174,414,173,413,172,413,170,413,170,413,169,413,167,413,167,413,165,413,164,413,164,413,162,413,161,413,161,413,159,412,158,409,157,406,157,404,156,404,154,404,154,404,153,404,151,404,151,404,149,406,148,409,148,412,147,413,146,413,144,413,144,413,143,413,141,409,141,406,142,404,143,403,144,400,144,397,145,395,146,395,148,395,148,395,149,394,150,391,151,388,151,386,153,385,154,382,154,379,155,378,156,376,157,373,157,370,158,369,159,369,161,369,161,369,162,367,163,364,164,360,164,360,164,355,164,351,164,351,164,347,164,342,164,342,164,338,164,335,163,333,162,332,161,329,161,324,161,324,161,320,161,316,161,316,161,311,161,307,161,307,161,302,161,298,161,298,161,293,161,289,161,289,161,285,161,280,161,280,161,276,161,271,161,271,161,267,161,262,161,262,161,258,161,255,161,254,162,252,163,249,164,245,164,245,164,240,164,236,164,236,164,231,164,228,164,227,165,226,167,223,167,218,167,218,167,214,167,211,168,209,169,208,170,205,170,202,170,200,169,199,168,196,167,192,167,192,167,187,167,184,168,183,169,181,170,178,170,174,170,174,170,169,170,166,171,165,172,164,173,161,174,156,174,156,174,152,174,147,174,147,174,143,174,140,174,138,175,138,177,138,177,138,178,137,180,134,180,131,181,130,182,130,183,130,183,130,185,128,186,125,187,122,187,121,188,119,189,116,190,113,190,112,191,110,192,107,193,104,194,103,195,102,196,99,196,96,197,94,198,93,199,90,200,87,200,85,201,85,203,85,203,85,204,84,205,81,206,76,206,76,206,72,206,69,207,68,208,68,209,68,209,68,211,68,212,68,212,68,214,68,216,68,216,68,217,68,219,68,219,68,221,68,222,68,222,68,224,66,225,63,225,60,225,59,224,57,223,54,222,51,223,50,224,50,225,50,225,50,227,50,229,50,229,50,230,50,232,50,232,50,234,50,235,50,235,50,237,50,238,50,238,50,240,48,241,45,242,42,242,41,243,41,245,41,245,41,246,41,248,41,248,41,250,42,251,45,251,48,252,50,253,50,255,50,255,50,256,50,258,50,258,50,259,51,261,54,261,57,262,59,263,59,264,59,264,59,266,57,267,54,268,51,267,50,266,48,265,45,264,42,264,41,263,40,262,37,261,34,261,32,259,31,258,28,258,23,258,23,259,23,261,23,261,23,263,25,264,28,264,31,265,32,266,31,267,28,268,23,268,23,268,19,268,16,268,14,269,14,271,14,271,14,272,14,274,14,274,14,276,16,277,19,277,22,278,23,279,23,280,23,280,23,282,23,284,23,284,23,285,25,286,28,287,31,288,32,289,32,290,32,290,32,292,32,293,32,293,32,295,34,296,37,297,40,297,41,298,41,300,41,300,41,302,42,303,45,303,48,304,50,305,51,306,54,306,59,306,59,306,63,306,66,307,68,308,68,310,68,310,68,311,68,313,68,313,68,315,68,316,68,316,68,318,68,319,68,319,68,321,69,322,72,323,75,323,76,324,76,326,76,326,76,327,78,329,81,329,84,330,85,331,87,332,90,332,93,333,94,334,94,336,94,336,94,337,96,338,99,339,103,339,103,339,107,339,110,339,112,340,113,341,116,342,121,342,121,342,125,342,130,342,130,342,134,342,138,342,138,342,143,342,146,343,147,344,149,345,152,345,156,345,156,345,161,345,164,346,165,347,166,348,169,349,174,349,174,349,178,349,183,349,183,349,187,349,192,349,192,349,196,349,200,349,200,349,205,349,209,349,209,349,214,349,218,349,218,349,223,349,227,349,227,349,231,349,234,349,236,350,237,351,240,352,245,352,245,352,249,352,254,352,254,352,258,352,261,352,262,353,264,354,267,355,271,355,271,355,276,355,280,355,280,355,285,355,289,355,289,355,293,355,298,355,298,355,302,355,307,355,307,355,311,355,314,354,316,353,317,352,320,352,324,352,324,352,329,352,333,352,333,352,338,352,342,352,342,352,347,352,351,352,351,352,355,352,360,352,360,352,364,352,369,352,369,352,373,352,376,352,378,353,379,354,382,355,385,356,386,357,386,358,386,358,386,360,386,361,386,361,386,363,385,364,382,365,378,365,378,365,373,365,370,365,369,366,367,367,364,368,360,368,360,368,355,368,352,369,351,370,350,371,347,371,342,371,342,371,338,371,333,371,333,371,329,371,326,372,324,373,323,374,320,374,317,375,316,376,316,378,316,378,316,379,316,381,316,381,316,383,317,384,320,384,324,384,324,384,329,384,333,384,333,384,338,384,342,384,342,384,347,384,350,385,351,386,352,387,355,387,358,388,360,389,358,390,355,391,352,391,351,392,350,393,347,394,344,394,342,395,342,397,342,397,342,399,341,400,338,400,335,401,333,402,333,404,333,404,333,405,332,406,329,407,324,407,324,407,320,407,316,407,316,407,311,407,307,407,307,407,302,407,299,406,298,405,296,404,293,404,290,403,289,402,289,400,289,400,289,399,290,398,293,397,296,397,298,395,299,394,302,394,305,393,307,392,308,391,311,391,314,390,316,389,314,388,311,387,307,387,307,387,302,387,299,388,298,389,296,390,293,391,289,391,289,391,285,391,282,391,280,392,279,393,276,394,271,394,271,394,267,394,264,393,262,392,261,391,258,391,255,390,254,389,252,388,249,387,245,387,245,387,240,387,237,388,236,389,234,390,231,391,227,391,227,391,223,391,220,390,218,389,218,387,218,387,218,386,218,384,218,384,218,383,217,381,214,381,211,380,209,379,208,378,205,378,202,378,200,379,199,380,196,381,192,381,192,381,187,381,183,381,183,381,178,381,174,381,174,381,169,381,165,381,165,381,161,381,158,381,156,383,155,384,152,384,149,385,147,386,146,387,143,387,138,387,138,387,134,387,131,388,130,389,128,390,125,391,121,391,121,391,116,391,113,391,112,392,110,393,107,394,103,394,103,394,99,394,94,394,94,394,90,394,87,394,85,395,84,397,81,397,78,398,76,399,76,400,76,400,76,402,76,404,76,404,76,405,76,407,76,407,76,408,76,410,76,410,76,412,76,413,76,413,76,415,78,416,81,417,84,417,85,418,85,420,85,420,85,421,85,423,85,423,85,425,87,426,90,426,93,427,94,428,94,430,99,430,102,429,103,428,103,426,103,426,103,425,103,423,103,423,103,421,104,420,107,420,110,420,112,421,113,422,116,423,119,424,121,425,122,426,125,426,130,426,130,426,134,426,137,426,138,425,138,423,138,423,138,421,140,420,143,420,146,420,147,421,147,423,147,423,147,425,149,426,152,426,155,426,156,425,158,424,161,423,164,422,165,421,165,420,165,420,165,418,166,417,169,417,172,416,174,415,175,414,178,413,181,413,183,412,184,411,187,410,192,410,192,410,196,410,199,411,200,412,200,413,200,413,200,415,200,417,200,417,200,418,200,420,200,420,200,421,200,423,200,423,200,425,200,426,200,426,200,428,202,429,205,430,208,430,209,431,211,432,214,433,218,433,218,433,223,433,226,433,227,434,227,436,227,436,227,438,226,439,223,439,220,440,218,441,218,442,218,442,218,444,217,445,214,446,211,446,209,447,208,448,205,449,202,449,200,451,200,452,200,452,200,454,199,455,196,455,193,456,192,457,190,458,187,459,184,458,183,457,181,456,178,455,175,455,174,454,172,453,169,452,165,452,165,452,161,452,156,452,156,452,152,452,147,452,147,452,143,452,140,453,138,454,137,455,134,455,131,456,130,457,130,459,130,459,130,460,131,461,134,462,137,462,138,464,140,465,143,465,147,465,147,465,152,465,155,465,156,464,158,462,161,462,164,462,165,464,166,465,169,465,172,466,174,467,175,468,178,468,181,469,183,470,218,470
444,232,441,231,440,230,438,229,435,229,432,228,431,227,429,226,426,225,423,225,422,224,420,223,417,222,414,222,413,221,412,219,409,219,406,218,404,217,403,216,400,216,395,216,395,216,391,216,386,216,386,216,382,216,378,216,378,216,373,216,370,215,369,214,367,213,364,212,360,212,360,212,355,212,352,213,351,214,351,216,351,216,351,217,351,219,351,219,351,221,351,222,351,222,351,224,351,225,351,225,351,227,351,229,351,229,351,230,352,231,355,232,360,232,360,232,364,232,367,232,369,234,369,235,369,235,369,237,370,238,373,238,376,239,378,240,379,241,382,242,386,242,386,242,391,242,395,242,395,242,400,242,404,242,404,242,409,242,413,242,413,242,417,242,422,242,422,243,422,245,417,245,414,245,413,246,413,248,409,248,406,249,404,250,403,251,400,251,397,252,395,253,394,254,391,255,386,255,386,255,382,255,378,255,378,255,373,255,370,254,369,253,367,252,364,251,360,251,360,251,355,251,352,251,351,250,350,249,347,248,342,248,342,248,338,248,333,248,333,248,329,248,324,248,324,248,320,248,316,248,316,248,311,248,307,248,307,248,302,248,298,248,298,248,293,248,289,248,289,248,285,248,282,249,280,250,280,251,280,251,280,253,279,254,276,255,273,255,271,256,273,257,276,258,279,258,280,259,280,261,280,261,280,263,282,264,285,264,288,265,289,266,289,268,289,268,289,269,290,270,293,271,298,271,298,271,302,271,307,271,307,271,311,271,314,271,316,272,317,273,320,274,324,274,324,274,329,274,333,274,333,274,338,274,342,274,342,274,347,274,351,274,351,274,355,274,358,275,360,276,360,277,360,277,360,279,361,280,364,280,369,280,369,280,373,280,376,280,378,279,378,277,378,277,378,276,378,274,378,274,378,272,379,271,382,271,385,270,386,269,386,268,386,268,386,266,388,265,391,264,394,264,395,263,397,262,400,261,403,261,404,259,406,258,409,258,412,257,413,256,413,255,413,255,413,253,413,251,413,251,413,250,413,248,417,248,420,248,422,246,422,245,426,245,431,245,431,245,435,245,438,244,440,243,438,242,435,242,431,242,431,242,426,242,422,242,422,240,423,239,426,238,429,238,431,237,432,236,435,235,438,236,440,237,441,238,444,238,447,238,448,237,448,235,448,235,448,234,447,232,444,232
320,410,317,411,316,412,317,413,320,413,323,413,324,412,323,411,320,410
254,470,254,468,254,468,254,467,254,465,249,465,246,466,245,467,245,468,245,468,245,470,254,470
630,258,627,257,626,256,627,255,630,255,630,248,627,248,626,246,627,245,630,245,630,148,627,148,626,149,626,151,626,151,626,153,624,154,621,154,617,154,617,154,612,154,609,154,608,153,606,151,603,151,600,150,599,149,598,148,595,148,592,147,590,146,589,145,586,144,583,145,581,146,580,147,577,148,574,148,572,149,572,151,572,151,572,153,572,154,572,154,572,156,572,157,572,157,572,159,574,160,577,161,580,161,581,162,581,164,581,164,581,165,581,167,581,167,581,169,583,170,586,170,589,171,590,172,590,174,590,174,590,175,592,176,595,177,598,177,599,178,599,180,599,180,599,182,599,183,599,183,599,185,599,187,599,187,599,188,599,190,599,190,599,191,598,192,595,193,592,194,590,195,590,196,590,196,590,198,590,200,590,200,590,201,590,203,590,203,590,204,590,206,590,206,590,208,589,209,586,209,583,210,581,211,581,212,581,212,581,214,581,216,581,216,581,217,580,218,577,219,574,219,572,221,572,222,572,222,572,224,572,225,572,225,572,227,572,229,572,229,572,230,572,232,572,232,572,234,572,235,572,235,572,237,571,238,568,238,565,239,564,240,564,242,564,242,564,243,564,245,564,245,564,246,564,248,564,248,564,250,564,251,564,251,564,253,564,255,564,255,564,256,564,258,564,258,564,259,564,261,564,261,564,263,564,264,564,264,564,266,564,268,564,268,564,269,564,271,564,271,564,272,564,274,564,274,564,276,564,277,564,277,564,279,564,280,564,280,564,282,564,284,564,284,564,285,564,287,564,287,564,289,564,290,564,290,564,292,564,293,564,293,564,295,562,296,559,297,556,297,555,298,555,300,555,300,555,302,555,303,555,303,555,305,555,306,555,306,555,308,555,310,555,310,555,311,555,313,555,313,555,315,555,316,555,316,555,318,555,319,555,319,555,321,555,323,555,323,555,324,555,326,555,326,555,327,555,329,555,329,555,331,555,332,555,332,555,334,555,336,555,336,555,337,555,339,555,339,555,340,555,342,555,342,555,344,555,345,555,345,555,347,555,349,555,349,555,350,555,352,555,352,555,353,555,355,555,355,555,357,553,358,550,358,547,359,546,360,546,361,546,361,546,363,546,365,546,365,546,366,546,368,546,368,546,370,546,371,546,371,546,373,546,374,546,374,546,376,546,378,546,378,546,379,546,381,546,381,546,383,544,384,541,384,538,385,537,386,537,387,537,387,537,389,537,391,537,391,537,392,537,394,537,394,537,395,537,397,537,397,537,399,537,400,537,400,537,402,537,404,537,404,537,405,537,407,537,407,537,408,537,410,537,410,537,412,537,413,537,413,537,415,537,417,537,417,537,418,537,420,537,420,537,421,537,423,537,423,537,425,537,426,537,426,537,428,537,430,537,430,537,431,537,433,537,433,537,434,537,436,537,436,537,438,537,439,537,439,537,441,538,442,541,442,544,443,546,444,546,446,546,446,546,447,546,449,546,449,546,451,546,452,546,452,546,454,546,455,546,455,546,457,547,458,550,459,553,459,555,460,555,462,555,462,555,464,555,465,555,465,555,467,556,468,559,468,562,469,564,470,597,470,630,470,630,258
630,112,627,113,626,114,627,115,630,115,630,112
453,99,450,100,448,101,448,102,448,102,448,104,448,106,448,106,448,107,450,108,453,109,456,108,457,107,457,106,457,106,457,104,457,102,457,102,457,101,456,100,453,99
444,131,441,132,440,133,441,134,444,135,447,134,448,133,447,132,444,131
435,122,431,122,431,122,426,122,423,122,422,123,420,124,417,125,414,126,413,127,413,128,413,128,413,130,413,131,413,131,413,133,413,135,413,135,413,136,413,138,413,138,413,140,413,141,417,141,420,142,422,143,422,144,422,144,422,146,423,147,426,148,429,147,431,146,431,144,431,144,431,143,431,141,431,141,431,140,431,138,431,138,431,136,431,135,431,135,431,133,431,131,431,131,431,130,431,128,431,128,431,127,432,126,435,125,438,124,440,123,438,122,435,122
373,109,369,109,369,110,370,111,373,112,376,111,378,110,376,109,373,109
373,410,369,410,369,410,364,410,360,410,360,412,361,413,364,413,369,413,369,413,373,413,376,413,378,412,376,411,373,410
125,446,121,446,121,446,116,446,112,446,112,446,107,446,103,446,103,446,99,446,94,446,94,446,90,446,87,445,85,444,84,443,81,442,76,442,76,442,72,442,68,442,68,442,63,442,59,442,59,442,54,442,51,443,50,444,51,445,54,446,57,446,59,447,60,448,63,449,66,449,68,451,68,452,68,452,68,454,68,455,68,455,68,457,69,458,72,459,75,459,76,460,76,462,76,462,76,464,76,465,81,465,85,465,85,465,90,465,93,466,94,467,96,468,99,468,103,468,103,468,107,468,110,468,112,467,113,466,116,465,119,465,121,464,119,462,116,462,113,461,112,460,112,459,112,459,112,457,112,455,112,455,112,454,113,453,116,452,121,452,121,452,125,452,128,452,130,451,130,449,130,449,130,447,128,446,125,446
90,430,85,430,85,430,81,430,78,429,76,428,75,427,72,426,68,426,68,426,63,426,60,427,59,428,60,429,63,430,66,430,68,431,69,432,72,433,76,433,76,433,81,433,85,433,85,433,90,433,93,432,94,431,94,430,90,430
37,436,32,436,32,438,34,439,37,439,40,439,41,438,40,437,37,436
19,255,16,255,14,256,16,257,19,258,23,258,23,256,22,255,19,255
267,459,264,458,262,457,261,456,258,455,255,456,254,457,252,458,249,459,246,459,245,460,246,461,249,462,252,462,254,464,254,465,258,465,262,465,262,465,267,465,270,465,271,464,271,462,271,462,271,460,270,459,267,459
