360,10,361,11,364,12,369,12,369,12,373,12,376,11,378,10,360,10
41,10,40,11,37,12,34,11,32,10,21,10,10,10,10,106,14,106,14,106,19,106,22,106,23,107,25,108,28,109,31,109,32,110,32,112,32,112,32,114,34,115,37,115,40,116,41,117,42,118,45,119,50,119,50,119,54,119,59,119,59,119,63,119,68,119,68,119,72,119,75,119,76,120,78,121,81,122,85,122,85,122,90,122,94,122,94,122,99,122,103,122,103,122,107,122,112,122,112,122,116,122,119,122,121,123,122,124,125,125,130,125,130,125,134,125,138,125,138,125,143,125,147,125,147,125,152,125,156,125,156,125,161,125,165,125,165,125,169,125,174,125,174,125,178,125,183,125,183,125,187,125,192,125,192,125,196,125,200,125,200,125,205,125,209,125,209,125,214,125,218,125,218,125,223,125,227,125,227,125,231,125,236,125,236,125,240,125,245,125,245,125,249,125,254,125,254,125,258,125,262,125,262,125,267,125,271,125,271,125,276,125,280,125,280,125,285,125,288,126,289,127,289,128,289,128,289,130,290,131,293,131,298,131,298,131,302,131,305,132,307,133,308,134,311,135,314,134,316,133,317,132,320,131,323,131,324,130,324,128,324,128,324,127,324,125,324,125,324,123,326,122,329,122,332,121,333,120,333,119,333,119,333,117,335,116,338,115,341,115,342,114,342,112,342,112,342,110,342,109,342,109,342,107,342,106,342,106,342,104,344,103,347,102,350,102,351,101,352,100,355,99,358,100,360,101,360,102,360,102,360,104,360,106,360,106,360,107,361,108,364,109,369,109,369,107,369,106,369,106,369,104,369,102,369,102,369,101,369,99,369,99,369,97,367,96,364,96,360,96,360,96,355,96,352,95,351,94,352,93,355,93,358,92,360,91,358,90,355,89,352,89,351,88,351,86,351,86,351,85,351,83,351,83,351,81,350,80,347,80,344,79,342,78,342,76,342,76,342,75,342,73,342,73,342,72,344,70,347,70,350,70,351,72,352,73,355,73,360,73,360,73,364,73,369,73,369,73,373,73,376,73,378,72,376,70,373,70,370,69,369,68,369,67,369,67,369,65,367,64,364,63,361,63,360,62,358,61,355,60,352,60,351,59,350,58,347,57,344,56,342,55,344,54,347,54,351,54,351,54,355,54,358,53,360,52,360,50,360,50,360,49,358,48,355,47,352,47,351,46,350,45,347,44,344,43,342,42,342,41,338,41,333,41,333,41,329,41,326,40,324,39,323,38,320,38,317,37,316,36,316,34,316,34,316,33,316,31,316,31,316,29,316,28,316,28,316,26,316,25,316,25,316,23,317,22,320,21,323,22,324,23,326,24,329,25,332,25,333,26,332,27,329,28,326,28,324,29,326,31,329,31,332,32,333,33,333,34,333,34,333,36,335,37,338,38,341,38,342,39,342,41,347,41,350,40,351,39,351,38,351,38,351,36,351,34,351,34,351,33,351,31,351,31,351,29,351,28,351,28,351,26,351,25,351,25,351,23,351,21,351,21,351,20,350,19,347,18,344,18,342,16,341,15,338,15,335,14,333,13,333,12,333,12,333,10,41,10
285,18,282,19,280,20,282,21,285,21,288,21,289,20,288,19,285,18
285,34,282,35,280,36,282,37,285,38,288,37,289,36,288,35,285,34
276,41,273,41,271,42,271,44,267,44,264,45,262,46,261,47,258,47,255,48,254,49,255,50,258,50,261,51,262,52,264,53,267,54,270,53,271,52,273,51,276,50,279,50,280,49,279,48,276,47,273,47,271,46,271,44,276,44,279,43,280,42,279,41,276,41
267,21,262,21,262,20,261,19,258,18,255,19,254,20,254,21,249,21,245,21,245,21,240,21,236,21,236,21,231,21,227,21,227,21,223,21,220,22,218,23,218,25,218,25,218,26,218,28,218,28,218,29,217,31,214,31,211,32,209,33,209,34,209,34,209,36,211,37,214,38,217,37,218,36,220,35,223,34,227,34,227,34,231,34,236,34,236,34,240,34,243,34,245,33,245,31,245,31,245,29,245,28,245,28,245,26,246,25,249,25,252,24,254,23,254,21,258,21,262,21,262,23,264,24,267,25,270,24,271,23,270,22,267,21
10,436,14,436,14,436,19,436,23,436,23,436,28,436,31,437,32,438,34,439,37,439,40,440,41,441,42,442,45,442,48,443,50,444,51,445,54,446,57,446,59,447,60,448,63,449,66,449,68,451,68,452,68,452,68,454,68,455,68,455,68,457,68,459,72,459,75,459,76,460,75,461,72,462,69,461,68,460,68,459,63,459,59,459,59,459,54,459,51,459,50,460,50,462,50,462,50,464,48,465,45,465,42,465,41,464,40,462,37,462,34,461,32,460,31,459,28,459,25,458,23,457,23,455,23,455,23,454,23,452,23,452,23,451,23,449,23,449,23,447,22,446,19,446,16,445,14,444,13,443,10,442,10,452,13,453,14,454,13,455,10,455,10,463,10,470,85,470,85,468,85,468,85,467,87,466,90,465,93,466,94,467,96,468,99,468,103,468,103,468,107,468,110,468,112,467,113,466,116,465,119,465,121,464,122,462,125,462,130,462,130,462,134,462,138,462,138,462,143,462,146,462,147,464,149,465,152,465,155,465,156,464,158,462,161,462,164,461,165,460,165,459,165,459,165,457,164,456,161,455,156,455,156,455,152,455,147,455,147,455,143,455,140,455,138,454,137,453,134,452,130,452,130,452,125,452,122,452,121,451,121,449,121,449,121,447,119,446,116,446,112,446,112,446,107,446,103,446,103,446,99,446,96,445,94,444,93,443,90,442,85,442,85,442,81,442,76,442,76,442,72,442,69,442,68,441,68,439,68,439,68,438,66,437,63,436,60,435,59,434,57,433,54,433,50,433,50,433,45,433,41,433,41,433,37,433,34,432,32,431,31,430,28,430,25,429,23,428,22,427,19,426,16,426,14,425,16,424,19,423,22,422,23,421,25,420,28,420,32,420,32,420,37,420,41,420,41,420,45,420,50,420,50,420,54,420,57,420,59,421,60,422,63,423,66,422,68,421,68,420,68,420,68,418,66,417,63,417,60,416,59,415,60,414,63,413,68,413,68,413,72,413,75,413,76,412,75,411,72,410,69,410,68,408,66,407,63,407,60,406,59,405,59,404,59,404,59,402,59,400,59,400,59,399,59,397,59,397,59,395,57,394,54,394,51,393,50,392,50,391,50,391,50,389,50,387,50,387,50,386,50,384,50,384,50,383,50,381,50,381,50,379,48,378,45,378,42,377,41,376,40,375,37,374,32,374,32,374,28,374,25,374,23,373,22,372,19,371,14,371,14,371,10,371,10,436
28,407,23,407,23,405,22,404,19,404,16,404,14,405,16,406,19,407,23,407,23,408,22,410,19,410,16,411,14,412,16,413,19,413,23,413,23,413,28,413,31,413,32,412,32,410,32,410,32,408,31,407,28,407
209,470,208,469,205,468,202,468,200,467,199,466,196,465,192,465,192,465,187,465,184,466,183,467,183,468,183,468,183,470,209,470
254,470,255,469,258,468,261,468,262,467,261,466,258,465,254,465,254,465,249,465,246,466,245,467,245,468,245,468,245,470,254,470
378,470,379,469,382,468,386,468,386,468,391,468,395,468,395,468,400,468,403,469,404,470,413,470,413,468,413,468,413,467,412,466,409,465,406,465,404,464,403,462,400,462,397,461,395,460,394,459,391,459,388,458,386,457,386,455,386,455,386,454,386,452,386,452,386,451,386,449,386,449,386,447,385,446,382,446,379,445,378,444,378,442,378,442,378,441,378,439,378,439,378,438,376,437,373,436,370,435,369,434,369,433,369,433,369,431,367,430,364,430,361,429,360,428,361,427,364,426,367,426,369,425,367,424,364,423,361,422,360,421,358,420,355,420,352,419,351,418,350,417,347,417,344,416,342,415,342,413,342,413,342,412,344,411,347,410,350,410,351,408,352,407,355,407,358,406,360,405,361,404,364,404,369,404,369,404,373,404,376,403,378,402,378,400,378,400,378,399,378,397,378,397,378,395,378,394,378,394,378,392,378,391,373,391,369,391,369,391,364,391,360,391,360,391,355,391,352,391,351,392,350,393,347,394,342,394,342,394,338,394,333,394,333,394,329,394,324,394,324,394,320,394,316,394,316,394,311,394,308,394,307,395,305,397,302,397,298,397,298,397,293,397,290,397,289,395,288,394,285,394,282,394,280,395,279,397,276,397,273,397,271,395,270,394,267,394,262,394,262,394,258,394,254,394,254,394,249,394,246,393,245,392,243,391,240,391,236,391,236,391,231,391,228,390,227,389,227,387,227,387,227,386,228,385,231,384,234,384,236,383,234,381,231,381,228,380,227,379,226,378,223,378,218,378,218,378,214,378,209,378,209,378,205,378,200,378,200,378,196,378,192,378,192,378,187,378,184,378,183,379,181,380,178,381,174,381,174,381,169,381,166,381,165,383,164,384,161,384,158,385,156,386,155,387,152,387,147,387,147,387,143,387,140,388,138,389,137,390,134,391,131,391,130,392,128,393,125,394,122,394,121,395,119,397,116,397,112,397,112,397,107,397,103,397,103,397,99,397,96,398,94,399,94,400,94,400,94,402,94,404,94,404,94,405,94,407,94,407,94,408,94,410,94,410,94,412,96,413,99,413,102,414,103,415,103,417,103,417,103,418,104,419,107,420,110,420,112,421,112,423,112,423,112,425,113,426,116,426,121,426,121,426,125,426,128,426,130,425,131,424,134,423,137,422,138,421,140,420,143,420,147,420,147,420,152,420,156,420,156,420,161,420,165,420,165,420,169,420,172,419,174,418,175,417,178,417,181,416,183,415,184,414,187,413,190,413,192,412,193,411,196,410,200,410,200,410,205,410,209,410,209,410,214,410,217,411,218,412,217,413,214,413,211,414,209,415,209,417,209,417,209,418,209,420,209,420,209,421,209,423,209,423,209,425,209,426,209,426,209,428,211,429,214,430,217,430,218,431,220,432,223,433,226,433,227,434,227,436,227,436,227,438,228,439,231,439,236,439,236,439,240,439,243,440,245,441,246,442,249,442,252,443,254,444,255,445,258,446,262,446,262,446,267,446,270,446,271,447,271,449,271,449,271,451,273,452,276,452,279,453,280,454,282,455,285,455,288,456,289,457,289,459,289,459,289,460,290,461,293,462,296,462,298,464,298,465,298,465,298,467,299,468,302,468,305,469,307,470,378,470
329,404,324,404,324,404,320,404,317,404,316,405,316,407,316,407,316,408,317,410,320,410,323,411,324,412,326,413,329,413,332,413,333,412,333,410,333,410,333,408,333,407,333,407,333,405,332,404,329,404
630,154,627,155,626,156,626,157,626,157,626,159,624,160,621,161,618,160,617,159,615,158,612,157,609,157,608,156,608,154,608,154,608,153,606,151,603,151,600,150,599,149,598,148,595,148,592,147,590,146,589,145,586,144,581,144,581,144,577,144,574,145,572,146,572,148,572,148,572,149,572,151,572,151,572,153,574,154,577,154,580,155,581,156,581,157,581,157,581,159,583,160,586,161,589,161,590,162,592,163,595,164,598,164,599,165,599,167,599,167,599,169,599,170,599,170,599,172,599,174,599,174,599,175,599,177,599,177,599,178,599,180,599,180,599,182,599,183,599,183,599,185,599,187,599,187,599,188,598,189,595,190,592,190,590,191,590,193,590,193,590,195,590,196,590,196,590,198,589,199,586,200,583,200,581,201,581,203,581,203,581,204,581,206,581,206,581,208,581,209,581,209,581,211,581,212,581,212,581,214,580,215,577,216,574,216,572,217,572,219,572,219,572,221,572,222,572,222,572,224,572,225,572,225,572,227,572,229,572,229,572,230,572,232,572,232,572,234,571,235,568,235,565,236,564,237,564,238,564,238,564,240,564,242,564,242,564,243,564,245,564,245,564,246,564,248,564,248,564,250,564,251,564,251,564,253,564,255,564,255,564,256,564,258,564,258,564,259,564,261,564,261,564,263,564,264,564,264,564,266,564,268,564,268,564,269,564,271,564,271,564,272,562,273,559,274,556,275,555,276,555,277,555,277,555,279,555,280,555,280,555,282,555,284,555,284,555,285,555,287,555,287,555,289,555,290,555,290,555,292,555,293,555,293,555,295,555,297,555,297,555,298,553,299,550,300,547,300,546,302,546,303,546,303,546,305,546,306,546,306,546,308,546,310,546,310,546,311,546,313,546,313,546,315,546,316,546,316,546,318,546,319,546,319,546,321,546,323,546,323,546,324,546,326,546,326,546,327,546,329,546,329,546,331,546,332,546,332,546,334,546,336,546,336,546,337,546,339,546,339,546,340,546,342,546,342,546,344,544,345,541,345,538,346,537,347,537,349,537,349,537,350,537,352,537,352,537,353,537,355,537,355,537,357,537,358,537,358,537,360,536,361,533,361,530,362,528,363,528,365,528,365,528,366,528,368,528,368,528,370,528,371,528,371,528,373,528,374,528,374,528,376,528,378,528,378,528,379,528,381,528,381,528,383,528,384,528,384,528,386,528,387,528,387,528,389,528,391,528,391,528,392,528,394,528,394,528,395,528,397,528,397,528,399,528,400,528,400,528,402,528,404,528,404,528,405,528,407,528,407,528,408,528,410,528,410,528,412,528,413,528,413,528,415,528,417,528,417,528,418,528,420,528,420,528,421,528,423,528,423,528,425,530,426,533,426,536,427,537,428,537,430,537,430,537,431,537,433,537,433,537,434,537,436,537,436,537,438,537,439,537,439,537,441,538,442,541,442,544,443,546,444,546,446,546,446,546,447,546,449,546,449,546,451,547,452,550,452,553,453,555,454,555,455,555,455,555,457,555,459,555,459,555,460,556,461,559,462,562,462,564,464,564,465,564,465,564,467,564,468,564,468,564,470,597,470,630,470,630,154
630,112,627,113,626,114,627,115,630,115,630,112
533,219,530,218,528,217,528,216,528,216,528,214,528,212,528,212,528,211,528,209,528,209,528,208,528,206,528,206,528,204,528,203,528,203,528,201,528,200,528,200,528,198,527,197,524,196,521,196,519,195,518,194,515,193,512,192,510,191,510,190,510,190,510,188,510,187,510,187,510,185,509,184,506,183,503,183,502,182,500,181,497,180,494,180,493,178,491,177,488,177,485,176,484,175,482,174,479,174,475,174,475,174,471,174,468,173,466,172,465,171,462,170,457,170,457,170,453,170,450,171,448,172,447,173,444,174,441,174,440,175,440,177,440,177,440,178,440,180,440,180,440,182,438,183,435,183,431,183,431,183,426,183,423,183,422,182,422,180,422,180,422,178,422,177,422,177,422,175,420,174,417,174,414,173,413,172,413,170,413,170,413,169,413,167,413,167,413,165,413,164,413,164,413,162,413,161,413,161,413,159,413,157,413,157,413,156,412,155,409,154,406,155,404,156,403,157,400,157,397,158,395,159,394,160,391,161,388,160,386,159,385,158,382,157,378,157,378,157,373,157,369,157,369,157,364,157,361,157,360,156,358,155,355,154,351,154,351,154,347,154,342,154,342,154,338,154,333,154,333,154,329,154,326,154,324,153,323,151,320,151,317,150,316,149,314,148,311,148,307,148,307,148,302,148,298,148,298,148,293,148,290,148,289,149,288,150,285,151,280,151,280,151,276,151,273,150,271,149,270,148,267,148,264,148,262,149,261,150,258,151,255,151,254,153,252,154,249,154,245,154,245,154,240,154,237,155,236,156,234,157,231,157,227,157,227,157,223,157,220,157,218,156,217,155,214,154,209,154,209,154,205,154,202,155,200,156,199,157,196,157,192,157,192,157,187,157,183,157,183,157,178,157,175,158,174,159,172,160,169,161,165,161,165,161,161,161,156,161,156,161,152,161,149,161,147,162,146,163,143,164,140,164,138,165,137,167,134,167,130,167,130,167,125,167,122,168,121,169,119,170,116,170,112,170,112,170,107,170,104,171,103,172,102,173,99,174,96,174,94,175,93,176,90,177,87,177,85,178,85,180,85,180,85,182,84,183,81,183,78,184,76,185,76,187,76,187,76,188,75,189,72,190,68,190,68,190,63,190,60,190,59,191,59,193,59,193,59,195,59,196,59,196,59,198,59,200,59,200,59,201,60,202,63,203,66,203,68,204,68,206,68,206,68,208,68,209,68,209,68,211,68,212,68,212,68,214,68,216,68,216,68,217,68,219,68,219,68,221,66,222,63,222,59,222,59,224,59,225,59,225,59,227,59,229,59,229,59,230,59,232,59,232,59,234,60,235,63,235,66,236,68,237,66,238,63,238,59,238,59,238,54,238,51,239,50,240,48,241,45,242,42,242,41,243,41,245,41,245,41,246,42,248,45,248,48,249,50,250,48,251,45,251,41,251,41,251,37,251,34,252,32,253,31,254,28,255,25,255,23,256,23,258,23,258,23,259,23,261,23,261,23,263,22,264,19,264,16,265,14,266,14,268,14,268,14,269,14,271,14,271,14,272,16,273,19,274,22,275,23,276,23,277,23,277,23,279,23,280,23,280,23,282,23,284,23,284,23,285,23,287,23,287,23,289,25,290,28,290,31,291,32,292,32,293,32,293,32,295,32,297,32,297,32,298,34,299,37,300,41,300,41,300,45,300,50,300,50,300,54,300,57,300,59,302,60,303,63,303,66,304,68,305,69,306,72,306,75,307,76,308,75,309,72,310,69,310,68,311,68,313,68,313,68,315,68,316,68,316,68,318,68,319,68,319,68,321,69,322,72,323,75,323,76,324,76,326,76,326,76,327,78,329,81,329,84,330,85,331,87,332,90,332,94,332,94,332,99,332,102,333,103,334,104,335,107,336,112,336,112,336,116,336,119,336,121,337,122,338,125,339,130,339,130,339,134,339,137,339,138,340,140,341,143,342,147,342,147,342,152,342,156,342,156,342,161,342,164,343,165,344,166,345,169,345,174,345,174,345,178,345,183,345,183,345,187,345,192,345,192,345,196,345,200,345,200,345,205,345,209,345,209,345,214,345,218,345,218,345,223,345,227,345,227,345,231,345,236,345,236,345,240,345,243,346,245,347,246,348,249,349,252,348,254,347,255,346,258,345,261,346,262,347,264,348,267,349,271,349,271,349,276,349,280,349,280,349,285,349,289,349,289,349,293,349,298,349,298,349,302,349,307,349,307,349,311,349,316,349,316,349,320,349,324,349,324,349,329,349,333,349,333,349,338,349,342,349,342,349,347,349,351,349,351,349,355,349,360,349,360,349,364,349,367,349,369,350,370,351,373,352,376,352,378,353,378,355,378,355,378,357,378,358,378,358,378,360,376,361,373,361,370,362,369,363,367,364,364,365,361,365,360,366,358,367,355,368,352,369,351,370,352,371,355,371,358,372,360,373,361,374,364,374,367,375,369,376,367,377,364,378,360,378,360,378,355,378,352,378,351,379,350,380,347,381,344,381,342,383,344,384,347,384,351,384,351,384,355,384,358,385,360,386,361,387,364,387,369,387,369,387,373,387,376,388,378,389,378,391,382,391,386,391,386,391,391,391,394,390,395,389,397,388,400,387,403,388,404,389,406,390,409,391,412,391,413,392,413,394,413,394,413,395,414,397,417,397,420,398,422,399,422,400,422,400,422,402,423,403,426,404,429,404,431,405,431,407,431,407,431,408,431,410,431,410,431,412,432,413,435,413,438,414,440,415,441,416,444,417,447,417,448,418,448,420,448,420,448,421,448,423,448,423,448,425,450,426,453,426,456,427,457,428,457,430,457,430,457,431,457,433,457,433,457,434,459,435,462,436,465,437,466,438,466,439,466,439,466,441,468,442,471,442,474,443,475,444,475,446,475,446,475,447,476,448,479,449,482,449,484,451,484,452,484,452,484,454,485,455,488,455,491,456,493,457,494,458,497,459,500,459,502,460,503,461,506,462,509,462,510,464,512,465,515,465,518,465,519,464,519,462,519,462,519,460,519,459,519,459,519,457,518,456,515,455,512,455,510,454,509,453,506,452,503,452,502,451,502,449,502,449,502,447,500,446,497,446,494,445,493,444,493,442,493,442,493,441,493,439,493,439,493,438,491,437,488,436,485,435,484,434,484,433,484,433,484,431,484,430,484,430,484,428,484,426,484,426,484,425,482,424,479,423,476,422,475,421,475,420,475,420,475,418,475,417,475,417,475,415,475,413,475,413,475,412,475,410,475,410,475,408,474,407,471,407,468,406,466,405,466,404,466,404,466,402,466,400,466,400,466,399,466,397,466,397,466,395,466,394,466,394,466,392,465,391,462,391,459,390,457,389,457,387,457,387,457,386,457,384,457,384,457,383,457,381,457,381,457,379,457,378,457,378,457,376,457,374,457,374,457,373,456,372,453,371,450,371,448,370,448,368,448,368,448,366,448,365,448,365,448,363,448,361,448,361,448,360,450,359,453,358,457,358,457,358,462,358,465,358,466,357,466,355,466,355,466,353,466,352,466,352,466,350,465,349,462,349,459,348,457,347,457,345,457,345,457,344,457,342,457,342,457,340,459,339,462,339,465,338,466,337,468,336,471,336,475,336,475,336,479,336,482,336,484,337,485,338,488,339,491,338,493,337,494,336,497,336,500,335,502,334,502,332,502,332,502,331,502,329,502,329,502,327,502,326,502,326,502,324,502,323,502,323,502,321,502,319,502,319,502,318,500,317,497,316,494,316,493,315,493,313,493,313,493,311,494,310,497,310,502,310,502,310,506,310,509,309,510,308,510,306,510,306,510,305,510,303,510,303,510,302,510,300,510,300,510,298,510,297,510,297,510,295,510,293,510,293,510,292,510,290,510,290,510,289,510,287,510,287,510,285,512,284,515,284,518,283,519,282,519,280,519,280,519,279,519,277,519,277,519,276,519,274,519,274,519,272,519,271,519,271,519,269,519,268,519,268,519,266,519,264,519,264,519,263,521,262,524,261,527,261,528,259,528,258,528,258,528,256,528,255,528,255,528,253,528,251,528,251,528,250,528,248,528,248,528,246,528,245,528,245,528,243,528,242,528,242,528,240,528,238,528,238,528,237,528,235,528,235,528,234,528,232,528,232,528,230,530,229,533,229,536,228,537,227,537,225,537,225,537,224,537,222,537,222,537,221,536,219,533,219
435,238,432,238,431,237,431,235,431,235,431,234,431,232,431,232,431,230,429,229,426,229,423,228,422,227,420,226,417,225,414,225,413,224,413,222,413,222,413,221,412,219,409,219,404,219,404,219,400,219,397,218,395,217,394,216,391,216,388,215,386,214,385,213,382,212,378,212,378,212,373,212,369,212,369,212,364,212,360,212,360,212,355,212,351,212,351,211,350,210,347,209,344,210,342,211,344,212,347,212,351,212,351,214,351,216,351,216,351,217,351,219,351,219,351,221,350,222,347,222,344,223,342,224,342,225,342,225,342,227,342,229,342,229,342,230,344,231,347,232,350,232,351,234,352,235,355,235,358,236,360,237,361,238,364,238,367,239,369,240,370,241,373,242,376,242,378,243,379,244,382,245,385,245,386,246,386,248,386,248,386,250,386,251,386,251,386,253,385,254,382,255,379,254,378,253,376,252,373,251,369,251,369,251,364,251,361,251,360,250,358,249,355,248,351,248,351,248,347,248,342,248,342,248,338,248,335,248,333,246,332,245,329,245,324,245,324,245,320,245,317,244,316,243,314,242,311,242,308,242,307,243,305,244,302,245,298,245,298,245,293,245,289,245,289,245,285,245,282,245,280,246,280,248,280,248,280,250,282,251,285,251,288,252,289,253,289,255,289,255,289,256,290,257,293,258,296,258,298,259,299,261,302,261,305,262,307,263,308,264,311,264,316,264,316,264,320,264,323,265,324,266,326,267,329,268,332,268,333,269,333,271,333,271,333,272,335,273,338,274,342,274,342,274,347,274,351,274,351,274,355,274,360,274,360,274,364,274,367,273,369,272,369,271,369,271,369,269,370,268,373,268,376,267,378,266,379,265,382,264,385,264,386,263,388,262,391,261,395,261,395,261,400,261,403,261,404,259,406,258,409,258,413,258,413,258,417,258,420,257,422,256,423,255,426,255,429,254,431,253,429,252,426,251,423,251,422,250,423,249,426,248,429,248,431,246,432,245,435,245,438,244,440,243,440,242,440,242,440,240,438,239,435,238
329,209,324,209,324,208,323,207,320,206,317,205,316,204,314,203,311,203,308,203,307,204,307,206,307,206,307,208,308,209,311,209,316,209,316,209,320,209,324,209,324,211,326,212,329,212,332,212,333,211,332,210,329,209
471,154,466,154,466,156,468,157,471,157,474,157,475,156,474,155,471,154
462,151,459,151,457,153,459,154,462,154,466,154,466,153,465,151,462,151
444,141,441,141,440,140,438,139,435,138,432,137,431,136,431,135,431,135,431,133,431,131,431,131,431,130,431,128,431,128,431,127,429,126,426,125,423,126,422,127,422,128,422,128,422,130,420,131,417,131,414,132,413,133,413,135,413,135,413,136,413,138,413,138,413,140,412,141,409,141,406,142,404,143,406,144,409,144,413,144,413,144,417,144,420,145,422,146,422,148,422,148,422,149,423,150,426,151,431,151,431,151,435,151,438,150,440,149,441,148,444,148,447,147,448,146,448,144,448,144,448,143,447,142,444,141
435,86,432,87,431,88,432,89,435,89,438,89,440,88,438,87,435,86
373,109,369,109,369,110,370,111,373,112,376,111,378,110,376,109,373,109
72,426,68,426,68,426,63,426,60,427,59,428,60,429,63,430,68,430,68,430,72,430,75,429,76,428,75,427,72,426
54,219,51,219,50,221,51,222,54,222,59,222,59,221,57,219,54,219
