590,10,590,12,590,12,590,13,592,14,595,15,598,15,599,16,600,18,603,18,606,18,608,16,608,15,608,15,608,13,608,12,608,12,608,10,590,10
360,10,360,12,360,12,360,13,360,15,364,15,367,14,369,13,370,12,373,12,376,11,378,10,360,10
41,10,40,11,37,12,34,11,32,10,21,10,10,10,10,112,14,112,14,112,19,112,22,113,23,114,23,115,23,115,23,117,25,118,28,119,31,119,32,120,34,121,37,122,41,122,41,122,45,122,48,122,50,123,51,124,54,125,59,125,59,125,63,125,68,125,68,125,72,125,75,126,76,127,78,128,81,128,85,128,85,128,90,128,94,128,94,128,99,128,103,128,103,128,107,128,112,128,112,128,116,128,119,129,121,130,122,131,125,131,130,131,130,131,134,131,138,131,138,131,143,131,147,131,147,131,152,131,156,131,156,131,161,131,165,131,165,131,169,131,174,131,174,131,178,131,183,131,183,131,187,131,192,131,192,131,196,131,200,131,200,131,205,131,209,131,209,131,214,131,218,131,218,131,223,131,227,131,227,131,231,131,234,132,236,133,237,134,240,135,245,135,245,135,249,135,254,135,254,135,258,135,262,135,262,135,267,135,271,135,271,135,276,135,279,135,280,136,282,137,285,138,289,138,289,138,293,138,298,138,298,138,302,138,307,138,307,138,311,138,314,137,316,136,317,135,320,135,323,134,324,133,326,132,329,131,332,131,333,130,333,128,333,128,333,127,335,126,338,125,341,124,342,123,342,122,342,122,342,120,344,119,347,119,350,118,351,117,350,116,347,115,344,115,342,114,342,112,342,112,342,110,342,109,342,109,342,107,342,106,342,106,342,104,344,103,347,102,351,102,351,102,355,102,358,103,360,104,360,106,360,106,360,107,361,108,364,109,369,109,369,107,369,106,369,106,369,104,369,102,369,102,369,101,369,99,369,99,369,97,367,96,364,96,361,95,360,94,360,93,360,93,360,91,360,89,360,89,360,88,360,86,360,86,360,85,360,83,360,83,360,81,358,80,355,80,352,79,351,78,352,77,355,76,360,76,360,76,364,76,369,76,369,76,373,76,376,76,378,75,378,73,378,73,378,72,379,70,382,70,385,69,386,68,385,67,382,67,378,67,378,67,373,67,370,66,369,65,369,63,369,63,369,62,369,60,364,60,360,60,360,60,355,60,352,60,351,59,351,57,351,57,351,55,352,54,355,54,360,54,360,54,364,54,367,54,369,55,369,57,369,57,369,59,369,60,373,60,378,60,378,60,382,60,385,60,386,59,386,57,386,57,386,55,386,54,386,54,386,52,386,50,386,50,386,49,385,48,382,47,379,47,378,46,376,45,373,44,370,43,369,42,367,41,364,41,361,40,360,39,360,38,360,38,360,36,360,34,360,34,360,33,358,32,355,31,352,31,351,29,351,28,351,28,351,26,351,25,351,25,351,23,351,21,351,21,351,20,352,19,355,18,358,18,360,16,360,15,355,15,351,15,351,15,347,15,344,14,342,13,342,12,342,12,342,10,41,10
355,44,351,44,351,42,350,41,347,41,342,41,342,39,341,38,338,38,335,37,333,36,332,35,329,34,326,35,324,36,324,38,324,38,324,39,324,41,324,41,324,42,326,43,329,44,332,43,333,42,335,41,338,41,342,41,342,42,344,43,347,44,351,44,351,46,352,47,355,47,358,47,360,46,358,45,355,44
329,25,324,25,324,23,323,22,320,21,317,22,316,23,317,24,320,25,324,25,324,26,326,27,329,28,332,27,333,26,332,25,329,25
276,47,273,47,271,46,270,45,267,44,264,45,262,46,262,47,262,47,262,49,264,50,267,50,271,50,271,50,276,50,279,50,280,49,279,48,276,47
240,25,237,24,236,23,234,22,231,21,228,22,227,23,227,25,227,25,227,26,228,27,231,28,236,28,236,28,240,28,243,27,245,26,243,25,240,25
223,31,220,32,218,33,218,34,214,34,211,35,209,36,211,37,214,38,217,37,218,36,218,34,223,34,226,34,227,33,226,32,223,31
10,410,13,411,14,412,14,413,19,413,22,414,23,415,23,417,23,417,23,418,25,419,28,420,32,420,32,420,37,420,41,420,41,420,45,420,50,420,50,420,54,420,57,420,59,421,60,422,63,423,66,422,68,421,68,420,68,420,68,418,66,417,63,417,59,417,59,417,54,417,51,416,50,415,51,414,54,413,57,413,59,412,59,410,59,410,59,408,57,407,54,407,51,406,50,405,50,404,50,404,50,402,50,400,50,400,50,399,50,397,50,397,50,395,50,394,50,394,50,392,48,391,45,391,42,390,41,389,41,387,41,387,41,386,41,384,41,384,41,383,40,381,37,381,34,380,32,379,32,378,32,378,32,376,31,375,28,374,23,374,23,374,19,374,16,374,14,373,13,372,10,371,10,410
10,423,13,422,14,421,14,420,14,420,14,418,14,417,14,417,14,415,14,413,10,413,10,423
10,436,14,436,14,436,19,436,23,436,23,436,28,436,31,437,32,438,34,439,37,439,40,440,41,441,42,442,45,442,48,443,50,444,51,445,54,446,57,446,59,447,60,448,63,449,66,449,68,451,68,452,68,452,68,454,68,455,68,455,68,457,69,458,72,459,75,459,76,460,76,462,76,462,76,464,76,465,81,465,85,465,85,465,90,465,93,466,94,467,96,468,99,468,103,468,103,468,107,468,110,468,112,467,113,466,116,465,119,465,121,464,122,462,125,462,130,462,130,462,134,462,138,462,138,462,143,462,146,462,147,464,149,465,152,465,155,465,156,464,158,462,161,462,165,462,165,462,169,462,172,462,174,464,175,465,178,465,181,466,183,467,183,468,183,468,183,470,218,470,217,469,214,468,211,468,209,467,208,466,205,465,202,465,200,464,199,462,196,462,193,461,192,460,190,459,187,459,183,459,183,459,178,459,175,458,174,457,172,456,169,455,166,455,165,454,164,453,161,452,158,453,156,454,155,455,152,455,147,455,147,455,143,455,140,455,138,454,137,453,134,452,131,452,130,451,128,449,125,449,122,448,121,447,119,446,116,446,112,446,112,446,107,446,103,446,103,446,99,446,96,445,94,444,93,443,90,442,85,442,85,442,81,442,76,442,76,442,72,442,68,442,68,442,63,442,60,442,59,441,57,440,54,439,51,439,50,438,48,437,45,436,42,435,41,434,40,433,37,433,34,432,32,431,31,430,28,430,23,430,23,430,19,430,16,429,14,428,13,427,10,426,10,436
85,470,84,469,81,468,78,468,76,467,76,465,72,465,69,465,68,464,66,462,63,462,60,461,59,460,57,459,54,459,51,459,50,460,50,462,50,462,50,464,50,465,50,465,50,467,48,468,45,468,42,468,41,467,40,466,37,465,34,465,32,464,32,462,32,462,32,460,31,459,28,459,25,458,23,457,23,455,23,455,23,454,23,452,23,452,23,451,22,449,19,449,16,449,14,451,14,452,14,452,14,454,14,455,14,455,14,457,13,458,10,459,10,464,10,470,85,470
254,470,255,469,258,468,261,468,262,467,261,466,258,465,254,465,254,465,249,465,246,466,245,467,245,468,245,468,245,470,254,470
386,470,388,469,391,468,394,469,395,470,413,470,413,468,413,468,413,467,412,466,409,465,406,465,404,464,403,462,400,462,397,461,395,460,395,459,395,459,395,457,395,455,395,455,395,454,394,453,391,452,388,452,386,451,386,449,386,449,386,447,386,446,386,446,386,444,385,443,382,442,379,442,378,441,378,439,378,439,378,438,378,436,378,436,378,434,376,433,373,433,369,433,369,433,364,433,361,432,360,431,360,430,360,430,360,428,358,427,355,426,352,426,351,425,350,424,347,423,344,422,342,421,341,420,338,420,335,419,333,418,335,417,338,417,341,416,342,415,344,414,347,413,350,413,351,412,351,410,351,410,351,408,352,407,355,407,358,406,360,405,361,404,364,404,367,403,369,402,370,401,373,400,376,400,378,399,378,397,378,397,378,395,379,394,382,394,385,393,386,392,388,391,391,391,395,391,395,391,400,391,404,391,404,391,409,391,412,391,413,392,414,393,417,394,420,394,422,395,423,397,426,397,429,398,431,399,431,400,431,400,431,402,432,403,435,404,438,404,440,405,440,407,440,407,440,408,440,410,440,410,440,412,441,413,444,413,447,414,448,415,448,417,448,417,448,418,448,420,448,420,448,421,448,423,448,423,448,425,450,426,453,426,456,427,457,428,457,430,457,430,457,431,457,433,457,433,457,434,459,435,462,436,465,437,466,438,466,439,466,439,466,441,466,442,466,442,466,444,468,445,471,446,474,446,475,447,475,449,475,449,475,451,476,452,479,452,482,453,484,454,484,455,484,455,484,457,485,458,488,459,491,459,493,460,494,461,497,462,500,462,502,464,503,465,506,465,510,465,510,465,515,465,518,465,519,464,519,462,519,462,519,460,518,459,515,459,512,458,510,457,510,455,510,455,510,454,509,453,506,452,503,452,502,451,502,449,502,449,502,447,502,446,502,446,502,444,500,443,497,442,494,442,493,441,493,439,493,439,493,438,493,436,493,436,493,434,491,433,488,433,485,432,484,431,484,430,484,430,484,428,484,426,484,426,484,425,484,423,484,423,484,421,482,420,479,420,476,419,475,418,475,417,475,417,475,415,475,413,475,413,475,412,475,410,475,410,475,408,475,407,475,407,475,405,475,404,475,404,475,402,474,401,471,400,468,400,466,399,466,397,466,397,466,395,466,394,466,394,466,392,466,391,466,391,466,389,466,387,466,387,466,386,466,384,466,384,466,383,466,381,466,381,466,379,466,378,466,378,466,376,466,374,466,374,466,373,466,371,466,371,466,370,465,369,462,368,459,367,457,366,457,365,457,365,457,363,459,362,462,361,465,361,466,360,466,358,466,358,466,357,466,355,466,355,466,353,466,352,466,352,466,350,466,349,466,349,466,347,466,345,466,345,466,344,468,343,471,342,474,341,475,340,476,339,479,339,482,338,484,337,485,336,488,336,493,336,493,336,497,336,500,335,502,334,502,332,502,332,502,331,503,330,506,329,509,329,510,327,510,326,510,326,510,324,510,323,510,323,510,321,510,319,510,319,510,318,510,316,510,316,510,315,510,313,510,313,510,311,510,310,510,310,510,308,510,306,510,306,510,305,510,303,510,303,510,302,510,300,510,300,510,298,510,297,510,297,510,295,510,293,510,293,510,292,512,291,515,290,518,290,519,289,519,287,519,287,519,285,519,284,519,284,519,282,519,280,519,280,519,279,519,277,519,277,519,276,521,275,524,274,527,273,528,272,528,271,528,271,528,269,528,268,528,268,528,266,528,264,528,264,528,263,528,261,528,261,528,259,530,258,533,258,536,257,537,256,537,255,537,255,537,253,537,251,537,251,537,250,537,248,537,248,537,246,537,245,537,245,537,243,537,242,537,242,537,240,537,238,537,238,537,237,537,235,537,235,537,234,537,232,537,232,537,230,537,229,537,229,537,227,537,225,537,225,537,224,537,222,537,222,537,221,537,219,537,219,537,217,537,216,537,216,537,214,537,212,537,212,537,211,536,210,533,209,530,209,528,208,528,206,528,206,528,204,528,203,528,203,528,201,528,200,528,200,528,198,527,197,524,196,521,196,519,195,518,194,515,193,512,192,510,191,510,190,510,190,510,188,509,187,506,187,503,186,502,185,502,183,502,183,502,182,500,181,497,180,494,180,493,178,491,177,488,177,485,176,484,175,482,174,479,174,475,174,475,174,471,174,468,173,466,172,465,171,462,170,457,170,457,170,453,170,450,171,448,172,447,173,444,174,441,174,440,175,441,176,444,177,447,177,448,178,448,180,448,180,448,182,447,183,444,183,440,183,440,183,435,183,431,183,431,183,426,183,423,183,422,182,422,180,422,180,422,178,422,177,422,177,422,175,420,174,417,174,414,173,413,172,413,170,413,170,413,169,413,167,413,167,413,165,413,164,413,164,413,162,413,161,413,161,413,159,412,158,409,157,404,157,404,157,400,157,397,157,395,156,394,155,391,154,388,155,386,156,385,157,382,157,378,157,378,157,373,157,370,158,369,159,367,160,364,161,361,161,360,162,358,163,355,164,352,163,351,162,350,161,347,161,344,160,342,159,341,158,338,157,333,157,333,157,329,157,324,157,324,157,320,157,317,157,316,156,314,155,311,154,307,154,307,154,302,154,298,154,298,154,293,154,290,155,289,156,288,157,285,157,280,157,280,157,276,157,271,157,271,157,267,157,262,157,262,157,258,157,254,157,254,157,249,157,246,158,245,159,243,160,240,161,236,161,236,161,231,161,227,161,227,161,223,161,220,161,218,162,217,163,214,164,209,164,209,164,205,164,202,163,200,162,199,161,196,161,193,161,192,162,190,163,187,164,183,164,183,164,178,164,174,164,174,164,169,164,165,164,165,164,161,164,158,164,156,165,155,167,152,167,149,168,147,169,146,170,143,170,140,171,138,172,137,173,134,174,131,174,130,175,130,177,130,177,130,178,128,180,125,180,122,181,121,182,119,183,116,183,112,183,112,183,107,183,104,184,103,185,102,186,99,187,96,187,94,188,93,189,90,190,87,190,85,191,84,192,81,193,78,194,76,195,76,196,76,196,76,198,75,199,72,200,69,200,68,201,68,203,68,203,68,204,68,206,68,206,68,208,68,209,68,209,68,211,68,212,68,212,68,214,68,216,68,216,68,217,68,219,68,219,68,221,66,222,63,222,60,223,59,224,59,225,59,225,59,227,59,229,59,229,59,230,57,231,54,232,51,232,50,234,50,235,50,235,50,237,50,238,50,238,50,240,48,241,45,242,42,242,41,243,41,245,41,245,41,246,41,248,41,248,41,250,41,251,41,251,41,253,42,254,45,255,48,255,50,256,50,258,50,258,50,259,48,261,45,261,42,261,41,259,40,258,37,258,34,257,32,256,31,255,28,255,23,255,23,255,19,255,16,255,14,256,16,257,19,258,22,258,23,259,23,261,23,261,23,263,25,264,28,264,31,265,32,266,31,267,28,268,23,268,23,268,19,268,16,268,14,269,14,271,14,271,14,272,16,273,19,274,22,275,23,276,23,277,23,277,23,279,23,280,23,280,23,282,23,284,23,284,23,285,23,287,23,287,23,289,25,290,28,290,31,291,32,292,32,293,32,293,32,295,34,296,37,297,40,297,41,298,41,300,41,300,41,302,42,303,45,303,50,303,50,303,54,303,57,304,59,305,60,306,63,306,66,307,68,308,68,310,68,310,68,311,68,313,68,313,68,315,68,316,68,316,68,318,68,319,68,319,68,321,69,322,72,323,75,323,76,324,76,326,76,326,76,327,78,329,81,329,84,330,85,331,87,332,90,332,93,333,94,334,96,335,99,336,102,336,103,337,104,338,107,339,112,339,112,339,116,339,121,339,121,339,125,339,130,339,130,339,134,339,137,339,138,340,140,341,143,342,147,342,147,342,152,342,155,343,156,344,158,345,161,345,165,345,165,345,169,345,174,345,174,345,178,345,183,345,183,345,187,345,192,345,192,345,196,345,200,345,200,345,205,345,209,345,209,345,214,345,218,345,218,345,223,345,226,346,227,347,228,348,231,349,236,349,236,349,240,349,245,349,245,349,249,349,252,349,254,350,255,351,258,352,262,352,262,352,267,352,271,352,271,352,276,352,280,352,280,352,285,352,289,352,289,352,293,352,298,352,298,352,302,352,307,352,307,352,311,352,316,352,316,352,320,352,324,352,324,352,329,352,333,352,333,352,338,352,341,351,342,350,344,349,347,349,351,349,351,349,355,349,358,349,360,350,361,351,364,352,369,352,369,352,373,352,376,352,378,353,379,354,382,355,385,356,386,357,386,358,386,358,386,360,385,361,382,361,379,362,378,363,376,364,373,365,369,365,369,365,364,365,361,365,360,366,358,367,355,368,352,369,351,370,350,371,347,371,344,372,342,373,342,374,342,374,342,376,341,377,338,378,335,378,333,379,332,380,329,381,326,381,324,383,326,384,329,384,333,384,333,384,338,384,342,384,342,384,347,384,351,384,351,384,355,384,358,385,360,386,361,387,364,387,367,388,369,389,367,390,364,391,360,391,360,391,355,391,352,391,351,392,350,393,347,394,342,394,342,394,338,394,335,394,333,395,332,397,329,397,324,397,324,397,320,397,317,398,316,399,317,400,320,400,323,401,324,402,326,403,329,404,332,404,333,405,333,407,333,407,333,408,332,410,329,410,326,411,324,412,323,413,320,413,317,413,316,412,316,410,316,410,316,408,314,407,311,407,308,406,307,405,305,404,302,404,298,404,298,404,293,404,290,403,289,402,290,401,293,400,296,400,298,399,298,397,298,397,298,395,296,394,293,394,289,394,289,394,285,394,280,394,280,394,276,394,271,394,271,394,267,394,262,394,262,394,258,394,255,393,254,392,252,391,249,391,245,391,245,391,240,391,236,391,236,391,231,391,228,390,227,389,227,387,227,387,227,386,227,384,227,384,227,383,226,381,223,381,220,380,218,379,217,378,214,378,209,378,209,378,205,378,200,378,200,378,196,378,193,378,192,379,190,380,187,381,183,381,183,381,178,381,174,381,174,381,169,381,166,381,165,383,164,384,161,384,156,384,156,384,152,384,149,385,147,386,146,387,143,387,140,388,138,389,137,390,134,391,130,391,130,391,125,391,122,391,121,392,119,393,116,394,112,394,112,394,107,394,103,394,103,394,99,394,96,394,94,395,93,397,90,397,87,398,85,399,84,400,81,400,78,401,76,402,76,404,76,404,76,405,76,407,76,407,76,408,75,410,72,410,69,411,68,412,69,413,72,413,76,413,76,413,81,413,84,414,85,415,85,417,85,417,85,418,85,420,85,420,85,421,85,423,85,423,85,425,87,426,90,426,93,427,94,428,96,429,99,430,102,429,103,428,103,426,103,426,103,425,102,424,99,423,96,422,94,421,94,420,94,420,94,418,96,417,99,417,102,417,103,418,104,419,107,420,110,420,112,421,113,422,116,423,119,424,121,425,122,426,125,426,128,426,130,425,131,424,134,423,137,422,138,421,140,420,143,420,146,420,147,421,147,423,147,423,147,425,149,426,152,426,155,426,156,425,158,424,161,423,164,422,165,421,165,420,165,420,165,418,166,417,169,417,172,416,174,415,175,414,178,413,181,413,183,412,184,411,187,410,192,410,192,410,196,410,200,410,200,410,205,410,208,411,209,412,209,413,209,413,209,415,209,417,209,417,209,418,208,419,205,420,202,420,200,421,200,423,200,423,200,425,202,426,205,426,208,427,209,428,211,429,214,430,217,430,218,431,220,432,223,433,226,433,227,434,227,436,227,436,227,438,227,439,227,439,227,441,228,442,231,442,236,442,236,442,240,442,243,443,245,444,246,445,249,446,254,446,254,446,258,446,261,446,262,447,264,448,267,449,270,449,271,451,273,452,276,452,279,453,280,454,282,455,285,455,288,456,289,457,289,459,289,459,289,460,289,462,289,462,289,464,290,465,293,465,296,466,298,467,299,468,302,468,305,469,307,470,386,470
435,238,432,238,431,237,431,235,431,235,431,234,431,232,431,232,431,230,431,229,431,229,431,227,429,226,426,225,423,225,422,224,420,223,417,222,414,222,413,221,412,219,409,219,404,219,404,219,400,219,397,218,395,217,394,216,391,216,386,216,386,216,382,216,379,215,378,214,376,213,373,212,369,212,369,212,364,212,360,212,360,212,355,212,352,213,351,214,351,216,351,216,351,217,351,219,351,219,351,221,351,222,351,222,351,224,350,225,347,225,344,226,342,227,344,228,347,229,350,229,351,230,352,231,355,232,358,232,360,234,360,235,360,235,360,237,361,238,364,238,367,239,369,240,370,241,373,242,378,242,378,242,382,242,385,242,386,243,388,244,391,245,395,245,395,245,400,245,403,245,404,246,404,248,404,248,404,250,403,251,400,251,397,252,395,253,394,254,391,255,386,255,386,255,382,255,378,255,378,255,373,255,370,254,369,253,367,252,364,251,360,251,360,251,355,251,352,251,351,250,350,249,347,248,342,248,342,248,338,248,333,248,333,248,329,248,324,248,324,248,320,248,316,248,316,248,311,248,307,248,307,248,302,248,298,248,298,248,293,248,289,248,289,248,285,248,282,249,280,250,280,251,280,251,280,253,280,255,280,255,280,256,280,258,280,258,280,259,282,261,285,261,288,262,289,263,290,264,293,264,296,265,298,266,299,267,302,268,307,268,307,268,311,268,316,268,316,268,320,268,323,268,324,269,324,271,324,271,324,272,326,273,329,274,333,274,333,274,338,274,342,274,342,274,347,274,351,274,351,274,355,274,360,274,360,274,364,274,367,273,369,272,370,271,373,271,376,270,378,269,379,268,382,268,385,267,386,266,386,264,386,264,386,263,388,262,391,261,395,261,395,261,400,261,403,261,404,259,406,258,409,258,412,257,413,256,413,255,413,255,413,253,413,251,413,251,413,250,414,249,417,248,420,248,422,246,423,245,426,245,431,245,431,245,435,245,438,244,440,243,440,242,440,242,440,240,438,239,435,238
630,248,627,248,626,246,627,245,630,245,630,151,627,151,626,153,626,154,626,154,626,156,624,157,621,157,618,157,617,156,615,155,612,154,609,154,608,153,606,151,603,151,600,150,599,149,598,148,595,148,592,147,590,146,589,145,586,144,583,145,581,146,580,147,577,148,574,148,572,149,572,151,572,151,572,153,572,154,572,154,572,156,574,157,577,157,580,158,581,159,581,161,581,161,581,162,583,163,586,164,589,164,590,165,590,167,590,167,590,169,592,170,595,170,598,171,599,172,599,174,599,174,599,175,599,177,599,177,599,178,599,180,599,180,599,182,599,183,599,183,599,185,599,187,599,187,599,188,598,189,595,190,592,190,590,191,590,193,590,193,590,195,590,196,590,196,590,198,590,200,590,200,590,201,589,202,586,203,583,203,581,204,581,206,581,206,581,208,581,209,581,209,581,211,581,212,581,212,581,214,581,216,581,216,581,217,580,218,577,219,574,219,572,221,572,222,572,222,572,224,572,225,572,225,572,227,572,229,572,229,572,230,572,232,572,232,572,234,571,235,568,235,565,236,564,237,564,238,564,238,564,240,564,242,564,242,564,243,564,245,564,245,564,246,564,248,564,248,564,250,564,251,564,251,564,253,564,255,564,255,564,256,564,258,564,258,564,259,564,261,564,261,564,263,564,264,564,264,564,266,564,268,564,268,564,269,564,271,564,271,564,272,564,274,564,274,564,276,564,277,564,277,564,279,564,280,564,280,564,282,564,284,564,284,564,285,562,286,559,287,556,288,555,289,555,290,555,290,555,292,555,293,555,293,555,295,555,297,555,297,555,298,555,300,555,300,555,302,555,303,555,303,555,305,555,306,555,306,555,308,555,310,555,310,555,311,555,313,555,313,555,315,555,316,555,316,555,318,555,319,555,319,555,321,555,323,555,323,555,324,553,325,550,326,547,326,546,327,546,329,546,329,546,331,546,332,546,332,546,334,546,336,546,336,546,337,546,339,546,339,546,340,546,342,546,342,546,344,546,345,546,345,546,347,546,349,546,349,546,350,546,352,546,352,546,353,546,355,546,355,546,357,544,358,541,358,538,359,537,360,537,361,537,361,537,363,537,365,537,365,537,366,537,368,537,368,537,370,537,371,537,371,537,373,537,374,537,374,537,376,537,378,537,378,537,379,537,381,537,381,537,383,537,384,537,384,537,386,537,387,537,387,537,389,537,391,537,391,537,392,537,394,537,394,537,395,537,397,537,397,537,399,537,400,537,400,537,402,536,403,533,404,530,404,528,405,528,407,528,407,528,408,530,410,533,410,536,411,537,412,537,413,537,413,537,415,537,417,537,417,537,418,537,420,537,420,537,421,537,423,537,423,537,425,537,426,537,426,537,428,537,430,537,430,537,431,537,433,537,433,537,434,537,436,537,436,537,438,537,439,537,439,537,441,538,442,541,442,544,443,546,444,546,446,546,446,546,447,546,449,546,449,546,451,547,452,550,452,553,453,555,454,555,455,555,455,555,457,555,459,555,459,555,460,555,462,555,462,555,464,556,465,559,465,562,466,564,467,564,468,564,468,564,470,597,470,630,470,630,248
630,112,627,113,626,114,627,115,630,115,630,112
453,102,450,103,448,104,450,105,453,106,456,105,457,104,456,103,453,102
435,138,432,137,431,136,431,135,431,135,431,133,431,131,431,131,431,130,431,128,431,128,431,127,429,126,426,125,422,125,422,125,417,125,414,126,413,127,413,128,413,128,413,130,413,131,413,131,413,133,413,135,413,135,413,136,413,138,413,138,413,140,413,141,417,141,420,142,422,143,422,144,422,144,422,146,423,147,426,148,429,147,431,146,432,145,435,144,438,144,440,143,440,141,440,141,440,140,438,139,435,138
409,141,406,142,404,143,406,144,409,144,412,144,413,143,413,141,409,141
373,109,369,109,369,110,370,111,373,112,376,111,378,110,376,109,373,109
72,426,68,426,68,426,63,426,60,427,59,428,60,429,63,430,66,430,68,431,69,432,72,433,75,432,76,431,76,430,76,430,76,428,75,427,72,426
