581,10,583,11,586,12,589,12,590,13,590,15,590,15,590,16,592,18,595,18,598,19,599,20,600,21,603,21,606,22,608,23,608,25,608,25,608,26,608,28,608,28,608,29,608,31,608,31,608,33,609,34,612,34,615,34,617,33,617,31,617,31,617,29,617,28,617,28,617,26,617,25,617,25,617,23,617,21,617,21,617,20,617,18,617,18,617,16,617,15,617,15,617,13,617,12,617,12,617,10,581,10
360,10,360,12,360,12,360,13,360,15,364,15,367,14,369,13,370,12,373,12,376,11,378,10,360,10
41,10,40,11,37,12,34,11,32,10,21,10,10,10,10,112,13,113,14,114,16,115,19,115,22,116,23,117,25,118,28,119,31,119,32,120,32,122,32,122,32,123,34,124,37,125,41,125,41,125,45,125,48,126,50,127,51,128,54,128,59,128,59,128,63,128,68,128,68,128,72,128,75,129,76,130,78,131,81,131,85,131,85,131,90,131,94,131,94,131,99,131,103,131,103,131,107,131,112,131,112,131,116,131,119,132,121,133,122,134,125,135,130,135,130,135,134,135,138,135,138,135,143,135,147,135,147,135,152,135,156,135,156,135,161,135,165,135,165,135,169,135,174,135,174,135,178,135,181,134,183,133,184,132,187,131,190,132,192,133,193,134,196,135,200,135,200,135,205,135,209,135,209,135,214,135,218,135,218,135,223,135,227,135,227,135,231,135,234,135,236,136,237,137,240,138,245,138,245,138,249,138,254,138,254,138,258,138,262,138,262,138,267,138,270,138,271,140,273,141,276,141,280,141,280,141,285,141,288,141,289,140,290,138,293,138,298,138,298,138,302,138,307,138,307,138,311,138,316,138,316,138,320,138,323,137,324,136,324,135,324,135,324,133,326,132,329,131,332,131,333,130,335,129,338,128,341,128,342,127,344,126,347,125,350,124,351,123,351,122,351,122,351,120,351,119,351,119,351,117,351,115,351,115,351,114,350,113,347,112,344,112,342,110,342,109,342,109,342,107,344,106,347,106,350,105,351,104,352,103,355,102,358,103,360,104,360,106,360,106,360,107,361,108,364,109,369,109,369,107,369,106,369,106,369,104,369,102,369,102,369,101,369,99,369,99,369,97,367,96,364,96,361,95,360,94,360,93,360,93,360,91,360,89,360,89,360,88,360,86,360,86,360,85,360,83,360,83,360,81,360,80,360,80,360,78,361,77,364,76,369,76,369,76,373,76,376,77,378,78,379,79,382,80,385,79,386,78,388,77,391,76,394,76,395,75,394,74,391,73,388,73,386,72,386,70,386,70,386,68,386,67,386,67,386,65,386,63,386,63,386,62,386,60,386,60,386,59,386,57,386,57,386,55,388,54,391,54,394,53,395,52,395,50,395,50,395,49,394,48,391,47,386,47,386,47,382,47,379,47,378,46,376,45,373,44,370,43,369,42,369,41,369,41,369,39,367,38,364,38,361,37,360,36,360,34,360,34,360,33,360,31,360,31,360,29,358,28,355,28,352,27,351,26,351,25,351,25,351,23,351,21,351,21,351,20,352,19,355,18,358,18,360,16,360,15,355,15,351,15,351,15,347,15,344,14,342,13,344,12,347,12,350,11,351,10,41,10
364,54,360,54,360,54,355,54,352,54,351,55,351,57,351,57,351,59,352,60,355,60,360,60,360,60,364,60,367,60,369,59,369,57,369,57,369,55,367,54,364,54
347,41,342,41,342,39,341,38,338,38,335,37,333,36,332,35,329,34,326,35,324,36,324,38,324,38,324,39,324,41,324,41,324,42,326,43,329,44,332,43,333,42,335,41,338,41,342,41,342,42,344,43,347,44,350,43,351,42,350,41,347,41
329,25,324,25,324,23,323,22,320,21,317,22,316,23,317,24,320,25,324,25,324,26,326,27,329,28,332,27,333,26,332,25,329,25
285,54,282,54,280,55,282,56,285,57,288,56,289,55,288,54,285,54
276,47,271,47,271,47,267,47,264,48,262,49,264,50,267,50,271,50,271,50,276,50,279,50,280,49,279,48,276,47
231,25,228,25,227,26,228,27,231,28,234,27,236,26,234,25,231,25
10,410,13,411,14,412,16,413,19,413,22,414,23,415,23,417,23,417,23,418,25,419,28,420,32,420,32,420,37,420,41,420,41,420,45,420,50,420,50,420,54,420,57,420,59,421,60,422,63,423,66,422,68,421,68,420,68,420,68,418,66,417,63,417,59,417,59,417,54,417,50,417,50,417,45,417,42,416,41,415,42,414,45,413,50,413,50,413,54,413,57,413,59,412,57,411,54,410,51,410,50,408,50,407,50,407,50,405,50,404,50,404,50,402,50,400,50,400,50,399,50,397,50,397,50,395,48,394,45,394,42,393,41,392,41,391,41,391,41,389,41,387,41,387,41,386,40,385,37,384,34,384,32,383,32,381,32,381,32,379,32,378,32,378,32,376,31,375,28,374,23,374,23,374,19,374,16,374,14,373,13,372,10,371,10,410
10,423,13,422,14,421,14,420,14,420,14,418,13,417,10,417,10,423
10,436,14,436,14,436,19,436,23,436,23,436,28,436,31,437,32,438,34,439,37,439,41,439,41,438,41,436,41,436,41,434,40,433,37,433,34,432,32,431,31,430,28,430,23,430,23,430,19,430,16,429,14,428,13,427,10,426,10,436
85,470,84,469,81,468,78,468,76,467,76,465,72,465,69,465,68,464,66,462,63,462,60,461,59,460,57,459,54,459,51,459,50,460,50,462,50,462,50,464,50,465,50,465,50,467,48,468,45,468,42,468,41,467,40,466,37,465,34,465,32,464,32,462,32,462,32,460,31,459,28,459,25,458,23,457,23,455,23,455,23,454,23,452,23,452,23,451,22,449,19,449,16,449,14,451,14,452,14,452,14,454,14,455,14,455,14,457,14,459,14,459,14,460,13,461,10,462,10,466,10,470,85,470
218,470,217,469,214,468,211,468,209,467,209,465,209,465,209,464,209,462,209,462,209,460,209,459,209,459,209,457,209,455,209,455,209,454,208,453,205,452,202,453,200,454,200,455,200,455,200,457,199,458,196,459,192,459,192,459,187,459,183,459,183,459,178,459,175,458,174,457,174,455,174,455,174,454,172,453,169,452,165,452,165,452,161,452,156,452,156,452,152,452,147,452,147,452,143,452,140,453,138,454,137,455,134,455,131,456,130,457,130,459,130,459,130,460,131,461,134,462,137,462,138,464,140,465,143,465,147,465,147,465,152,465,155,465,156,464,158,462,161,462,164,462,165,464,166,465,169,465,172,466,174,467,175,468,178,468,181,469,183,470,218,470
254,470,254,468,254,468,254,467,252,466,249,465,246,466,245,467,245,468,245,468,245,470,254,470
413,470,413,468,413,468,413,467,413,465,413,465,413,464,412,462,409,462,406,461,404,460,403,459,400,459,397,458,395,457,395,455,395,455,395,454,394,453,391,452,388,452,386,451,386,449,386,449,386,447,386,446,386,446,386,444,386,442,386,442,386,441,385,440,382,439,379,439,378,438,378,436,378,436,378,434,376,433,373,433,369,433,369,433,364,433,361,432,360,431,360,430,360,430,360,428,358,427,355,426,352,426,351,425,350,424,347,423,344,422,342,421,341,420,338,420,335,419,333,418,335,417,338,417,341,416,342,415,344,414,347,413,350,413,351,412,352,411,355,410,358,410,360,408,360,407,360,407,360,405,361,404,364,404,367,403,369,402,369,400,369,400,369,399,370,398,373,397,376,397,378,395,379,394,382,394,385,393,386,392,388,391,391,391,395,391,395,391,400,391,404,391,404,391,409,391,412,390,413,389,414,388,417,387,420,388,422,389,422,391,422,391,422,392,423,393,426,394,429,394,431,395,431,397,431,397,431,399,432,400,435,400,438,401,440,402,440,404,440,404,440,405,440,407,440,407,440,408,440,410,440,410,440,412,441,413,444,413,447,414,448,415,448,417,448,417,448,418,448,420,448,420,448,421,448,423,448,423,448,425,450,426,453,426,456,427,457,428,457,430,457,430,457,431,457,433,457,433,457,434,459,435,462,436,465,437,466,438,466,439,466,439,466,441,466,442,466,442,466,444,468,445,471,446,474,446,475,447,475,449,475,449,475,451,475,452,475,452,475,454,476,455,479,455,482,456,484,457,484,459,484,459,484,460,485,461,488,462,491,462,493,464,494,465,497,465,500,466,502,467,503,468,506,468,509,468,510,467,512,466,515,465,518,465,519,464,519,462,519,462,519,460,518,459,515,459,512,458,510,457,510,455,510,455,510,454,509,453,506,452,503,452,502,451,502,449,502,449,502,447,502,446,502,446,502,444,500,443,497,442,494,442,493,441,493,439,493,439,493,438,493,436,493,436,493,434,491,433,488,433,485,432,484,431,484,430,484,430,484,428,484,426,484,426,484,425,484,423,484,423,484,421,484,420,484,420,484,418,482,417,479,417,476,416,475,415,475,413,475,413,475,412,475,410,475,410,475,408,475,407,475,407,475,405,475,404,475,404,475,402,475,400,475,400,475,399,475,397,475,397,475,395,475,394,475,394,475,392,475,391,475,391,475,389,475,387,475,387,475,386,475,384,475,384,475,383,475,381,475,381,475,379,474,378,471,378,468,377,466,376,466,374,466,374,466,373,466,371,466,371,466,370,466,368,466,368,466,366,466,365,466,365,466,363,466,361,466,361,466,360,466,358,466,358,466,357,468,356,471,355,474,354,475,353,475,352,475,352,475,350,476,349,479,349,482,348,484,347,484,345,484,345,484,344,484,342,484,342,484,340,484,339,484,339,484,337,485,336,488,336,493,336,493,336,497,336,500,335,502,334,503,333,506,332,509,333,510,334,512,335,515,336,518,335,519,334,519,332,519,332,519,331,519,329,519,329,519,327,519,326,519,326,519,324,519,323,519,323,519,321,519,319,519,319,519,318,518,317,515,316,512,316,510,315,510,313,510,313,510,311,510,310,510,310,510,308,510,306,510,306,510,305,510,303,510,303,510,302,510,300,510,300,510,298,509,297,506,297,503,296,502,295,502,293,502,293,502,292,502,290,502,290,502,289,503,288,506,287,509,288,510,289,512,290,515,290,518,290,519,289,519,287,519,287,519,285,521,284,524,284,527,283,528,282,528,280,528,280,528,279,528,277,528,277,528,276,528,274,528,274,528,272,528,271,528,271,528,269,528,268,528,268,528,266,530,265,533,264,536,264,537,263,537,261,537,261,537,259,537,258,537,258,537,256,537,255,537,255,537,253,537,251,537,251,537,250,537,248,537,248,537,246,537,245,537,245,537,243,537,242,537,242,537,240,537,238,537,238,537,237,537,235,537,235,537,234,537,232,537,232,537,230,537,229,537,229,537,227,537,225,537,225,537,224,537,222,537,222,537,221,537,219,537,219,537,217,537,216,537,216,537,214,537,212,537,212,537,211,536,210,533,209,530,209,528,208,528,206,528,206,528,204,528,203,528,203,528,201,528,200,528,200,528,198,527,197,524,196,521,196,519,195,518,194,515,193,512,192,510,191,510,190,510,190,510,188,509,187,506,187,503,186,502,185,502,183,502,183,502,182,500,181,497,180,494,180,493,178,491,177,488,177,485,176,484,175,482,174,479,174,475,174,475,174,471,174,468,173,466,172,465,171,462,170,457,170,457,170,453,170,450,171,448,172,447,173,444,174,441,174,440,175,441,176,444,177,447,177,448,178,448,180,448,180,448,182,447,183,444,183,440,183,440,183,435,183,431,183,431,183,426,183,423,183,422,182,422,180,422,180,422,178,422,177,422,177,422,175,420,174,417,174,414,173,413,172,413,170,413,170,413,169,413,167,413,167,413,165,413,164,413,164,413,162,413,161,413,161,413,159,412,158,409,157,406,157,404,156,404,154,404,154,404,153,404,151,404,151,404,149,406,148,409,148,412,147,413,146,413,144,413,144,413,143,413,141,409,141,406,142,404,143,403,144,400,144,397,145,395,146,395,148,395,148,395,149,394,150,391,151,388,151,386,153,385,154,382,154,379,155,378,156,376,157,373,157,370,158,369,159,369,161,369,161,369,162,367,163,364,164,360,164,360,164,355,164,351,164,351,164,347,164,344,163,342,162,341,161,338,161,333,161,333,161,329,161,324,161,324,161,320,161,317,160,316,159,314,158,311,157,307,157,307,157,302,157,298,157,298,157,293,157,289,157,289,157,285,157,280,157,280,157,276,157,271,157,271,157,267,157,264,158,262,159,261,160,258,161,254,161,254,161,249,161,245,161,245,161,240,161,237,161,236,162,234,163,231,164,227,164,227,164,223,164,220,164,218,165,217,167,214,167,209,167,209,167,205,167,202,167,200,165,199,164,196,164,192,164,192,164,187,164,184,164,183,165,181,167,178,167,175,168,174,169,172,170,169,170,166,170,165,169,164,168,161,167,158,168,156,169,155,170,152,170,149,171,147,172,146,173,143,174,140,174,138,175,137,176,134,177,131,177,130,178,130,180,130,180,130,182,128,183,125,183,122,184,121,185,119,186,116,187,113,187,112,188,110,189,107,190,103,190,103,190,99,190,96,190,94,191,93,192,90,193,87,194,85,195,85,196,85,196,85,198,84,199,81,200,78,200,76,201,75,202,72,203,69,203,68,204,68,206,68,206,68,208,68,209,68,209,68,211,68,212,68,212,68,214,68,216,68,216,68,217,68,219,68,219,68,221,68,222,68,222,68,224,66,225,63,225,60,226,59,227,59,229,59,229,59,230,57,231,54,232,51,232,50,234,50,235,50,235,50,237,50,238,50,238,50,240,48,241,45,242,42,242,41,243,41,245,41,245,41,246,41,248,41,248,41,250,41,251,41,251,41,253,42,254,45,255,48,255,50,256,50,258,50,258,50,259,50,261,54,261,57,262,59,263,57,264,54,264,51,264,50,263,50,261,45,261,41,261,41,261,37,261,34,261,32,259,31,258,28,258,23,258,23,259,23,261,23,261,23,263,25,264,28,264,31,265,32,266,31,267,28,268,23,268,23,268,19,268,16,268,14,269,14,271,14,271,14,272,14,274,14,274,14,276,16,277,19,277,22,278,23,279,23,280,23,280,23,282,23,284,23,284,23,285,25,286,28,287,31,288,32,289,32,290,32,290,32,292,32,293,32,293,32,295,34,296,37,297,40,297,41,298,41,300,41,300,41,302,42,303,45,303,50,303,50,303,54,303,57,304,59,305,60,306,63,306,66,307,68,308,68,310,68,310,68,311,68,313,68,313,68,315,68,316,68,316,68,318,68,319,68,319,68,321,69,322,72,323,75,323,76,324,76,326,76,326,76,327,78,329,81,329,84,330,85,331,87,332,90,332,93,333,94,334,96,335,99,336,102,336,103,337,104,338,107,339,112,339,112,339,116,339,121,339,121,339,125,339,128,339,130,340,131,341,134,342,138,342,138,342,143,342,146,343,147,344,149,345,152,345,156,345,156,345,161,345,165,345,165,345,169,345,172,346,174,347,175,348,178,349,183,349,183,349,187,349,190,348,192,347,193,346,196,345,199,346,200,347,202,348,205,349,209,349,209,349,214,349,218,349,218,349,223,349,227,349,227,349,231,349,236,349,236,349,240,349,243,349,245,350,246,351,249,352,254,352,254,352,258,352,262,352,262,352,267,352,271,352,271,352,276,352,280,352,280,352,285,352,288,352,289,353,290,354,293,355,298,355,298,355,302,355,305,354,307,353,308,352,311,352,316,352,316,352,320,352,324,352,324,352,329,352,333,352,333,352,338,352,342,352,342,352,347,352,351,352,351,352,355,352,360,352,360,352,364,352,369,352,369,352,373,352,376,352,378,353,379,354,382,355,385,356,386,357,386,358,386,358,386,360,386,361,386,361,386,363,385,364,382,365,378,365,378,365,373,365,369,365,369,365,364,365,361,365,360,366,358,367,355,368,352,369,351,370,350,371,347,371,342,371,342,371,338,371,335,372,333,373,332,374,329,374,326,375,324,376,323,377,320,378,317,378,316,379,317,380,320,381,323,381,324,383,326,384,329,384,333,384,333,384,338,384,342,384,342,384,347,384,350,385,351,386,352,387,355,387,358,388,360,389,358,390,355,391,352,391,351,392,350,393,347,394,342,394,342,394,338,394,335,394,333,395,332,397,329,397,326,398,324,399,326,400,329,400,332,401,333,402,333,404,333,404,333,405,332,406,329,407,324,407,324,407,320,407,316,407,316,407,311,407,308,406,307,405,305,404,302,404,298,404,298,404,293,404,290,403,289,402,289,400,289,400,289,399,290,398,293,397,296,397,298,395,296,394,293,394,289,394,289,394,285,394,280,394,280,394,276,394,271,394,271,394,267,394,262,394,262,394,258,394,255,393,254,392,254,391,254,391,254,389,252,388,249,387,245,387,245,387,240,387,237,388,236,389,234,390,231,391,227,391,227,391,223,391,220,390,218,389,218,387,218,387,218,386,218,384,218,384,218,383,217,381,214,381,211,380,209,379,208,378,205,378,202,378,200,379,199,380,196,381,192,381,192,381,187,381,183,381,183,381,178,381,174,381,174,381,169,381,166,381,165,383,164,384,161,384,156,384,156,384,152,384,149,385,147,386,146,387,143,387,140,388,138,389,137,390,134,391,130,391,130,391,125,391,122,391,121,392,119,393,116,394,112,394,112,394,107,394,103,394,103,394,99,394,94,394,94,394,90,394,87,394,85,395,84,397,81,397,78,398,76,399,76,400,76,400,76,402,76,404,76,404,76,405,76,407,76,407,76,408,76,410,76,410,76,412,76,413,76,413,76,415,78,416,81,417,84,417,85,418,85,420,85,420,85,421,85,423,85,423,85,425,87,426,90,426,93,427,94,428,96,429,99,430,102,429,103,428,103,426,103,426,103,425,103,423,103,423,103,421,104,420,107,420,110,420,112,421,113,422,116,423,119,424,121,425,122,426,125,426,130,426,130,426,134,426,137,426,138,425,138,423,138,423,138,421,140,420,143,420,146,420,147,421,147,423,147,423,147,425,149,426,152,426,155,426,156,425,158,424,161,423,164,422,165,421,165,420,165,420,165,418,166,417,169,417,172,416,174,415,175,414,178,413,181,413,183,412,184,411,187,410,192,410,192,410,196,410,199,411,200,412,200,413,200,413,200,415,200,417,200,417,200,418,200,420,200,420,200,421,200,423,200,423,200,425,200,426,200,426,200,428,202,429,205,430,209,430,209,430,214,430,217,430,218,431,220,432,223,433,226,433,227,434,227,436,227,436,227,438,227,439,227,439,227,441,227,442,227,442,227,444,228,445,231,446,236,446,236,446,240,446,245,446,245,446,249,446,254,446,254,446,258,446,261,446,262,447,264,448,267,449,270,449,271,451,273,452,276,452,279,453,280,454,282,455,285,455,288,456,289,457,289,459,289,459,289,460,289,462,289,462,289,464,290,465,293,465,296,466,298,467,299,468,302,468,305,469,307,470,413,470
435,229,432,228,431,227,429,226,426,225,423,225,422,224,420,223,417,222,414,222,413,221,412,219,409,219,404,219,404,219,400,219,397,218,395,217,394,216,391,216,386,216,386,216,382,216,378,216,378,216,373,216,370,215,369,214,367,213,364,212,360,212,360,212,355,212,352,213,351,214,351,216,351,216,351,217,351,219,351,219,351,221,351,222,351,222,351,224,351,225,351,225,351,227,351,229,351,229,351,230,352,231,355,232,358,232,360,234,361,235,364,235,367,236,369,237,370,238,373,238,376,239,378,240,379,241,382,242,386,242,386,242,391,242,395,242,395,242,400,242,404,242,404,242,409,242,412,242,413,243,413,245,413,245,413,246,413,248,409,248,406,249,404,250,403,251,400,251,397,252,395,253,394,254,391,255,386,255,386,255,382,255,378,255,378,255,373,255,370,254,369,253,367,252,364,251,360,251,360,251,355,251,352,251,351,250,350,249,347,248,342,248,342,248,338,248,333,248,333,248,329,248,324,248,324,248,320,248,316,248,316,248,311,248,307,248,307,248,302,248,298,248,298,248,293,248,289,248,289,248,285,248,282,249,280,250,280,251,280,251,280,253,280,255,280,255,280,256,280,258,280,258,280,259,282,261,285,261,288,262,289,263,289,264,289,264,289,266,290,267,293,268,298,268,298,268,302,268,307,268,307,268,311,268,314,268,316,269,317,270,320,271,323,271,324,272,326,273,329,274,333,274,333,274,338,274,342,274,342,274,347,274,351,274,351,274,355,274,358,275,360,276,361,277,364,277,367,277,369,276,369,274,369,274,369,272,370,271,373,271,376,270,378,269,379,268,382,268,385,267,386,266,388,265,391,264,394,264,395,263,397,262,400,261,403,261,404,259,406,258,409,258,412,257,413,256,413,255,413,255,413,253,413,251,413,251,413,250,413,248,417,248,420,248,422,246,423,245,426,245,431,245,431,245,435,245,438,244,440,243,440,242,440,242,440,240,438,239,435,238,432,238,431,237,431,235,431,235,431,234,432,232,435,232,438,231,440,230,438,229,435,229
320,410,317,411,316,412,317,413,320,413,323,413,324,412,323,411,320,410
630,248,627,248,626,246,627,245,630,245,630,148,627,148,626,149,626,151,626,151,626,153,624,154,621,154,617,154,617,154,612,154,609,154,608,153,606,151,603,151,600,150,599,149,598,148,595,148,592,147,590,146,589,145,586,144,583,145,581,146,580,147,577,148,574,148,572,149,572,151,572,151,572,153,572,154,572,154,572,156,574,157,577,157,580,158,581,159,581,161,581,161,581,162,581,164,581,164,581,165,583,167,586,167,589,168,590,169,590,170,590,170,590,172,592,173,595,174,598,174,599,175,599,177,599,177,599,178,599,180,599,180,599,182,599,183,599,183,599,185,599,187,599,187,599,188,598,189,595,190,592,190,590,191,590,193,590,193,590,195,590,196,590,196,590,198,590,200,590,200,590,201,590,203,590,203,590,204,589,205,586,206,583,207,581,208,581,209,581,209,581,211,581,212,581,212,581,214,581,216,581,216,581,217,580,218,577,219,574,219,572,221,572,222,572,222,572,224,572,225,572,225,572,227,572,229,572,229,572,230,572,232,572,232,572,234,572,235,572,235,572,237,571,238,568,238,565,239,564,240,564,242,564,242,564,243,564,245,564,245,564,246,564,248,564,248,564,250,564,251,564,251,564,253,564,255,564,255,564,256,564,258,564,258,564,259,564,261,564,261,564,263,564,264,564,264,564,266,564,268,564,268,564,269,564,271,564,271,564,272,564,274,564,274,564,276,564,277,564,277,564,279,564,280,564,280,564,282,564,284,564,284,564,285,564,287,564,287,564,289,564,290,564,290,564,292,562,293,559,293,556,294,555,295,555,297,555,297,555,298,555,300,555,300,555,302,555,303,555,303,555,305,555,306,555,306,555,308,555,310,555,310,555,311,555,313,555,313,555,315,555,316,555,316,555,318,555,319,555,319,555,321,555,323,555,323,555,324,555,326,555,326,555,327,555,329,555,329,555,331,555,332,555,332,555,334,555,336,555,336,555,337,555,339,555,339,555,340,555,342,555,342,555,344,555,345,555,345,555,347,555,349,555,349,555,350,555,352,555,352,555,353,553,354,550,355,547,356,546,357,546,358,546,358,546,360,544,361,541,361,538,362,537,363,537,365,537,365,537,366,537,368,537,368,537,370,538,371,541,371,544,372,546,373,546,374,546,374,546,376,546,378,546,378,546,379,544,380,541,381,538,381,537,383,537,384,537,384,537,386,537,387,537,387,537,389,537,391,537,391,537,392,537,394,537,394,537,395,537,397,537,397,537,399,537,400,537,400,537,402,537,404,537,404,537,405,537,407,537,407,537,408,537,410,537,410,537,412,537,413,537,413,537,415,537,417,537,417,537,418,537,420,537,420,537,421,537,423,537,423,537,425,537,426,537,426,537,428,537,430,537,430,537,431,537,433,537,433,537,434,537,436,537,436,537,438,537,439,537,439,537,441,538,442,541,442,544,443,546,444,546,446,546,446,546,447,546,449,546,449,546,451,546,452,546,452,546,454,547,455,550,455,553,456,555,457,555,459,555,459,555,460,555,462,555,462,555,464,555,465,555,465,555,467,556,468,559,468,562,469,564,470,597,470,630,470,630,248
630,112,627,113,626,114,627,115,630,115,630,112
453,99,450,100,448,101,448,102,448,102,448,104,450,105,453,106,456,105,457,104,457,102,457,102,457,101,456,100,453,99
426,122,423,122,422,123,420,124,417,125,414,126,413,127,413,128,413,128,413,130,413,131,413,131,413,133,413,135,413,135,413,136,413,138,413,138,413,140,413,141,417,141,420,142,422,143,422,144,422,144,422,146,423,147,426,148,429,147,431,146,431,144,431,144,431,143,431,141,431,141,431,140,431,138,431,138,431,136,431,135,431,135,431,133,431,131,431,131,431,130,431,128,431,128,431,127,431,125,431,125,431,123,429,122,426,122
373,109,369,109,369,110,370,111,373,112,376,111,378,110,376,109,373,109
267,459,264,458,262,457,261,456,258,455,255,456,254,457,252,458,249,459,246,459,245,460,246,461,249,462,254,462,254,462,258,462,262,462,262,462,267,462,270,461,271,460,270,459,267,459
223,449,220,449,218,451,218,452,218,452,218,454,220,455,223,455,226,455,227,454,227,452,227,452,227,451,226,449,223,449
125,449,122,448,121,447,119,446,116,446,112,446,112,446,107,446,103,446,103,446,99,446,94,446,94,446,90,446,87,445,85,444,84,443,81,442,76,442,76,442,72,442,68,442,68,442,63,442,59,442,59,442,54,442,50,442,50,444,51,445,54,446,57,446,59,447,60,448,63,449,66,449,68,451,68,452,68,452,68,454,68,455,68,455,68,457,69,458,72,459,75,459,76,460,76,462,76,462,76,464,76,465,81,465,85,465,85,465,90,465,93,466,94,467,96,468,99,468,103,468,103,468,107,468,110,468,112,467,113,466,116,465,119,465,121,464,121,462,121,462,121,460,121,459,121,459,121,457,119,456,116,455,113,455,112,454,113,453,116,452,121,452,121,452,125,452,128,452,130,451,128,449,125,449
81,430,78,429,76,428,75,427,72,426,68,426,68,426,63,426,60,427,59,428,60,429,63,430,66,430,68,431,69,432,72,433,76,433,76,433,81,433,84,432,85,431,84,430,81,430
45,439,41,439,41,441,42,442,45,442,50,442,50,441,48,440,45,439
19,255,16,255,14,256,16,257,19,258,23,258,23,256,22,255,19,255
