360,10,361,11,364,12,369,12,369,12,373,12,376,11,378,10,360,10
41,10,40,11,37,12,34,11,32,10,21,10,10,10,10,102,13,103,14,104,16,105,19,106,23,106,23,106,28,106,31,106,32,107,32,109,32,109,32,110,34,111,37,112,40,113,41,114,42,115,45,115,50,115,50,115,54,115,57,116,59,117,60,118,63,119,68,119,68,119,72,119,76,119,76,119,81,119,85,119,85,119,90,119,94,119,94,119,99,119,102,119,103,120,104,121,107,122,112,122,112,122,116,122,121,122,121,122,125,122,130,122,130,122,134,122,138,122,138,122,143,122,147,122,147,122,152,122,156,122,156,122,161,122,165,122,165,122,169,122,174,122,174,122,178,122,183,122,183,122,187,122,192,122,192,122,196,122,200,122,200,122,205,122,209,122,209,122,214,122,218,122,218,122,223,122,227,122,227,122,231,122,236,122,236,122,240,122,245,122,245,122,249,122,254,122,254,122,258,122,262,122,262,122,267,122,271,122,271,122,276,122,280,122,280,122,285,122,288,122,289,123,290,124,293,125,296,126,298,127,299,128,302,128,305,129,307,130,308,131,311,131,314,131,316,130,317,129,320,128,323,128,324,127,324,125,324,125,324,123,324,122,324,122,324,120,324,119,324,119,324,117,326,116,329,115,332,115,333,114,335,113,338,112,341,111,342,110,342,109,342,109,342,107,342,106,342,106,342,104,344,103,347,102,350,102,351,101,351,99,351,99,351,97,351,96,351,96,351,94,352,93,355,93,358,92,360,91,358,90,355,89,352,89,351,88,351,86,351,86,351,85,351,83,351,83,351,81,350,80,347,80,344,79,342,78,342,76,342,76,342,75,342,73,342,73,342,72,344,70,347,70,351,70,351,70,355,70,358,70,360,72,361,73,364,73,367,73,369,72,369,70,369,70,369,68,367,67,364,67,360,67,360,67,355,67,352,66,351,65,351,63,351,63,351,62,351,60,351,60,351,59,350,58,347,57,342,57,342,57,338,57,335,56,333,55,335,54,338,54,342,54,342,54,347,54,350,53,351,52,351,50,351,50,351,49,351,47,351,47,351,46,350,45,347,44,342,44,342,44,338,44,335,43,333,42,332,41,329,41,326,40,324,39,323,38,320,38,317,37,316,36,316,34,316,34,316,33,316,31,316,31,316,29,316,28,316,28,316,26,316,25,316,25,316,23,317,22,320,21,323,22,324,23,326,24,329,25,332,25,333,26,333,28,333,28,333,29,333,31,333,31,333,33,333,34,333,34,333,36,335,37,338,38,341,38,342,39,344,40,347,41,350,40,351,39,351,38,351,38,351,36,351,34,351,34,351,33,351,31,351,31,351,29,351,28,351,28,351,26,351,25,351,25,351,23,351,21,351,21,351,20,350,19,347,18,344,18,342,16,341,15,338,15,335,14,333,13,333,12,333,12,333,10,41,10
320,50,317,51,316,52,317,53,320,54,323,53,324,52,323,51,320,50
293,34,289,34,289,34,285,34,282,35,280,36,282,37,285,38,289,38,289,38,293,38,296,37,298,36,296,35,293,34
285,18,282,19,280,20,282,21,285,21,288,21,289,20,288,19,285,18
285,25,282,25,280,26,282,27,285,28,288,27,289,26,288,25,285,25
276,41,271,41,271,39,270,38,267,38,264,38,262,39,262,41,258,41,254,41,254,41,249,41,246,41,245,42,246,43,249,44,252,45,254,46,254,47,254,47,254,49,255,50,258,50,261,51,262,52,264,53,267,54,270,53,271,52,273,51,276,50,279,50,280,49,280,47,280,47,280,46,280,44,280,44,280,42,279,41,276,41
267,21,262,21,262,20,261,19,258,18,254,18,254,18,249,18,245,18,245,18,240,18,237,19,236,20,234,21,231,21,227,21,227,21,223,21,220,22,218,23,218,25,218,25,218,26,218,28,218,28,218,29,217,31,214,31,211,32,209,33,208,34,205,34,202,35,200,36,202,37,205,38,209,38,209,38,214,38,218,38,218,38,223,38,227,38,227,38,231,38,234,37,236,36,237,35,240,34,245,34,245,34,249,34,252,34,254,33,254,31,254,31,254,29,252,28,249,28,246,27,245,26,246,25,249,25,252,24,254,23,255,22,258,21,262,21,262,23,262,25,262,25,262,26,264,27,267,28,270,27,271,26,271,25,271,25,271,23,270,22,267,21
10,397,13,398,14,399,16,400,19,400,22,401,23,402,23,404,23,404,23,405,25,406,28,407,31,407,32,408,32,410,32,410,32,412,32,413,37,413,40,414,41,415,42,416,45,417,48,417,50,418,51,419,54,420,57,420,59,421,60,422,63,423,66,422,68,421,68,420,68,420,68,418,66,417,63,417,60,416,59,415,60,414,63,413,68,413,68,413,72,413,75,413,76,412,75,411,72,410,69,410,68,408,68,407,68,407,68,405,66,404,63,404,60,403,59,402,59,400,59,400,59,399,59,397,59,397,59,395,59,394,59,394,59,392,57,391,54,391,51,390,50,389,50,387,50,387,50,386,50,384,50,384,50,383,50,381,50,381,50,379,50,378,50,378,50,376,48,375,45,374,42,374,41,373,40,372,37,371,32,371,32,371,28,371,23,371,23,371,19,371,16,371,14,370,13,369,10,368,10,397
10,436,14,436,14,436,19,436,23,436,23,436,28,436,31,437,32,438,34,439,37,439,40,440,41,441,42,442,45,442,48,443,50,444,51,445,54,446,57,446,59,447,60,448,63,449,66,449,68,451,68,452,68,452,68,454,68,455,68,455,68,457,68,459,72,459,75,459,76,460,76,462,81,462,84,462,85,464,85,465,90,465,93,466,94,467,96,468,99,468,103,468,103,468,107,468,112,468,112,468,116,468,119,468,121,467,122,466,125,465,128,465,130,464,131,462,134,462,138,462,138,462,143,462,147,462,147,462,152,462,156,462,156,462,161,462,164,461,165,460,164,459,161,459,158,458,156,457,155,456,152,455,147,455,147,455,143,455,140,455,138,454,137,453,134,452,130,452,130,452,125,452,122,452,121,451,119,449,116,449,113,448,112,447,110,446,107,446,104,445,103,444,102,443,99,442,94,442,94,442,90,442,87,442,85,441,84,440,81,439,78,440,76,441,75,442,72,442,69,442,68,441,68,439,68,439,68,438,68,436,68,436,68,434,66,433,63,433,59,433,59,433,54,433,50,433,50,433,45,433,41,433,41,433,37,433,34,432,32,431,31,430,28,430,25,429,23,428,22,427,19,426,16,426,14,425,16,424,19,423,22,422,23,421,25,420,28,420,31,419,32,418,32,417,32,417,32,415,32,413,28,413,23,413,23,413,19,413,16,413,14,412,14,410,14,410,14,408,14,407,14,407,14,405,13,404,10,404,10,436
85,470,85,468,85,468,85,467,85,465,81,465,78,465,76,464,76,462,72,462,69,461,68,460,68,459,63,459,59,459,59,459,54,459,51,459,50,460,50,462,50,462,50,464,48,465,45,465,42,465,41,464,40,462,37,462,34,461,32,460,32,459,32,459,32,457,31,456,28,455,25,455,23,454,23,452,23,452,23,451,23,449,23,449,23,447,22,446,19,446,16,445,14,444,14,442,14,442,14,441,13,440,10,439,10,455,10,470,85,470
209,470,208,469,205,468,202,468,200,467,199,466,196,465,193,466,192,467,190,468,187,468,184,469,183,470,209,470
254,470,254,468,249,468,246,469,245,470,254,470
378,470,379,469,382,468,386,468,386,468,391,468,395,468,395,468,400,468,404,468,404,467,404,465,404,465,404,464,403,462,400,462,397,461,395,460,394,459,391,459,388,458,386,457,386,455,386,455,386,454,385,453,382,452,379,452,378,451,378,449,378,449,378,447,378,446,378,446,378,444,378,442,378,442,378,441,378,439,378,439,378,438,376,437,373,436,370,435,369,434,369,433,369,433,369,431,369,430,369,430,369,428,369,426,369,426,369,425,369,423,369,423,369,421,367,420,364,420,361,419,360,418,358,417,355,417,352,416,351,415,350,414,347,413,342,413,342,413,338,413,333,413,333,413,329,413,326,413,324,412,323,411,320,410,317,410,316,408,316,407,316,407,316,405,317,404,320,404,324,404,324,404,329,404,332,404,333,405,335,406,338,407,342,407,342,407,347,407,351,407,351,407,355,407,360,407,360,407,364,407,367,406,369,405,370,404,373,404,378,404,378,404,382,404,385,403,386,402,386,400,386,400,386,399,385,398,382,397,379,397,378,395,378,394,378,394,378,392,376,391,373,391,369,391,369,391,364,391,360,391,360,391,355,391,352,391,351,392,350,393,347,394,342,394,342,394,338,394,333,394,333,394,329,394,324,394,324,394,320,394,316,394,316,394,311,394,308,394,307,395,305,397,302,397,298,397,298,397,293,397,289,397,289,397,285,397,280,397,280,397,276,397,271,397,271,397,267,397,264,397,262,395,261,394,258,394,254,394,254,394,249,394,245,394,245,394,240,394,237,393,236,392,234,391,231,391,228,390,227,389,228,388,231,387,234,387,236,386,236,384,236,384,236,383,236,381,236,381,236,379,234,378,231,378,227,378,227,378,223,378,218,378,218,378,214,378,209,378,209,378,205,378,200,378,200,378,196,378,192,378,192,378,187,378,184,378,183,379,181,380,178,381,174,381,174,381,169,381,166,381,165,383,164,384,161,384,158,385,156,386,155,387,152,387,147,387,147,387,143,387,140,388,138,389,137,390,134,391,131,391,130,392,128,393,125,394,122,394,121,395,119,397,116,397,113,398,112,399,110,400,107,400,104,400,103,399,102,398,99,397,96,398,94,399,94,400,94,400,94,402,94,404,94,404,94,405,94,407,94,407,94,408,94,410,94,410,94,412,96,413,99,413,102,414,103,415,103,417,103,417,103,418,104,419,107,420,110,420,112,421,112,423,112,423,112,425,113,426,116,426,121,426,121,426,125,426,128,426,130,425,131,424,134,423,137,422,138,421,140,420,143,420,147,420,147,420,152,420,156,420,156,420,161,420,165,420,165,420,169,420,172,419,174,418,175,417,178,417,181,416,183,415,184,414,187,413,190,413,192,412,193,411,196,410,199,410,200,408,202,407,205,407,208,407,209,408,211,410,214,410,217,411,218,412,218,413,218,413,218,415,217,416,214,417,211,417,209,418,209,420,209,420,209,421,209,423,209,423,209,425,209,426,209,426,209,428,211,429,214,430,217,430,218,431,220,432,223,433,226,433,227,434,228,435,231,436,234,437,236,438,237,439,240,439,245,439,245,439,249,439,252,440,254,441,254,442,254,442,254,444,255,445,258,446,262,446,262,446,267,446,270,446,271,447,271,449,271,449,271,451,273,452,276,452,279,453,280,454,282,455,285,455,288,456,289,457,289,459,289,459,289,460,290,461,293,462,296,462,298,464,299,465,302,465,305,466,307,467,307,468,307,468,307,470,378,470
413,470,412,469,409,468,404,468,404,470,413,470
630,157,627,158,626,159,626,161,626,161,626,162,624,163,621,164,617,164,617,164,612,164,609,163,608,162,608,161,608,161,608,159,608,157,608,157,608,156,606,155,603,154,600,154,599,153,599,151,599,151,599,149,598,148,595,148,592,147,590,146,589,145,586,144,583,144,581,143,580,142,577,141,572,141,572,141,568,141,565,142,564,143,565,144,568,144,571,145,572,146,572,148,572,148,572,149,572,151,572,151,572,153,574,154,577,154,580,155,581,156,583,157,586,157,589,158,590,159,592,160,595,161,598,161,599,162,599,164,599,164,599,165,600,167,603,167,606,168,608,169,608,170,608,170,608,172,606,173,603,174,600,174,599,175,599,177,599,177,599,178,599,180,599,180,599,182,599,183,599,183,599,185,599,187,599,187,599,188,598,189,595,190,592,190,590,191,590,193,590,193,590,195,590,196,590,196,590,198,589,199,586,200,583,200,581,201,581,203,581,203,581,204,581,206,581,206,581,208,581,209,581,209,581,211,580,212,577,212,574,213,572,214,572,216,572,216,572,217,572,219,572,219,572,221,572,222,572,222,572,224,572,225,572,225,572,227,572,229,572,229,572,230,572,232,572,232,572,234,571,235,568,235,565,236,564,237,564,238,564,238,564,240,564,242,564,242,564,243,564,245,564,245,564,246,564,248,564,248,564,250,564,251,564,251,564,253,564,255,564,255,564,256,564,258,564,258,564,259,564,261,564,261,564,263,564,264,564,264,564,266,564,268,564,268,564,269,562,270,559,271,556,271,555,272,555,274,555,274,555,276,555,277,555,277,555,279,555,280,555,280,555,282,555,284,555,284,555,285,555,287,555,287,555,289,555,290,555,290,555,292,555,293,555,293,555,295,553,296,550,297,547,297,546,298,546,300,546,300,546,302,546,303,546,303,546,305,546,306,546,306,546,308,546,310,546,310,546,311,546,313,546,313,546,315,546,316,546,316,546,318,546,319,546,319,546,321,546,323,546,323,546,324,546,326,546,326,546,327,546,329,546,329,546,331,546,332,546,332,546,334,544,335,541,336,538,336,537,337,537,339,537,339,537,340,537,342,537,342,537,344,537,345,537,345,537,347,537,349,537,349,537,350,537,352,537,352,537,353,537,355,537,355,537,357,537,358,537,358,537,360,536,361,533,361,530,362,528,363,528,365,528,365,528,366,528,368,528,368,528,370,528,371,528,371,528,373,527,374,524,374,521,375,519,376,519,378,519,378,519,379,521,380,524,381,527,381,528,383,527,384,524,384,521,385,519,386,519,387,519,387,519,389,519,391,519,391,519,392,521,393,524,394,527,394,528,395,528,397,528,397,528,399,528,400,528,400,528,402,528,404,528,404,528,405,528,407,528,407,528,408,528,410,528,410,528,412,528,413,528,413,528,415,528,417,528,417,528,418,528,420,528,420,528,421,528,423,528,423,528,425,530,426,533,426,536,427,537,428,537,430,537,430,537,431,537,433,537,433,537,434,537,436,537,436,537,438,537,439,537,439,537,441,538,442,541,442,544,443,546,444,546,446,546,446,546,447,547,448,550,449,553,449,555,451,555,452,555,452,555,454,555,455,555,455,555,457,556,458,559,459,562,459,564,460,564,462,564,462,564,464,564,465,564,465,564,467,564,468,564,468,564,470,597,470,630,470,630,157
630,112,627,113,626,114,627,115,630,115,630,112
524,196,521,196,519,195,518,194,515,193,512,192,510,191,510,190,510,190,510,188,510,187,510,187,510,185,509,184,506,183,503,183,502,182,502,180,502,180,502,178,500,177,497,177,493,177,493,177,488,177,485,176,484,175,482,174,479,174,475,174,475,174,471,174,468,173,466,172,465,171,462,170,457,170,457,170,453,170,450,171,448,172,447,173,444,174,441,174,440,175,440,177,440,177,440,178,440,180,440,180,440,182,438,183,435,183,431,183,431,183,426,183,423,183,422,182,422,180,422,180,422,178,422,177,422,177,422,175,420,174,417,174,414,173,413,172,413,170,413,170,413,169,413,167,413,167,413,165,413,164,413,164,413,162,413,161,413,161,413,159,413,157,413,157,413,156,412,155,409,154,406,155,404,156,403,157,400,157,397,158,395,159,394,160,391,161,388,160,386,159,385,158,382,157,378,157,378,157,373,157,370,157,369,156,367,155,364,154,360,154,360,154,355,154,352,154,351,153,350,151,347,151,342,151,342,151,338,151,333,151,333,151,329,151,324,151,324,151,320,151,317,150,316,149,316,148,316,148,316,146,314,145,311,144,307,144,307,144,302,144,299,145,298,146,296,147,293,148,289,148,289,148,285,148,282,147,280,146,279,145,276,144,273,145,271,146,270,147,267,148,262,148,262,148,258,148,255,148,254,149,252,150,249,151,245,151,245,151,240,151,236,151,236,151,231,151,228,151,227,153,226,154,223,154,220,154,218,153,217,151,214,151,211,151,209,153,208,154,205,154,200,154,200,154,196,154,192,154,192,154,187,154,183,154,183,154,178,154,175,155,174,156,172,157,169,157,165,157,165,157,161,157,156,157,156,157,152,157,149,158,147,159,146,160,143,161,138,161,138,161,134,161,130,161,130,161,125,161,122,161,121,162,119,163,116,164,112,164,112,164,107,164,103,164,103,164,99,164,96,164,94,165,93,167,90,167,87,168,85,169,85,170,85,170,85,172,85,174,85,174,85,175,85,177,85,177,85,178,84,180,81,180,78,181,76,182,75,183,72,183,68,183,68,183,63,183,60,184,59,185,59,187,59,187,59,188,59,190,59,190,59,191,59,193,59,193,59,195,59,196,59,196,59,198,59,200,59,200,59,201,60,202,63,203,66,203,68,204,68,206,68,206,68,208,68,209,68,209,68,211,68,212,68,212,68,214,68,216,68,216,68,217,66,218,63,219,59,219,59,219,54,219,51,219,50,221,51,222,54,222,57,223,59,224,59,225,59,225,59,227,59,229,59,229,59,230,60,231,63,232,66,232,68,234,68,235,68,235,68,237,68,238,68,238,68,240,66,241,63,242,60,241,59,240,57,239,54,238,50,238,50,238,45,238,42,239,41,240,41,242,41,242,41,243,41,245,41,245,41,246,42,248,45,248,48,249,50,250,48,251,45,251,41,251,41,251,37,251,34,251,32,250,31,249,28,248,25,249,23,250,22,251,19,251,16,252,14,253,16,254,19,255,22,255,23,256,23,258,23,258,23,259,25,261,28,261,31,262,32,263,31,264,28,264,23,264,23,264,19,264,16,265,14,266,14,268,14,268,14,269,14,271,14,271,14,272,16,273,19,274,22,275,23,276,23,277,23,277,23,279,23,280,23,280,23,282,23,284,23,284,23,285,23,287,23,287,23,289,25,290,28,290,31,291,32,292,32,293,32,293,32,295,32,297,32,297,32,298,34,299,37,300,40,299,41,298,42,297,45,297,48,297,50,298,51,299,54,300,57,300,59,302,60,303,63,303,66,304,68,305,69,306,72,306,75,307,76,308,75,309,72,310,69,310,68,311,68,313,68,313,68,315,68,316,68,316,68,318,68,319,68,319,68,321,69,322,72,323,75,323,76,324,78,325,81,326,84,326,85,327,85,329,85,329,85,331,87,332,90,332,94,332,94,332,99,332,102,333,103,334,104,335,107,336,112,336,112,336,116,336,121,336,121,336,125,336,128,336,130,337,131,338,134,339,138,339,138,339,143,339,147,339,147,339,152,339,155,339,156,340,158,341,161,342,165,342,165,342,169,342,174,342,174,342,178,342,183,342,183,342,187,342,190,343,192,344,193,345,196,345,200,345,200,345,205,345,209,345,209,345,214,345,217,345,218,344,220,343,223,342,227,342,227,342,231,342,236,342,236,342,240,342,243,343,245,344,246,345,249,345,254,345,254,345,258,345,262,345,262,345,267,345,270,346,271,347,273,348,276,349,280,349,280,349,285,349,288,348,289,347,290,346,293,345,298,345,298,345,302,345,307,345,307,345,311,345,314,346,316,347,317,348,320,349,324,349,324,349,329,349,333,349,333,349,338,349,342,349,342,349,347,349,351,349,351,349,355,349,360,349,360,349,364,349,367,349,369,350,370,351,373,352,376,352,378,353,378,355,378,355,378,357,378,358,378,358,378,360,376,361,373,361,369,361,369,361,364,361,361,362,360,363,358,364,355,365,352,365,351,366,351,368,351,368,351,370,352,371,355,371,358,372,360,373,361,374,364,374,367,375,369,376,367,377,364,378,360,378,360,378,355,378,352,378,351,379,351,381,351,381,351,383,352,384,355,384,360,384,360,384,364,384,367,385,369,386,370,387,373,387,378,387,378,387,382,387,386,387,386,387,391,387,395,387,395,387,400,387,403,388,404,389,404,391,404,391,404,392,406,393,409,394,412,394,413,395,414,397,417,397,420,398,422,399,422,400,422,400,422,402,422,404,422,404,422,405,423,406,426,407,429,407,431,408,431,410,431,410,431,412,432,413,435,413,438,414,440,415,440,417,440,417,440,418,441,419,444,420,447,420,448,421,448,423,448,423,448,425,450,426,453,426,456,427,457,428,457,430,457,430,457,431,459,432,462,433,465,433,466,434,466,436,466,436,466,438,468,439,471,439,474,440,475,441,475,442,475,442,475,444,476,445,479,446,482,446,484,447,484,449,484,449,484,451,485,452,488,452,491,453,493,454,493,455,493,455,493,457,494,458,497,459,500,459,502,460,503,461,506,462,509,462,510,464,512,465,515,465,519,465,519,465,524,465,527,465,528,464,527,462,524,462,521,461,519,460,519,459,519,459,519,457,518,456,515,455,512,455,510,454,509,453,506,452,503,452,502,451,502,449,502,449,502,447,500,446,497,446,494,445,493,444,493,442,493,442,493,441,493,439,493,439,493,438,491,437,488,436,485,435,484,434,484,433,484,433,484,431,484,430,484,430,484,428,484,426,484,426,484,425,482,424,479,423,476,422,475,421,475,420,475,420,475,418,475,417,475,417,475,415,475,413,475,413,475,412,474,411,471,410,468,410,466,408,466,407,466,407,466,405,466,404,466,404,466,402,466,400,466,400,466,399,465,398,462,397,459,397,457,395,457,394,457,394,457,392,457,391,457,391,457,389,457,387,457,387,457,386,457,384,457,384,457,383,457,381,457,381,457,379,456,378,453,378,450,377,448,376,448,374,448,374,448,373,448,371,448,371,448,370,448,368,448,368,448,366,447,365,444,365,441,364,440,363,440,361,440,361,440,360,440,358,440,358,440,357,441,356,444,355,448,355,448,355,453,355,456,354,457,353,457,352,457,352,457,350,457,349,457,349,457,347,457,345,457,345,457,344,457,342,457,342,457,340,459,339,462,339,465,338,466,337,468,336,471,336,474,335,475,334,476,333,479,332,482,333,484,334,484,336,484,336,484,337,485,338,488,339,493,339,493,337,494,336,497,336,500,335,502,334,502,332,502,332,502,331,502,329,502,329,502,327,502,326,502,326,502,324,502,323,502,323,502,321,502,319,502,319,502,318,500,317,497,316,494,316,493,315,493,313,493,313,493,311,493,310,493,310,493,308,494,307,497,306,502,306,502,306,506,306,509,306,510,305,510,303,510,303,510,302,510,300,510,300,510,298,510,297,510,297,510,295,510,293,510,293,510,292,510,290,510,290,510,289,510,287,510,287,510,285,510,284,510,284,510,282,510,280,510,280,510,279,512,278,515,277,518,277,519,276,519,274,519,274,519,272,519,271,519,271,519,269,519,268,519,268,519,266,519,264,519,264,519,263,519,261,519,261,519,259,519,258,519,258,519,256,519,255,519,255,519,253,521,252,524,251,527,251,528,250,528,248,528,248,528,246,528,245,528,245,528,243,528,242,528,242,528,240,528,238,528,238,528,237,528,235,528,235,528,234,528,232,528,232,528,230,528,229,528,229,528,227,528,225,528,225,528,224,528,222,528,222,528,221,528,219,528,219,528,217,528,216,528,216,528,214,528,212,528,212,528,211,528,209,528,209,528,208,528,206,528,206,528,204,528,203,528,203,528,201,528,200,528,200,528,198,527,197,524,196
435,238,432,238,431,237,431,235,431,235,431,234,431,232,431,232,431,230,429,229,426,229,423,228,422,227,420,226,417,225,414,225,413,224,412,223,409,222,406,222,404,221,403,219,400,219,397,218,395,217,394,216,391,216,388,215,386,214,385,213,382,212,378,212,378,212,373,212,369,212,369,212,364,212,361,212,360,211,358,210,355,209,351,209,351,209,347,209,344,209,342,208,341,207,338,206,333,206,333,206,329,206,326,205,324,204,323,203,320,203,316,203,316,203,311,203,307,203,307,203,302,203,299,203,298,204,299,205,302,206,305,207,307,208,308,209,311,209,314,210,316,211,317,212,320,212,324,212,324,212,329,212,333,212,333,212,338,212,342,212,342,212,347,212,350,213,351,214,352,215,355,216,358,216,360,217,358,218,355,219,351,219,351,219,347,219,344,219,342,221,341,222,338,222,335,223,333,224,335,225,338,225,341,226,342,227,342,229,342,229,342,230,344,231,347,232,350,232,351,234,352,235,355,235,358,236,360,237,360,238,360,238,360,240,361,241,364,242,367,242,369,243,370,244,373,245,376,245,378,246,379,248,382,248,385,249,386,250,386,251,386,251,386,253,385,254,382,255,379,254,378,253,376,252,373,251,369,251,369,251,364,251,361,251,360,250,358,249,355,248,351,248,351,248,347,248,342,248,342,248,338,248,335,248,333,246,332,245,329,245,326,244,324,243,323,242,320,242,316,242,316,242,311,242,308,241,307,240,305,239,302,238,298,238,298,238,293,238,290,239,289,240,289,242,289,242,289,243,288,244,285,245,282,245,280,246,280,248,280,248,280,250,282,251,285,251,289,251,289,251,293,251,296,252,298,253,299,254,302,255,305,255,307,256,307,258,307,258,307,259,308,261,311,261,316,261,316,261,320,261,323,262,324,263,326,264,329,264,332,265,333,266,333,268,333,268,333,269,333,271,333,271,333,272,335,273,338,274,342,274,342,274,347,274,351,274,351,274,355,274,360,274,360,274,364,274,367,273,369,272,369,271,369,271,369,269,370,268,373,268,376,267,378,266,379,265,382,264,385,264,386,263,388,262,391,261,394,261,395,259,397,258,400,258,404,258,404,258,409,258,413,258,413,258,417,258,422,258,422,258,426,258,429,257,431,256,431,255,431,255,431,253,431,251,431,251,431,250,432,249,435,248,438,248,440,246,440,245,440,245,440,243,440,242,440,242,440,240,438,239,435,238
382,378,379,378,378,379,379,380,382,381,385,380,386,379,385,378,382,378
497,339,493,339,493,340,494,341,497,342,500,341,502,340,500,339,497,339
471,154,468,154,466,153,465,151,462,151,459,151,457,153,457,154,457,154,457,156,459,157,462,157,465,158,466,159,468,160,471,161,474,160,475,159,475,157,475,157,475,156,474,155,471,154
453,144,450,144,448,143,447,142,444,141,441,141,440,140,438,139,435,138,432,137,431,136,431,135,431,135,431,133,429,132,426,131,422,131,422,131,417,131,414,132,413,133,413,135,413,135,413,136,413,138,413,138,413,140,412,141,409,141,406,142,404,143,406,144,409,144,413,144,413,144,417,144,420,145,422,146,422,148,422,148,422,149,423,150,426,151,431,151,431,151,435,151,440,151,440,151,444,151,447,150,448,149,450,148,453,148,456,147,457,146,456,145,453,144
444,99,441,100,440,101,440,102,440,102,440,104,440,106,440,106,440,107,441,108,444,109,447,108,448,107,448,106,448,106,448,104,448,102,448,102,448,101,447,100,444,99
435,86,431,86,431,88,431,89,431,89,431,91,432,92,435,93,438,92,440,91,440,89,440,89,440,88,438,87,435,86
426,83,423,83,422,85,423,86,426,86,431,86,431,85,429,83,426,83
373,109,369,109,369,110,370,111,373,112,376,111,378,110,376,109,373,109
364,99,361,100,360,101,360,102,360,102,360,104,360,106,360,106,360,107,361,108,364,109,369,109,369,107,369,106,369,106,369,104,369,102,369,102,369,101,367,100,364,99
258,465,255,466,254,467,254,468,258,468,261,468,262,467,261,466,258,465
81,423,78,424,76,425,76,426,81,426,84,426,85,425,84,424,81,423
72,426,68,426,68,426,63,426,60,427,59,428,60,429,63,430,68,430,68,430,72,430,75,429,76,428,76,426,72,426
267,41,262,41,262,42,264,43,267,44,270,43,271,42,271,41,267,41
