10,206,13,207,14,208,14,209,14,209,14,211,16,212,19,212,22,213,23,214,23,216,23,216,23,217,25,218,28,219,32,219,32,219,37,219,40,219,41,221,42,222,45,222,50,222,50,221,50,219,50,219,50,217,50,216,50,216,50,214,50,212,50,212,50,211,50,209,50,209,50,208,50,206,50,206,50,204,50,203,50,203,50,201,48,200,45,200,42,199,41,198,40,197,37,196,34,196,32,195,32,193,32,193,32,191,32,190,32,190,32,188,31,187,28,187,25,186,23,185,22,184,19,183,14,183,14,183,10,183,10,206
59,470,60,469,63,468,68,468,68,468,72,468,75,468,76,467,76,465,76,465,76,464,75,462,72,462,69,461,68,460,68,459,68,459,68,457,66,456,63,455,59,455,59,455,54,455,51,456,50,457,50,459,50,459,50,460,50,462,50,462,50,464,50,465,50,465,50,467,50,468,50,468,50,470,59,470
630,245,627,244,626,243,624,242,621,242,618,241,617,240,617,238,617,238,617,237,617,235,617,235,617,234,615,232,612,232,609,231,608,230,608,229,608,229,608,227,608,225,608,225,608,224,608,222,608,222,608,221,608,219,608,219,608,217,606,216,603,216,600,215,599,214,599,212,599,212,599,211,598,210,595,209,592,209,590,208,590,206,590,206,590,204,590,203,590,203,590,201,589,200,586,200,583,199,581,198,583,197,586,196,589,196,590,195,590,193,590,193,590,191,589,190,586,190,583,189,581,188,581,187,581,187,581,185,580,184,577,183,574,183,572,182,572,180,572,180,572,178,571,177,568,177,564,177,564,177,559,177,555,177,555,177,550,177,547,177,546,178,544,180,541,180,537,180,537,180,533,180,528,180,528,180,524,180,521,180,519,178,518,177,515,177,512,176,510,175,510,174,510,174,510,172,509,171,506,170,502,170,502,170,497,170,493,170,493,170,488,170,484,170,484,170,479,170,475,170,475,170,471,170,468,171,466,172,465,173,462,174,457,174,457,174,453,174,450,174,448,175,448,177,448,177,448,178,448,180,448,180,448,182,447,183,444,183,440,183,440,183,435,183,432,184,431,185,429,186,426,187,423,187,422,188,420,189,417,190,413,190,413,190,409,190,404,190,404,190,400,190,397,190,395,191,395,193,395,193,395,195,394,196,391,196,388,197,386,198,385,199,382,200,379,200,378,201,376,202,373,203,370,203,369,204,369,206,369,206,369,208,370,209,373,209,378,209,378,209,382,209,385,209,386,208,388,207,391,206,395,206,395,206,400,206,404,206,404,206,409,206,413,206,413,206,417,206,422,206,422,206,426,206,429,205,431,204,432,203,435,203,438,203,440,204,441,205,444,206,448,206,448,206,453,206,456,207,457,208,459,209,462,209,465,210,466,211,468,212,471,212,475,212,475,212,479,212,484,212,484,212,488,212,491,213,493,214,494,215,497,216,500,216,502,217,502,219,502,219,502,221,502,222,502,222,502,224,503,225,506,225,510,225,510,225,515,225,519,225,519,225,524,225,528,225,528,225,533,225,537,225,537,225,541,225,544,226,546,227,547,228,550,229,553,229,555,230,555,232,555,232,555,234,556,235,559,235,562,236,564,237,564,238,564,238,564,240,564,242,564,242,564,243,565,244,568,245,571,245,572,246,572,248,572,248,572,250,574,251,577,251,580,252,581,253,581,255,581,255,581,256,583,257,586,258,589,258,590,259,592,261,595,261,598,262,599,263,599,264,599,264,599,266,600,267,603,268,606,268,608,269,609,270,612,271,615,271,617,272,618,273,621,274,624,275,626,276,626,277,626,277,626,279,627,280,630,280,630,245
612,141,609,142,608,143,608,144,612,144,615,144,617,143,615,142,612,141
603,144,599,144,599,144,595,144,592,145,590,146,590,148,595,148,599,148,599,148,603,148,606,147,608,146,608,144,603,144
586,148,583,147,581,146,580,145,577,144,574,144,572,143,572,141,572,141,572,140,572,138,568,138,565,137,564,136,562,135,559,135,556,135,555,136,553,137,550,138,547,139,546,140,546,141,546,141,546,143,546,144,546,144,546,146,546,148,546,148,546,149,546,151,546,151,546,153,546,154,546,154,546,156,544,157,541,157,538,158,537,159,538,160,541,161,546,161,546,161,550,161,555,161,555,161,559,161,564,161,564,161,568,161,571,160,572,159,574,158,577,157,580,157,581,156,581,154,581,154,581,153,583,151,586,151,589,150,590,149,590,148,586,148
577,135,574,135,572,136,572,138,577,138,580,137,581,136,580,135,577,135
462,361,459,362,457,363,459,364,462,365,465,364,466,363,465,362,462,361
382,248,379,248,378,246,376,245,373,245,370,244,369,243,367,242,364,242,361,242,360,243,360,245,360,245,360,246,360,248,360,248,360,250,361,251,364,251,369,251,369,251,373,251,378,251,378,251,382,251,385,251,386,250,385,249,382,248
276,303,273,303,271,302,271,300,271,300,271,298,271,297,271,297,271,295,271,293,271,293,271,292,271,290,271,290,271,289,270,288,267,287,264,286,262,285,261,284,258,284,255,283,254,282,252,281,249,280,246,280,245,279,243,278,240,277,236,277,236,277,231,277,228,278,227,279,226,280,223,280,218,280,218,280,214,280,211,280,209,279,208,278,205,277,202,277,200,276,199,275,196,274,193,275,192,276,190,277,187,277,184,277,183,276,183,274,183,274,183,272,183,271,183,271,183,269,183,268,183,268,183,266,181,265,178,264,175,264,174,263,174,261,174,261,174,259,172,258,169,258,165,258,165,258,161,258,158,258,156,259,155,261,152,261,147,261,147,261,143,261,138,261,138,261,134,261,130,261,130,261,125,261,122,262,121,263,119,264,116,264,113,265,112,266,113,267,116,268,119,268,121,269,121,271,121,271,121,272,121,274,121,274,121,276,122,277,125,277,128,278,130,279,131,280,134,280,137,281,138,282,140,283,143,284,146,284,147,285,147,287,147,287,147,289,149,290,152,290,155,291,156,292,156,293,156,293,156,295,156,297,156,297,156,298,158,299,161,300,165,300,165,300,169,300,172,300,174,302,175,303,178,303,183,303,183,303,187,303,190,304,192,305,193,306,196,306,199,307,200,308,202,309,205,310,209,310,209,310,214,310,217,310,218,311,218,313,218,313,218,315,220,316,223,316,226,317,227,318,228,319,231,319,234,320,236,321,237,322,240,323,243,323,245,324,246,325,249,326,254,326,254,326,258,326,261,325,262,324,264,323,267,323,270,322,271,321,271,319,271,319,271,318,271,316,271,316,271,315,271,313,271,313,271,311,273,310,276,310,279,309,280,308,280,306,280,306,280,305,279,304,276,303
107,465,104,466,103,467,104,468,107,468,110,468,112,467,110,466,107,465
63,225,60,225,59,224,57,223,54,222,50,222,50,224,50,225,50,225,50,227,51,228,54,229,57,229,59,230,60,231,63,232,66,231,68,230,68,229,68,229,68,227,66,226,63,225
