630,261,626,261,626,263,626,264,626,264,626,266,627,267,630,268,630,261
621,251,618,252,617,253,617,255,617,255,617,256,617,258,617,258,617,259,618,261,621,261,626,261,626,259,626,258,626,258,626,256,626,255,626,255,626,253,624,252,621,251
550,433,547,432,546,431,546,430,546,430,546,428,546,426,546,426,546,425,546,423,546,423,546,421,546,420,546,420,546,418,546,417,546,417,546,415,544,414,541,413,538,414,537,415,536,416,533,417,530,417,528,418,528,420,528,420,528,421,528,423,528,423,528,425,528,426,528,426,528,428,528,430,528,430,528,431,527,432,524,433,521,433,519,434,519,436,519,436,519,438,519,439,519,439,519,441,519,442,519,442,519,444,521,445,524,446,528,446,528,446,533,446,536,445,537,444,538,443,541,442,544,442,546,441,546,439,546,439,546,438,547,437,550,436,553,435,555,434,553,433,550,433
515,219,512,219,510,221,512,222,515,222,518,222,519,221,518,219,515,219
506,196,503,196,502,195,502,193,502,193,502,191,502,190,502,190,502,188,502,187,502,187,502,185,502,183,502,183,502,182,502,180,502,180,502,178,502,177,502,177,502,175,500,174,497,174,494,173,493,172,491,171,488,170,484,170,484,170,479,170,475,170,475,170,471,170,468,170,466,169,465,168,462,167,457,167,457,167,453,167,450,168,448,169,448,170,448,170,448,172,447,173,444,174,441,174,440,175,441,176,444,177,447,177,448,178,448,180,448,180,448,182,447,183,444,183,441,184,440,185,438,186,435,187,432,187,431,188,431,190,431,190,431,191,432,192,435,193,438,194,440,195,440,196,440,196,440,198,440,200,440,200,440,201,441,202,444,203,447,203,448,204,448,206,448,206,448,208,450,209,453,209,456,210,457,211,459,212,462,212,465,212,466,211,466,209,466,209,466,208,468,207,471,206,475,206,475,206,479,206,482,205,484,204,485,203,488,203,491,202,493,201,494,200,497,200,502,200,502,200,506,200,509,199,510,198,509,197,506,196
462,151,459,150,457,149,456,148,453,148,450,147,448,146,448,144,448,144,448,143,447,142,444,141,441,141,440,140,438,139,435,138,432,137,431,136,429,135,426,135,423,134,422,133,420,132,417,131,414,131,413,130,412,129,409,128,404,128,404,128,400,128,397,129,395,130,395,131,395,131,395,133,397,134,400,135,403,135,404,136,404,138,404,138,404,140,404,141,404,141,404,143,406,144,409,144,412,145,413,146,414,147,417,148,422,148,422,148,426,148,429,148,431,149,432,150,435,151,438,151,440,153,441,154,444,154,448,154,448,154,453,154,456,155,457,156,459,157,462,157,465,157,466,156,466,154,466,154,466,153,465,151,462,151
409,157,406,158,404,159,403,160,400,161,395,161,395,161,391,161,388,160,386,159,385,158,382,157,379,157,378,156,376,155,373,154,370,154,369,153,367,151,364,151,361,150,360,149,360,148,360,148,360,146,360,144,360,144,360,143,358,142,355,141,351,141,351,141,347,141,344,141,342,140,341,139,338,138,335,137,333,136,332,135,329,135,326,134,324,133,326,132,329,131,333,131,333,131,338,131,341,132,342,133,344,134,347,135,351,135,351,135,355,135,358,134,360,133,360,131,360,131,360,130,358,129,355,128,352,128,351,127,351,125,351,125,351,123,350,122,347,122,344,122,342,123,341,124,338,125,333,125,333,125,329,125,326,124,324,123,323,122,320,122,316,122,316,122,311,122,308,121,307,120,307,119,307,119,307,117,305,116,302,115,299,115,298,114,296,113,293,112,290,112,289,110,289,109,289,109,289,107,288,106,285,106,282,105,280,104,279,103,276,102,273,102,271,101,271,99,271,99,271,97,270,96,267,96,264,95,262,94,261,93,258,93,255,92,254,91,252,90,249,89,246,89,245,88,245,86,245,86,245,85,245,83,245,83,245,81,245,80,245,80,245,78,246,77,249,76,252,76,254,75,254,73,254,73,254,72,254,70,254,70,254,68,252,67,249,67,246,66,245,65,243,64,240,63,236,63,236,63,231,63,228,63,227,62,226,61,223,60,220,60,218,59,217,58,214,57,211,56,209,55,209,54,209,54,209,52,208,51,205,50,202,50,200,49,199,48,196,47,193,47,192,46,192,44,192,44,192,42,192,41,192,41,192,39,190,38,187,38,184,37,183,36,181,35,178,34,174,34,174,34,169,34,165,34,165,34,161,34,158,34,156,33,155,32,152,31,147,31,147,31,143,31,138,31,138,31,134,31,131,32,130,33,131,34,134,34,137,35,138,36,140,37,143,38,146,38,147,39,149,40,152,41,155,41,156,42,156,44,156,44,156,46,156,47,156,47,156,49,158,50,161,50,164,51,165,52,166,53,169,54,172,54,174,55,175,56,178,57,181,58,183,59,184,60,187,60,190,61,192,62,192,63,192,63,192,65,190,66,187,67,184,67,183,68,183,70,183,70,183,72,183,73,183,73,183,75,183,76,183,76,183,78,183,80,183,80,183,81,183,83,183,83,183,85,183,86,183,86,183,88,184,89,187,89,190,90,192,91,192,93,192,93,192,94,193,95,196,96,199,96,200,97,202,99,205,99,208,100,209,101,211,102,214,102,217,103,218,104,218,106,218,106,218,107,220,108,223,109,226,109,227,110,227,112,227,112,227,114,228,115,231,115,234,116,236,117,236,119,236,119,236,120,236,122,236,122,236,123,237,124,240,125,243,126,245,127,245,128,245,128,245,130,246,131,249,131,252,132,254,133,255,134,258,135,261,135,262,136,262,138,262,138,262,140,264,141,267,141,271,141,271,141,276,141,279,142,280,143,282,144,285,144,288,145,289,146,290,147,293,148,296,148,298,149,299,150,302,151,305,151,307,153,308,154,311,154,314,155,316,156,317,157,320,157,323,157,324,156,324,154,324,154,324,153,326,151,329,151,332,151,333,153,333,154,333,154,333,156,335,157,338,157,342,157,342,157,347,157,351,157,351,157,355,157,360,157,360,157,364,157,367,158,369,159,370,160,373,161,376,161,378,162,378,164,378,164,378,165,379,167,382,167,385,168,386,169,385,170,382,170,379,171,378,172,378,174,378,174,378,175,379,176,382,177,385,177,386,178,388,180,391,180,395,180,395,180,400,180,404,180,404,180,409,180,412,180,413,178,412,177,409,177,404,177,404,177,400,177,397,176,395,175,395,174,395,174,395,172,397,171,400,170,404,170,404,170,409,170,412,170,413,169,413,167,413,167,413,165,413,164,413,164,413,162,413,161,413,161,413,159,412,158,409,157
391,141,388,142,386,143,388,144,391,144,394,144,395,143,394,142,391,141
382,128,379,129,378,130,379,131,382,131,385,131,386,130,385,129,382,128
302,404,299,404,298,405,299,406,302,407,305,406,307,405,305,404,302,404
293,212,290,212,289,211,289,209,289,209,289,208,289,206,289,206,289,204,289,203,289,203,289,201,288,200,285,200,282,199,280,198,279,197,276,196,273,196,271,195,270,194,267,193,264,192,262,191,262,190,262,190,262,188,261,187,258,187,255,186,254,185,254,183,254,183,254,182,252,181,249,180,246,180,245,178,243,177,240,177,237,176,236,175,236,174,236,174,236,172,236,170,236,170,236,169,234,168,231,167,228,167,227,165,226,164,223,164,220,163,218,162,218,161,218,161,218,159,217,158,214,157,211,157,209,156,208,155,205,154,202,154,200,153,199,151,196,151,193,150,192,149,192,148,192,148,192,146,190,145,187,144,183,144,183,144,178,144,175,145,174,146,174,148,174,148,174,149,174,151,174,151,174,153,174,154,174,154,174,156,174,157,174,157,174,159,174,161,174,161,174,162,174,164,174,164,174,165,174,167,174,167,174,169,172,170,169,170,166,171,165,172,166,173,169,174,172,174,174,175,172,176,169,177,166,177,165,178,165,180,165,180,165,182,166,183,169,183,172,184,174,185,175,186,178,187,181,187,183,188,184,189,187,190,190,190,192,191,192,193,192,193,192,195,192,196,192,196,192,198,192,200,192,200,192,201,193,202,196,203,199,203,200,204,202,205,205,206,208,207,209,208,211,209,214,209,217,210,218,211,218,212,218,212,218,214,217,215,214,216,211,216,209,217,209,219,209,219,209,221,211,222,214,222,217,223,218,224,218,225,218,225,218,227,220,228,223,229,226,229,227,230,228,231,231,232,236,232,236,232,240,232,245,232,245,232,249,232,252,232,254,234,255,235,258,235,262,235,262,235,267,235,271,235,271,234,271,232,271,232,271,230,273,229,276,229,279,228,280,227,280,225,280,225,280,224,282,223,285,222,288,222,289,221,290,219,293,219,296,218,298,217,298,216,298,216,298,214,296,213,293,212
293,235,289,235,289,235,285,235,280,235,280,235,276,235,271,235,271,237,271,238,271,238,271,240,273,241,276,242,279,242,280,243,282,244,285,245,288,244,289,243,289,242,289,242,289,240,290,239,293,238,296,238,298,237,296,236,293,235
