630,248,627,248,626,246,626,245,626,245,626,243,624,242,621,242,618,241,617,240,617,238,617,238,617,237,615,236,612,235,608,235,608,235,603,235,600,236,599,237,599,238,599,238,599,240,599,242,599,242,599,243,598,244,595,245,592,244,590,243,589,242,586,242,581,242,581,243,581,245,581,245,581,246,583,248,586,248,589,249,590,250,590,251,590,251,590,253,590,255,590,255,590,256,592,257,595,258,598,258,599,259,599,261,599,261,599,263,599,264,599,264,599,266,600,267,603,268,606,267,608,266,608,264,608,264,608,263,609,262,612,261,617,261,617,261,621,261,624,262,626,263,627,264,630,264,630,248
577,209,574,209,572,208,572,206,572,206,572,204,572,203,572,203,572,201,571,200,568,200,565,199,564,198,562,197,559,196,556,196,555,195,555,193,555,193,555,191,553,190,550,190,546,190,546,190,541,190,537,190,537,190,533,190,530,189,528,188,527,187,524,187,519,187,519,187,515,187,512,186,510,185,510,183,510,183,510,182,509,181,506,180,503,180,502,178,502,177,502,177,502,175,500,174,497,174,493,174,493,174,488,174,485,173,484,172,482,171,479,170,476,171,475,172,474,173,471,174,468,173,466,172,465,171,462,170,457,170,457,170,453,170,450,171,448,172,447,173,444,174,441,174,440,175,441,176,444,177,447,177,448,178,448,180,448,180,448,182,447,183,444,183,440,183,440,183,435,183,432,184,431,185,429,186,426,187,423,187,422,188,420,189,417,190,413,190,413,190,409,190,406,189,404,188,403,187,400,187,397,187,395,188,394,189,391,190,388,190,386,191,385,192,382,193,379,194,378,195,379,196,382,196,385,197,386,198,388,199,391,200,395,200,395,200,400,200,404,200,404,200,409,200,413,200,413,200,417,200,420,200,422,201,423,202,426,203,431,203,431,203,435,203,440,203,440,203,444,203,447,203,448,204,450,205,453,206,457,206,457,206,462,206,466,206,466,206,471,206,474,207,475,208,476,209,479,209,482,210,484,211,485,212,488,212,491,213,493,214,494,215,497,216,500,216,502,217,503,218,506,219,509,219,510,221,512,222,515,222,518,223,519,224,519,225,519,225,519,227,521,228,524,229,527,229,528,230,530,231,533,232,536,232,537,234,538,235,541,235,544,236,546,237,546,238,546,238,546,240,547,241,550,242,555,242,555,242,559,242,564,242,564,242,568,242,572,242,572,242,577,242,581,242,581,240,581,238,581,238,581,237,581,235,581,235,581,234,581,232,581,232,581,230,581,229,581,229,581,227,581,225,581,225,581,224,580,223,577,222,574,222,572,221,572,219,572,219,572,217,574,216,577,216,580,215,581,214,581,212,581,212,581,211,580,210,577,209
391,177,386,177,386,177,382,177,379,177,378,178,379,180,382,180,386,180,386,180,391,180,394,180,395,178,394,177,391,177
373,148,370,148,369,149,370,150,373,151,376,150,378,149,376,148,373,148
347,271,344,270,342,269,341,268,338,268,335,267,333,266,333,264,333,264,333,263,333,261,333,261,333,259,333,258,333,258,333,256,333,255,333,255,333,253,333,251,333,251,333,250,333,248,333,248,333,246,332,245,329,245,326,244,324,243,323,242,320,242,317,241,316,240,314,239,311,238,308,238,307,237,305,236,302,235,299,236,298,237,296,238,293,238,289,238,289,238,285,238,282,239,280,240,280,242,280,242,280,243,282,244,285,245,288,245,289,246,289,248,289,248,289,250,290,251,293,251,296,252,298,253,298,255,298,255,298,256,296,257,293,258,290,258,289,259,290,261,293,261,296,262,298,263,298,264,298,264,298,266,298,268,298,268,298,269,299,270,302,271,305,271,307,272,308,273,311,274,316,274,316,274,320,274,323,275,324,276,326,277,329,277,333,277,333,277,338,277,341,277,342,276,344,275,347,274,350,273,351,272,350,271,347,271
187,238,183,238,183,238,178,238,175,239,174,240,174,242,174,242,174,243,175,244,178,245,183,245,183,245,187,245,190,244,192,243,192,242,192,242,192,240,190,239,187,238
152,245,149,244,147,243,146,242,143,242,138,242,138,242,134,242,130,242,130,242,125,242,121,242,121,242,116,242,112,242,112,242,107,242,103,242,103,242,99,242,94,242,94,243,96,244,99,245,102,245,103,246,104,248,107,248,110,249,112,250,113,251,116,251,119,252,121,253,122,254,125,255,128,255,130,256,131,257,134,258,137,257,138,256,140,255,143,255,147,255,147,255,152,255,155,254,156,253,156,251,156,251,156,250,156,248,156,248,156,246,155,245,152,245
107,465,103,465,103,467,104,468,107,468,110,468,112,467,110,466,107,465
99,225,94,225,94,225,90,225,85,225,85,227,87,228,90,229,93,229,94,230,96,231,99,232,102,231,103,230,103,229,103,229,103,227,102,226,99,225
99,462,96,462,94,464,96,465,99,465,103,465,103,464,102,462,99,462
90,238,85,238,85,240,87,241,90,242,94,242,94,240,93,239,90,238
81,219,78,218,76,217,75,216,72,216,69,216,68,217,68,219,68,219,68,221,69,222,72,222,75,223,76,224,78,225,81,225,85,225,85,224,85,222,85,222,85,221,84,219,81,219
81,235,78,236,76,237,78,238,81,238,85,238,85,237,84,236,81,235
72,229,68,229,68,230,69,231,72,232,75,231,76,230,75,229,72,229
63,225,60,226,59,227,60,228,63,229,68,229,68,227,66,226,63,225
19,193,16,194,14,195,16,196,19,196,22,196,23,195,22,194,19,193
