10,212,14,212,14,211,13,210,10,209,10,212
59,470,59,468,59,468,59,467,60,466,63,465,68,465,68,464,66,462,63,462,59,462,59,462,54,462,51,462,50,464,50,465,50,465,50,467,48,468,45,468,42,469,41,470,59,470
76,470,76,468,76,468,76,467,75,466,72,465,68,465,68,467,68,468,68,468,68,470,76,470
630,245,627,244,626,243,624,242,621,242,618,241,617,240,615,239,612,238,609,238,608,237,608,235,608,235,608,234,608,232,608,232,608,230,608,229,608,229,608,227,609,226,612,225,615,225,617,224,617,222,617,222,617,221,618,219,621,219,626,219,626,219,630,219,630,170,626,170,626,170,621,170,617,170,617,170,612,170,608,170,608,170,603,170,600,170,599,169,598,168,595,167,592,167,590,165,589,164,586,164,583,163,581,162,583,161,586,161,590,161,590,161,595,161,598,160,599,159,599,157,599,157,599,156,598,155,595,154,592,154,590,153,589,151,586,151,581,151,581,151,577,151,572,151,572,151,568,151,564,151,564,151,559,151,555,151,555,151,550,151,547,151,546,153,544,154,541,154,538,155,537,156,536,157,533,157,530,158,528,159,527,160,524,161,521,161,519,162,519,164,519,164,519,165,518,167,515,167,512,168,510,169,509,170,506,170,502,170,502,170,497,170,494,170,493,169,491,168,488,167,485,168,484,169,482,170,479,170,475,170,475,170,471,170,466,170,466,170,462,170,459,171,457,172,456,173,453,174,448,174,448,174,444,174,441,174,440,175,440,177,440,177,440,178,441,180,444,180,447,181,448,182,447,183,444,183,440,183,440,183,435,183,432,184,431,185,429,186,426,187,423,187,422,188,420,189,417,190,414,190,413,191,412,192,409,193,406,194,404,195,403,196,400,196,395,196,395,196,391,196,388,197,386,198,386,200,386,200,386,201,385,202,382,203,379,203,378,204,378,206,378,206,378,208,376,209,373,209,370,210,369,211,369,212,369,212,369,214,367,215,364,216,361,216,360,217,360,219,360,219,360,221,360,222,360,222,360,224,358,225,355,225,352,226,351,227,351,229,351,229,351,230,351,232,351,232,351,234,351,235,351,235,351,237,351,238,351,238,351,240,351,242,351,242,351,243,352,244,355,245,358,245,360,246,360,248,360,248,360,250,360,251,360,251,360,253,360,255,360,255,360,256,360,258,360,258,360,259,360,261,360,261,360,263,360,264,360,264,360,266,361,267,364,268,367,268,369,269,370,270,373,271,376,271,378,272,379,273,382,274,385,275,386,276,388,277,391,277,394,278,395,279,397,280,400,280,403,281,404,282,406,283,409,284,412,284,413,285,414,286,417,287,422,287,422,287,426,287,431,287,431,287,435,287,438,286,440,285,440,284,440,284,440,282,440,280,440,280,440,279,440,277,440,277,440,276,441,275,444,274,447,273,448,272,447,271,444,271,441,270,440,269,440,268,440,268,440,266,440,264,440,264,440,263,440,261,440,261,440,259,438,258,435,258,432,257,431,256,429,255,426,255,423,254,422,253,422,251,422,251,422,250,420,249,417,248,414,248,413,246,413,245,413,245,413,243,413,242,413,242,413,240,413,238,413,238,413,237,413,235,413,235,413,234,413,232,413,232,413,230,413,229,413,229,413,227,413,225,413,225,413,224,414,223,417,222,420,222,422,221,422,219,422,219,422,217,422,216,422,216,422,214,423,213,426,212,429,213,431,214,432,215,435,216,438,215,440,214,440,212,440,212,440,211,441,210,444,209,447,210,448,211,450,212,453,212,457,212,457,212,462,212,466,212,466,212,471,212,475,212,475,212,479,212,484,212,484,212,488,212,491,213,493,214,494,215,497,216,500,216,502,217,503,218,506,219,510,219,510,219,515,219,519,219,519,219,524,219,528,219,528,219,533,219,536,219,537,221,538,222,541,222,544,223,546,224,547,225,550,225,553,226,555,227,556,228,559,229,562,229,564,230,564,232,564,232,564,234,565,235,568,235,571,236,572,237,572,238,572,238,572,240,574,241,577,242,580,242,581,243,581,245,581,245,581,246,581,248,581,248,581,250,583,251,586,251,589,252,590,253,590,255,590,255,590,256,592,257,595,258,598,258,599,259,600,261,603,261,606,262,608,263,609,264,612,264,615,265,617,266,618,267,621,268,626,268,626,268,630,268,630,245
400,144,395,144,395,144,391,144,386,144,386,144,382,144,378,144,378,144,373,144,370,145,369,146,369,148,369,148,369,149,370,150,373,151,376,151,378,153,379,154,382,154,385,154,386,153,388,151,391,151,394,150,395,149,397,148,400,148,403,147,404,146,403,145,400,144
364,135,360,135,360,135,355,135,352,135,351,136,352,137,355,138,360,138,360,138,364,138,367,137,369,136,367,135,364,135
329,342,326,342,324,340,324,339,324,339,324,337,323,336,320,336,317,335,316,334,314,333,311,332,308,333,307,334,307,336,307,336,307,337,305,338,302,339,298,339,298,339,293,339,290,339,289,340,289,342,289,342,289,344,288,345,285,345,282,346,280,347,280,349,280,349,280,350,280,352,280,352,280,353,282,354,285,355,289,355,289,355,293,355,296,356,298,357,299,358,302,358,307,358,307,358,311,358,316,358,316,358,320,358,323,358,324,357,326,356,329,355,332,354,333,353,333,352,333,352,333,350,333,349,333,349,333,347,333,345,333,345,333,344,332,343,329,342
258,313,255,312,254,311,254,310,254,310,254,308,254,306,254,306,254,305,252,304,249,303,246,303,245,302,243,300,240,300,237,299,236,298,234,297,231,297,228,297,227,298,227,300,227,300,227,302,227,303,227,303,227,305,226,306,223,306,218,306,218,306,214,306,211,306,209,305,208,304,205,303,202,303,200,302,199,300,196,300,193,299,192,298,190,297,187,297,183,297,183,297,178,297,175,297,174,298,175,299,178,300,181,300,183,302,183,303,183,303,183,305,184,306,187,306,190,307,192,308,193,309,196,310,199,310,200,311,202,312,205,313,208,313,209,315,211,316,214,316,217,317,218,318,220,319,223,319,226,320,227,321,228,322,231,323,234,323,236,324,237,325,240,326,243,326,245,327,246,329,249,329,254,329,254,329,258,329,261,329,262,327,262,326,262,326,262,324,262,323,262,323,262,321,262,319,262,319,262,318,262,316,262,316,262,315,261,313,258,313
223,284,220,284,218,285,220,286,223,287,226,286,227,285,226,284,223,284
178,255,174,255,174,256,175,257,178,258,181,257,183,256,181,255,178,255
169,251,166,252,165,253,166,254,169,255,174,255,174,253,172,252,169,251
169,290,166,291,165,292,166,293,169,293,172,293,174,292,172,291,169,290
152,261,149,261,147,259,147,258,147,258,147,256,146,255,143,255,140,254,138,253,137,252,134,251,130,251,130,251,125,251,122,251,121,250,119,249,116,248,112,248,112,248,107,248,103,248,103,248,99,248,96,249,94,250,94,251,94,251,94,253,96,254,99,255,102,255,103,256,103,258,103,258,103,259,103,261,103,261,103,263,104,264,107,264,110,265,112,266,113,267,116,268,119,268,121,269,122,270,125,271,128,271,130,272,131,273,134,274,137,275,138,276,140,277,143,277,146,277,147,276,147,274,147,274,147,272,147,271,147,271,147,269,147,268,147,268,147,266,149,265,152,264,155,264,156,263,155,262,152,261
99,465,96,466,94,467,96,468,99,468,102,468,103,467,102,466,99,465
90,238,85,238,85,240,87,241,90,242,93,241,94,240,93,239,90,238
81,235,78,235,76,234,75,232,72,232,68,232,68,232,63,232,59,232,59,232,54,232,51,232,50,234,51,235,54,235,57,236,59,237,60,238,63,238,68,238,68,238,72,238,76,238,76,238,81,238,85,238,85,237,84,236,81,235
19,212,14,212,14,214,16,215,19,216,22,215,23,214,22,213,19,212
