630,248,627,248,626,246,626,245,626,245,626,243,624,242,621,242,618,241,617,240,617,238,617,238,617,237,615,236,612,235,609,235,608,234,606,232,603,232,600,232,599,234,598,235,595,235,592,235,590,234,590,232,590,232,590,230,589,229,586,229,583,228,581,227,581,225,581,225,581,224,580,223,577,222,574,222,572,221,572,219,572,219,572,217,574,216,577,216,580,215,581,214,581,212,581,212,581,211,581,209,581,209,581,208,580,207,577,206,574,205,572,204,572,203,572,203,572,201,571,200,568,200,565,199,564,198,564,196,564,196,564,195,562,194,559,193,556,192,555,191,553,190,550,190,547,189,546,188,544,187,541,187,537,187,537,187,533,187,528,187,528,187,524,187,519,187,519,187,515,187,512,186,510,185,510,183,510,183,510,182,509,181,506,180,503,180,502,178,502,177,502,177,502,175,500,174,497,174,493,174,493,174,488,174,485,173,484,172,482,171,479,170,476,171,475,172,474,173,471,174,468,173,466,172,465,171,462,170,457,170,457,170,453,170,450,171,448,172,448,174,448,174,448,175,448,177,448,177,448,178,448,180,448,180,448,182,447,183,444,183,440,183,440,183,435,183,432,184,431,185,429,186,426,187,423,187,422,188,420,189,417,190,413,190,413,190,409,190,406,189,404,188,403,187,400,187,397,187,395,188,394,189,391,190,388,190,386,191,386,193,386,193,386,195,386,196,386,196,386,198,388,199,391,200,394,200,395,201,397,202,400,203,404,203,404,203,409,203,413,203,413,203,417,203,422,203,422,203,426,203,431,203,431,203,435,203,440,203,440,203,444,203,447,203,448,204,450,205,453,206,457,206,457,206,462,206,466,206,466,206,471,206,474,207,475,208,476,209,479,209,482,210,484,211,485,212,488,212,491,213,493,214,494,215,497,216,500,216,502,217,503,218,506,219,509,219,510,221,512,222,515,222,518,223,519,224,519,225,519,225,519,227,521,228,524,229,527,229,528,230,530,231,533,232,536,232,537,234,538,235,541,235,544,236,546,237,547,238,550,238,553,239,555,240,556,241,559,242,562,242,564,243,565,244,568,245,571,245,572,246,572,248,572,248,572,250,574,251,577,251,580,252,581,253,581,255,581,255,581,256,583,257,586,258,589,258,590,259,590,261,590,261,590,263,592,264,595,264,598,265,599,266,599,268,599,268,599,269,600,270,603,271,606,271,608,272,609,273,612,274,615,273,617,272,617,271,617,271,617,269,617,268,617,268,617,266,618,265,621,264,624,265,626,266,627,267,630,268,630,248
338,268,335,267,333,266,333,264,333,264,333,263,333,261,333,261,333,259,333,258,333,258,333,256,333,255,333,255,333,253,332,252,329,251,326,251,324,250,323,249,320,248,316,248,316,248,311,248,308,248,307,246,305,245,302,245,298,245,298,245,293,245,290,245,289,246,290,248,293,248,296,249,298,250,299,251,302,251,305,252,307,253,307,255,307,255,307,256,307,258,307,258,307,259,305,261,302,261,299,262,298,263,298,264,298,264,298,266,298,268,298,268,298,269,299,270,302,271,305,271,307,272,308,273,311,274,316,274,316,274,320,274,323,275,324,276,326,277,329,277,333,277,333,277,338,277,341,277,342,276,342,274,342,274,342,272,342,271,342,271,342,269,341,268,338,268
285,238,282,239,280,240,282,241,285,242,288,241,289,240,288,239,285,238
223,261,220,262,218,263,220,264,223,264,226,264,227,263,226,262,223,261
205,271,202,270,200,269,199,268,196,268,193,268,192,269,192,271,192,271,192,272,192,274,192,274,192,276,193,277,196,277,199,277,200,276,202,275,205,274,208,273,209,272,208,271,205,271
187,238,183,238,183,238,178,238,175,239,174,240,175,241,178,242,183,242,183,242,187,242,190,241,192,240,190,239,187,238
152,245,149,244,147,243,146,242,143,242,138,242,138,242,134,242,130,242,130,242,125,242,121,242,121,242,116,242,112,242,112,242,107,242,103,242,103,242,99,242,94,242,94,243,96,244,99,245,102,245,103,246,103,248,103,248,103,250,104,251,107,251,110,252,112,253,113,254,116,255,119,255,121,256,122,257,125,258,128,258,130,259,131,261,134,261,137,261,138,259,140,258,143,258,147,258,147,258,152,258,155,257,156,256,156,255,156,255,156,253,156,251,156,251,156,250,156,248,156,248,156,246,155,245,152,245
107,465,103,465,103,467,104,468,107,468,110,468,112,467,110,466,107,465
99,225,94,225,94,225,90,225,87,226,85,227,87,228,90,229,94,229,94,229,99,229,102,228,103,227,102,226,99,225
99,462,96,462,94,464,96,465,99,465,103,465,103,464,102,462,99,462
90,238,85,238,85,240,87,241,90,242,94,242,94,240,93,239,90,238
81,235,78,236,76,237,78,238,81,238,85,238,85,237,84,236,81,235
72,229,69,229,68,230,69,231,72,232,75,231,76,230,75,229,72,229
19,193,16,194,14,195,16,196,19,196,22,196,23,195,22,194,19,193
