10,193,14,193,14,191,13,190,10,190,10,193
630,251,627,251,626,250,626,248,626,248,626,246,624,245,621,245,618,244,617,243,617,242,617,242,617,240,615,239,612,238,609,239,608,240,608,242,608,242,608,243,608,245,608,245,608,246,608,248,608,248,608,250,608,251,608,251,608,253,609,254,612,255,615,255,617,256,618,257,621,258,626,258,626,258,630,258,630,251
568,219,565,218,564,217,564,216,564,216,564,214,564,212,564,212,564,211,564,209,564,209,564,208,564,206,564,206,564,204,564,203,564,203,564,201,562,200,559,200,556,199,555,198,555,196,555,196,555,195,553,194,550,193,547,192,546,191,544,190,541,190,537,190,537,190,533,190,528,190,528,190,524,190,521,189,519,188,518,187,515,187,512,186,510,185,509,184,506,183,503,183,502,182,502,180,502,180,502,178,500,177,497,177,494,176,493,175,491,174,488,174,485,173,484,172,482,171,479,170,475,170,475,170,471,170,466,170,466,170,462,170,457,170,457,170,453,170,450,171,448,172,447,173,444,174,441,174,440,175,441,176,444,177,447,177,448,178,448,180,448,180,448,182,447,183,444,183,440,183,440,183,435,183,432,184,431,185,429,186,426,187,422,187,422,187,417,187,414,187,413,188,412,189,409,190,406,189,404,188,403,187,400,187,397,187,395,188,394,189,391,190,388,190,386,191,385,192,382,193,379,194,378,195,379,196,382,196,385,197,386,198,388,199,391,200,395,200,395,200,400,200,404,200,404,200,409,200,413,200,413,200,417,200,420,200,422,201,423,202,426,203,431,203,431,203,435,203,438,203,440,204,441,205,444,206,448,206,448,206,453,206,457,206,457,206,462,206,466,206,466,206,471,206,474,207,475,208,476,209,479,209,482,210,484,211,485,212,488,212,491,213,493,214,494,215,497,216,500,216,502,217,503,218,506,219,509,219,510,221,512,222,515,222,518,223,519,224,519,225,519,225,519,227,521,228,524,229,527,229,528,230,528,232,528,232,528,234,530,235,533,235,536,236,537,237,537,238,537,238,537,240,538,241,541,242,544,242,546,243,547,244,550,245,553,245,555,246,555,248,555,248,555,250,556,251,559,251,562,251,564,250,564,248,564,248,564,246,564,245,564,245,564,243,564,242,564,242,564,240,564,238,564,238,564,237,564,235,564,235,564,234,564,232,564,232,564,230,565,229,568,229,571,228,572,227,572,225,572,225,572,224,572,222,572,222,572,221,571,219,568,219
409,177,406,177,404,178,404,180,404,180,404,182,406,183,409,183,412,183,413,182,413,180,413,180,413,178,412,177,409,177
400,144,397,144,395,143,394,142,391,141,388,142,386,143,385,144,382,144,378,144,378,144,373,144,370,145,369,146,367,147,364,148,360,148,360,148,355,148,352,148,351,149,352,150,355,151,360,151,360,151,364,151,369,151,369,151,373,151,378,151,378,151,382,151,386,151,386,151,391,151,394,150,395,149,397,148,400,148,403,147,404,146,403,145,400,144
391,177,386,177,386,177,382,177,378,177,378,177,373,177,370,177,369,178,369,180,369,180,369,182,370,183,373,183,378,183,378,183,382,183,385,183,386,182,388,181,391,180,394,180,395,178,394,177,391,177
373,264,370,265,369,266,369,268,369,268,369,269,370,270,373,271,376,270,378,269,378,268,378,268,378,266,376,265,373,264
347,268,344,267,342,266,341,265,338,264,335,264,333,263,333,261,333,261,333,259,333,258,333,258,333,256,335,255,338,255,341,254,342,253,342,251,342,251,342,250,341,249,338,248,335,248,333,246,332,245,329,245,326,244,324,243,324,242,324,242,324,240,323,239,320,238,317,238,316,237,314,236,311,235,308,235,307,234,305,232,302,232,298,232,298,232,293,232,290,231,289,230,288,229,285,229,282,228,280,227,279,226,276,225,273,225,271,224,270,223,267,222,264,223,262,224,262,225,262,225,262,227,262,229,262,229,262,230,264,231,267,232,270,232,271,234,271,235,271,235,271,237,271,238,271,238,271,240,273,241,276,242,279,242,280,243,279,244,276,245,273,245,271,246,273,248,276,248,279,249,280,250,282,251,285,251,288,252,289,253,289,255,289,255,289,256,289,258,289,258,289,259,289,261,289,261,289,263,289,264,289,264,289,266,290,267,293,268,296,268,298,269,299,270,302,271,305,271,307,272,308,273,311,274,314,275,316,276,317,277,320,277,324,277,324,277,329,277,333,277,333,277,338,277,341,277,342,276,344,275,347,274,350,273,351,272,351,271,351,271,351,269,350,268,347,268
276,148,273,147,271,146,271,144,271,144,271,143,271,141,271,141,271,140,270,139,267,138,264,139,262,140,261,141,258,141,255,142,254,143,254,144,254,144,254,146,255,147,258,148,261,148,262,149,262,151,262,151,262,153,264,154,267,154,270,154,271,153,273,151,276,151,279,150,280,149,279,148,276,148
187,238,184,238,183,237,181,236,178,235,174,235,174,235,169,235,166,236,165,237,165,238,165,238,165,240,166,241,169,242,172,242,174,243,174,245,174,245,174,246,175,248,178,248,183,248,183,248,187,248,190,248,192,246,192,245,192,245,192,243,192,242,192,242,192,240,190,239,187,238
152,242,149,241,147,240,146,239,143,238,140,239,138,240,138,242,138,242,138,243,138,245,138,245,138,246,138,248,138,248,138,250,138,251,138,251,138,253,140,254,143,255,147,255,147,255,152,255,155,254,156,253,156,251,156,251,156,250,156,248,156,248,156,246,156,245,156,245,156,243,155,242,152,242
125,248,122,249,121,250,122,251,125,251,128,251,130,250,128,249,125,248
116,238,112,238,112,240,113,241,116,242,119,241,121,240,119,239,116,238
107,235,104,236,103,237,104,238,107,238,112,238,112,237,110,236,107,235
107,465,103,465,103,467,104,468,107,468,110,468,112,467,110,466,107,465
99,222,96,223,94,224,93,225,90,225,87,225,85,224,85,222,85,222,85,221,85,219,85,219,85,217,84,216,81,216,76,216,76,216,72,216,68,216,68,216,63,216,59,216,59,216,54,216,51,216,50,217,51,218,54,219,57,219,59,221,59,222,59,222,59,224,59,225,59,225,59,227,60,228,63,229,66,229,68,230,69,231,72,232,75,232,76,234,76,235,76,235,76,237,78,238,81,238,84,238,85,237,85,235,85,235,85,234,87,232,90,232,94,232,94,232,99,232,102,231,103,230,103,229,103,229,103,227,103,225,103,225,103,224,102,223,99,222
99,462,96,462,94,464,96,465,99,465,103,465,103,464,102,462,99,462
72,465,69,466,68,467,69,468,72,468,75,468,76,467,75,466,72,465
19,193,14,193,14,195,16,196,19,196,22,196,23,195,22,194,19,193
