550,216,547,215,546,214,546,212,546,212,546,211,546,209,546,209,546,208,544,207,541,206,538,205,537,204,537,203,537,203,537,201,537,200,537,200,537,198,537,196,537,196,537,195,536,194,533,193,530,192,528,191,527,190,524,190,519,190,519,190,515,190,512,189,510,188,510,187,510,187,510,185,510,183,510,183,510,182,509,181,506,180,503,180,502,178,502,177,502,177,502,175,502,174,502,174,502,172,500,171,497,170,493,170,493,170,488,170,484,170,484,170,479,170,475,170,475,170,471,170,466,170,466,170,462,170,457,170,457,170,453,170,450,171,448,172,447,173,444,174,441,174,440,175,440,177,440,177,440,178,441,180,444,180,447,181,448,182,447,183,444,183,440,183,440,183,435,183,432,184,431,185,429,186,426,187,423,187,422,188,420,189,417,190,413,190,413,190,409,190,406,189,404,188,403,187,400,187,397,187,395,188,395,190,395,190,395,191,397,192,400,193,404,193,404,193,409,193,412,194,413,195,414,196,417,196,422,196,422,196,426,196,429,197,431,198,432,199,435,200,438,200,440,201,441,202,444,203,448,203,448,203,453,203,457,203,457,203,462,203,465,203,466,204,468,205,471,206,475,206,475,206,479,206,482,207,484,208,485,209,488,209,491,210,493,211,494,212,497,212,500,213,502,214,503,215,506,216,509,216,510,217,510,219,510,219,510,221,512,222,515,222,518,223,519,224,521,225,524,225,527,226,528,227,530,228,533,229,536,229,537,230,538,231,541,232,544,232,546,234,547,235,550,235,553,235,555,234,555,232,555,232,555,230,555,229,555,229,555,227,555,225,555,225,555,224,555,222,555,222,555,221,555,219,555,219,555,217,553,216,550,216
471,465,468,466,466,467,468,468,471,468,474,468,475,467,474,466,471,465
435,148,432,147,431,146,429,145,426,144,423,144,422,143,420,142,417,141,414,141,413,140,412,139,409,138,406,139,404,140,403,141,400,141,395,141,395,141,391,141,388,142,386,143,385,144,382,144,378,144,378,144,373,144,370,145,369,146,370,147,373,148,378,148,378,148,382,148,386,148,386,148,391,148,395,148,395,148,400,148,404,148,404,148,409,148,413,148,413,148,417,148,420,148,422,149,423,150,426,151,431,151,431,151,435,151,438,150,440,149,438,148,435,148
409,167,404,167,404,167,400,167,395,167,395,167,391,167,388,168,386,169,388,170,391,170,395,170,395,170,400,170,403,171,404,172,404,174,409,174,412,173,413,172,413,170,413,170,413,169,412,168,409,167
409,177,406,176,404,175,404,174,400,174,395,174,395,174,391,174,386,174,386,174,382,174,379,174,378,175,378,177,378,177,378,178,379,180,382,180,385,181,386,182,388,183,391,183,394,183,395,182,397,181,400,180,403,181,404,182,406,183,409,183,412,183,413,182,413,180,413,180,413,178,412,177,409,177
329,238,326,238,324,237,324,235,324,235,324,234,323,232,320,232,317,231,316,230,314,229,311,229,308,228,307,227,305,226,302,225,299,225,298,224,298,222,298,222,298,221,296,219,293,219,290,218,289,217,289,216,289,216,289,214,288,213,285,212,282,212,280,211,280,209,280,209,280,208,279,207,276,206,273,205,271,204,270,203,267,203,264,202,262,201,261,200,258,200,255,199,254,198,254,196,254,196,254,195,252,194,249,193,246,192,245,191,243,190,240,190,237,189,236,188,236,187,236,187,236,185,234,184,231,183,228,184,227,185,226,186,223,187,220,187,218,188,218,190,218,190,218,191,218,193,218,193,218,195,220,196,223,196,226,197,227,198,227,200,227,200,227,201,227,203,227,203,227,204,227,206,227,206,227,208,227,209,227,209,227,211,227,212,227,212,227,214,228,215,231,216,234,216,236,217,236,219,236,219,236,221,236,222,236,222,236,224,237,225,240,225,243,226,245,227,245,229,245,229,245,230,245,232,245,232,245,234,245,235,245,235,245,237,246,238,249,238,252,239,254,240,254,242,254,242,254,243,254,245,254,245,254,246,254,248,254,248,254,250,255,251,258,251,261,252,262,253,262,255,262,255,262,256,264,257,267,258,270,258,271,259,271,261,271,261,271,263,270,264,267,264,264,265,262,266,264,267,267,268,270,268,271,269,271,271,271,271,271,272,273,273,276,274,279,275,280,276,282,277,285,277,288,277,289,276,290,275,293,274,296,273,298,272,299,271,302,271,307,271,307,271,311,271,316,271,316,271,320,271,323,271,324,272,326,273,329,274,332,273,333,272,333,271,333,271,333,269,332,268,329,268,326,267,324,266,324,264,324,264,324,263,324,261,324,261,324,259,326,258,329,258,332,257,333,256,333,255,333,255,333,253,333,251,333,251,333,250,333,248,333,248,333,246,333,245,333,245,333,243,333,242,333,242,333,240,332,239,329,238
276,131,273,132,271,133,270,134,267,135,264,134,262,133,261,132,258,131,255,131,254,130,254,128,254,128,254,127,254,125,254,125,254,123,252,122,249,122,246,122,245,123,243,124,240,125,237,126,236,127,236,128,236,128,236,130,237,131,240,131,243,132,245,133,245,135,245,135,245,136,245,138,245,138,245,140,245,141,245,141,245,143,246,144,249,144,254,144,254,144,258,144,261,145,262,146,264,147,267,148,270,148,271,149,273,150,276,151,279,150,280,149,280,148,280,148,280,146,280,144,280,144,280,143,280,141,280,141,280,140,280,138,280,138,280,136,280,135,280,135,280,133,279,132,276,131
231,76,227,76,227,76,223,76,220,77,218,78,218,80,218,80,218,81,220,82,223,83,227,83,227,83,231,83,234,82,236,81,236,80,236,80,236,78,234,77,231,76
205,80,200,80,200,80,196,80,193,80,192,81,193,82,196,83,199,83,200,85,202,86,205,86,208,86,209,85,209,83,209,83,209,81,208,80,205,80
107,465,104,466,103,467,104,468,107,468,110,468,112,467,110,466,107,465
81,216,78,215,76,214,76,212,76,212,76,211,76,209,76,209,76,208,76,206,76,206,76,204,75,203,72,203,69,203,68,204,66,205,63,206,60,205,59,204,57,203,54,203,51,202,50,201,48,200,45,200,42,199,41,198,40,197,37,196,32,196,32,196,28,196,25,197,23,198,25,199,28,200,31,200,32,201,32,203,32,203,32,204,34,205,37,206,40,207,41,208,42,209,45,209,50,209,50,209,54,209,57,210,59,211,59,212,59,212,59,214,60,215,63,216,66,216,68,217,69,218,72,219,76,219,76,219,81,219,84,218,85,217,84,216,81,216
