630,261,627,262,626,263,626,264,626,264,626,266,627,267,630,268,630,261
621,251,618,252,617,253,617,255,617,255,617,256,618,257,621,258,624,257,626,256,626,255,626,255,626,253,624,252,621,251
559,426,556,426,555,425,555,423,555,423,555,421,555,420,555,420,555,418,555,417,555,417,555,415,553,414,550,413,546,413,546,413,541,413,538,414,537,415,537,417,537,417,537,418,537,420,537,420,537,421,536,422,533,423,530,424,528,425,528,426,528,426,528,428,528,430,528,430,528,431,528,433,528,433,528,434,527,435,524,436,521,437,519,438,519,439,519,439,519,441,519,442,519,442,519,444,519,446,519,446,519,447,521,448,524,449,527,449,528,451,528,452,528,452,528,454,528,455,528,455,528,457,530,458,533,459,536,459,537,460,537,462,537,462,537,464,538,465,541,465,544,465,546,464,546,462,546,462,546,460,546,459,546,459,546,457,546,455,546,455,546,454,547,453,550,452,555,452,555,452,559,452,562,452,564,451,564,449,564,449,564,447,564,446,564,446,564,444,564,442,564,442,564,441,564,439,564,439,564,438,564,436,564,436,564,434,564,433,564,433,564,431,564,430,564,430,564,428,562,427,559,426
497,177,494,176,493,175,493,174,493,174,493,172,491,171,488,170,484,170,484,170,479,170,475,170,475,170,471,170,468,170,466,169,465,168,462,167,457,167,457,167,453,167,450,168,448,169,448,170,448,170,448,172,447,173,444,174,441,174,440,175,441,176,444,177,447,177,448,178,448,180,448,180,448,182,447,183,444,183,441,184,440,185,441,186,444,187,447,187,448,188,448,190,448,190,448,191,448,193,448,193,448,195,448,196,448,196,448,198,448,200,448,200,448,201,448,203,448,203,448,204,450,205,453,206,456,207,457,208,457,209,457,209,457,211,459,212,462,212,465,212,466,211,466,209,466,209,466,208,466,206,466,206,466,204,468,203,471,203,474,202,475,201,476,200,479,200,482,199,484,198,485,197,488,196,491,196,493,195,493,193,493,193,493,191,493,190,493,190,493,188,493,187,493,187,493,185,493,183,493,183,493,182,494,181,497,180,500,180,502,178,500,177,497,177
462,154,457,154,457,156,459,157,462,157,465,157,466,156,465,155,462,154
453,148,450,147,448,146,448,144,448,144,448,143,447,142,444,141,441,141,440,140,438,139,435,138,432,137,431,136,429,135,426,135,423,134,422,133,420,132,417,131,414,131,413,130,412,129,409,128,404,128,404,128,400,128,397,129,395,130,394,131,391,131,386,131,386,133,388,134,391,135,395,135,395,135,400,135,403,135,404,136,404,138,404,138,404,140,404,141,404,141,404,143,406,144,409,144,412,145,413,146,414,147,417,148,422,148,422,148,426,148,429,148,431,149,432,150,435,151,438,151,440,153,441,154,444,154,448,154,448,154,453,154,457,154,457,153,457,151,457,151,457,149,456,148,453,148
409,157,406,158,404,159,403,160,400,161,395,161,395,161,391,161,388,160,386,159,385,158,382,157,379,157,378,156,378,154,378,154,378,153,376,151,373,151,370,150,369,149,369,148,369,148,369,146,369,144,369,144,369,143,367,142,364,141,360,141,360,141,355,141,352,141,351,140,351,138,351,138,351,136,352,135,355,135,358,134,360,133,360,131,360,131,360,130,358,129,355,128,352,128,351,127,350,126,347,125,344,124,342,123,341,122,338,122,333,122,333,122,329,122,326,121,324,120,323,119,320,119,316,119,316,119,311,119,308,118,307,117,305,116,302,115,299,115,298,114,298,112,298,112,298,110,296,109,293,109,290,108,289,107,288,106,285,106,282,105,280,104,280,102,280,102,280,101,279,100,276,99,273,99,271,97,270,96,267,96,264,95,262,94,261,93,258,93,255,92,254,91,254,89,254,89,254,88,254,86,254,86,254,85,254,83,254,83,254,81,255,80,258,80,261,79,262,78,262,76,262,76,262,75,262,73,262,73,262,72,261,70,258,70,255,69,254,68,254,67,254,67,254,65,252,64,249,63,246,63,245,62,243,61,240,60,236,60,236,60,231,60,228,60,227,59,226,58,223,57,220,56,218,55,218,54,218,54,218,52,217,51,214,50,211,50,209,49,208,48,205,47,202,47,200,46,200,44,200,44,200,42,199,41,196,41,193,40,192,39,190,38,187,38,184,37,183,36,181,35,178,34,174,34,174,34,169,34,165,34,165,34,161,34,158,34,156,33,155,32,152,31,147,31,147,31,143,31,140,32,138,33,138,34,138,34,138,36,140,37,143,38,146,38,147,39,149,40,152,41,155,41,156,42,156,44,156,44,156,46,158,47,161,47,164,48,165,49,166,50,169,50,172,51,174,52,174,54,174,54,174,55,175,56,178,57,181,58,183,59,184,60,187,60,190,61,192,62,192,63,192,63,192,65,192,67,192,67,192,68,192,70,192,70,192,72,190,73,187,73,184,74,183,75,183,76,183,76,183,78,183,80,183,80,183,81,183,83,183,83,183,85,184,86,187,86,190,87,192,88,193,89,196,89,199,90,200,91,200,93,200,93,200,94,200,96,200,96,200,97,202,99,205,99,208,100,209,101,211,102,214,102,217,103,218,104,220,105,223,106,226,106,227,107,227,109,227,109,227,110,228,111,231,112,234,113,236,114,236,115,236,115,236,117,236,119,236,119,236,120,237,121,240,122,243,122,245,123,245,125,245,125,245,127,246,128,249,128,252,129,254,130,254,131,254,131,254,133,255,134,258,135,261,135,262,136,264,137,267,138,270,138,271,140,273,141,276,141,279,142,280,143,282,144,285,144,288,145,289,146,290,147,293,148,296,148,298,149,299,150,302,151,305,151,307,153,308,154,311,154,314,155,316,156,317,157,320,157,323,158,324,159,326,160,329,161,332,161,333,162,335,163,338,164,342,164,342,162,344,161,347,161,350,161,351,162,351,164,355,164,358,164,360,165,358,167,355,167,352,167,351,165,351,164,347,164,342,164,342,165,342,167,342,167,342,169,344,170,347,170,351,170,351,170,355,170,358,171,360,172,361,173,364,174,367,174,369,175,370,176,373,177,378,177,378,177,382,177,385,177,386,178,388,180,391,180,395,180,395,180,400,180,403,180,404,178,403,177,400,177,397,176,395,175,395,174,395,174,395,172,395,170,391,170,388,170,386,169,388,168,391,167,394,168,395,169,395,170,400,170,404,170,404,170,409,170,412,170,413,169,413,167,413,167,413,165,413,164,413,164,413,162,413,161,413,161,413,159,412,158,409,157
391,141,388,142,386,143,388,144,391,144,394,144,395,143,394,142,391,141
391,187,388,187,386,188,388,189,391,190,394,189,395,188,394,187,391,187
382,128,379,129,378,130,379,131,382,131,386,131,386,130,385,129,382,128
338,96,335,95,333,94,332,93,329,93,326,93,324,94,324,96,324,96,324,97,326,99,329,99,333,99,333,99,338,99,341,99,342,97,341,96,338,96
293,216,290,215,289,214,289,212,289,212,289,211,289,209,289,209,289,208,289,206,289,206,289,204,289,203,289,203,289,201,288,200,285,200,282,199,280,198,280,196,280,196,280,195,279,194,276,193,273,192,271,191,270,190,267,190,264,189,262,188,262,187,262,187,262,185,262,183,262,183,262,182,261,181,258,180,255,180,254,178,252,177,249,177,246,176,245,175,243,174,240,174,237,173,236,172,236,170,236,170,236,169,234,168,231,167,228,167,227,165,226,164,223,164,220,163,218,162,218,161,218,161,218,159,218,157,218,157,218,156,217,155,214,154,211,154,209,153,208,151,205,151,202,150,200,149,200,148,200,148,200,146,199,145,196,144,193,144,192,143,190,142,187,141,184,141,183,140,183,138,183,138,183,136,181,135,178,135,175,135,174,136,174,138,174,138,174,140,174,141,174,141,174,143,174,144,174,144,174,146,174,148,174,148,174,149,174,151,174,151,174,153,172,154,169,154,165,154,165,154,161,154,158,155,156,156,158,157,161,157,164,158,165,159,165,161,165,161,165,162,165,164,165,164,165,165,165,167,165,167,165,169,165,170,165,170,165,172,165,174,165,174,165,175,164,176,161,177,158,177,156,178,158,180,161,180,164,181,165,182,166,183,169,183,172,184,174,185,174,187,174,187,174,188,175,189,178,190,181,190,183,191,184,192,187,193,190,194,192,195,192,196,192,196,192,198,193,199,196,200,199,200,200,201,202,202,205,203,208,203,209,204,211,205,214,206,217,207,218,208,220,209,223,209,226,210,227,211,228,212,231,212,234,213,236,214,236,216,236,216,236,217,234,218,231,219,228,219,227,221,226,222,223,222,220,223,218,224,220,225,223,225,226,226,227,227,228,228,231,229,236,229,236,229,240,229,245,229,245,229,249,229,252,229,254,230,255,231,258,232,262,232,262,232,267,232,270,231,271,230,271,229,271,229,271,227,273,226,276,225,279,225,280,224,282,223,285,222,288,222,289,221,290,219,293,219,296,218,298,217,296,216,293,216
249,290,245,290,245,290,240,290,237,291,236,292,236,293,236,293,236,295,237,296,240,297,243,297,245,298,246,299,249,300,252,299,254,298,254,297,254,297,254,295,254,293,254,293,254,292,252,291,249,290
152,164,149,163,147,162,147,161,147,161,147,159,146,158,143,157,138,157,138,157,134,157,131,158,130,159,131,160,134,161,137,161,138,162,138,164,138,164,138,165,140,167,143,167,146,168,147,169,147,170,147,170,147,172,149,173,152,174,155,173,156,172,156,170,156,170,156,169,156,167,156,167,156,165,155,164,152,164
