59,470,59,468,59,468,59,467,60,466,63,465,68,465,68,464,66,462,63,462,59,462,59,462,54,462,51,462,50,464,50,465,50,465,50,467,48,468,45,468,42,469,41,470,59,470
76,470,76,468,76,468,76,467,75,466,72,465,68,465,68,467,68,468,68,468,68,470,76,470
630,245,627,244,626,243,624,242,621,242,618,241,617,240,617,238,617,238,617,237,615,236,612,235,609,235,608,234,608,232,608,232,608,230,608,229,608,229,608,227,609,226,612,225,615,225,617,224,617,222,617,222,617,221,617,219,617,219,617,217,618,216,621,216,626,216,626,216,630,216,630,174,626,174,626,174,621,174,617,174,617,174,612,174,609,173,608,172,606,171,603,170,600,170,599,169,598,168,595,167,592,167,590,165,589,164,586,164,583,163,581,162,583,161,586,161,589,160,590,159,590,157,590,157,590,156,590,154,590,154,590,153,589,151,586,151,581,151,581,151,577,151,572,151,572,151,568,151,564,151,564,151,559,151,555,151,555,151,550,151,547,151,546,153,544,154,541,154,538,155,537,156,536,157,533,157,530,158,528,159,527,160,524,161,521,161,519,162,519,164,519,164,519,165,518,167,515,167,512,168,510,169,509,170,506,170,502,170,502,170,497,170,494,170,493,169,491,168,488,167,485,168,484,169,482,170,479,170,475,170,475,170,471,170,466,170,466,170,462,170,459,171,457,172,456,173,453,174,448,174,448,174,444,174,441,174,440,175,440,177,440,177,440,178,441,180,444,180,447,181,448,182,447,183,444,183,440,183,440,183,435,183,432,184,431,185,429,186,426,187,423,187,422,188,420,189,417,190,414,190,413,191,412,192,409,193,404,193,404,193,400,193,397,194,395,195,394,196,391,196,388,197,386,198,386,200,386,200,386,201,385,202,382,203,379,203,378,204,376,205,373,206,370,207,369,208,369,209,369,209,369,211,369,212,369,212,369,214,367,215,364,216,361,216,360,217,360,219,360,219,360,221,358,222,355,222,352,223,351,224,351,225,351,225,351,227,351,229,351,229,351,230,351,232,351,232,351,234,351,235,351,235,351,237,351,238,351,238,351,240,351,242,351,242,351,243,352,244,355,245,358,245,360,246,360,248,360,248,360,250,360,251,360,251,360,253,360,255,360,255,360,256,360,258,360,258,360,259,360,261,360,261,360,263,361,264,364,264,367,265,369,266,369,268,369,268,369,269,370,270,373,271,376,271,378,272,379,273,382,274,385,275,386,276,388,277,391,277,394,278,395,279,397,280,400,280,404,280,404,280,409,280,412,281,413,282,414,283,417,284,422,284,422,284,426,284,429,283,431,282,431,280,431,280,431,279,431,277,431,277,431,276,432,275,435,274,438,273,440,272,440,271,440,271,440,269,440,268,440,268,440,266,440,264,440,264,440,263,438,262,435,261,432,261,431,259,429,258,426,258,423,257,422,256,422,255,422,255,422,253,420,252,417,251,414,251,413,250,413,248,413,248,413,246,413,245,413,245,413,243,413,242,413,242,413,240,413,238,413,238,413,237,413,235,413,235,413,234,413,232,413,232,413,230,412,229,409,229,406,228,404,227,406,226,409,225,412,225,413,224,413,222,413,222,413,221,414,219,417,219,420,218,422,217,422,216,422,216,422,214,423,213,426,212,431,212,431,212,435,212,438,212,440,211,441,210,444,209,447,210,448,211,450,212,453,212,457,212,457,212,462,212,466,212,466,212,471,212,475,212,475,212,479,212,482,213,484,214,485,215,488,216,493,216,493,216,497,216,500,216,502,217,503,218,506,219,510,219,510,219,515,219,519,219,519,219,524,219,528,219,528,219,533,219,536,219,537,221,538,222,541,222,544,223,546,224,547,225,550,225,553,226,555,227,556,228,559,229,562,229,564,230,564,232,564,232,564,234,565,235,568,235,571,236,572,237,572,238,572,238,572,240,572,242,572,242,572,243,574,244,577,245,580,245,581,246,581,248,581,248,581,250,583,251,586,251,589,252,590,253,590,255,590,255,590,256,592,257,595,258,598,258,599,259,600,261,603,261,606,262,608,263,609,264,612,264,615,265,617,266,618,267,621,268,624,268,626,269,627,270,630,271,630,245
311,336,308,336,307,337,305,338,302,339,298,339,298,339,293,339,290,339,289,340,289,342,289,342,289,344,289,345,289,345,289,347,289,349,289,349,289,350,290,351,293,352,296,351,298,350,298,349,298,349,298,347,299,346,302,345,305,345,307,344,308,343,311,342,314,341,316,340,316,339,316,339,316,337,314,336,311,336
276,323,273,323,271,324,270,325,267,326,264,325,262,324,262,323,262,323,262,321,262,319,262,319,262,318,262,316,262,316,262,315,262,313,262,313,262,311,261,310,258,310,255,309,254,308,254,306,254,306,254,305,252,304,249,303,246,303,245,302,245,300,245,300,245,298,243,297,240,297,237,297,236,298,234,299,231,300,228,300,227,302,227,303,227,303,227,305,226,306,223,306,218,306,218,306,214,306,211,306,209,305,208,304,205,303,202,303,200,302,199,300,196,300,193,299,192,298,190,297,187,297,184,296,183,295,181,294,178,293,175,293,174,292,172,291,169,290,166,291,165,292,165,293,165,293,165,295,166,296,169,297,172,297,174,298,174,300,174,300,174,302,175,303,178,303,181,304,183,305,184,306,187,306,190,307,192,308,193,309,196,310,199,310,200,311,202,312,205,313,208,313,209,315,211,316,214,316,217,317,218,318,220,319,223,319,226,320,227,321,228,322,231,323,234,323,236,324,237,325,240,326,243,326,245,327,246,329,249,329,254,329,254,329,258,329,261,330,262,331,264,332,267,332,270,333,271,334,273,335,276,336,279,335,280,334,280,332,280,332,280,331,280,329,280,329,280,327,280,326,280,326,280,324,279,323,276,323
178,255,174,255,174,256,175,257,178,258,181,257,183,256,181,255,178,255
169,251,166,252,165,253,166,254,169,255,174,255,174,253,172,252,169,251
161,284,158,284,156,285,158,286,161,287,164,286,165,285,164,284,161,284
152,261,149,261,147,259,147,258,147,258,147,256,146,255,143,255,140,254,138,253,137,252,134,251,130,251,130,251,125,251,122,251,121,250,119,249,116,248,112,248,112,248,107,248,103,248,103,248,99,248,96,249,94,250,94,251,94,251,94,253,96,254,99,255,102,255,103,256,103,258,103,258,103,259,103,261,103,261,103,263,104,264,107,264,110,265,112,266,113,267,116,268,119,268,121,269,122,270,125,271,128,271,130,272,131,273,134,274,137,273,138,272,138,271,138,271,138,269,140,268,143,268,146,267,147,266,149,265,152,264,155,264,156,263,155,262,152,261
107,465,103,465,103,465,99,465,96,466,94,467,96,468,99,468,103,468,103,468,107,468,110,468,112,467,110,466,107,465
90,238,85,238,85,240,87,241,90,242,93,241,94,240,93,239,90,238
81,235,78,235,76,234,75,232,72,232,68,232,68,232,63,232,60,232,59,234,59,235,59,235,59,237,60,238,63,238,68,238,68,238,72,238,76,238,76,238,81,238,85,238,85,237,84,236,81,235
19,212,16,213,14,214,16,215,19,216,22,215,23,214,22,213,19,212
