559,209,556,209,555,208,555,206,555,206,555,204,555,203,555,203,555,201,553,200,550,200,547,199,546,198,546,196,546,196,546,195,544,194,541,193,538,192,537,191,536,190,533,190,528,190,528,190,524,190,519,190,519,190,515,190,512,189,510,188,510,187,510,187,510,185,510,183,510,183,510,182,509,181,506,180,503,180,502,178,502,177,502,177,502,175,500,174,497,174,494,173,493,172,491,171,488,170,484,170,484,170,479,170,475,170,475,170,471,170,466,170,466,170,462,170,457,170,457,170,453,170,450,171,448,172,447,173,444,174,441,174,440,175,441,176,444,177,447,177,448,178,448,180,448,180,448,182,447,183,444,183,440,183,440,183,435,183,432,184,431,185,429,186,426,187,423,187,422,188,420,189,417,190,413,190,413,190,409,190,406,189,404,188,403,187,400,187,397,187,395,188,394,189,391,190,388,190,386,191,386,193,386,193,386,195,388,196,391,196,395,196,395,196,400,196,403,197,404,198,406,199,409,200,413,200,413,200,417,200,422,200,422,200,426,200,429,200,431,201,432,202,435,203,440,203,440,203,444,203,447,203,448,204,450,205,453,206,457,206,457,206,462,206,466,206,466,206,471,206,474,207,475,208,476,209,479,209,482,210,484,211,485,212,488,212,491,213,493,214,494,215,497,216,500,216,502,217,503,218,506,219,509,219,510,221,512,222,515,222,518,223,519,224,519,225,519,225,519,227,521,228,524,229,527,229,528,230,528,232,528,232,528,234,530,235,533,235,536,236,537,237,537,238,537,238,537,240,538,241,541,242,544,242,546,243,547,244,550,245,553,244,555,243,556,242,559,242,562,241,564,240,564,238,564,238,564,237,564,235,564,235,564,234,564,232,564,232,564,230,564,229,564,229,564,227,564,225,564,225,564,224,564,222,564,222,564,221,564,219,564,219,564,217,564,216,564,216,564,214,564,212,564,212,564,211,562,210,559,209
409,144,404,144,404,144,400,144,397,144,395,143,394,142,391,141,388,142,386,143,385,144,382,144,378,144,378,144,373,144,370,145,369,146,367,147,364,148,361,148,360,149,361,150,364,151,369,151,369,151,373,151,378,151,378,151,382,151,386,151,386,151,391,151,394,150,395,149,397,148,400,148,404,148,404,148,409,148,412,147,413,146,412,145,409,144
409,177,404,177,404,177,400,177,395,177,395,177,391,177,386,177,386,177,382,177,378,177,378,177,373,177,370,177,369,178,370,180,373,180,376,181,378,182,379,183,382,183,385,183,386,182,388,181,391,180,395,180,395,180,400,180,403,181,404,182,406,183,409,183,412,183,413,182,413,180,413,180,413,178,412,177,409,177
338,248,335,248,333,246,333,245,333,245,333,243,332,242,329,242,326,241,324,240,323,239,320,238,317,238,316,237,314,236,311,235,308,235,307,234,305,232,302,232,299,231,298,230,296,229,293,229,290,228,289,227,288,226,285,225,282,225,280,224,279,223,276,222,273,222,271,221,270,219,267,219,264,218,262,217,261,216,258,216,255,216,254,217,254,219,254,219,254,221,254,222,254,222,254,224,254,225,254,225,254,227,255,228,258,229,261,229,262,230,262,232,262,232,262,234,264,235,267,235,270,236,271,237,271,238,271,238,271,240,271,242,271,242,271,243,271,245,271,245,271,246,271,248,271,248,271,250,273,251,276,251,279,252,280,253,280,255,280,255,280,256,282,257,285,258,288,258,289,259,289,261,289,261,289,263,289,264,289,264,289,266,290,267,293,268,296,268,298,269,299,270,302,271,305,271,307,272,308,273,311,274,314,275,316,276,317,277,320,277,324,277,324,277,329,277,333,277,333,277,338,277,341,277,342,276,342,274,342,274,342,272,342,271,342,271,342,269,341,268,338,268,335,267,333,266,333,264,333,264,333,263,333,261,333,261,333,259,333,258,333,258,333,256,335,255,338,255,341,254,342,253,342,251,342,251,342,250,341,249,338,248
276,144,273,144,271,143,271,141,271,141,271,140,270,139,267,138,264,139,262,140,262,141,262,141,262,143,262,144,262,144,262,146,262,148,262,148,262,149,262,151,262,151,262,153,264,154,267,154,270,154,271,153,273,151,276,151,279,150,280,149,280,148,280,148,280,146,279,145,276,144
187,238,184,238,183,237,181,236,178,235,175,236,174,237,172,238,169,238,166,239,165,240,166,241,169,242,172,242,174,243,175,244,178,245,183,245,183,245,187,245,190,244,192,243,192,242,192,242,192,240,190,239,187,238
152,245,149,244,147,243,146,242,143,242,140,242,138,243,138,245,138,245,138,246,140,248,143,248,146,249,147,250,149,251,152,251,155,251,156,250,156,248,156,248,156,246,155,245,152,245
107,465,104,466,103,467,104,468,107,468,110,468,112,467,110,466,107,465
99,222,96,223,94,224,93,225,90,225,87,225,85,224,85,222,85,222,85,221,85,219,85,219,85,217,84,216,81,216,76,216,76,216,72,216,68,216,68,216,63,216,59,216,59,216,54,216,51,216,50,217,51,218,54,219,57,219,59,221,59,222,59,222,59,224,60,225,63,225,66,226,68,227,68,229,68,229,68,230,69,231,72,232,75,232,76,234,78,235,81,235,85,235,85,235,90,235,93,235,94,234,96,232,99,232,102,231,103,230,103,229,103,229,103,227,103,225,103,225,103,224,102,223,99,222
72,206,69,207,68,208,69,209,72,209,75,209,76,208,75,207,72,206
72,465,69,466,68,467,69,468,72,468,75,468,76,467,75,466,72,465
19,193,16,194,14,195,16,196,19,196,22,196,23,195,22,194,19,193
