550,212,547,212,546,211,546,209,546,209,546,208,546,206,546,206,546,204,544,203,541,203,538,202,537,201,537,200,537,200,537,198,537,196,537,196,537,195,536,194,533,193,530,192,528,191,527,190,524,190,519,190,519,190,515,190,512,189,510,188,510,187,510,187,510,185,510,183,510,183,510,182,510,180,510,180,510,178,509,177,506,177,503,176,502,175,502,174,502,174,502,172,500,171,497,170,493,170,493,170,488,170,484,170,484,170,479,170,475,170,475,170,471,170,466,170,466,170,462,170,457,170,457,170,453,170,450,171,448,172,447,173,444,174,441,174,440,175,440,177,440,177,440,178,441,180,444,180,447,181,448,182,447,183,444,183,440,183,440,183,435,183,432,184,431,185,429,186,426,187,423,187,422,188,420,189,417,190,413,190,413,190,409,190,406,189,404,188,403,187,400,187,397,187,395,188,395,190,395,190,395,191,397,192,400,193,403,194,404,195,406,196,409,196,413,196,413,196,417,196,422,196,422,196,426,196,429,197,431,198,432,199,435,200,438,200,440,201,441,202,444,203,448,203,448,203,453,203,457,203,457,203,462,203,465,203,466,204,468,205,471,206,475,206,475,206,479,206,482,207,484,208,485,209,488,209,491,210,493,211,494,212,497,212,500,213,502,214,503,215,506,216,509,216,510,217,510,219,510,219,510,221,512,222,515,222,518,223,519,224,521,225,524,225,527,226,528,227,528,229,528,229,528,230,530,231,533,232,536,232,537,234,538,235,541,235,546,235,546,235,550,235,553,235,555,234,555,232,555,232,555,230,555,229,555,229,555,227,555,225,555,225,555,224,555,222,555,222,555,221,555,219,555,219,555,217,555,216,555,216,555,214,553,213,550,212
435,148,432,147,431,146,429,145,426,144,423,144,422,143,420,142,417,141,413,141,413,141,409,141,404,141,404,141,400,141,395,141,395,141,391,141,388,142,386,143,385,144,382,144,378,144,378,144,373,144,370,145,369,146,370,147,373,148,376,148,378,149,379,150,382,151,385,150,386,149,388,148,391,148,395,148,395,148,400,148,404,148,404,148,409,148,413,148,413,148,417,148,420,148,422,149,423,150,426,151,431,151,431,151,435,151,438,150,440,149,438,148,435,148
409,177,404,177,404,177,400,177,397,176,395,175,394,174,391,174,386,174,386,174,382,174,379,174,378,175,378,177,378,177,378,178,379,180,382,180,385,181,386,182,388,183,391,183,394,183,395,182,397,181,400,180,403,181,404,182,406,183,409,183,412,183,413,182,413,180,413,180,413,178,412,177,409,177
329,238,326,238,324,237,324,235,324,235,324,234,323,232,320,232,317,231,316,230,314,229,311,229,308,228,307,227,305,226,302,225,299,225,298,224,298,222,298,222,298,221,296,219,293,219,290,218,289,217,289,216,289,216,289,214,288,213,285,212,282,212,280,211,280,209,280,209,280,208,279,207,276,206,273,205,271,204,270,203,267,203,264,202,262,201,261,200,258,200,255,199,254,198,252,197,249,196,246,196,245,195,243,194,240,193,237,192,236,191,236,190,236,190,236,188,234,187,231,187,228,187,227,188,227,190,227,190,227,191,227,193,227,193,227,195,227,196,227,196,227,198,227,200,227,200,227,201,227,203,227,203,227,204,227,206,227,206,227,208,228,209,231,209,234,210,236,211,236,212,236,212,236,214,236,216,236,216,236,217,236,219,236,219,236,221,237,222,240,222,243,223,245,224,245,225,245,225,245,227,245,229,245,229,245,230,245,232,245,232,245,234,246,235,249,235,252,236,254,237,254,238,254,238,254,240,254,242,254,242,254,243,254,245,254,245,254,246,255,248,258,248,261,249,262,250,262,251,262,251,262,253,264,254,267,255,270,255,271,256,271,258,271,258,271,259,271,261,271,261,271,263,271,264,271,264,271,266,271,268,271,268,271,269,271,271,271,271,271,272,273,273,276,274,279,275,280,276,282,277,285,277,288,277,289,276,290,275,293,274,296,273,298,272,299,271,302,271,307,271,307,271,311,271,316,271,316,271,320,271,323,271,324,272,326,273,329,274,332,273,333,272,333,271,333,271,333,269,332,268,329,268,326,267,324,266,326,265,329,264,332,264,333,263,333,261,333,261,333,259,333,258,333,258,333,256,333,255,333,255,333,253,333,251,333,251,333,250,333,248,333,248,333,246,333,245,333,245,333,243,333,242,333,242,333,240,332,239,329,238
285,122,282,122,280,123,282,124,285,125,288,124,289,123,288,122,285,122
276,138,271,138,271,138,267,138,264,139,262,140,262,141,262,141,262,143,262,144,262,144,262,146,264,147,267,148,270,148,271,149,273,150,276,151,279,150,280,149,280,148,280,148,280,146,280,144,280,144,280,143,280,141,280,141,280,140,279,139,276,138
249,122,246,122,245,123,245,125,245,125,245,127,245,128,245,128,245,130,246,131,249,131,252,131,254,130,254,128,254,128,254,127,254,125,254,125,254,123,252,122,249,122
231,80,228,79,227,78,226,77,223,76,220,77,218,78,217,79,214,80,209,80,209,80,205,80,200,80,200,80,196,80,193,80,192,81,193,82,196,83,199,83,200,85,202,86,205,86,208,86,209,85,211,83,214,83,218,83,218,83,223,83,227,83,227,83,231,83,234,82,236,81,234,80,231,80
152,219,149,219,147,221,147,222,152,222,155,222,156,221,155,219,152,219
143,222,140,223,138,224,140,225,143,225,146,225,147,224,147,222,143,222
125,216,122,216,121,217,122,218,125,219,128,218,130,217,128,216,125,216
107,222,104,223,103,224,102,225,99,225,96,226,94,227,96,228,99,229,103,229,103,229,107,229,110,228,112,227,112,225,112,225,112,224,110,223,107,222
107,465,104,466,103,467,104,468,107,468,110,468,112,467,110,466,107,465
81,216,78,215,76,214,76,212,76,212,76,211,76,209,76,209,76,208,76,206,76,206,76,204,75,203,72,203,68,203,68,203,63,203,59,203,59,203,54,203,51,202,50,201,48,200,45,200,42,199,41,198,40,197,37,196,32,196,32,196,28,196,25,197,23,198,23,200,23,200,23,201,25,202,28,203,31,203,32,204,34,205,37,206,40,207,41,208,42,209,45,209,48,210,50,211,51,212,54,212,57,213,59,214,60,215,63,216,66,216,68,217,69,218,72,219,76,219,76,219,81,219,84,218,85,217,84,216,81,216
72,222,69,223,68,224,69,225,72,225,75,225,76,224,75,223,72,222
72,465,69,466,68,467,69,468,72,468,75,468,76,467,75,466,72,465
