630,258,626,258,626,259,626,261,626,261,626,263,626,264,626,264,626,266,627,267,630,268,630,258
621,251,618,252,617,253,617,255,617,255,617,256,618,257,621,258,626,258,626,256,626,255,626,255,626,253,624,252,621,251
559,413,555,413,555,413,550,413,546,413,546,413,541,413,538,414,537,415,537,417,537,417,537,418,537,420,537,420,537,421,537,423,537,423,537,425,537,426,537,426,537,428,536,429,533,430,530,430,528,431,528,433,528,433,528,434,528,436,528,436,528,438,528,439,528,439,528,441,528,442,528,442,528,444,528,446,528,446,528,447,528,449,528,449,528,451,528,452,528,452,528,454,528,455,528,455,528,457,528,459,528,459,528,460,528,462,528,462,528,464,530,465,533,465,536,466,537,467,538,468,541,468,546,468,546,468,550,468,553,468,555,467,555,465,555,465,555,464,555,462,555,462,555,460,555,459,555,459,555,457,556,456,559,455,562,455,564,454,564,452,564,452,564,451,564,449,564,449,564,447,564,446,564,446,564,444,564,442,564,442,564,441,564,439,564,439,564,438,564,436,564,436,564,434,564,433,564,433,564,431,564,430,564,430,564,428,564,426,564,426,564,425,564,423,564,423,564,421,564,420,564,420,564,418,564,417,564,417,564,415,562,414,559,413
488,170,484,170,484,170,479,170,475,170,475,170,471,170,468,170,466,169,465,168,462,167,457,167,457,167,453,167,450,168,448,169,448,170,448,170,448,172,447,173,444,174,441,174,440,175,441,176,444,177,447,177,448,178,448,180,448,180,448,182,448,183,448,183,448,185,448,187,448,187,448,188,448,190,448,190,448,191,450,192,453,193,456,194,457,195,457,196,457,196,457,198,459,199,462,200,466,200,466,200,471,200,474,199,475,198,476,197,479,196,482,196,484,195,485,194,488,193,491,192,493,191,493,190,493,190,493,188,493,187,493,187,493,185,493,183,493,183,493,182,493,180,493,180,493,178,493,177,493,177,493,175,493,174,493,174,493,172,491,171,488,170
462,154,457,154,457,156,459,157,462,157,465,157,466,156,465,155,462,154
453,148,450,147,448,146,448,144,448,144,448,143,447,142,444,141,441,141,440,140,438,139,435,138,432,137,431,136,429,135,426,135,423,134,422,133,420,132,417,131,414,131,413,130,412,129,409,128,404,128,404,128,400,128,397,129,395,130,394,131,391,131,386,131,386,133,388,134,391,135,395,135,395,135,400,135,403,135,404,136,404,138,404,138,404,140,404,141,404,141,404,143,406,144,409,144,412,145,413,146,414,147,417,148,422,148,422,148,426,148,429,148,431,149,432,150,435,151,438,151,440,153,441,154,444,154,448,154,448,154,453,154,457,154,457,153,457,151,457,151,457,149,456,148,453,148
409,161,404,161,404,161,400,161,395,161,395,161,391,161,388,160,386,159,385,158,382,157,379,157,378,156,378,154,378,154,378,153,376,151,373,151,370,150,369,149,369,148,369,148,369,146,369,144,369,144,369,143,367,142,364,141,361,141,360,140,358,139,355,138,352,137,351,136,351,135,351,135,351,133,351,131,351,131,351,130,350,129,347,128,344,128,342,127,341,126,338,125,335,124,333,123,332,122,329,122,326,121,324,120,323,119,320,119,317,118,316,117,314,116,311,115,308,115,307,114,305,113,302,112,299,112,298,110,296,109,293,109,290,108,289,107,289,106,289,106,289,104,288,103,285,102,282,102,280,101,279,100,276,99,273,99,271,97,271,96,271,96,271,94,270,93,267,93,264,92,262,91,261,90,258,89,255,89,254,88,254,86,254,86,254,85,255,83,258,83,261,82,262,81,262,80,262,80,262,78,262,76,262,76,262,75,262,73,262,73,262,72,261,70,258,70,255,69,254,68,254,67,254,67,254,65,252,64,249,63,246,63,245,62,243,61,240,60,237,60,236,59,234,58,231,57,228,56,227,55,227,54,227,54,227,52,226,51,223,50,220,50,218,49,217,48,214,47,211,47,209,46,208,45,205,44,202,43,200,42,199,41,196,41,193,40,192,39,190,38,187,38,184,37,183,36,181,35,178,34,174,34,174,34,169,34,165,34,165,34,161,34,158,34,156,33,155,32,152,31,149,31,147,29,146,28,143,28,140,28,138,29,138,31,138,31,138,33,140,34,143,34,146,35,147,36,149,37,152,38,155,38,156,39,156,41,156,41,156,42,158,43,161,44,164,45,165,46,165,47,165,47,165,49,166,50,169,50,172,51,174,52,175,53,178,54,181,54,183,55,184,56,187,57,190,58,192,59,192,60,192,60,192,62,193,63,196,63,199,64,200,65,200,67,200,67,200,68,199,69,196,70,193,70,192,72,192,73,192,73,192,75,192,76,192,76,192,78,192,80,192,80,192,81,192,83,192,83,192,85,193,86,196,86,199,87,200,88,200,89,200,89,200,91,200,93,200,93,200,94,200,96,200,96,200,97,202,99,205,99,208,100,209,101,211,102,214,102,217,103,218,104,220,105,223,106,226,106,227,107,228,108,231,109,234,109,236,110,236,112,236,112,236,114,236,115,236,115,236,117,236,119,236,119,236,120,237,121,240,122,243,122,245,123,245,125,245,125,245,127,246,128,249,128,252,129,254,130,255,131,258,131,261,132,262,133,262,135,262,135,262,136,264,137,267,138,270,138,271,140,273,141,276,141,279,142,280,143,282,144,285,144,288,145,289,146,290,147,293,148,296,148,298,149,299,150,302,151,307,151,307,151,311,151,314,151,316,153,317,154,320,154,323,155,324,156,324,157,324,157,324,159,326,160,329,161,332,161,333,162,333,164,333,164,333,165,335,167,338,167,341,168,342,169,344,170,347,170,351,170,351,170,355,170,358,171,360,172,360,174,360,174,360,175,361,176,364,177,369,177,369,177,373,177,376,177,378,178,379,180,382,180,386,180,386,180,391,180,395,180,395,180,400,180,403,180,404,178,403,177,400,177,397,176,395,175,395,174,395,174,395,172,395,170,391,170,388,170,386,169,388,168,391,167,394,168,395,169,395,170,400,170,404,170,404,170,409,170,412,170,413,169,413,167,413,167,413,165,413,164,413,164,413,162,412,161,409,161
391,141,388,142,386,143,388,144,391,144,394,144,395,143,394,142,391,141
391,187,386,187,386,188,388,189,391,190,394,189,395,188,394,187,391,187
382,128,379,129,378,130,379,131,382,131,386,131,386,130,385,129,382,128
382,183,379,184,378,185,379,186,382,187,386,187,386,185,385,184,382,183
347,99,344,99,342,97,341,96,338,96,335,95,333,94,332,93,329,93,326,93,324,94,324,96,324,96,324,97,326,99,329,99,332,100,333,101,335,102,338,102,342,102,342,102,347,102,350,102,351,101,350,100,347,99
320,374,317,375,316,376,316,378,316,378,316,379,317,380,320,381,323,380,324,379,324,378,324,378,324,376,323,375,320,374
285,196,282,196,280,195,279,194,276,193,273,192,271,191,271,190,271,190,271,188,271,187,271,187,271,185,270,184,267,183,264,183,262,182,262,180,262,180,262,178,261,177,258,177,255,176,254,175,254,174,254,174,254,172,252,171,249,170,246,170,245,169,243,168,240,167,237,167,236,165,234,164,231,164,227,164,227,164,223,164,220,163,218,162,218,161,218,161,218,159,218,157,218,157,218,156,217,155,214,154,211,154,209,153,209,151,209,151,209,149,209,148,209,148,209,146,208,145,205,144,202,144,200,143,200,141,200,141,200,140,199,139,196,138,193,137,192,136,190,135,187,135,184,134,183,133,181,132,178,131,175,132,174,133,172,134,169,135,166,135,165,136,165,138,165,138,165,140,166,141,169,141,172,142,174,143,174,144,174,144,174,146,172,147,169,148,165,148,165,148,161,148,158,148,156,149,155,150,152,151,147,151,147,151,143,151,140,150,138,149,138,148,138,148,138,146,138,144,138,144,138,143,138,141,138,141,138,140,137,139,134,138,130,138,130,138,125,138,122,139,121,140,121,141,121,141,121,143,122,144,125,144,128,145,130,146,130,148,130,148,130,149,128,150,125,151,122,151,121,153,121,154,121,154,121,156,122,157,125,157,128,158,130,159,130,161,130,161,130,162,131,163,134,164,137,164,138,165,140,167,143,167,146,168,147,169,147,170,147,170,147,172,149,173,152,174,155,174,156,175,156,177,156,177,156,178,158,180,161,180,164,181,165,182,165,183,165,183,165,185,166,186,169,187,172,187,174,188,174,190,174,190,174,191,175,192,178,193,181,194,183,195,184,196,187,196,190,197,192,198,193,199,196,200,199,200,200,201,202,202,205,203,208,203,209,204,211,205,214,206,218,206,218,206,223,206,226,207,227,208,227,209,227,209,227,211,228,212,231,212,234,213,236,214,236,216,236,216,236,217,236,219,236,219,236,221,234,222,231,222,227,222,227,222,223,222,218,222,218,222,214,222,211,223,209,224,209,225,209,225,209,227,211,228,214,229,218,229,218,229,223,229,227,229,227,229,231,229,236,229,236,229,240,229,245,229,245,229,249,229,254,229,254,229,258,229,262,229,262,229,267,229,270,228,271,227,273,226,276,225,279,225,280,224,282,223,285,222,288,222,289,221,289,219,289,219,289,217,289,216,289,216,289,214,289,212,289,212,289,211,289,209,289,209,289,208,289,206,289,206,289,204,289,203,289,203,289,201,289,200,289,200,289,198,288,197,285,196
152,154,149,155,147,156,147,157,147,157,147,159,149,160,152,161,155,160,156,159,156,157,156,157,156,156,155,155,152,154
258,268,255,267,254,266,254,264,254,264,254,263,252,262,249,261,245,261,245,261,240,261,237,262,236,263,236,264,236,264,236,266,234,267,231,268,228,268,227,269,227,271,227,271,227,272,228,273,231,274,234,275,236,276,236,277,236,277,236,279,236,280,236,280,236,282,236,284,236,284,236,285,234,286,231,287,228,288,227,289,227,290,227,290,227,292,228,293,231,293,234,294,236,295,237,296,240,297,245,297,245,297,249,297,252,296,254,295,254,293,254,293,254,292,252,291,249,290,246,290,245,289,245,287,245,287,245,285,246,284,249,284,252,283,254,282,254,280,254,280,254,279,254,277,254,277,254,276,254,274,254,274,254,272,255,271,258,271,261,270,262,269,261,268,258,268
205,261,202,262,200,263,200,264,200,264,200,266,202,267,205,268,208,267,209,266,209,264,209,264,209,263,208,262,205,261
178,235,175,236,174,237,174,238,174,238,174,240,175,241,178,242,181,241,183,240,183,238,183,238,183,237,181,236,178,235
