572,470,572,468,572,468,572,467,572,465,572,465,572,464,572,462,572,462,572,460,572,459,572,459,572,457,572,455,572,455,572,454,572,452,572,452,572,451,572,449,572,449,572,447,572,446,572,446,572,444,572,442,572,442,572,441,572,439,572,439,572,438,572,436,572,436,572,434,572,433,572,433,572,431,572,430,572,430,572,428,572,426,572,426,572,425,571,424,568,423,565,422,564,421,564,420,564,420,564,418,564,417,564,417,564,415,562,414,559,413,555,413,555,413,550,413,546,413,546,413,541,413,538,414,537,415,537,417,537,417,537,418,537,420,537,420,537,421,537,423,537,423,537,425,537,426,537,426,537,428,537,430,537,430,537,431,537,433,537,433,537,434,537,436,537,436,537,438,537,439,537,439,537,441,536,442,533,442,530,443,528,444,528,446,528,446,528,447,528,449,528,449,528,451,528,452,528,452,528,454,528,455,528,455,528,457,528,459,528,459,528,460,528,462,528,462,528,464,530,465,533,465,536,466,537,467,538,468,541,468,546,468,546,468,550,468,553,469,555,470,572,470
630,258,627,258,626,259,626,261,626,261,626,263,626,264,626,264,626,266,627,267,630,268,630,258
488,170,484,170,484,170,479,170,475,170,475,170,471,170,468,170,466,169,465,168,462,167,459,168,457,169,456,170,453,170,450,171,448,172,447,173,444,174,441,174,440,175,441,176,444,177,447,177,448,178,448,180,448,180,448,182,448,183,448,183,448,185,448,187,448,187,448,188,450,189,453,190,456,190,457,191,457,193,457,193,457,195,459,196,462,196,466,196,466,196,471,196,475,196,475,196,479,196,482,196,484,195,484,193,484,193,484,191,485,190,488,190,491,189,493,188,493,187,493,187,493,185,493,183,493,183,493,182,493,180,493,180,493,178,493,177,493,177,493,175,493,174,493,174,493,172,491,171,488,170
462,154,457,154,457,156,459,157,462,157,465,157,466,156,465,155,462,154
453,148,450,147,448,146,448,144,448,144,448,143,447,142,444,141,441,141,440,140,438,139,435,138,432,137,431,136,431,135,431,135,431,133,429,132,426,131,423,131,422,130,422,128,422,128,422,127,420,126,417,125,414,124,413,123,412,122,409,122,406,122,404,123,403,124,400,125,397,126,395,127,395,128,395,128,395,130,395,131,400,131,403,132,404,133,404,135,404,135,404,136,404,138,404,138,404,140,404,141,404,141,404,143,406,144,409,144,412,145,413,146,414,147,417,148,422,148,422,148,426,148,429,148,431,149,432,150,435,151,438,151,440,153,441,154,444,154,448,154,448,154,453,154,457,154,457,153,457,151,457,151,457,149,456,148,453,148
409,161,404,161,404,161,400,161,397,160,395,159,394,158,391,157,388,157,386,156,385,155,382,154,379,154,378,153,378,151,378,151,378,149,378,148,378,148,378,146,378,144,378,144,378,143,376,142,373,141,369,141,369,141,364,141,361,141,360,140,360,138,360,138,360,136,358,135,355,135,352,134,351,133,351,131,351,131,351,130,350,129,347,128,344,128,342,127,342,125,342,125,342,123,341,122,338,122,335,121,333,120,332,119,329,119,326,118,324,117,323,116,320,115,317,115,316,114,314,113,311,112,308,112,307,110,305,109,302,109,299,108,298,107,298,106,298,106,298,104,296,103,293,102,290,102,289,101,288,100,285,99,282,99,280,97,280,96,280,96,280,94,279,93,276,93,271,93,271,93,267,93,264,92,262,91,262,89,262,89,262,88,262,86,262,86,262,85,264,83,267,83,270,82,271,81,271,80,271,80,271,78,271,76,271,76,271,75,271,73,271,73,271,72,270,70,267,70,264,69,262,68,261,67,258,67,255,66,254,65,254,63,254,63,254,62,252,61,249,60,246,60,245,59,243,58,240,57,237,56,236,55,234,54,231,54,228,53,227,52,227,50,227,50,227,49,226,48,223,47,220,47,218,46,217,45,214,44,211,43,209,42,208,41,205,41,200,41,200,41,196,41,193,40,192,39,190,38,187,38,184,37,183,36,181,35,178,34,174,34,174,34,169,34,165,34,165,34,161,34,158,34,156,33,155,32,152,31,147,31,147,33,147,34,147,34,147,36,149,37,152,38,155,38,156,39,158,40,161,41,164,41,165,42,165,44,165,44,165,46,166,47,169,47,172,48,174,49,175,50,178,50,181,51,183,52,183,54,183,54,183,55,184,56,187,57,190,58,192,59,192,60,192,60,192,62,193,63,196,63,199,64,200,65,200,67,200,67,200,68,200,70,200,70,200,72,200,73,200,73,200,75,200,76,200,76,200,78,200,80,200,80,200,81,200,83,200,83,200,85,200,86,200,86,200,88,200,89,200,89,200,91,200,93,200,93,200,94,202,95,205,96,208,96,209,97,209,99,209,99,209,101,211,102,214,102,217,103,218,104,220,105,223,106,226,106,227,107,228,108,231,109,234,109,236,110,236,112,236,112,236,114,236,115,236,115,236,117,236,119,236,119,236,120,237,121,240,122,243,122,245,123,245,125,245,125,245,127,246,128,249,128,252,129,254,130,255,131,258,131,261,132,262,133,262,135,262,135,262,136,264,137,267,138,270,138,271,140,273,141,276,141,280,141,280,141,285,141,288,142,289,143,290,144,293,144,296,145,298,146,299,147,302,148,305,148,307,149,308,150,311,151,314,151,316,153,317,154,320,154,323,155,324,156,324,157,324,157,324,159,326,160,329,161,332,161,333,162,333,164,333,164,333,165,335,167,338,167,341,168,342,169,342,170,342,170,342,172,344,173,347,174,350,174,351,175,352,176,355,177,358,177,360,178,361,180,364,180,367,181,369,182,369,183,369,183,369,185,370,186,373,187,376,187,378,188,379,189,382,190,386,190,386,190,391,190,394,189,395,188,394,187,391,187,388,186,386,185,386,183,386,183,386,182,388,181,391,180,395,180,395,180,400,180,403,180,404,178,403,177,400,177,397,176,395,175,395,174,395,174,395,172,397,171,400,170,404,170,404,170,409,170,412,170,413,169,413,167,413,167,413,165,413,164,413,164,413,162,412,161,409,161
391,131,386,131,386,133,388,134,391,135,394,134,395,133,395,131,391,131
382,128,379,129,378,130,379,131,382,131,386,131,386,130,385,129,382,128
347,99,344,99,342,97,342,96,342,96,342,94,341,93,338,93,333,93,333,93,329,93,324,93,324,94,324,96,324,96,324,97,326,99,329,99,332,100,333,101,335,102,338,102,342,102,342,102,347,102,350,102,351,101,350,100,347,99
329,371,324,371,324,371,320,371,317,372,316,373,314,374,311,374,308,375,307,376,308,377,311,378,316,378,316,378,320,378,323,377,324,376,326,375,329,374,332,374,333,373,332,372,329,371
320,89,317,89,316,88,314,87,311,86,308,86,307,85,305,83,302,83,299,83,298,85,298,86,298,86,298,88,299,89,302,89,305,90,307,91,308,92,311,93,316,93,316,93,320,93,324,93,324,91,323,90,320,89
285,196,282,196,280,195,280,193,280,193,280,191,279,190,276,190,273,189,271,188,271,187,271,187,271,185,271,183,271,183,271,182,270,181,267,180,264,180,262,178,262,177,262,177,262,175,261,174,258,174,255,173,254,172,254,170,254,170,254,169,252,168,249,167,246,167,245,165,243,164,240,164,236,164,236,164,231,164,228,163,227,162,226,161,223,161,220,160,218,159,218,157,218,157,218,156,218,154,218,154,218,153,217,151,214,151,211,150,209,149,209,148,209,148,209,146,209,144,209,144,209,143,208,142,205,141,202,141,200,140,200,138,200,138,200,136,199,135,196,135,193,134,192,133,192,131,192,131,192,130,192,128,192,128,192,127,190,126,187,125,184,124,183,123,183,122,183,122,183,120,181,119,178,119,175,119,174,120,172,121,169,122,166,122,165,123,165,125,165,125,165,127,165,128,165,128,165,130,165,131,165,131,165,133,165,135,165,135,165,136,165,138,165,138,165,140,164,141,161,141,158,141,156,140,156,138,156,138,156,136,155,135,152,135,149,134,147,133,146,132,143,131,140,132,138,133,137,134,134,135,131,134,130,133,128,132,125,131,122,131,121,130,121,128,121,128,121,127,119,126,116,125,113,124,112,123,112,122,112,122,112,120,110,119,107,119,104,119,103,120,103,122,103,122,103,123,103,125,103,125,103,127,103,128,103,128,103,130,103,131,103,131,103,133,104,134,107,135,110,135,112,136,112,138,112,138,112,140,113,141,116,141,119,142,121,143,121,144,121,144,121,146,121,148,121,148,121,149,121,151,121,151,121,153,121,154,121,154,121,156,121,157,121,157,121,159,119,160,116,161,112,161,112,162,110,163,107,164,104,164,103,165,104,167,107,167,112,167,112,167,116,167,119,167,121,165,122,164,125,164,128,164,130,165,131,167,134,167,137,168,138,169,140,170,143,170,146,171,147,172,149,173,152,174,155,174,156,175,156,177,156,177,156,178,156,180,156,180,156,182,158,183,161,183,164,184,165,185,165,187,165,187,165,188,165,190,165,190,165,191,166,192,169,193,172,194,174,195,175,196,178,196,181,197,183,198,184,199,187,200,190,200,192,201,193,202,196,203,200,203,200,203,205,203,208,203,209,204,211,205,214,206,218,206,218,206,223,206,226,207,227,208,228,209,231,209,234,210,236,211,236,212,236,212,236,214,236,216,236,216,236,217,237,218,240,219,243,219,245,221,243,222,240,222,236,222,236,222,231,222,228,223,227,224,228,225,231,225,236,225,236,225,240,225,243,226,245,227,246,228,249,229,254,229,254,229,258,229,262,229,262,229,267,229,270,228,271,227,273,226,276,225,279,225,280,224,282,223,285,222,288,222,289,221,289,219,289,219,289,217,288,216,285,216,282,216,280,217,279,218,276,219,273,218,271,217,270,216,267,216,264,215,262,214,264,213,267,212,271,212,271,212,276,212,279,212,280,211,280,209,280,209,280,208,280,206,280,206,280,204,282,203,285,203,288,202,289,201,289,200,289,200,289,198,288,197,285,196
258,264,255,264,254,263,254,261,254,261,254,259,252,258,249,258,245,258,245,258,240,258,237,258,236,259,234,261,231,261,228,262,227,263,226,264,223,264,220,264,218,263,217,262,214,261,209,261,209,261,205,261,202,261,200,259,199,258,196,258,193,258,192,259,192,261,192,261,192,263,193,264,196,264,199,265,200,266,200,268,200,268,200,269,202,270,205,271,208,271,209,272,211,273,214,274,217,275,218,276,220,277,223,277,226,278,227,279,227,280,227,280,227,282,227,284,227,284,227,285,227,287,227,287,227,289,227,290,227,290,227,292,227,293,231,293,236,293,236,293,240,293,245,293,245,293,249,293,252,293,254,292,254,290,254,290,254,289,254,287,254,287,254,285,254,284,254,284,254,282,255,281,258,280,261,280,262,279,262,277,262,277,262,276,262,274,262,274,262,272,262,271,262,271,262,269,262,268,262,268,262,266,261,265,258,264
223,293,220,294,218,295,220,296,223,297,226,296,227,295,227,293,223,293
214,222,211,223,209,224,211,225,214,225,217,225,218,224,217,223,214,222
187,235,183,235,183,235,178,235,174,235,174,235,169,235,166,235,165,234,164,232,161,232,156,232,156,232,152,232,149,232,147,234,149,235,152,235,155,236,156,237,156,238,156,238,156,240,158,241,161,242,164,242,165,243,166,244,169,245,174,245,174,245,178,245,181,244,183,243,184,242,187,242,190,241,192,240,192,238,192,238,192,237,190,236,187,235
143,28,140,28,138,29,140,31,143,31,147,31,147,29,146,28,143,28
134,122,131,122,130,123,130,125,130,125,130,127,131,128,134,128,137,128,138,127,138,125,138,125,138,123,137,122,134,122
125,238,122,239,121,240,122,241,125,242,128,241,130,240,128,239,125,238
107,157,104,158,103,159,104,160,107,161,112,161,112,159,110,158,107,157
107,225,104,226,103,227,103,229,103,229,103,230,104,231,107,232,110,231,112,230,112,229,112,229,112,227,110,226,107,225
