630,436,627,435,626,434,626,433,626,433,626,431,626,430,626,430,626,428,626,426,626,426,626,425,624,424,621,423,618,422,617,421,617,420,617,420,617,418,617,417,617,417,617,415,615,414,612,413,609,414,608,415,608,417,608,417,608,418,606,419,603,420,600,420,599,421,599,423,599,423,599,425,598,426,595,426,592,427,590,428,590,430,590,430,590,431,590,433,590,433,590,434,590,436,590,436,590,438,590,439,590,439,590,441,590,442,590,442,590,444,590,446,590,446,590,447,590,449,590,449,590,451,590,452,590,452,590,454,590,455,590,455,590,457,590,459,590,459,590,460,590,462,590,462,590,464,592,465,595,465,598,466,599,467,599,468,599,468,599,470,615,470,630,470,630,436
630,287,626,287,626,287,621,287,618,288,617,289,617,290,617,290,617,292,617,293,617,293,617,295,617,297,617,297,617,298,617,300,617,300,617,302,617,303,617,303,617,305,618,306,621,306,624,307,626,308,627,309,630,310,630,287
603,284,600,283,599,282,598,281,595,280,592,280,590,279,590,277,590,277,590,276,589,275,586,274,581,274,581,274,577,274,574,275,572,276,572,277,572,277,572,279,572,280,572,280,572,282,574,283,577,284,580,284,581,285,581,287,581,287,581,289,583,290,586,290,589,290,590,289,592,288,595,287,599,287,599,287,603,287,606,286,608,285,606,284,603,284
550,271,547,270,546,269,546,268,546,268,546,266,546,264,546,264,546,263,546,261,546,261,546,259,546,258,546,258,546,256,546,255,546,255,546,253,544,252,541,251,538,251,537,250,537,248,537,248,537,246,536,245,533,245,530,244,528,243,528,242,528,242,528,240,528,238,528,238,528,237,528,235,528,235,528,234,527,232,524,232,521,231,519,230,519,229,519,229,519,227,519,225,519,225,519,224,519,222,519,222,519,221,518,219,515,219,512,218,510,217,510,216,510,216,510,214,509,213,506,212,503,212,502,211,500,210,497,209,494,209,493,208,491,207,488,206,484,206,484,206,479,206,476,205,475,204,474,203,471,203,468,202,466,201,465,200,462,200,457,200,457,200,453,200,450,200,448,201,447,202,444,203,441,203,440,204,438,205,435,206,432,207,431,208,429,209,426,209,423,209,422,208,422,206,422,206,422,204,422,203,422,203,422,201,422,200,422,200,422,198,422,196,422,196,422,195,422,193,422,193,422,191,420,190,417,190,414,190,413,191,412,192,409,193,404,193,404,195,404,196,404,196,404,198,404,200,404,200,404,201,403,202,400,203,397,203,395,204,395,206,395,206,395,208,395,209,395,209,395,211,394,212,391,212,388,213,386,214,386,216,386,216,386,217,386,219,386,219,386,221,386,222,386,222,386,224,386,225,386,225,386,227,386,229,386,229,386,230,388,231,391,232,394,232,395,234,397,235,400,235,403,236,404,237,404,238,404,238,404,240,404,242,404,242,404,243,406,244,409,245,412,245,413,246,413,248,413,248,413,250,414,251,417,251,420,252,422,253,423,254,426,255,429,255,431,256,431,258,431,258,431,259,432,261,435,261,438,262,440,263,441,264,444,264,447,265,448,266,448,268,448,268,448,269,450,270,453,271,456,271,457,272,457,274,457,274,457,276,459,277,462,277,465,278,466,279,468,280,471,280,474,281,475,282,475,284,475,284,475,285,476,286,479,287,484,287,484,287,488,287,493,287,493,287,497,287,502,287,502,287,506,287,509,288,510,289,512,290,515,290,518,291,519,292,519,293,519,293,519,295,521,296,524,297,527,297,528,298,530,299,533,300,536,300,537,302,537,303,537,303,537,305,538,306,541,306,544,307,546,308,547,309,550,310,553,309,555,308,555,306,555,306,555,305,555,303,555,303,555,302,555,300,555,300,555,298,555,297,555,297,555,295,555,293,555,293,555,292,555,290,555,290,555,289,555,287,555,287,555,285,555,284,555,284,555,282,555,280,555,280,555,279,555,277,555,277,555,276,555,274,555,274,555,272,553,271,550,271
462,316,459,317,457,318,457,319,457,319,457,321,457,323,462,323,465,322,466,321,466,319,466,319,466,318,465,317,462,316
453,141,448,141,448,143,450,144,453,144,456,144,457,143,456,142,453,141
453,323,450,323,448,324,448,326,453,326,456,325,457,324,457,323,453,323
444,128,441,129,440,130,438,131,435,131,432,131,431,130,431,128,431,128,431,127,432,126,435,125,438,124,440,123,438,122,435,122,432,121,431,120,431,119,431,119,431,117,429,116,426,115,423,115,422,114,420,113,417,112,413,112,413,112,409,112,404,112,404,112,400,112,395,112,395,112,391,112,388,113,386,114,388,115,391,115,394,116,395,117,395,119,395,119,395,120,394,121,391,122,388,122,386,123,386,125,391,125,394,126,395,127,394,128,391,128,388,128,386,127,386,125,382,125,379,126,378,127,378,128,378,128,378,130,379,131,382,131,385,132,386,133,386,135,391,135,394,135,395,136,397,137,400,138,403,137,404,136,404,135,404,135,404,133,404,131,404,131,404,130,404,128,404,128,404,127,406,126,409,125,412,126,413,127,413,128,413,128,413,130,413,131,413,131,413,133,413,135,413,135,413,136,413,138,413,138,413,140,413,141,413,141,413,143,414,144,417,144,422,144,422,144,426,144,431,144,431,144,435,144,438,144,440,143,441,142,444,141,448,141,448,140,448,138,448,138,448,136,448,135,448,135,448,133,448,131,448,131,448,130,447,129,444,128
444,326,441,326,440,327,440,329,440,329,440,331,441,332,444,332,447,332,448,331,448,329,448,329,448,327,448,326,444,326
435,336,432,336,431,337,432,338,435,339,438,338,440,337,438,336,435,336
426,342,423,343,422,344,420,345,417,345,414,346,413,347,413,349,413,349,413,350,413,352,413,352,413,353,412,354,409,355,406,356,404,357,403,358,400,358,397,359,395,360,395,361,395,361,395,363,394,364,391,365,388,365,386,366,385,367,382,368,379,369,378,370,376,371,373,371,370,372,369,373,367,374,364,374,361,375,360,376,358,377,355,378,352,378,351,379,350,380,347,381,344,381,342,383,342,384,342,384,342,386,344,387,347,387,350,387,351,386,352,385,355,384,360,384,360,384,364,384,367,384,369,383,370,381,373,381,378,381,378,381,382,381,385,380,386,379,388,378,391,378,394,377,395,376,397,375,400,374,403,374,404,373,406,372,409,371,412,371,413,370,413,368,413,368,413,366,413,365,413,365,413,363,414,362,417,361,420,361,422,360,423,359,426,358,429,358,431,357,431,355,431,355,431,353,431,352,431,352,431,350,431,349,431,349,431,347,431,345,431,345,431,344,429,343,426,342
409,157,406,157,404,156,404,154,404,154,404,153,404,151,404,151,404,149,404,148,404,148,404,146,403,145,400,144,397,144,395,143,394,142,391,141,386,141,386,141,382,141,379,141,378,140,379,138,382,138,385,137,386,136,386,135,382,135,378,135,378,135,373,135,370,134,369,133,369,131,369,131,369,130,367,129,364,128,361,128,360,127,360,125,360,125,360,123,360,122,360,122,360,120,360,119,360,119,360,117,358,116,355,115,352,115,351,114,350,113,347,112,344,112,342,110,342,109,342,109,342,107,342,106,342,106,342,104,344,103,347,102,351,102,351,102,355,102,358,103,360,104,360,106,360,106,360,107,361,108,364,109,369,109,369,107,369,106,369,106,369,104,369,102,369,102,369,101,369,99,369,99,369,97,367,96,364,96,361,95,360,94,360,93,360,93,360,91,358,90,355,89,352,89,351,88,351,86,351,86,351,85,350,83,347,83,344,82,342,81,342,80,342,80,342,78,341,77,338,76,335,76,333,75,332,74,329,73,324,73,324,73,320,73,316,73,316,73,311,73,308,73,307,72,307,70,307,70,307,68,305,67,302,67,299,66,298,65,298,63,298,63,298,62,296,61,293,60,290,60,289,59,288,58,285,57,282,56,280,55,280,54,280,54,280,52,279,51,276,50,271,50,271,50,267,50,262,50,262,50,258,50,255,50,254,49,252,48,249,47,245,47,245,47,240,47,237,48,236,49,234,50,231,50,227,50,227,50,223,50,220,50,218,49,217,48,214,47,211,47,209,46,209,44,209,44,209,42,208,41,205,41,200,41,200,41,196,41,193,40,192,39,190,38,187,38,183,38,183,38,178,38,175,37,174,36,172,35,169,34,165,34,165,34,161,34,158,34,156,33,155,32,152,31,149,31,147,29,146,28,143,28,140,28,138,29,137,31,134,31,130,31,130,31,125,31,122,32,121,33,119,34,116,34,113,35,112,36,112,38,112,38,112,39,110,40,107,41,103,41,103,41,99,41,96,41,94,42,94,44,94,44,94,46,93,47,90,47,87,48,85,49,84,50,81,50,78,51,76,52,76,54,76,54,76,55,76,57,76,57,76,59,75,60,72,60,69,61,68,62,66,63,63,63,60,64,59,65,59,67,59,67,59,68,57,69,54,70,50,70,50,70,45,70,42,70,41,72,41,73,41,73,41,75,41,76,41,76,41,78,40,79,37,80,34,80,32,81,32,83,32,83,32,85,32,86,32,86,32,88,32,89,32,89,32,91,32,93,32,93,32,94,32,96,32,96,32,97,32,99,32,99,32,101,32,102,32,102,32,104,32,106,32,106,32,107,34,108,37,109,40,109,41,110,41,112,41,112,41,114,41,115,41,115,41,117,42,118,45,119,48,119,50,120,51,121,54,122,57,122,59,123,59,125,59,125,59,127,60,128,63,128,66,129,68,130,69,131,72,131,75,132,76,133,76,135,76,135,76,136,78,137,81,138,84,138,85,140,87,141,90,141,93,142,94,143,96,144,99,144,102,145,103,146,104,147,107,148,110,148,112,149,113,150,116,151,119,151,121,153,122,154,125,154,128,154,130,153,131,151,134,151,137,151,138,153,140,154,143,154,146,155,147,156,149,157,152,157,155,158,156,159,158,160,161,161,165,161,165,161,169,161,174,161,174,161,178,161,181,160,183,159,183,157,183,157,183,156,183,154,183,154,183,153,184,151,187,151,192,151,192,151,196,151,199,150,200,149,200,148,200,148,200,146,200,144,200,144,200,143,202,142,205,141,208,141,209,140,211,138,214,138,217,137,218,136,218,135,218,135,218,133,218,131,218,131,218,130,218,128,218,128,218,127,217,126,214,125,211,124,209,123,209,122,209,122,209,120,209,119,209,119,209,117,209,115,209,115,209,114,209,112,209,112,209,110,209,109,209,109,209,107,209,106,209,106,209,104,211,103,214,102,217,102,218,101,218,99,218,99,218,97,218,96,218,96,218,94,220,93,223,93,227,93,227,93,231,93,236,93,236,93,240,93,243,92,245,91,246,90,249,89,254,89,254,89,258,89,261,89,262,88,262,86,262,86,262,85,261,83,258,83,255,82,254,81,252,80,249,80,246,79,245,78,245,76,245,76,245,75,246,74,249,73,252,73,254,72,255,70,258,70,262,70,262,70,267,70,270,70,271,72,273,73,276,73,280,73,280,73,285,73,288,74,289,75,290,76,293,76,296,77,298,78,298,80,298,80,298,81,298,83,298,83,298,85,299,86,302,86,305,87,307,88,307,89,307,89,307,91,308,92,311,93,314,93,316,94,314,95,311,96,308,96,307,97,308,99,311,99,314,100,316,101,316,102,316,102,316,104,316,106,316,106,316,107,316,109,316,109,316,110,316,112,316,112,316,114,316,115,316,115,316,117,316,119,316,119,316,120,316,122,316,122,316,123,316,125,316,125,316,127,314,128,311,128,308,129,307,130,307,131,307,131,307,133,307,135,307,135,307,136,307,138,307,138,307,140,307,141,307,141,307,143,307,144,307,144,307,146,307,148,307,148,307,149,307,151,307,151,307,153,307,154,307,154,307,156,307,157,307,157,307,159,307,161,307,161,307,162,307,164,307,164,307,165,307,167,307,167,307,169,307,170,307,170,307,172,307,174,307,174,307,175,307,177,307,177,307,178,305,180,302,180,299,181,298,182,298,183,298,183,298,185,298,187,298,187,298,188,296,189,293,190,290,190,289,191,289,193,289,193,289,195,290,196,293,196,298,196,298,196,302,196,305,196,307,195,308,194,311,193,314,192,316,191,317,190,320,190,324,190,324,190,329,190,333,190,333,190,338,190,342,190,342,190,347,190,351,190,351,190,355,190,360,190,360,190,364,190,367,190,369,191,370,192,373,193,376,194,378,195,378,196,378,196,378,198,378,200,378,200,378,201,379,202,382,203,385,202,386,201,388,200,391,200,394,199,395,198,395,196,395,196,395,195,397,194,400,193,404,193,404,191,403,190,400,190,397,189,395,188,395,187,395,187,395,185,395,183,395,183,395,182,397,181,400,180,403,180,404,178,404,177,404,177,404,175,403,174,400,174,397,173,395,172,397,171,400,170,404,170,404,170,409,170,412,170,413,169,413,167,413,167,413,165,413,164,413,164,413,162,413,161,413,161,413,159,412,158,409,157
373,109,369,109,369,110,370,111,373,112,376,111,378,110,376,109,373,109
347,284,342,284,342,284,338,284,335,284,333,285,333,287,333,287,333,289,333,290,333,290,333,292,333,293,333,293,333,295,333,297,333,297,333,298,335,299,338,300,341,300,342,302,342,303,342,303,342,305,344,306,347,306,350,306,351,305,351,303,351,303,351,302,351,300,351,300,351,298,351,297,351,297,351,295,351,293,351,293,351,292,351,290,351,290,351,289,351,287,351,287,351,285,350,284,347,284
276,196,271,196,271,196,267,196,264,197,262,198,261,199,258,200,254,200,254,200,249,200,245,200,245,200,240,200,236,200,236,200,231,200,227,200,227,200,223,200,220,199,218,198,217,197,214,196,209,196,209,196,205,196,200,196,200,196,196,196,193,196,192,195,190,194,187,193,183,193,183,193,178,193,174,193,174,193,169,193,166,194,165,195,165,196,165,196,165,198,164,199,161,200,156,200,156,200,152,200,149,200,147,201,149,202,152,203,155,203,156,204,158,205,161,206,164,207,165,208,165,209,165,209,165,211,166,212,169,212,172,213,174,214,174,216,174,216,174,217,174,219,174,219,174,221,175,222,178,222,181,223,183,224,183,225,183,225,183,227,184,228,187,229,192,229,192,229,196,229,199,228,200,227,200,225,200,225,200,224,200,222,200,222,200,221,200,219,200,219,200,217,202,216,205,216,208,215,209,214,211,213,214,212,217,212,218,211,220,210,223,209,227,209,227,209,231,209,234,209,236,208,237,207,240,206,243,205,245,204,246,203,249,203,254,203,254,203,258,203,262,203,262,203,267,203,271,203,271,203,276,203,279,202,280,201,280,200,280,200,280,198,279,197,276,196
231,187,227,187,227,187,223,187,218,187,218,187,214,187,209,187,209,187,205,187,202,187,200,188,202,189,205,190,209,190,209,190,214,190,218,190,218,190,223,190,227,190,227,190,231,190,234,189,236,188,234,187,231,187
196,164,193,164,192,165,193,167,196,167,199,167,200,165,199,164,196,164
134,200,130,200,130,200,125,200,122,199,121,198,119,197,116,196,113,196,112,195,110,194,107,193,104,192,103,191,102,190,99,190,96,189,94,188,94,187,94,187,94,185,94,183,94,183,94,182,93,181,90,180,87,180,85,178,85,177,85,177,85,175,84,174,81,174,78,173,76,172,76,170,76,170,76,169,75,168,72,167,69,167,68,165,66,164,63,164,60,163,59,162,57,161,54,161,50,161,50,161,45,161,41,161,41,161,37,161,34,161,32,162,32,164,32,164,32,165,34,167,37,167,40,168,41,169,42,170,45,170,48,171,50,172,50,174,50,174,50,175,50,177,50,177,50,178,51,180,54,180,57,181,59,182,59,183,59,183,59,185,60,186,63,187,66,187,68,188,69,189,72,190,75,190,76,191,78,192,81,193,85,193,85,193,90,193,93,194,94,195,94,196,94,196,94,198,96,199,99,200,102,200,103,201,104,202,107,203,112,203,112,203,116,203,119,203,121,204,122,205,125,206,128,207,130,208,131,209,134,209,137,209,138,208,138,206,138,206,138,204,138,203,138,203,138,201,137,200,134,200
