630,378,627,378,626,379,626,381,626,381,626,383,624,384,621,384,618,385,617,386,615,387,612,387,608,387,608,387,603,387,599,387,599,387,595,387,592,388,590,389,589,390,586,391,581,391,581,392,581,394,581,394,581,395,580,397,577,397,572,397,572,397,568,397,564,397,564,397,559,397,556,398,555,399,555,400,555,400,555,402,556,403,559,404,564,404,564,404,568,404,572,404,572,404,577,404,580,404,581,405,583,406,586,407,589,407,590,408,592,410,595,410,599,410,599,410,603,410,608,410,608,410,612,410,615,410,617,408,618,407,621,407,624,406,626,405,627,404,630,404,630,378
603,400,600,401,599,402,600,403,603,404,606,403,608,402,606,401,603,400
630,358,627,359,626,360,624,361,621,361,617,361,617,361,612,361,608,361,608,361,603,361,600,362,599,363,598,364,595,365,592,365,590,366,590,368,590,368,590,370,592,371,595,371,598,372,599,373,600,374,603,374,606,374,608,373,609,372,612,371,617,371,617,371,621,371,626,371,626,371,630,371,630,358
630,187,627,187,626,188,624,189,621,190,618,190,617,191,617,193,617,193,617,195,615,196,612,196,609,197,608,198,608,200,608,200,608,201,608,203,608,203,608,204,606,205,603,206,600,207,599,208,598,209,595,209,592,210,590,211,590,212,590,212,590,214,589,215,586,216,583,216,581,217,581,219,581,219,581,221,580,222,577,222,574,223,572,224,572,225,572,225,572,227,572,229,572,229,572,230,571,231,568,232,565,232,564,234,562,235,559,235,556,236,555,237,555,238,555,238,555,240,553,241,550,242,547,242,546,243,546,245,546,245,546,246,544,248,541,248,538,249,537,250,536,251,533,251,530,252,528,253,528,255,528,255,528,256,527,257,524,258,521,258,519,259,519,261,519,261,519,263,518,264,515,264,512,265,510,266,510,268,510,268,510,269,509,270,506,271,503,271,502,272,502,274,502,274,502,276,500,277,497,277,494,278,493,279,493,280,493,280,493,282,491,283,488,284,485,284,484,285,484,287,484,287,484,289,484,290,484,290,484,292,484,293,484,293,484,295,484,297,484,297,484,298,482,299,479,300,476,300,475,302,475,303,475,303,475,305,475,306,475,306,475,308,475,310,475,310,475,311,475,313,475,313,475,315,476,316,479,316,482,317,484,318,484,319,484,319,484,321,484,323,484,323,484,324,485,325,488,326,491,326,493,327,494,329,497,329,500,330,502,331,502,332,502,332,502,334,502,336,502,336,502,337,503,338,506,339,509,339,510,340,510,342,510,342,510,344,512,345,515,345,518,346,519,347,521,348,524,349,528,349,528,349,533,349,536,348,537,347,538,346,541,345,546,345,546,345,550,345,555,345,555,345,559,345,564,345,564,345,568,345,572,345,572,345,577,345,581,345,581,344,583,343,586,342,589,343,590,344,589,345,586,345,581,345,581,347,581,349,581,349,581,350,583,351,586,352,589,352,590,353,592,354,595,355,598,354,599,353,600,352,603,352,606,351,608,350,609,349,612,349,615,348,617,347,618,346,621,345,624,345,626,344,626,342,626,342,626,340,626,339,626,339,626,337,626,336,626,336,626,334,624,333,621,332,618,332,617,331,615,330,612,329,609,329,608,327,606,326,603,326,600,325,599,324,598,323,595,323,592,322,590,321,589,320,586,319,583,319,581,318,580,317,577,316,574,316,572,315,572,313,572,313,572,311,571,310,568,310,565,309,564,308,564,306,564,306,564,305,565,304,568,303,571,303,572,302,572,300,572,300,572,298,571,297,568,297,565,296,564,295,562,294,559,293,556,293,555,292,555,290,555,290,555,289,555,287,555,287,555,285,555,284,555,284,555,282,555,280,555,280,555,279,555,277,555,277,555,276,555,274,555,274,555,272,555,271,555,271,555,269,555,268,555,268,555,266,556,265,559,264,562,264,564,263,564,261,564,261,564,259,564,258,564,258,564,256,564,255,564,255,564,253,565,252,568,251,571,251,572,250,572,248,572,248,572,246,572,245,572,245,572,243,574,242,577,242,580,241,581,240,583,239,586,238,589,238,590,237,592,236,595,235,599,235,599,235,603,235,606,235,608,234,609,232,612,232,615,231,617,230,618,229,621,229,624,228,626,227,627,226,630,225,630,187
621,313,617,313,617,313,612,313,609,313,608,315,608,316,608,316,608,318,609,319,612,319,617,319,617,319,621,319,624,319,626,318,626,316,626,316,626,315,624,313,621,313
603,177,600,177,599,178,599,180,599,180,599,182,599,183,603,183,606,183,608,182,608,180,608,180,608,178,606,177,603,177
595,183,592,184,590,185,592,186,595,187,598,186,599,185,599,183,595,183
586,190,583,190,581,191,581,193,586,193,589,192,590,191,589,190,586,190
577,193,574,194,572,195,574,196,577,196,580,196,581,195,581,193,577,193
577,368,572,368,572,368,568,368,564,368,564,368,559,368,556,369,555,370,553,371,550,371,546,371,546,371,541,371,537,371,537,371,533,371,530,372,528,373,530,374,533,374,536,375,537,376,537,378,537,378,537,379,538,380,541,381,544,381,546,383,547,384,550,384,555,384,555,384,559,384,562,384,564,383,565,381,568,381,571,380,572,379,574,378,577,378,580,377,581,376,581,374,581,374,581,373,581,371,581,371,581,370,580,369,577,368
577,387,574,388,572,389,574,390,577,391,581,391,581,389,580,388,577,387
559,430,556,429,555,428,555,426,555,426,555,425,553,424,550,423,546,423,546,423,541,423,538,424,537,425,537,426,537,426,537,428,538,429,541,430,544,430,546,431,547,432,550,433,553,433,555,434,556,435,559,436,562,435,564,434,564,433,564,433,564,431,562,430,559,430
541,446,538,445,537,444,536,443,533,442,530,442,528,441,528,439,528,439,528,438,528,436,528,436,528,434,528,433,528,433,528,431,528,430,528,430,528,428,527,427,524,426,519,426,519,426,515,426,512,426,510,425,509,424,506,423,502,423,502,423,497,423,494,422,493,421,491,420,488,420,484,420,484,420,479,420,476,419,475,418,474,417,471,417,466,417,466,417,462,417,459,416,457,415,456,414,453,413,448,413,448,413,444,413,441,413,440,412,438,411,435,410,432,410,431,408,429,407,426,407,423,406,422,405,420,404,417,404,414,403,413,402,412,401,409,400,404,400,404,400,400,400,397,400,395,399,394,398,391,397,388,397,386,395,385,394,382,394,378,394,378,394,373,394,370,393,369,392,367,391,364,391,360,391,360,391,355,391,351,391,351,391,347,391,342,391,342,391,338,391,333,391,333,391,329,391,324,391,324,391,320,391,317,391,316,392,314,393,311,394,307,394,307,394,302,394,298,394,298,394,293,394,290,394,289,395,288,397,285,397,280,397,280,397,276,397,271,397,271,397,267,397,264,397,262,395,262,394,262,394,262,392,261,391,258,391,254,391,254,391,249,391,245,391,245,391,240,391,236,391,236,391,231,391,227,391,227,391,223,391,218,391,218,391,214,391,209,391,209,391,205,391,200,391,200,391,196,391,192,391,192,391,187,391,183,391,183,392,184,393,187,394,192,394,192,394,196,394,199,394,200,395,202,397,205,397,209,397,209,397,214,397,218,397,218,397,223,397,227,397,227,397,231,397,234,398,236,399,237,400,240,400,243,401,245,402,243,403,240,404,236,404,236,404,231,404,228,404,227,405,226,406,223,407,220,407,218,408,220,410,223,410,227,410,227,410,231,410,236,410,236,410,240,410,245,410,245,410,249,410,254,410,254,410,258,410,262,410,262,410,267,410,271,410,271,410,276,410,280,410,280,410,285,410,289,410,289,410,293,410,298,410,298,410,302,410,307,410,307,410,311,410,316,410,316,410,320,410,324,410,324,410,329,410,333,410,333,410,338,410,341,411,342,412,344,413,347,413,351,413,351,413,355,413,360,413,360,413,364,413,369,413,369,413,373,413,376,414,378,415,379,416,382,417,386,417,386,417,391,417,394,417,395,418,395,420,395,420,395,421,397,422,400,423,403,424,404,425,406,426,409,426,412,427,413,428,414,429,417,430,422,430,422,430,426,430,429,430,431,431,432,432,435,433,438,433,440,434,441,435,444,436,447,437,448,438,450,439,453,439,457,439,457,439,462,439,465,440,466,441,468,442,471,442,475,442,475,442,479,442,482,443,484,444,485,445,488,446,493,446,493,446,497,446,500,446,502,447,502,449,502,449,502,451,503,452,506,452,509,453,510,454,512,455,515,455,519,455,519,455,524,455,528,455,528,455,533,455,537,455,537,455,541,455,544,455,546,454,546,452,546,452,546,451,546,449,546,449,546,447,544,446,541,446
409,167,406,167,404,165,404,164,404,164,404,162,404,161,404,161,404,159,404,157,404,157,404,156,404,154,404,154,404,153,403,151,400,151,397,150,395,149,395,148,395,148,395,146,394,145,391,144,386,144,386,144,382,144,379,144,378,143,376,142,373,141,370,142,369,143,369,144,369,144,369,146,369,148,369,148,369,149,367,150,364,151,361,151,360,153,360,154,360,154,360,156,360,157,360,157,360,159,360,161,360,161,360,162,361,163,364,164,367,164,369,165,369,167,369,167,369,169,369,170,369,170,369,172,369,174,369,174,369,175,369,177,369,177,369,178,369,180,369,180,369,182,369,183,369,183,369,185,369,187,369,187,369,188,369,190,369,190,369,191,367,192,364,193,361,194,360,195,360,196,360,196,360,198,358,199,355,200,352,200,351,201,350,202,347,203,344,203,342,204,341,205,338,206,335,205,333,204,333,203,333,203,333,201,332,200,329,200,326,200,324,201,323,202,320,203,317,203,316,204,316,206,316,206,316,208,316,209,316,209,316,211,316,212,316,212,316,214,316,216,316,216,316,217,316,219,316,219,316,221,314,222,311,222,308,222,307,221,307,219,307,219,307,217,305,216,302,216,299,215,298,214,296,213,293,212,290,212,289,211,288,210,285,209,282,209,280,208,279,207,276,206,271,206,271,206,267,206,262,206,262,206,258,206,254,206,254,206,249,206,246,205,245,204,243,203,240,203,236,203,236,203,231,203,227,203,227,203,223,203,218,203,218,203,214,203,209,203,209,203,205,203,200,203,200,204,199,205,196,206,192,206,192,206,187,206,184,207,183,208,183,209,183,209,183,211,184,212,187,212,192,212,192,212,196,212,199,213,200,214,199,215,196,216,192,216,192,216,187,216,184,216,183,217,183,219,183,219,183,221,181,222,178,222,175,223,174,224,174,225,174,225,174,227,172,228,169,229,166,229,165,230,166,231,169,232,172,232,174,234,175,235,178,235,181,236,183,237,184,238,187,238,190,239,192,240,193,241,196,242,200,242,200,242,205,242,208,242,209,243,211,244,214,245,217,245,218,246,218,248,218,248,218,250,220,251,223,251,227,251,227,251,231,251,236,251,236,251,240,251,245,251,245,251,249,251,254,251,254,251,258,251,262,251,262,251,267,251,271,251,271,251,276,251,280,251,280,251,285,251,288,251,289,250,290,249,293,248,296,248,298,246,299,245,302,245,307,245,307,245,311,245,316,245,316,245,320,245,323,244,324,243,326,242,329,242,333,242,333,242,338,242,341,241,342,240,344,239,347,238,350,238,351,237,351,235,351,235,351,234,351,232,351,232,351,230,352,229,355,229,358,228,360,227,360,225,360,225,360,224,360,222,360,222,360,221,361,219,364,219,367,218,369,217,369,216,369,216,369,214,369,212,369,212,369,211,370,210,373,209,376,209,378,208,378,206,378,206,378,204,379,203,382,203,385,202,386,201,388,200,391,200,394,199,395,198,395,196,395,196,395,195,397,194,400,193,403,192,404,191,403,190,400,190,397,189,395,188,395,187,395,187,395,185,395,183,395,183,395,182,395,180,395,180,395,178,397,177,400,177,404,177,404,175,403,174,400,174,397,173,395,172,397,171,400,170,404,170,404,170,409,170,412,170,413,169,412,168,409,167
329,209,326,210,324,211,324,212,324,212,324,214,324,216,324,216,324,217,326,218,329,219,332,218,333,217,333,216,333,216,333,214,333,212,333,212,333,211,332,210,329,209
409,177,404,177,404,178,406,180,409,180,412,180,413,178,412,177,409,177
355,378,351,378,351,378,347,378,342,378,342,379,342,381,347,381,351,381,351,381,355,381,358,380,360,379,358,378,355,378
355,384,351,384,351,384,347,384,342,384,342,386,344,387,347,387,351,387,351,387,355,387,358,387,360,386,358,385,355,384
347,99,342,99,342,99,338,99,335,99,333,97,332,96,329,96,326,95,324,94,324,93,324,93,324,91,323,90,320,89,316,89,316,89,311,89,307,89,307,89,302,89,299,90,298,91,298,93,298,93,298,94,296,95,293,96,290,96,289,97,288,99,285,99,280,99,280,99,276,99,271,99,271,99,267,99,264,99,262,97,261,96,258,96,255,95,254,94,252,93,249,93,246,92,245,91,245,89,245,89,245,88,245,86,245,86,245,85,245,83,245,83,245,81,245,80,245,80,245,78,245,76,245,76,245,75,243,74,240,73,237,74,236,75,234,76,231,76,227,76,227,76,223,76,220,77,218,78,217,79,214,80,211,80,209,81,208,82,205,83,200,83,200,83,196,83,193,83,192,85,192,86,192,86,192,88,192,89,192,89,192,91,192,93,192,93,192,94,190,95,187,96,184,96,183,97,183,99,183,99,183,101,183,102,183,102,183,104,181,105,178,106,175,106,174,107,174,109,174,109,174,110,172,112,169,112,166,113,165,114,165,115,165,115,165,117,165,119,165,119,165,120,165,122,165,122,165,123,165,125,165,125,165,127,165,128,165,128,165,130,164,131,161,131,158,132,156,133,156,135,156,135,156,136,156,138,156,138,156,140,156,141,156,141,156,143,156,144,156,144,156,146,156,148,156,148,156,149,156,151,156,151,156,153,156,154,156,154,156,156,156,157,156,157,156,159,158,160,161,161,164,161,165,162,165,164,165,164,165,165,166,167,169,167,172,168,174,169,174,170,174,170,174,172,175,173,178,174,181,174,183,175,181,176,178,177,175,177,174,178,174,180,174,180,174,182,172,183,169,183,166,184,165,185,166,186,169,187,172,187,174,188,175,189,178,190,183,190,183,190,187,190,190,190,192,191,193,192,196,193,199,194,200,195,202,196,205,196,208,196,209,195,211,194,214,193,217,194,218,195,220,196,223,196,227,196,227,196,231,196,234,196,236,195,237,194,240,193,245,193,245,193,249,193,252,192,254,191,255,190,258,190,261,189,262,188,261,187,258,187,255,186,254,185,254,183,254,183,254,182,255,181,258,180,261,180,262,178,262,177,262,177,262,175,262,174,262,174,262,172,262,170,262,170,262,169,262,167,262,167,262,165,264,164,267,164,270,163,271,162,271,161,271,161,271,159,271,157,271,157,271,156,273,155,276,154,279,154,280,153,282,151,285,151,288,150,289,149,290,148,293,148,296,147,298,146,299,145,302,144,305,144,307,143,307,141,307,141,307,140,307,138,307,138,307,136,308,135,311,135,314,134,316,133,316,131,316,131,316,130,316,128,316,128,316,127,317,126,320,125,323,124,324,123,324,122,324,122,324,120,324,119,324,119,324,117,324,115,324,115,324,114,324,112,324,112,324,110,326,109,329,109,332,108,333,107,335,106,338,106,341,105,342,104,344,103,347,102,350,102,351,101,350,100,347,99
338,374,335,374,333,373,332,372,329,371,324,371,324,371,320,371,317,371,316,370,314,369,311,368,307,368,307,368,302,368,298,368,298,370,299,371,302,371,305,372,307,373,308,374,311,374,316,374,316,374,320,374,323,375,324,376,326,377,329,378,333,378,333,378,338,378,342,378,342,376,341,375,338,374
338,381,333,381,333,381,329,381,326,381,324,383,326,384,329,384,333,384,333,384,338,384,342,384,342,383,342,381,338,381
302,358,299,358,298,357,296,356,293,355,289,355,289,355,285,355,282,354,280,353,279,352,276,352,273,351,271,350,273,349,276,349,280,349,280,349,285,349,288,348,289,347,288,346,285,345,282,345,280,344,279,343,276,342,271,342,271,342,267,342,262,342,262,342,258,342,255,343,254,344,252,345,249,345,245,345,245,345,240,345,236,345,236,345,231,345,228,346,227,347,226,348,223,349,220,349,218,350,217,351,214,352,211,352,209,353,208,354,205,355,202,356,200,357,200,358,200,358,200,360,199,361,196,361,193,362,192,363,190,364,187,365,184,365,183,366,183,368,183,368,183,370,183,371,183,371,183,373,183,374,183,374,183,376,184,377,187,378,190,378,192,379,193,380,196,381,199,381,200,383,202,384,205,384,209,384,209,384,214,384,217,384,218,383,220,381,223,381,227,381,227,381,231,381,234,380,236,379,236,378,236,378,236,376,236,374,236,374,236,373,234,372,231,371,228,371,227,370,227,368,227,368,227,366,227,365,227,365,227,363,227,361,227,361,227,360,228,359,231,358,234,358,236,357,237,356,240,355,245,355,245,355,249,355,254,355,254,355,258,355,261,356,262,357,261,358,258,358,255,359,254,360,252,361,249,361,246,362,245,363,246,364,249,365,252,365,254,366,255,367,258,368,262,368,262,368,267,368,271,368,271,368,276,368,280,368,280,368,285,368,289,368,289,368,293,368,298,368,298,366,298,365,298,365,298,363,299,362,302,361,305,361,307,360,305,359,302,358
258,371,255,372,254,373,255,374,258,374,261,374,262,373,261,372,258,371
196,200,193,200,192,201,193,202,196,203,200,203,200,201,199,200,196,200
178,387,174,387,174,387,169,387,166,388,165,389,166,390,169,391,174,391,174,391,178,391,183,391,183,389,181,388,178,387
90,251,87,251,85,250,85,248,85,248,85,246,84,245,81,245,78,244,76,243,75,242,72,242,68,242,68,242,63,242,60,242,59,243,59,245,59,245,59,246,60,248,63,248,66,249,68,250,68,251,68,251,68,253,69,254,72,255,75,255,76,256,78,257,81,258,84,258,85,259,87,261,90,261,93,261,94,259,94,258,94,258,94,256,94,255,94,255,94,253,93,252,90,251
