630,261,626,261,626,263,626,264,626,264,626,266,627,267,630,268,630,261
621,251,618,252,617,253,617,255,617,255,617,256,617,258,617,258,617,259,618,261,621,261,626,261,626,259,626,258,626,258,626,256,626,255,626,255,626,253,624,252,621,251
559,433,556,432,555,431,555,430,555,430,555,428,555,426,555,426,555,425,555,423,555,423,555,421,555,420,555,420,555,418,553,417,550,417,547,416,546,415,546,413,546,413,546,412,544,411,541,410,538,411,537,412,537,413,537,413,537,415,536,416,533,417,530,417,528,418,528,420,528,420,528,421,528,423,528,423,528,425,528,426,528,426,528,428,528,430,528,430,528,431,527,432,524,433,521,433,519,434,519,436,519,436,519,438,519,439,519,439,519,441,519,442,519,442,519,444,519,446,519,446,519,447,521,448,524,449,527,449,528,451,528,452,528,452,528,454,528,455,528,455,528,457,530,458,533,459,536,459,537,460,538,461,541,462,544,461,546,460,546,459,546,459,546,457,546,455,546,455,546,454,546,452,546,452,546,451,547,449,550,449,555,449,555,449,559,449,562,448,564,447,564,446,564,446,564,444,564,442,564,442,564,441,564,439,564,439,564,438,564,436,564,436,564,434,562,433,559,433
497,177,494,176,493,175,493,174,493,174,493,172,491,171,488,170,484,170,484,170,479,170,475,170,475,170,471,170,468,170,466,169,465,168,462,167,457,167,457,167,453,167,450,168,448,169,448,170,448,170,448,172,447,173,444,174,441,174,440,175,441,176,444,177,447,177,448,178,448,180,448,180,448,182,447,183,444,183,441,184,440,185,441,186,444,187,447,187,448,188,448,190,448,190,448,191,448,193,448,193,448,195,448,196,448,196,448,198,448,200,448,200,448,201,448,203,448,203,448,204,448,206,448,206,448,208,450,209,453,209,456,210,457,211,459,212,462,212,465,212,466,211,466,209,466,209,466,208,468,207,471,206,474,205,475,204,476,203,479,203,482,202,484,201,484,200,484,200,484,198,485,197,488,196,491,196,493,195,493,193,493,193,493,191,493,190,493,190,493,188,493,187,493,187,493,185,494,184,497,183,500,183,502,182,502,180,502,180,502,178,500,177,497,177
462,151,459,150,457,149,456,148,453,148,450,147,448,146,448,144,448,144,448,143,447,142,444,141,441,141,440,140,438,139,435,138,432,137,431,136,429,135,426,135,423,134,422,133,420,132,417,131,414,131,413,130,412,129,409,128,404,128,404,128,400,128,397,129,395,130,395,131,395,131,395,133,397,134,400,135,403,135,404,136,404,138,404,138,404,140,404,141,404,141,404,143,406,144,409,144,412,145,413,146,414,147,417,148,422,148,422,148,426,148,429,148,431,149,432,150,435,151,438,151,440,153,441,154,444,154,448,154,448,154,453,154,456,155,457,156,459,157,462,157,465,157,466,156,466,154,466,154,466,153,465,151,462,151
409,157,406,158,404,159,403,160,400,161,395,161,395,161,391,161,388,160,386,159,385,158,382,157,379,157,378,156,378,154,378,154,378,153,376,151,373,151,370,150,369,149,367,148,364,148,361,147,360,146,361,145,364,144,367,144,369,143,367,142,364,141,360,141,360,141,355,141,352,141,351,140,350,139,347,138,344,137,342,136,344,135,347,135,351,135,351,135,355,135,358,134,360,133,360,131,360,131,360,130,358,129,355,128,352,128,351,127,350,126,347,125,344,124,342,123,341,122,338,122,333,122,333,122,329,122,324,122,324,122,320,122,317,121,316,120,314,119,311,119,308,118,307,117,305,116,302,115,299,115,298,114,296,113,293,112,290,112,289,110,289,109,289,109,289,107,288,106,285,106,282,105,280,104,280,102,280,102,280,101,279,100,276,99,273,99,271,97,270,96,267,96,264,95,262,94,261,93,258,93,255,92,254,91,254,89,254,89,254,88,254,86,254,86,254,85,254,83,254,83,254,81,255,80,258,80,261,79,262,78,262,76,262,76,262,75,262,73,262,73,262,72,261,70,258,70,255,69,254,68,254,67,254,67,254,65,252,64,249,63,245,63,245,63,240,63,237,63,236,62,234,61,231,60,228,60,227,59,226,58,223,57,220,56,218,55,218,54,218,54,218,52,217,51,214,50,211,50,209,49,208,48,205,47,202,47,200,46,200,44,200,44,200,42,199,41,196,41,193,40,192,39,190,38,187,38,184,37,183,36,181,35,178,34,174,34,174,34,169,34,165,34,165,34,161,34,158,34,156,33,155,32,152,31,147,31,147,31,143,31,140,32,138,33,138,34,138,34,138,36,140,37,143,38,146,38,147,39,149,40,152,41,155,41,156,42,156,44,156,44,156,46,156,47,156,47,156,49,158,50,161,50,164,51,165,52,166,53,169,54,172,54,174,55,175,56,178,57,181,58,183,59,183,60,183,60,183,62,184,63,187,63,190,64,192,65,190,66,187,67,184,67,183,68,183,70,183,70,183,72,183,73,183,73,183,75,183,76,183,76,183,78,183,80,183,80,183,81,183,83,183,83,183,85,183,86,183,86,183,88,184,89,187,89,190,90,192,91,193,92,196,93,199,93,200,94,200,96,200,96,200,97,202,99,205,99,208,100,209,101,211,102,214,102,217,103,218,104,218,106,218,106,218,107,220,108,223,109,226,109,227,110,228,111,231,112,234,113,236,114,236,115,236,115,236,117,236,119,236,119,236,120,236,122,236,122,236,123,237,124,240,125,243,126,245,127,246,128,249,128,252,129,254,130,254,131,254,131,254,133,255,134,258,135,261,135,262,136,264,137,267,138,270,138,271,140,273,141,276,141,279,142,280,143,282,144,285,144,288,145,289,146,290,147,293,148,296,148,298,149,299,150,302,151,305,151,307,153,308,154,311,154,314,155,316,156,317,157,320,157,323,158,324,159,326,160,329,161,333,161,333,161,338,161,342,161,342,161,347,161,351,161,351,161,355,161,360,161,360,161,364,161,369,161,369,161,373,161,376,161,378,162,379,163,382,164,385,164,386,165,388,167,391,167,394,168,395,169,395,170,400,170,404,170,404,170,409,170,412,170,413,169,413,167,413,167,413,165,413,164,413,164,413,162,413,161,413,161,413,159,412,158,409,157
409,177,404,177,404,177,400,177,397,176,395,175,395,174,395,174,395,172,395,170,391,170,386,170,386,170,382,170,379,170,378,169,376,168,373,167,369,167,369,167,364,167,360,167,360,167,355,167,351,167,351,169,352,170,355,170,360,170,360,170,364,170,367,171,369,172,370,173,373,174,376,174,378,175,379,176,382,177,385,177,386,178,388,180,391,180,395,180,395,180,400,180,404,180,404,180,409,180,412,180,413,178,412,177,409,177
391,141,388,142,386,143,388,144,391,144,394,144,395,143,394,142,391,141
391,187,388,187,386,188,388,189,391,190,394,189,395,188,394,187,391,187
382,128,379,129,378,130,379,131,382,131,385,131,386,130,385,129,382,128
347,164,344,164,342,165,344,167,347,167,351,167,351,165,350,164,347,164
338,96,335,95,333,94,332,93,329,93,326,93,324,94,324,96,324,96,324,97,326,99,329,99,333,99,333,99,338,99,341,99,342,97,341,96,338,96
293,212,290,212,289,211,289,209,289,209,289,208,289,206,289,206,289,204,289,203,289,203,289,201,288,200,285,200,282,199,280,198,280,196,280,196,280,195,279,194,276,193,273,192,271,191,270,190,267,190,264,189,262,188,262,187,262,187,262,185,261,184,258,183,255,183,254,182,254,180,254,180,254,178,252,177,249,177,246,176,245,175,243,174,240,174,237,173,236,172,236,170,236,170,236,169,234,168,231,167,228,167,227,165,226,164,223,164,220,163,218,162,218,161,218,161,218,159,217,158,214,157,211,157,209,156,209,154,209,154,209,153,208,151,205,151,202,150,200,149,199,148,196,148,193,147,192,146,192,144,192,144,192,143,190,142,187,141,184,141,183,140,183,138,183,138,183,136,181,135,178,135,175,135,174,136,174,138,174,138,174,140,174,141,174,141,174,143,174,144,174,144,174,146,174,148,174,148,174,149,174,151,174,151,174,153,174,154,174,154,174,156,172,157,169,157,166,158,165,159,165,161,165,161,165,162,166,163,169,164,172,164,174,165,172,167,169,167,166,168,165,169,165,170,165,170,165,172,165,174,165,174,165,175,165,177,165,177,165,178,165,180,165,180,165,182,166,183,169,183,172,184,174,185,175,186,178,187,181,187,183,188,184,189,187,190,190,190,192,191,192,193,192,193,192,195,192,196,192,196,192,198,193,199,196,200,199,200,200,201,202,202,205,203,208,203,209,204,211,205,214,206,217,207,218,208,220,209,223,209,226,210,227,211,227,212,227,212,227,214,228,215,231,216,234,216,236,217,234,218,231,219,228,219,227,221,227,222,227,222,227,224,227,225,227,225,227,227,228,228,231,229,234,229,236,230,237,231,240,232,245,232,245,232,249,232,254,232,254,232,258,232,262,232,262,232,267,232,270,231,271,230,271,229,271,229,271,227,273,226,276,225,279,225,280,224,282,223,285,222,288,222,289,221,290,219,293,219,296,218,298,217,298,216,298,216,298,214,296,213,293,212
258,297,255,296,254,295,254,293,254,293,254,292,252,291,249,290,246,291,245,292,243,293,240,293,237,294,236,295,237,296,240,297,243,297,245,298,246,299,249,300,254,300,254,300,258,300,261,299,262,298,261,297,258,297
152,164,147,164,147,165,147,167,147,167,147,169,149,170,152,170,155,170,156,169,156,167,156,167,156,165,155,164,152,164
143,161,140,161,138,162,140,163,143,164,147,164,147,162,146,161,143,161
143,248,140,249,138,250,140,251,143,251,146,251,147,250,146,249,143,248
