630,264,627,265,626,266,627,267,630,268,630,264
621,255,618,255,617,256,618,257,621,258,624,257,626,256,624,255,621,255
541,436,538,435,537,434,536,433,533,433,530,433,528,434,527,435,524,436,521,437,519,438,519,439,519,439,519,441,521,442,524,442,528,442,528,442,533,442,536,442,537,441,538,440,541,439,544,439,546,438,544,437,541,436
506,193,503,192,502,191,502,190,502,190,502,188,502,187,502,187,502,185,502,183,502,183,502,182,502,180,502,180,502,178,500,177,497,177,494,176,493,175,493,174,493,174,493,172,491,171,488,170,484,170,484,170,479,170,475,170,475,170,471,170,468,170,466,169,465,168,462,167,457,167,457,167,453,167,450,168,448,169,448,170,448,170,448,172,447,173,444,174,441,174,440,175,441,176,444,177,447,177,448,178,448,180,448,180,448,182,447,183,444,183,441,184,440,185,438,186,435,187,432,187,431,188,429,189,426,190,423,190,422,191,423,192,426,193,429,194,431,195,432,196,435,196,438,197,440,198,440,200,440,200,440,201,441,202,444,203,447,203,448,204,448,206,448,206,448,208,450,209,453,209,457,209,457,209,462,209,465,209,466,208,468,207,471,206,475,206,475,206,479,206,484,206,484,206,488,206,493,206,493,206,497,206,500,205,502,204,503,203,506,203,509,202,510,201,510,200,510,200,510,198,510,196,510,196,510,195,509,194,506,193
462,154,457,154,457,156,459,157,462,157,465,157,466,156,465,155,462,154
453,148,450,147,448,146,448,144,448,144,448,143,447,142,444,141,441,141,440,140,438,139,435,138,432,137,431,136,429,135,426,135,423,134,422,133,420,132,417,131,413,131,413,131,409,131,406,131,404,130,403,129,400,128,397,129,395,130,395,131,395,131,395,133,397,134,400,135,403,135,404,136,404,138,404,138,404,140,404,141,404,141,404,143,406,144,409,144,412,145,413,146,414,147,417,148,422,148,422,148,426,148,429,148,431,149,432,150,435,151,438,151,440,153,441,154,444,154,448,154,448,154,453,154,457,154,457,153,457,151,457,151,457,149,456,148,453,148
409,157,406,158,404,159,403,160,400,161,395,161,395,161,391,161,388,160,386,159,385,158,382,157,379,157,378,156,376,155,373,154,370,154,369,153,367,151,364,151,361,150,360,149,360,148,360,148,360,146,360,144,360,144,360,143,358,142,355,141,351,141,351,141,347,141,344,141,342,140,341,139,338,138,335,137,333,136,332,135,329,135,326,134,324,133,324,131,324,131,324,130,324,128,324,128,324,127,323,126,320,125,317,124,316,123,314,122,311,122,308,121,307,120,305,119,302,119,299,118,298,117,298,115,298,115,298,114,296,113,293,112,290,112,289,110,288,109,285,109,282,108,280,107,280,106,280,106,280,104,279,103,276,102,273,102,271,101,270,100,267,99,264,99,262,97,261,96,258,96,255,95,254,94,252,93,249,93,246,92,245,91,245,89,245,89,245,88,245,86,245,86,245,85,243,83,240,83,237,82,236,81,236,80,236,80,236,78,237,77,240,76,243,76,245,75,245,73,245,73,245,72,245,70,245,70,245,68,243,67,240,67,237,66,236,65,234,64,231,63,227,63,227,63,223,63,220,63,218,62,218,60,218,60,218,59,217,58,214,57,211,56,209,55,208,54,205,54,202,53,200,52,200,50,200,50,200,49,199,48,196,47,193,47,192,46,192,44,192,44,192,42,190,41,187,41,184,40,183,39,181,38,178,38,175,37,174,36,172,35,169,34,165,34,165,34,161,34,158,34,156,33,155,32,152,31,147,31,147,31,143,31,140,32,138,33,138,34,138,34,138,36,140,37,143,38,146,38,147,39,149,40,152,41,155,41,156,42,156,44,156,44,156,46,156,47,156,47,156,49,158,50,161,50,165,50,165,50,169,50,172,51,174,52,175,53,178,54,181,54,183,55,184,56,187,57,190,58,192,59,192,60,192,60,192,62,193,63,196,63,199,64,200,65,202,66,205,67,208,67,209,68,209,70,209,70,209,72,208,73,205,73,202,73,200,72,199,70,196,70,192,70,192,70,187,70,184,70,183,72,183,73,183,73,183,75,183,76,183,76,183,78,183,80,183,80,183,81,183,83,183,83,183,85,183,86,183,86,183,88,184,89,187,89,190,90,192,91,193,92,196,93,199,93,200,94,202,95,205,96,208,96,209,97,209,99,209,99,209,101,211,102,214,102,217,103,218,104,220,105,223,106,226,106,227,107,227,109,227,109,227,110,227,112,227,112,227,114,228,115,231,115,234,116,236,117,236,119,236,119,236,120,236,122,236,122,236,123,236,125,236,125,236,127,237,128,240,128,243,129,245,130,246,131,249,131,252,132,254,133,255,134,258,135,261,135,262,136,262,138,262,138,262,140,264,141,267,141,271,141,271,141,276,141,279,142,280,143,282,144,285,144,288,145,289,146,290,147,293,148,296,148,298,149,299,150,302,151,305,151,307,153,308,154,311,154,316,154,316,154,320,154,323,154,324,153,326,151,329,151,332,151,333,153,335,154,338,154,342,154,342,154,347,154,351,154,351,154,355,154,358,155,360,156,361,157,364,157,367,158,369,159,370,160,373,161,376,161,378,162,378,164,378,164,378,165,379,167,382,167,385,168,386,169,385,170,382,170,379,171,378,172,378,174,378,174,378,175,379,176,382,177,385,177,386,178,388,180,391,180,395,180,395,180,400,180,404,180,404,180,409,180,412,180,413,178,412,177,409,177,404,177,404,177,400,177,397,176,395,175,395,174,395,174,395,172,397,171,400,170,404,170,404,170,409,170,412,170,413,169,413,167,413,167,413,165,413,164,413,164,413,162,413,161,413,161,413,159,412,158,409,157
391,141,388,142,386,143,388,144,391,144,394,144,395,143,394,142,391,141
382,128,379,129,378,130,379,131,382,131,385,131,386,130,385,129,382,128
355,128,351,128,351,128,347,128,344,129,342,130,344,131,347,131,350,132,351,133,352,134,355,135,358,134,360,133,360,131,360,131,360,130,358,129,355,128
302,404,299,404,298,405,299,406,302,407,305,406,307,405,305,404,302,404
293,212,290,212,289,211,289,209,289,209,289,208,289,206,289,206,289,204,289,203,289,203,289,201,288,200,285,200,282,199,280,198,279,197,276,196,273,196,271,195,270,194,267,193,264,192,262,191,262,190,262,190,262,188,261,187,258,187,255,186,254,185,254,183,254,183,254,182,252,181,249,180,246,180,245,178,243,177,240,177,237,176,236,175,236,174,236,174,236,172,236,170,236,170,236,169,234,168,231,167,228,167,227,165,226,164,223,164,220,163,218,162,218,161,218,161,218,159,217,158,214,157,211,157,209,156,208,155,205,154,202,154,200,153,199,151,196,151,193,150,192,149,190,148,187,148,184,148,183,149,181,150,178,151,175,151,174,153,174,154,174,154,174,156,175,157,178,157,181,158,183,159,183,161,183,161,183,162,181,163,178,164,175,164,174,165,174,167,174,167,174,169,174,170,174,170,174,172,174,174,174,174,174,175,172,176,169,177,166,177,165,178,165,180,165,180,165,182,166,183,169,183,172,184,174,185,175,186,178,187,181,187,183,188,184,189,187,190,190,190,192,191,192,193,192,193,192,195,192,196,192,196,192,198,192,200,192,200,192,201,193,202,196,203,199,203,200,204,202,205,205,206,208,207,209,208,209,209,209,209,209,211,209,212,209,212,209,214,209,216,209,216,209,217,209,219,209,219,209,221,209,222,209,222,209,224,209,225,209,225,209,227,211,228,214,229,217,229,218,230,220,231,223,232,227,232,227,232,231,232,234,232,236,234,237,235,240,235,245,235,245,235,249,235,254,235,254,235,258,235,261,236,262,237,264,238,267,238,270,239,271,240,271,242,271,242,271,243,273,244,276,245,280,245,280,245,285,245,288,244,289,243,289,242,289,242,289,240,290,239,293,238,296,238,298,237,296,236,293,235,289,235,289,235,285,235,282,235,280,234,280,232,280,232,280,230,280,229,280,229,280,227,282,226,285,225,288,225,289,224,290,223,293,222,296,222,298,221,298,219,298,219,298,217,298,216,298,216,298,214,296,213,293,212
