10,167,14,167,14,167,19,167,22,167,23,165,23,164,23,164,23,162,22,161,19,161,16,161,14,162,13,163,10,164,10,167
533,212,530,213,528,214,528,216,528,216,528,217,528,219,528,219,528,221,530,222,533,222,536,222,537,221,537,219,537,219,537,217,537,216,537,216,537,214,536,213,533,212
524,200,521,199,519,198,518,197,515,196,512,196,510,195,510,193,510,193,510,191,510,190,510,190,510,188,509,187,506,187,503,186,502,185,502,183,502,183,502,182,502,180,502,180,502,178,500,177,497,177,494,176,493,175,493,174,493,174,493,172,491,171,488,170,484,170,484,170,479,170,475,170,475,170,471,170,468,170,466,169,465,168,462,167,459,168,457,169,456,170,453,170,450,171,448,172,447,173,444,174,441,174,440,175,440,177,440,177,440,178,441,180,444,180,447,181,448,182,447,183,444,183,440,183,440,183,435,183,432,184,431,185,431,187,431,187,431,188,429,189,426,190,422,190,422,190,417,190,414,190,413,191,414,192,417,193,420,194,422,195,423,196,426,196,429,197,431,198,432,199,435,200,438,200,440,201,441,202,444,203,448,203,448,203,453,203,456,203,457,204,459,205,462,206,466,206,466,206,471,206,475,206,475,206,479,206,482,207,484,208,485,209,488,209,493,209,493,209,497,209,502,209,502,209,506,209,510,209,510,209,515,209,518,209,519,208,519,206,519,206,519,204,521,203,524,203,527,202,528,201,527,200,524,200
515,216,512,216,510,217,512,218,515,219,518,218,519,217,518,216,515,216
453,148,450,147,448,146,448,144,448,144,448,143,447,142,444,141,441,141,440,140,438,139,435,138,432,137,431,136,429,135,426,135,423,134,422,133,420,132,417,131,413,131,413,131,409,131,404,131,404,131,400,131,395,131,395,131,391,131,386,131,386,133,388,134,391,135,395,135,395,135,400,135,403,135,404,136,404,138,404,138,404,140,404,141,404,141,404,143,406,144,409,144,412,145,413,146,414,147,417,148,422,148,422,148,426,148,429,148,431,149,432,150,435,151,438,151,440,153,441,154,444,154,448,154,448,154,453,154,456,154,457,153,457,151,457,151,457,149,456,148,453,148
409,161,404,161,404,161,400,161,397,160,395,159,394,158,391,157,386,157,386,157,382,157,378,157,378,157,373,157,370,158,369,159,369,161,369,161,369,162,370,163,373,164,376,164,378,165,378,167,378,167,378,169,378,170,378,170,378,172,378,174,378,174,378,175,379,176,382,177,385,177,386,178,388,180,391,180,395,180,395,180,400,180,403,181,404,182,406,183,409,183,412,183,413,182,413,180,413,180,413,178,412,177,409,177,404,177,404,177,400,177,397,176,395,175,395,174,395,174,395,172,397,171,400,170,404,170,404,170,409,170,412,170,413,169,413,167,413,167,413,165,413,164,413,164,413,162,412,161,409,161
391,141,388,142,386,143,388,144,391,144,394,144,395,143,394,142,391,141
382,128,379,129,378,130,379,131,382,131,386,131,386,130,385,129,382,128
373,144,370,145,369,146,370,147,373,148,376,147,378,146,376,145,373,144
329,232,326,231,324,230,323,229,320,229,317,228,316,227,314,226,311,225,308,225,307,224,305,223,302,222,299,222,298,221,298,219,298,219,298,217,298,216,298,216,298,214,296,213,293,212,290,212,289,211,289,209,289,209,289,208,289,206,289,206,289,204,288,203,285,203,282,202,280,201,280,200,280,200,280,198,279,197,276,196,273,196,271,195,270,194,267,193,264,192,262,191,261,190,258,190,255,189,254,188,254,187,254,187,254,185,252,184,249,183,246,183,245,182,245,180,245,180,245,178,245,177,245,177,245,175,245,174,245,174,245,172,243,171,240,170,237,170,236,169,234,168,231,167,227,167,227,167,223,167,218,167,218,167,214,167,209,167,209,167,205,167,202,167,200,165,200,164,200,164,200,162,199,161,196,161,193,160,192,159,192,157,192,157,192,156,190,155,187,154,184,155,183,156,183,157,183,157,183,159,183,161,183,161,183,162,183,164,183,164,183,165,184,167,187,167,190,168,192,169,192,170,192,170,192,172,190,173,187,174,183,174,183,174,178,174,175,174,174,175,174,177,174,177,174,178,172,180,169,180,165,180,165,180,161,180,158,181,156,182,158,183,161,183,164,184,165,185,166,186,169,187,172,187,174,188,174,190,174,190,174,191,175,192,178,193,181,194,183,195,183,196,183,196,183,198,183,200,183,200,183,201,183,203,183,203,183,204,184,205,187,206,190,207,192,208,192,209,192,209,192,211,190,212,187,212,184,213,183,214,183,216,183,216,183,217,184,218,187,219,190,219,192,221,192,222,192,222,192,224,192,225,192,225,192,227,193,228,196,229,199,229,200,230,202,231,205,232,208,232,209,234,209,235,209,235,209,237,211,238,214,238,217,239,218,240,220,241,223,242,227,242,227,242,231,242,234,242,236,243,237,244,240,245,245,245,245,245,249,245,252,245,254,246,255,248,258,248,262,248,262,248,267,248,271,248,271,248,276,248,280,248,280,248,285,248,288,248,289,246,290,245,293,245,296,244,298,243,299,242,302,242,307,242,307,242,311,242,314,242,316,243,317,244,320,245,323,244,324,243,326,242,329,242,332,241,333,240,333,238,333,238,333,237,333,235,333,235,333,234,332,232,329,232
311,131,308,131,307,130,307,128,307,128,307,127,305,126,302,125,299,124,298,123,296,122,293,122,290,121,289,120,288,119,285,119,282,118,280,117,279,116,276,115,271,115,271,115,267,115,264,115,262,114,262,112,262,112,262,110,262,109,262,109,262,107,262,106,262,106,262,104,261,103,258,102,255,102,254,101,252,100,249,99,246,99,245,97,245,96,245,96,245,94,243,93,240,93,237,92,236,91,234,90,231,89,228,89,227,88,227,86,227,86,227,85,226,83,223,83,220,83,218,85,217,86,214,86,209,86,209,88,211,89,214,89,217,90,218,91,220,92,223,93,226,93,227,94,227,96,227,96,227,97,228,99,231,99,234,100,236,101,236,102,236,102,236,104,236,106,236,106,236,107,236,109,236,109,236,110,236,112,236,112,236,114,236,115,236,115,236,117,236,119,236,119,236,120,236,122,236,122,236,123,236,125,236,125,236,127,237,128,240,128,243,129,245,130,246,131,249,131,252,132,254,133,254,135,254,135,254,136,254,138,254,138,254,140,255,141,258,141,261,142,262,143,264,144,267,144,271,144,271,144,276,144,279,145,280,146,282,147,285,148,289,148,289,148,293,148,296,148,298,149,299,150,302,151,305,150,307,149,308,148,311,148,314,147,316,146,316,144,316,144,316,143,316,141,316,141,316,140,316,138,316,138,316,136,316,135,316,135,316,133,314,132,311,131
311,268,308,268,307,269,308,270,311,271,314,270,316,269,314,268,311,268
302,404,298,404,298,404,293,404,289,404,289,404,285,404,282,404,280,405,279,406,276,407,273,407,271,408,270,410,267,410,262,410,262,410,258,410,255,411,254,412,255,413,258,413,261,414,262,415,264,416,267,417,270,417,271,418,271,420,271,420,271,421,271,423,271,423,271,425,273,426,276,426,280,426,280,426,285,426,289,426,289,426,293,426,296,426,298,425,298,423,298,423,298,421,298,420,298,420,298,418,298,417,298,417,298,415,299,414,302,413,305,413,307,412,307,410,307,410,307,408,307,407,307,407,307,405,305,404,302,404
205,80,202,79,200,78,199,77,196,76,192,76,192,76,187,76,184,77,183,78,183,80,183,80,183,81,184,82,187,83,192,83,192,83,196,83,199,83,200,85,202,86,205,86,209,86,209,85,209,83,209,83,209,81,208,80,205,80
37,177,34,177,32,178,31,180,28,180,25,181,23,182,23,183,23,183,23,185,25,186,28,187,31,186,32,185,34,184,37,183,40,183,41,182,41,180,41,180,41,178,40,177,37,177
