630,277,627,277,626,276,627,275,630,274,630,248,627,248,626,246,626,245,626,245,626,243,624,242,621,242,618,241,617,240,617,238,617,238,617,237,617,235,617,235,617,234,617,232,617,232,617,230,615,229,612,229,609,228,608,227,606,226,603,225,599,225,599,225,595,225,592,225,590,224,589,223,586,222,583,222,581,221,581,219,581,219,581,217,583,216,586,216,589,215,590,214,590,212,590,212,590,211,590,209,590,209,590,208,589,207,586,206,583,205,581,204,580,203,577,203,574,202,572,201,572,200,572,200,572,198,572,196,572,196,572,195,571,194,568,193,564,193,564,193,559,193,556,192,555,191,555,190,555,190,555,188,553,187,550,187,546,187,546,187,541,187,537,187,537,187,533,187,528,187,528,187,524,187,521,186,519,185,518,184,515,183,512,183,510,182,510,180,510,180,510,178,509,177,506,177,503,176,502,175,500,174,497,174,493,174,493,174,488,174,485,173,484,172,482,171,479,170,476,171,475,172,474,173,471,174,466,174,466,174,462,174,457,174,457,174,453,174,450,174,448,175,448,177,448,177,448,178,448,180,448,180,448,182,447,183,444,183,440,183,440,183,435,183,432,184,431,185,429,186,426,187,423,187,422,188,420,189,417,190,413,190,413,190,409,190,404,190,404,190,400,190,397,190,395,191,394,192,391,193,388,194,386,195,386,196,386,196,386,198,386,200,386,200,386,201,388,202,391,203,395,203,395,203,400,203,404,203,404,203,409,203,413,203,413,203,417,203,422,203,422,203,426,203,431,203,431,203,435,203,440,203,440,203,444,203,447,203,448,204,450,205,453,206,457,206,457,206,462,206,466,206,466,206,471,206,474,207,475,208,476,209,479,209,482,210,484,211,485,212,488,212,491,213,493,214,494,215,497,216,500,216,502,217,503,218,506,219,509,219,510,221,512,222,515,222,518,223,519,224,521,225,524,225,527,226,528,227,528,229,528,229,528,230,530,231,533,232,537,232,537,232,541,232,544,232,546,234,547,235,550,235,553,236,555,237,556,238,559,238,562,239,564,240,564,242,564,242,564,243,565,244,568,245,571,245,572,246,572,248,572,248,572,250,574,251,577,251,580,252,581,253,581,255,581,255,581,256,581,258,581,258,581,259,583,261,586,261,589,262,590,263,590,264,590,264,590,266,592,267,595,268,598,268,599,269,600,270,603,271,606,271,608,272,608,274,608,274,608,276,609,277,612,277,615,278,617,279,618,280,621,280,624,281,626,282,627,283,630,284,630,277
550,131,547,132,546,133,547,134,550,135,553,134,555,133,553,132,550,131
453,349,450,349,448,350,450,351,453,352,456,351,457,350,456,349,453,349
338,268,335,267,333,266,333,264,333,264,333,263,333,261,333,261,333,259,333,258,333,258,333,256,332,255,329,255,326,254,324,253,323,252,320,251,317,252,316,253,316,255,316,255,316,256,316,258,316,258,316,259,317,261,320,261,323,262,324,263,323,264,320,264,317,265,316,266,314,267,311,268,308,267,307,266,305,265,302,264,299,265,298,266,298,268,298,268,298,269,299,270,302,271,305,271,307,272,308,273,311,274,314,273,316,272,317,271,320,271,324,271,324,271,329,271,332,271,333,272,335,273,338,274,341,273,342,272,342,271,342,271,342,269,341,268,338,268
320,284,317,284,316,285,317,286,320,287,323,286,324,285,323,284,320,284
231,264,228,264,227,263,227,261,227,261,227,259,226,258,223,258,218,258,218,258,214,258,211,258,209,259,211,261,214,261,217,262,218,263,218,264,218,264,218,266,218,268,218,268,218,269,218,271,218,271,218,272,217,273,214,274,211,273,209,272,209,271,209,271,209,269,208,268,205,268,202,267,200,266,199,265,196,264,192,264,192,264,187,264,184,265,183,266,181,267,178,268,175,268,174,269,174,271,174,271,174,272,172,273,169,274,166,275,165,276,166,277,169,277,172,278,174,279,175,280,178,280,181,281,183,282,183,284,183,284,183,285,184,286,187,287,190,286,192,285,192,284,192,284,192,282,193,281,196,280,200,280,200,280,205,280,209,280,209,280,214,280,218,280,218,280,223,280,226,280,227,279,227,277,227,277,227,276,228,275,231,274,234,273,236,272,236,271,236,271,236,269,236,268,236,268,236,266,234,265,231,264
152,251,149,251,147,250,147,248,147,248,147,246,146,245,143,245,140,244,138,243,137,242,134,242,130,242,130,242,125,242,121,242,121,242,116,242,112,242,112,242,107,242,104,241,103,240,102,239,99,238,94,238,94,238,90,238,87,238,85,237,84,236,81,235,78,236,76,237,76,238,76,238,76,240,78,241,81,242,84,242,85,243,87,244,90,245,93,245,94,246,94,248,94,248,94,250,96,251,99,251,102,252,103,253,104,254,107,255,110,255,112,256,113,257,116,258,119,258,121,259,122,261,125,261,128,262,130,263,131,264,134,264,138,264,138,264,143,264,146,264,147,263,149,262,152,261,155,261,156,259,156,258,156,258,156,256,156,255,156,255,156,253,155,252,152,251
152,271,147,271,147,271,143,271,140,271,138,272,140,273,143,274,147,274,147,274,152,274,155,273,156,272,155,271,152,271
72,229,69,229,68,230,69,231,72,232,75,231,76,230,75,229,72,229
37,209,34,210,32,211,32,212,32,212,32,214,34,215,37,216,40,215,41,214,41,212,41,212,41,211,40,210,37,209
