10,183,13,184,14,185,14,187,19,187,23,187,23,187,28,187,31,187,32,188,32,190,32,190,32,191,34,192,37,193,40,192,41,191,41,190,41,190,41,188,42,187,45,187,48,186,50,185,48,184,45,183,42,183,41,182,41,180,41,180,41,178,40,177,37,177,32,177,32,177,28,177,25,177,23,178,23,180,28,180,31,181,32,182,31,183,28,183,25,183,23,182,23,180,19,180,16,180,14,178,13,177,10,177,10,183
10,190,13,189,14,188,14,187,10,187,10,190
475,470,475,468,475,468,475,467,475,465,475,465,475,464,474,462,471,462,468,462,466,464,466,465,466,465,466,467,466,468,466,468,466,470,475,470
621,86,618,87,617,88,618,89,621,89,624,89,626,88,624,87,621,86
550,225,547,225,546,224,546,222,546,222,546,221,546,219,546,219,546,217,546,216,546,216,546,214,546,212,546,212,546,211,544,210,541,209,538,209,537,208,537,206,537,206,537,204,537,203,537,203,537,201,536,200,533,200,530,199,528,198,528,196,528,196,528,195,527,194,524,193,521,192,519,191,518,190,515,190,512,189,510,188,510,187,510,187,510,185,510,183,510,183,510,182,509,181,506,180,503,180,502,178,502,177,502,177,502,175,500,174,497,174,494,173,493,172,493,170,493,170,493,169,491,168,488,167,485,168,484,169,482,170,479,170,475,170,475,170,471,170,468,170,466,169,465,168,462,167,459,168,457,169,456,170,453,170,450,171,448,172,447,173,444,174,441,174,440,175,440,177,440,177,440,178,441,180,444,180,447,181,448,182,447,183,444,183,440,183,440,183,435,183,432,184,431,185,429,186,426,187,423,187,422,188,420,189,417,190,413,190,413,190,409,190,404,190,404,190,400,190,397,190,395,191,397,192,400,193,404,193,404,193,409,193,413,193,413,193,417,193,420,194,422,195,423,196,426,196,429,197,431,198,432,199,435,200,438,200,440,201,441,202,444,203,447,203,448,204,450,205,453,206,456,205,457,204,459,203,462,203,466,203,466,203,471,203,474,203,475,204,476,205,479,206,482,207,484,208,485,209,488,209,491,210,493,211,494,212,497,212,500,213,502,214,503,215,506,216,509,216,510,217,512,218,515,219,518,219,519,221,521,222,524,222,527,223,528,224,530,225,533,225,536,226,537,227,538,228,541,229,544,229,546,230,546,232,546,232,546,234,547,235,550,235,553,235,555,234,555,232,555,232,555,230,555,229,555,229,555,227,553,226,550,225
471,290,466,290,466,290,462,290,459,291,457,292,457,293,457,293,457,295,459,296,462,297,466,297,466,297,471,297,474,296,475,295,475,293,475,293,475,292,474,291,471,290
444,148,441,147,440,146,440,144,440,144,440,143,438,142,435,141,432,141,431,140,429,139,426,138,422,138,422,138,417,138,413,138,413,138,409,138,406,139,404,140,403,141,400,141,395,141,395,141,391,141,388,142,386,143,386,144,391,144,395,144,395,144,400,144,403,145,404,146,406,147,409,148,413,148,413,148,417,148,422,148,422,148,426,148,429,148,431,149,432,150,435,151,438,151,440,153,441,154,444,154,447,154,448,153,448,151,448,151,448,149,447,148,444,148
409,161,406,161,404,162,403,163,400,164,397,163,395,162,394,161,391,161,386,161,386,161,382,161,378,161,378,161,373,161,370,161,369,162,369,164,369,164,369,165,369,167,369,167,369,169,369,170,369,170,369,172,369,174,369,174,369,175,370,176,373,177,376,177,378,178,379,180,382,180,386,180,386,180,391,180,395,180,395,180,400,180,403,181,404,182,406,183,409,183,412,183,413,182,413,180,413,180,413,178,412,177,409,177,406,176,404,175,404,174,400,174,397,173,395,172,397,171,400,170,403,171,404,172,404,174,409,174,412,173,413,172,413,170,413,170,413,169,413,167,413,167,413,165,413,164,413,164,413,162,412,161,409,161
391,131,388,132,386,133,388,134,391,135,394,134,395,133,394,132,391,131
382,144,378,144,378,144,373,144,370,145,369,146,370,147,373,148,378,148,378,148,382,148,385,147,386,146,386,144,382,144
329,235,326,235,324,234,323,232,320,232,317,231,316,230,314,229,311,229,307,229,307,229,302,229,299,228,298,227,298,225,298,225,298,224,298,222,298,222,298,221,298,219,298,219,298,217,296,216,293,216,290,215,289,214,289,212,289,212,289,211,288,210,285,209,282,209,280,208,280,206,280,206,280,204,280,203,280,203,280,201,279,200,276,200,273,199,271,198,270,197,267,196,264,196,262,195,262,193,262,193,262,191,261,190,258,190,255,189,254,188,254,187,254,187,254,185,252,184,249,183,246,183,245,182,243,181,240,180,236,180,236,180,231,180,227,180,227,180,223,180,218,180,218,180,214,180,211,180,209,178,208,177,205,177,200,177,200,178,200,180,200,180,200,182,202,183,205,183,208,184,209,185,209,187,209,187,209,188,209,190,209,190,209,191,211,192,214,193,217,194,218,195,218,196,218,196,218,198,217,199,214,200,211,200,209,201,209,203,209,203,209,204,209,206,209,206,209,208,211,209,214,209,217,210,218,211,220,212,223,212,226,213,227,214,227,216,227,216,227,217,227,219,227,219,227,221,227,222,227,222,227,224,228,225,231,225,234,226,236,227,236,229,236,229,236,230,236,232,236,232,236,234,236,235,236,235,236,237,236,238,236,238,236,240,234,241,231,242,228,242,227,243,228,244,231,245,234,245,236,246,237,248,240,248,243,249,245,250,246,251,249,251,252,252,254,253,255,254,258,255,261,255,262,256,262,258,262,258,262,259,261,261,258,261,255,262,254,263,254,264,254,264,254,266,255,267,258,268,261,268,262,269,262,271,262,271,262,272,264,273,267,274,270,275,271,276,273,277,276,277,279,278,280,279,282,280,285,280,288,280,289,279,289,277,289,277,289,276,290,275,293,274,296,273,298,272,299,271,302,271,307,271,307,271,311,271,316,271,316,271,320,271,323,271,324,272,324,274,324,274,324,276,326,277,329,277,332,277,333,276,333,274,333,274,333,272,333,271,333,271,333,269,332,268,329,268,326,267,324,266,324,264,324,264,324,263,324,261,324,261,324,259,324,258,324,258,324,256,326,255,329,255,332,254,333,253,333,251,333,251,333,250,333,248,333,248,333,246,333,245,333,245,333,243,333,242,333,242,333,240,333,238,333,238,333,237,332,236,329,235
311,248,308,249,307,250,305,251,302,251,299,252,298,253,298,255,298,255,298,256,299,257,302,258,307,258,307,258,311,258,314,257,316,256,316,255,316,255,316,253,316,251,316,251,316,250,314,249,311,248
311,138,307,138,307,138,302,138,298,138,298,138,293,138,290,137,289,136,289,135,289,135,289,133,288,132,285,131,282,131,280,130,280,128,280,128,280,127,279,126,276,125,273,124,271,123,270,122,267,122,262,122,262,122,258,122,255,121,254,120,252,119,249,119,246,118,245,117,245,115,245,115,245,114,245,112,245,112,245,110,245,109,245,109,245,107,243,106,240,106,237,105,236,104,236,102,236,102,236,101,234,100,231,99,228,99,227,97,227,96,227,96,227,94,226,93,223,93,220,92,218,91,218,89,218,89,218,88,217,87,214,86,211,86,209,85,208,83,205,83,200,83,200,83,196,83,193,83,192,85,192,86,192,86,192,88,192,89,192,89,192,91,193,92,196,93,199,93,200,94,202,95,205,96,208,96,209,97,209,99,209,99,209,101,211,102,214,102,217,103,218,104,220,105,223,106,226,106,227,107,227,109,227,109,227,110,228,111,231,112,234,113,236,114,236,115,236,115,236,117,236,119,236,119,236,120,236,122,236,122,236,123,236,125,236,125,236,127,236,128,236,128,236,130,236,131,236,131,236,133,236,135,236,135,236,136,237,137,240,138,243,138,245,140,245,141,245,141,245,143,246,144,249,144,252,145,254,146,255,147,258,148,262,148,262,148,267,148,270,148,271,149,273,150,276,151,279,150,280,149,280,148,280,148,280,146,282,145,285,144,289,144,289,144,293,144,296,144,298,143,299,142,302,141,307,141,307,141,311,141,314,141,316,140,314,139,311,138
267,426,264,427,262,428,262,430,267,430,270,429,271,428,270,427,267,426
258,430,255,430,254,431,255,432,258,433,261,432,262,431,262,430,258,430
240,76,237,76,236,75,234,74,231,73,228,73,227,72,227,70,227,70,227,68,227,67,227,67,227,65,226,64,223,63,220,63,218,62,218,60,218,60,218,59,217,58,214,57,211,58,209,59,209,60,209,60,209,62,209,63,209,63,209,65,209,67,209,67,209,68,211,69,214,70,217,70,218,72,218,73,218,73,218,75,218,76,218,76,218,78,220,79,223,80,226,80,227,81,227,83,227,83,227,85,228,86,231,86,236,86,236,86,240,86,243,86,245,85,245,83,245,83,245,81,245,80,245,80,245,78,243,77,240,76
196,170,193,171,192,172,192,174,192,174,192,175,193,176,196,177,200,177,200,175,200,174,200,174,200,172,199,171,196,170
90,196,87,197,85,198,85,200,85,200,85,201,85,203,85,203,85,204,85,206,85,206,85,208,87,209,90,209,93,209,94,208,94,206,94,206,94,204,94,203,94,203,94,201,94,200,94,200,94,198,93,197,90,196
72,183,69,184,68,185,69,186,72,187,75,186,76,185,75,184,72,183
63,196,60,197,59,198,60,199,63,200,66,199,68,198,66,197,63,196
45,200,42,200,41,201,40,202,37,203,34,203,32,204,34,205,37,206,41,206,41,206,45,206,48,205,50,204,50,203,50,203,50,201,48,200,45,200
