559,219,556,218,555,217,555,216,555,216,555,214,555,212,555,212,555,211,553,210,550,209,547,209,546,208,546,206,546,206,546,204,546,203,546,203,546,201,546,200,546,200,546,198,544,197,541,196,538,196,537,195,536,194,533,193,530,192,528,191,527,190,524,190,519,190,519,190,515,190,512,189,510,188,510,187,510,187,510,185,510,183,510,183,510,182,510,180,510,180,510,178,510,177,510,177,510,175,509,174,506,174,503,173,502,172,500,171,497,170,493,170,493,170,488,170,484,170,484,170,479,170,475,170,475,170,471,170,466,170,466,170,462,170,457,170,457,170,453,170,450,171,448,172,447,173,444,174,441,174,440,175,440,177,440,177,440,178,441,180,444,180,447,181,448,182,447,183,444,183,440,183,440,183,435,183,432,184,431,185,429,186,426,187,423,187,422,188,420,189,417,190,413,190,413,190,409,190,406,189,404,188,403,187,400,187,395,187,395,188,394,189,391,190,388,190,386,191,388,192,391,193,394,194,395,195,397,196,400,196,404,196,404,196,409,196,413,196,413,196,417,196,422,196,422,196,426,196,429,197,431,198,432,199,435,200,438,200,440,201,441,202,444,203,448,203,448,203,453,203,456,203,457,204,459,205,462,206,466,206,466,206,471,206,474,207,475,208,476,209,479,209,482,210,484,211,485,212,488,212,493,212,493,212,497,212,500,213,502,214,502,216,502,216,502,217,503,218,506,219,509,219,510,221,512,222,515,222,518,223,519,224,519,225,519,225,519,227,521,228,524,229,527,229,528,230,528,232,528,232,528,234,530,235,533,235,536,236,537,237,537,238,537,238,537,240,538,241,541,242,544,242,546,243,547,244,550,245,553,244,555,243,555,242,555,242,555,240,553,239,550,238,547,238,546,237,547,236,550,235,553,235,555,234,555,232,555,232,555,230,556,229,559,229,562,228,564,227,564,225,564,225,564,224,564,222,564,222,564,221,562,219,559,219
426,148,423,148,422,149,423,150,426,151,429,150,431,149,429,148,426,148
409,141,404,141,404,141,400,141,395,141,395,141,391,141,388,142,386,143,385,144,382,144,378,144,378,144,373,144,370,145,369,146,369,148,369,148,369,149,370,150,373,151,378,151,378,151,382,151,386,151,386,151,391,151,394,150,395,149,397,148,400,148,404,148,404,148,409,148,412,147,413,146,413,144,413,144,413,143,412,142,409,141
409,177,404,177,404,177,400,177,395,177,395,177,391,177,386,177,386,177,382,177,379,177,378,178,378,180,378,180,378,182,379,183,382,183,385,184,386,185,388,186,391,187,395,187,395,185,395,183,395,183,395,182,397,181,400,180,403,181,404,182,406,183,409,183,412,183,413,182,413,180,413,180,413,178,412,177,409,177
373,135,369,135,369,135,364,135,361,135,360,136,361,137,364,138,369,138,369,138,373,138,376,137,378,136,376,135,373,135
338,251,335,251,333,250,333,248,333,248,333,246,333,245,333,245,333,243,333,242,333,242,333,240,332,239,329,238,326,238,324,237,323,236,320,235,317,235,316,234,314,232,311,232,308,231,307,230,305,229,302,229,299,228,298,227,298,225,298,225,298,224,296,223,293,222,290,222,289,221,289,219,289,219,289,217,289,216,289,216,289,214,288,213,285,212,282,212,280,211,279,210,276,209,273,209,271,208,270,207,267,206,264,205,262,204,261,203,258,203,254,203,254,203,249,203,245,203,245,203,240,203,237,203,236,204,236,206,236,206,236,208,237,209,240,209,243,210,245,211,245,212,245,212,245,214,245,216,245,216,245,217,245,219,245,219,245,221,245,222,245,222,245,224,245,225,245,225,245,227,245,229,245,229,245,230,246,231,249,232,252,232,254,234,255,235,258,235,261,236,262,237,262,238,262,238,262,240,262,242,262,242,262,243,262,245,262,245,262,246,264,248,267,248,270,249,271,250,271,251,271,251,271,253,271,255,271,255,271,256,273,257,276,258,279,258,280,259,280,261,280,261,280,263,282,264,285,264,288,265,289,266,289,268,289,268,289,269,290,270,293,271,298,271,298,271,302,271,307,271,307,271,311,271,316,271,316,271,320,271,324,271,324,271,329,271,332,270,333,269,333,268,333,268,333,266,333,264,333,264,333,263,333,261,333,261,333,259,333,258,333,258,333,256,335,255,338,255,341,254,342,253,341,252,338,251
285,122,282,122,280,123,282,124,285,125,288,124,289,123,288,122,285,122
276,141,271,141,271,141,267,141,264,142,262,143,264,144,267,144,270,145,271,146,271,148,271,148,271,149,273,150,276,151,279,150,280,149,280,148,280,148,280,146,280,144,280,144,280,143,279,142,276,141
214,80,209,80,209,80,205,80,202,79,200,78,199,77,196,76,193,77,192,78,192,80,192,80,192,81,193,82,196,83,200,83,200,83,205,83,209,83,209,83,214,83,217,82,218,81,217,80,214,80
152,219,149,219,147,221,147,222,152,222,155,222,156,221,155,219,152,219
143,222,140,223,138,224,140,225,143,225,146,225,147,224,147,222,143,222
125,216,121,216,121,216,116,216,113,216,112,217,110,218,107,219,104,219,103,221,102,222,99,222,94,222,94,222,90,222,87,222,85,221,85,219,85,219,85,217,84,216,81,216,78,215,76,214,76,212,76,212,76,211,76,209,76,209,76,208,76,206,76,206,76,204,75,203,72,203,68,203,68,203,63,203,59,203,59,203,54,203,50,203,50,203,45,203,42,203,41,204,41,206,41,206,41,208,42,209,45,209,48,210,50,211,51,212,54,212,57,213,59,214,60,215,63,216,66,216,68,217,68,219,68,219,68,221,68,222,68,222,68,224,69,225,72,225,76,225,76,225,81,225,85,225,85,225,90,225,93,226,94,227,94,229,94,229,94,230,94,232,99,232,102,231,103,230,104,229,107,229,110,228,112,227,112,225,112,225,112,224,113,223,116,222,119,222,121,221,122,219,125,219,128,218,130,217,128,216,125,216
107,465,104,466,103,467,104,468,107,468,110,468,112,467,110,466,107,465
90,232,87,232,85,234,87,235,90,235,93,235,94,234,94,232,90,232
72,465,69,466,68,467,69,468,72,468,75,468,76,467,75,466,72,465
28,196,25,196,23,195,22,194,19,193,16,194,14,195,14,196,14,196,14,198,16,199,19,200,22,200,23,201,25,202,28,203,31,202,32,201,32,200,32,200,32,198,31,197,28,196
