10,203,13,203,14,204,14,206,14,206,14,208,14,209,14,209,14,211,16,212,19,212,22,213,23,214,25,215,28,216,31,216,32,217,34,218,37,219,40,219,41,221,42,222,45,222,50,222,50,221,50,219,50,219,50,217,50,216,50,216,50,214,50,212,50,212,50,211,50,209,50,209,50,208,50,206,50,206,50,204,48,203,45,203,42,202,41,201,40,200,37,200,34,199,32,198,32,196,32,196,32,195,32,193,32,193,32,191,32,190,32,190,32,188,31,187,28,187,25,186,23,185,22,184,19,183,14,183,14,183,10,183,10,203
59,470,59,468,59,468,59,467,60,466,63,465,68,465,68,464,68,462,68,462,68,460,66,459,63,459,59,459,59,459,54,459,51,459,50,460,50,462,50,462,50,464,50,465,50,465,50,467,50,468,50,468,50,470,59,470
630,245,627,244,626,243,624,242,621,242,618,241,617,240,617,238,617,238,617,237,617,235,617,235,617,234,617,232,617,232,617,230,615,229,612,229,609,228,608,227,608,225,608,225,608,224,608,222,608,222,608,221,606,219,603,219,600,218,599,217,599,216,599,216,599,214,599,212,599,212,599,211,598,210,595,209,592,209,590,208,590,206,590,206,590,204,590,203,590,203,590,201,589,200,586,200,583,199,581,198,581,196,581,196,581,195,581,193,581,193,581,191,581,190,581,190,581,188,581,187,581,187,581,185,580,184,577,183,574,183,572,182,571,181,568,180,565,180,564,178,562,177,559,177,555,177,555,177,550,177,547,177,546,178,544,180,541,180,537,180,537,180,533,180,528,180,528,180,524,180,521,180,519,178,518,177,515,177,512,176,510,175,509,174,506,174,503,173,502,172,500,171,497,170,493,170,493,170,488,170,484,170,484,170,479,170,475,170,475,170,471,170,468,171,466,172,465,173,462,174,457,174,457,174,453,174,450,174,448,175,448,177,448,177,448,178,448,180,448,180,448,182,447,183,444,183,440,183,440,183,435,183,432,184,431,185,429,186,426,187,423,187,422,188,420,189,417,190,413,190,413,190,409,190,404,190,404,190,400,190,397,190,395,191,394,192,391,193,388,194,386,195,386,196,386,196,386,198,386,200,386,200,386,201,385,202,382,203,378,203,378,203,373,203,370,203,369,204,370,205,373,206,378,206,378,206,382,206,386,206,386,206,391,206,395,206,395,206,400,206,404,206,404,206,409,206,413,206,413,206,417,206,420,205,422,204,423,203,426,203,431,203,431,203,435,203,438,203,440,204,441,205,444,206,448,206,448,206,453,206,456,207,457,208,459,209,462,209,466,209,466,209,471,209,474,210,475,211,476,212,479,212,484,212,484,212,488,212,491,213,493,214,494,215,497,216,500,216,502,217,502,219,502,219,502,221,502,222,502,222,502,224,503,225,506,225,510,225,510,225,515,225,519,225,519,225,524,225,528,225,528,225,533,225,537,225,537,225,541,225,544,226,546,227,547,228,550,229,553,229,555,230,555,232,555,232,555,234,556,235,559,235,562,236,564,237,564,238,564,238,564,240,564,242,564,242,564,243,565,244,568,245,571,245,572,246,572,248,572,248,572,250,574,251,577,251,580,252,581,253,581,255,581,255,581,256,583,257,586,258,589,258,590,259,590,261,590,261,590,263,592,264,595,264,598,265,599,266,600,267,603,268,606,268,608,269,609,270,612,271,615,271,617,272,617,274,617,274,617,276,618,277,621,277,624,278,626,279,627,280,630,280,630,245
595,144,592,145,590,146,590,148,595,148,598,147,599,146,598,145,595,144
586,148,583,147,581,146,580,145,577,144,574,144,572,143,572,141,572,141,572,140,571,139,568,138,564,138,564,138,559,138,555,138,555,138,550,138,547,139,546,140,546,141,546,141,546,143,547,144,550,144,553,145,555,146,555,148,555,148,555,149,555,151,555,151,555,153,555,154,555,154,555,156,555,157,555,157,555,159,556,160,559,161,562,160,564,159,565,158,568,157,572,157,572,157,577,157,580,157,581,156,581,154,581,154,581,153,583,151,586,151,589,150,590,149,590,148,586,148
364,245,361,245,360,246,361,248,364,248,367,248,369,246,367,245,364,245
267,290,264,290,262,289,262,287,262,287,262,285,261,284,258,284,255,283,254,282,252,281,249,280,246,280,245,279,243,278,240,277,236,277,236,277,231,277,228,278,227,279,226,280,223,280,218,280,218,280,214,280,211,280,209,279,208,278,205,277,202,277,200,276,200,274,200,274,200,272,199,271,196,271,193,271,192,272,192,274,192,274,192,276,190,277,187,277,184,277,183,276,183,274,183,274,183,272,183,271,183,271,183,269,183,268,183,268,183,266,181,265,178,264,175,264,174,263,172,262,169,261,166,261,165,259,164,258,161,258,158,258,156,259,155,261,152,261,147,261,147,261,143,261,138,261,138,261,134,261,131,261,130,259,128,258,125,258,122,258,121,259,121,261,121,261,121,263,119,264,116,264,113,265,112,266,113,267,116,268,119,268,121,269,121,271,121,271,121,272,121,274,121,274,121,276,122,277,125,277,128,278,130,279,131,280,134,280,137,281,138,282,140,283,143,284,146,284,147,285,149,286,152,287,155,288,156,289,156,290,156,290,156,292,158,293,161,293,164,294,165,295,166,296,169,297,172,297,174,298,175,299,178,300,183,300,183,300,187,300,190,300,192,302,193,303,196,303,199,304,200,305,202,306,205,306,208,307,209,308,211,309,214,310,217,310,218,311,220,312,223,313,226,313,227,315,228,316,231,316,234,317,236,318,237,319,240,319,243,320,245,321,246,322,249,323,254,323,254,323,258,323,261,322,262,321,262,319,262,319,262,318,264,317,267,316,270,316,271,315,271,313,271,313,271,311,271,310,271,310,271,308,271,306,271,306,271,305,271,303,271,303,271,302,271,300,271,300,271,298,271,297,271,297,271,295,271,293,271,293,271,292,270,291,267,290
107,465,104,466,103,467,104,468,107,468,110,468,112,467,110,466,107,465
72,465,68,465,68,467,69,468,72,468,75,468,76,467,75,466,72,465
63,225,59,225,59,227,59,229,59,229,59,230,60,231,63,232,66,231,68,230,68,229,68,229,68,227,66,226,63,225
54,222,50,222,50,224,51,225,54,225,59,225,59,224,57,223,54,222
