94,10,94,12,94,12,94,13,96,14,99,15,102,15,103,16,104,18,107,18,112,18,112,18,116,18,119,18,121,16,122,15,125,15,130,15,130,15,134,15,138,15,138,15,143,15,146,14,147,13,146,12,143,12,140,11,138,10,94,10
76,10,78,11,81,12,84,11,85,10,76,10
630,439,627,439,626,438,624,437,621,436,617,436,617,436,612,436,609,435,608,434,606,433,603,433,599,433,599,433,595,433,592,433,590,434,589,435,586,436,583,437,581,438,581,439,581,439,581,441,580,442,577,442,572,442,572,442,568,442,564,442,564,442,559,442,555,442,555,442,550,442,546,442,546,442,541,442,538,442,537,441,536,440,533,439,528,439,528,439,524,439,521,439,519,438,518,437,515,436,510,436,510,436,506,436,503,435,502,434,500,433,497,433,494,432,493,431,491,430,488,430,484,430,484,430,479,430,475,430,475,431,476,432,479,433,482,433,484,434,484,436,484,436,484,438,485,439,488,439,491,440,493,441,493,442,493,442,493,444,494,445,497,446,500,446,502,447,503,448,506,449,509,449,510,451,510,452,510,452,510,454,512,455,515,455,518,456,519,457,521,458,524,459,527,459,528,460,528,462,528,462,528,464,530,465,533,465,536,466,537,467,538,468,541,468,546,468,546,468,550,468,553,469,555,470,592,470,630,470,630,439
630,410,626,410,626,410,621,410,618,411,617,412,615,413,612,413,609,414,608,415,608,417,612,417,617,417,617,417,621,417,624,416,626,415,627,414,630,413,630,410
630,371,626,371,626,373,624,374,621,374,618,374,617,373,618,372,621,371,626,371,626,370,626,368,626,368,626,366,626,365,626,365,626,363,626,361,626,361,626,360,626,358,626,358,626,357,627,356,630,355,630,345,627,345,626,344,626,342,626,342,626,340,627,339,630,339,630,329,627,329,626,327,626,326,626,326,626,324,624,323,621,323,618,322,617,321,618,320,621,319,624,319,626,318,624,317,621,316,618,316,617,315,617,313,617,313,617,311,617,310,617,310,617,308,617,306,617,306,617,305,618,304,621,303,624,303,626,302,626,300,626,300,626,298,624,297,621,297,617,297,617,297,612,297,609,296,608,295,608,293,608,293,608,292,606,291,603,290,600,291,599,292,598,293,595,293,592,294,590,295,590,297,590,297,590,298,589,299,586,300,583,300,581,302,580,303,577,303,574,304,572,305,571,306,568,306,564,306,564,306,559,306,556,306,555,305,555,303,555,303,555,302,555,300,555,300,555,298,555,297,555,297,555,295,555,293,555,293,555,292,555,290,555,290,555,289,553,288,550,287,546,287,546,287,541,287,538,288,537,289,536,290,533,290,530,291,528,292,528,293,528,293,528,295,527,296,524,297,521,297,519,298,519,300,519,300,519,302,519,303,519,303,519,305,518,306,515,306,512,307,510,308,510,310,510,310,510,311,509,312,506,313,503,313,502,315,503,316,506,316,509,317,510,318,509,319,506,319,503,320,502,321,502,323,502,323,502,324,502,326,502,326,502,327,503,329,506,329,509,330,510,331,510,332,510,332,510,334,509,335,506,336,503,336,502,337,502,339,502,339,502,340,502,342,502,342,502,344,502,345,502,345,502,347,502,349,502,349,502,350,502,352,502,352,502,353,503,354,506,355,509,356,510,357,510,358,510,358,510,360,510,361,510,361,510,363,510,365,510,365,510,366,510,368,510,368,510,370,510,371,510,371,510,373,512,374,515,374,518,375,519,376,521,377,524,378,527,378,528,379,528,381,528,381,528,383,530,384,533,384,536,385,537,386,537,387,537,387,537,389,537,391,537,391,537,392,538,393,541,394,544,394,546,395,547,397,550,397,553,398,555,399,556,400,559,400,562,401,564,402,564,404,564,404,564,405,565,406,568,407,571,407,572,408,574,410,577,410,580,410,581,408,583,407,586,407,589,406,590,405,592,404,595,404,598,403,599,402,599,400,599,400,599,399,600,398,603,397,606,397,608,395,609,394,612,394,615,393,617,392,617,391,617,391,617,389,618,388,621,387,624,387,626,386,626,384,626,384,626,383,627,381,630,381,630,371
630,190,627,190,626,191,626,193,626,193,626,195,624,196,621,196,618,197,617,198,617,200,617,200,617,201,615,202,612,203,609,203,608,204,608,206,608,206,608,208,608,209,608,209,608,211,608,212,608,212,608,214,608,216,608,216,608,217,606,218,603,219,600,219,599,221,599,222,599,222,599,224,598,225,595,225,592,226,590,227,590,229,590,229,590,230,590,232,590,232,590,234,590,235,590,235,590,237,592,238,595,238,598,239,599,240,600,241,603,242,606,241,608,240,608,238,608,238,608,237,609,236,612,235,615,235,617,234,618,232,621,232,624,231,626,230,627,229,630,229,630,190
603,417,599,417,599,417,595,417,592,417,590,418,590,420,595,420,599,420,599,420,603,420,606,419,608,418,608,417,603,417
586,420,583,420,581,421,580,422,577,423,572,423,572,423,568,423,565,424,564,425,565,426,568,426,571,427,572,428,574,429,577,430,580,429,581,428,583,427,586,426,589,426,590,425,590,423,590,423,590,421,590,420,586,420
471,426,466,426,466,428,468,429,471,430,475,430,475,428,474,427,471,426
462,423,457,423,457,425,459,426,462,426,466,426,466,425,465,424,462,423
453,420,450,420,448,421,450,422,453,423,457,423,457,421,456,420,453,420
417,190,414,190,413,191,412,192,409,193,406,192,404,191,404,190,404,190,404,188,403,187,400,187,397,186,395,185,395,183,395,183,395,182,397,181,400,180,403,181,404,182,406,183,409,183,412,183,413,182,413,180,413,180,413,178,412,177,409,177,406,176,404,175,403,174,400,174,397,173,395,172,397,171,400,170,403,170,404,169,406,168,409,167,412,167,413,165,413,164,413,164,413,162,412,161,409,161,406,160,404,159,403,158,400,157,397,157,395,156,395,154,395,154,395,153,394,151,391,151,388,150,386,149,386,148,386,148,386,146,385,145,382,144,379,144,378,143,376,142,373,141,370,141,369,140,369,138,369,138,369,136,367,135,364,135,361,134,360,133,358,132,355,131,352,131,351,130,350,129,347,128,342,128,342,128,338,128,333,128,333,128,329,128,324,128,324,128,320,128,317,128,316,127,314,126,311,125,308,124,307,123,305,122,302,122,299,121,298,120,298,119,298,119,298,117,298,115,298,115,298,114,296,113,293,112,290,112,289,110,289,109,289,109,289,107,288,106,285,106,282,105,280,104,279,103,276,102,271,102,271,102,267,102,264,102,262,101,261,100,258,99,254,99,254,99,249,99,245,99,245,99,240,99,236,99,236,99,231,99,228,100,227,101,226,102,223,102,220,103,218,104,217,105,214,106,211,105,209,104,209,102,209,102,209,101,208,100,205,99,200,99,200,99,196,99,193,100,192,101,190,102,187,102,184,103,183,104,181,105,178,106,175,106,174,107,174,109,174,109,174,110,172,112,169,112,166,113,165,114,165,115,165,115,165,117,164,118,161,119,158,119,156,120,155,121,152,122,149,122,147,123,147,125,147,125,147,127,147,128,147,128,147,130,147,131,147,131,147,133,146,134,143,135,140,135,138,136,138,138,138,138,138,140,138,141,138,141,138,143,138,144,138,144,138,146,140,147,143,148,146,148,147,149,147,151,147,151,147,153,147,154,147,154,147,156,147,157,147,157,147,159,146,160,143,161,140,161,138,162,138,164,138,164,138,165,138,167,138,167,138,169,140,170,143,170,146,171,147,172,147,174,147,174,147,175,147,177,147,177,147,178,149,180,152,180,155,181,156,182,156,183,156,183,156,185,158,186,161,187,164,187,165,188,165,190,165,190,165,191,166,192,169,193,172,194,174,195,175,196,178,196,181,197,183,198,183,200,183,200,183,201,184,202,187,203,190,203,192,204,192,206,192,206,192,208,192,209,192,209,192,211,192,212,192,212,192,214,193,215,196,216,199,216,200,217,202,218,205,219,209,219,209,219,214,219,217,219,218,221,220,222,223,222,227,222,227,222,231,222,234,223,236,224,237,225,240,225,245,225,245,225,249,225,252,225,254,224,254,222,254,222,254,221,255,219,258,219,261,218,262,217,262,216,262,216,262,214,262,212,262,212,262,211,261,210,258,209,255,209,254,208,254,206,254,206,254,204,254,203,254,203,254,201,254,200,254,200,254,198,254,196,254,196,254,195,254,193,254,193,254,191,255,190,258,190,261,189,262,188,262,187,262,187,262,185,262,183,262,183,262,182,262,180,262,180,262,178,262,177,262,177,262,175,262,174,262,174,262,172,264,171,267,170,270,170,271,169,271,167,271,167,271,165,271,164,271,164,271,162,273,161,276,161,279,160,280,159,280,157,280,157,280,156,282,155,285,154,288,154,289,153,290,151,293,151,296,150,298,149,299,148,302,148,307,148,307,148,311,148,314,147,316,146,317,145,320,144,323,145,324,146,324,148,324,148,324,149,326,150,329,151,332,151,333,153,333,154,333,154,333,156,335,157,338,157,342,157,342,157,347,157,350,158,351,159,352,160,355,161,358,161,360,162,360,164,360,164,360,165,361,167,364,167,367,168,369,169,369,170,369,170,369,172,369,174,369,174,369,175,369,177,369,177,369,178,369,180,369,180,369,182,369,183,369,183,369,185,369,187,369,187,369,188,369,190,369,190,369,191,367,192,364,193,361,194,360,195,361,196,364,196,367,197,369,198,369,200,369,200,369,201,369,203,369,203,369,204,369,206,369,206,369,208,369,209,369,209,369,211,369,212,369,212,369,214,367,215,364,216,361,216,360,217,360,219,360,219,360,221,360,222,360,222,360,224,358,225,355,225,352,226,351,227,350,228,347,229,344,229,342,230,341,231,338,232,335,232,333,234,332,235,329,235,326,236,324,237,323,238,320,238,317,239,316,240,314,241,311,242,307,242,307,242,302,242,298,242,298,242,293,242,289,242,289,242,285,242,280,242,280,242,276,242,271,242,271,242,267,242,262,242,262,242,258,242,254,242,254,242,249,242,245,242,245,242,240,242,236,242,236,242,231,242,227,242,227,242,223,242,218,242,218,242,214,242,209,242,209,242,205,242,200,242,200,242,196,242,193,242,192,243,190,244,187,245,184,245,183,246,181,248,178,248,175,249,174,250,172,251,169,251,166,252,165,253,165,255,165,255,165,256,164,257,161,258,156,258,156,258,152,258,149,258,147,259,146,261,143,261,140,261,138,259,137,258,134,258,131,258,130,259,128,261,125,261,122,262,121,263,119,264,116,264,113,265,112,266,112,268,112,268,112,269,110,270,107,271,104,270,103,269,103,268,103,268,103,266,102,265,99,264,96,264,94,263,93,262,90,261,85,261,85,261,81,261,78,262,76,263,78,264,81,264,84,265,85,266,85,268,85,268,85,269,85,271,85,271,85,272,87,273,90,274,93,275,94,276,93,277,90,277,87,278,85,279,87,280,90,280,94,280,94,280,99,280,103,280,103,280,107,280,112,280,112,280,116,280,119,281,121,282,122,283,125,284,128,283,130,282,131,281,134,280,138,280,138,280,143,280,146,280,147,279,147,277,147,277,147,276,149,275,152,274,156,274,156,274,161,274,164,273,165,272,166,271,169,271,172,270,174,269,175,268,178,268,181,267,183,266,183,264,178,264,175,264,174,263,175,262,178,261,181,262,183,263,183,264,187,264,190,265,192,266,193,267,196,268,200,268,200,268,205,268,208,268,209,269,209,271,209,271,209,272,209,274,209,274,209,276,209,277,209,277,209,279,211,280,214,280,218,280,218,280,223,280,226,281,227,282,228,283,231,284,236,284,236,284,240,284,245,284,245,284,249,284,252,284,254,285,255,286,258,287,262,287,262,287,267,287,271,287,271,287,276,287,280,287,280,287,285,287,289,287,289,287,293,287,298,287,298,287,302,287,305,286,307,285,308,284,311,284,316,284,316,284,320,284,323,283,324,282,326,281,329,280,332,280,333,279,335,278,338,277,341,278,342,279,344,280,347,280,350,280,351,279,352,278,355,277,358,277,360,276,361,275,364,274,367,273,369,272,369,271,369,271,369,269,370,268,373,268,376,267,378,266,378,264,378,264,378,263,378,261,378,261,378,259,379,258,382,258,385,257,386,256,386,255,386,255,386,253,386,251,386,251,386,250,385,249,382,248,379,248,378,246,378,245,378,245,378,243,379,242,382,242,385,241,386,240,388,239,391,238,395,238,395,238,400,238,403,238,404,237,406,236,409,235,412,235,413,234,413,232,413,232,413,230,413,229,413,229,413,227,413,225,413,225,413,224,414,223,417,222,420,222,422,221,422,219,422,219,422,217,422,216,422,216,422,214,422,212,422,212,422,211,422,209,422,209,422,208,422,206,422,206,422,204,422,203,422,203,422,201,422,200,422,200,422,198,422,196,422,196,422,195,422,193,422,193,422,191,420,190,417,190
391,391,388,390,386,389,385,388,382,387,379,387,378,386,376,385,373,384,369,384,369,384,364,384,361,384,360,383,358,381,355,381,352,380,351,379,350,378,347,378,344,377,342,376,342,374,342,374,342,373,341,372,338,371,333,371,333,371,329,371,324,371,324,371,320,371,317,372,316,373,317,374,320,374,324,374,324,374,329,374,332,375,333,376,332,377,329,378,324,378,324,378,320,378,316,378,316,378,311,378,307,378,307,378,302,378,298,378,298,378,293,378,289,378,289,378,285,378,282,377,280,376,279,375,276,374,273,374,271,373,270,372,267,371,262,371,262,371,258,371,254,371,254,371,249,371,245,371,245,371,240,371,236,371,236,371,231,371,228,372,227,373,226,374,223,374,220,375,218,376,217,377,214,378,211,378,209,379,209,381,209,381,209,383,209,384,209,384,209,386,209,387,209,387,209,389,211,390,214,391,218,391,218,391,223,391,226,390,227,389,228,388,231,387,234,387,236,386,237,385,240,384,245,384,245,384,249,384,254,384,254,384,258,384,262,384,262,384,267,384,271,384,271,384,276,384,279,384,280,383,282,381,285,381,289,381,289,381,293,381,296,381,298,383,299,384,302,384,307,384,307,384,311,384,314,385,316,386,317,387,320,387,324,387,324,387,329,387,333,387,333,387,338,387,342,387,342,387,347,387,350,388,351,389,352,390,355,391,360,391,360,391,364,391,369,391,369,391,373,391,376,391,378,392,379,393,382,394,386,394,386,394,391,394,394,393,395,392,394,391,391,391
347,404,342,404,342,404,338,404,335,404,333,405,335,406,338,407,342,407,342,407,347,407,350,406,351,405,350,404,347,404
143,25,140,24,138,23,137,22,134,21,130,21,130,21,125,21,122,22,121,23,122,24,125,25,128,25,130,26,131,27,134,28,138,28,138,28,143,28,146,27,147,26,146,25,143,25
