10,193,14,193,14,191,13,190,10,190,10,193
630,248,627,248,626,246,624,245,621,245,618,244,617,243,617,242,617,242,617,240,615,239,612,238,609,239,608,240,606,241,603,242,600,242,599,243,599,245,599,245,599,246,600,248,603,248,606,249,608,250,608,251,608,251,608,253,608,255,608,255,608,256,609,257,612,258,615,258,617,259,618,261,621,261,626,261,626,261,630,261,630,248
568,209,565,209,564,208,564,206,564,206,564,204,564,203,564,203,564,201,562,200,559,200,556,199,555,198,555,196,555,196,555,195,555,193,555,193,555,191,553,190,550,190,546,190,546,190,541,190,537,190,537,190,533,190,528,190,528,190,524,190,521,189,519,188,518,187,515,187,512,186,510,185,509,184,506,183,503,183,502,182,502,180,502,180,502,178,500,177,497,177,494,176,493,175,491,174,488,174,485,173,484,172,482,171,479,170,475,170,475,170,471,170,466,170,466,170,462,170,457,170,457,170,453,170,450,171,448,172,447,173,444,174,441,174,440,175,441,176,444,177,447,177,448,178,448,180,448,180,448,182,447,183,444,183,440,183,440,183,435,183,432,184,431,185,429,186,426,187,423,187,422,188,420,189,417,190,413,190,413,190,409,190,406,189,404,188,403,187,400,187,397,187,395,188,394,189,391,190,388,190,386,191,385,192,382,193,379,194,378,195,379,196,382,196,385,197,386,198,388,199,391,200,395,200,395,200,400,200,404,200,404,200,409,200,413,200,413,200,417,200,420,200,422,201,423,202,426,203,431,203,431,203,435,203,440,203,440,203,444,203,447,203,448,204,450,205,453,206,457,206,457,206,462,206,466,206,466,206,471,206,474,207,475,208,476,209,479,209,482,210,484,211,485,212,488,212,491,213,493,214,494,215,497,216,500,216,502,217,503,218,506,219,509,219,510,221,512,222,515,222,518,223,519,224,519,225,519,225,519,227,521,228,524,229,527,229,528,230,528,232,528,232,528,234,530,235,533,235,536,236,537,237,538,238,541,238,544,239,546,240,547,241,550,242,555,242,555,242,559,242,564,242,564,242,568,242,571,241,572,240,572,238,572,238,572,237,572,235,572,235,572,234,572,232,572,232,572,230,572,229,572,229,572,227,572,225,572,225,572,224,572,222,572,222,572,221,572,219,572,219,572,217,572,216,572,216,572,214,572,212,572,212,572,211,571,210,568,209
409,180,406,181,404,182,406,183,409,183,412,183,413,182,412,181,409,180
391,144,386,144,386,144,382,144,378,144,378,144,373,144,370,145,369,146,369,148,369,148,369,149,370,150,373,151,378,151,378,151,382,151,386,151,386,151,391,151,394,150,395,149,395,148,395,148,395,146,394,145,391,144
391,177,386,177,386,177,382,177,379,177,378,178,379,180,382,180,386,180,386,180,391,180,394,180,395,178,394,177,391,177
373,268,370,268,369,269,370,270,373,271,376,270,378,269,376,268,373,268
347,271,344,270,342,269,341,268,338,268,335,267,333,266,333,264,333,264,333,263,333,261,333,261,333,259,333,258,333,258,333,256,333,255,333,255,333,253,333,251,333,251,333,250,333,248,333,248,333,246,332,245,329,245,326,244,324,243,324,242,324,242,324,240,323,239,320,238,317,238,316,237,314,236,311,235,307,235,307,235,302,235,299,235,298,234,296,232,293,232,290,232,289,234,288,235,285,235,280,235,280,235,276,235,273,236,271,237,273,238,276,238,279,239,280,240,280,242,280,242,280,243,280,245,280,245,280,246,282,248,285,248,288,249,289,250,290,251,293,251,296,252,298,253,296,254,293,255,290,255,289,256,289,258,289,258,289,259,289,261,289,261,289,263,290,264,293,264,296,265,298,266,298,268,298,268,298,269,299,270,302,271,305,271,307,272,308,273,311,274,314,275,316,276,317,277,320,277,324,277,324,277,329,277,333,277,333,277,338,277,341,277,342,276,344,275,347,274,350,273,351,272,350,271,347,271
267,141,264,142,262,143,262,144,262,144,262,146,262,148,262,148,262,149,262,151,262,151,262,153,264,154,267,154,270,154,271,153,271,151,271,151,271,149,271,148,271,148,271,146,271,144,271,144,271,143,270,142,267,141
267,225,264,226,262,227,264,228,267,229,270,228,271,227,270,226,267,225
187,238,184,238,183,237,181,236,178,235,175,236,174,237,174,238,174,238,174,240,174,242,174,242,174,243,174,245,174,245,174,246,175,248,178,248,183,248,183,248,187,248,190,248,192,246,192,245,192,245,192,243,192,242,192,242,192,240,190,239,187,238
152,245,149,244,147,243,146,242,143,242,138,242,138,242,134,242,131,242,130,243,128,244,125,245,122,244,121,243,119,242,116,242,112,242,112,242,107,242,104,242,103,243,104,244,107,245,110,245,112,246,113,248,116,248,119,249,121,250,121,251,121,251,121,253,122,254,125,255,130,255,130,255,134,255,138,255,138,255,143,255,147,255,147,255,152,255,155,254,156,253,156,251,156,251,156,250,156,248,156,248,156,246,155,245,152,245
107,465,103,465,103,467,104,468,107,468,110,468,112,467,110,466,107,465
99,225,94,225,94,225,90,225,87,225,85,224,85,222,85,222,85,221,84,219,81,219,78,218,76,217,75,216,72,216,69,216,68,217,66,218,63,219,60,219,59,221,59,222,59,222,59,224,59,225,59,225,59,227,60,228,63,229,66,229,68,230,69,231,72,232,75,232,76,234,76,235,76,235,76,237,78,238,81,238,84,238,85,237,85,235,85,235,85,234,87,232,90,232,94,232,94,232,99,232,102,231,103,230,103,229,103,229,103,227,102,226,99,225
99,462,96,462,94,464,96,465,99,465,103,465,103,464,102,462,99,462
19,193,14,193,14,195,16,196,19,196,22,196,23,195,22,194,19,193
