550,219,547,218,546,217,546,216,546,216,546,214,546,212,546,212,546,211,546,209,546,209,546,208,544,207,541,206,538,205,537,204,537,203,537,203,537,201,537,200,537,200,537,198,536,197,533,196,530,196,528,195,528,193,528,193,528,191,527,190,524,190,519,190,519,190,515,190,512,189,510,188,510,187,510,187,510,185,510,183,510,183,510,182,509,181,506,180,503,180,502,178,502,177,502,177,502,175,500,174,497,174,494,173,493,172,493,170,493,170,493,169,491,168,488,167,485,168,484,169,482,170,479,170,475,170,475,170,471,170,466,170,466,170,462,170,457,170,457,170,453,170,450,171,448,172,447,173,444,174,441,174,440,175,440,177,440,177,440,178,441,180,444,180,447,181,448,182,447,183,444,183,440,183,440,183,435,183,432,184,431,185,429,186,426,187,423,187,422,188,420,189,417,190,413,190,413,190,409,190,404,190,404,190,400,190,397,190,395,191,397,192,400,193,404,193,404,193,409,193,412,194,413,195,414,196,417,196,422,196,422,196,426,196,429,197,431,198,432,199,435,200,438,200,440,201,441,202,444,203,448,203,448,203,453,203,457,203,457,203,462,203,466,203,466,203,471,203,474,203,475,204,476,205,479,206,482,207,484,208,485,209,488,209,491,210,493,211,494,212,497,212,500,213,502,214,503,215,506,216,509,216,510,217,512,218,515,219,518,219,519,221,519,222,519,222,519,224,521,225,524,225,527,226,528,227,530,228,533,229,536,229,537,230,538,231,541,232,544,232,546,234,547,235,550,235,553,235,555,234,555,232,555,232,555,230,555,229,555,229,555,227,555,225,555,225,555,224,555,222,555,222,555,221,553,219,550,219
471,465,468,466,466,467,468,468,471,468,474,468,475,467,474,466,471,465
435,148,432,147,431,146,431,144,431,144,431,143,429,142,426,141,423,141,422,140,420,139,417,138,413,138,413,138,409,138,406,139,404,140,403,141,400,141,395,141,395,141,391,141,388,142,386,143,385,144,382,144,378,144,378,144,373,144,370,145,369,146,370,147,373,148,378,148,378,148,382,148,386,148,386,148,391,148,395,148,395,148,400,148,404,148,404,148,409,148,413,148,413,148,417,148,420,148,422,149,423,150,426,151,431,151,431,151,435,151,438,150,440,149,438,148,435,148
409,164,406,164,404,165,403,167,400,167,397,167,395,165,394,164,391,164,386,164,386,164,382,164,378,164,378,164,373,164,370,164,369,165,370,167,373,167,376,168,378,169,378,170,378,170,378,172,376,173,373,174,370,174,369,175,370,176,373,177,376,177,378,178,379,180,382,180,386,180,386,180,391,180,395,180,395,180,400,180,403,181,404,182,406,183,409,183,412,183,413,182,413,180,413,180,413,178,412,177,409,177,406,176,404,175,404,174,400,174,397,173,395,172,397,171,400,170,403,171,404,172,404,174,409,174,412,173,413,172,413,170,413,170,413,169,413,167,413,167,413,165,412,164,409,164
329,238,326,238,324,237,324,235,324,235,324,234,323,232,320,232,317,231,316,230,314,229,311,229,308,228,307,227,305,226,302,225,299,225,298,224,298,222,298,222,298,221,298,219,298,219,298,217,296,216,293,216,290,215,289,214,288,213,285,212,282,212,280,211,280,209,280,209,280,208,279,207,276,206,273,205,271,204,271,203,271,203,271,201,270,200,267,200,264,199,262,198,261,197,258,196,255,196,254,195,252,194,249,193,246,192,245,191,245,190,245,190,245,188,245,187,245,187,245,185,243,184,240,183,236,183,236,183,231,183,227,183,227,183,223,183,220,184,218,185,218,187,218,187,218,188,218,190,218,190,218,191,218,193,218,193,218,195,220,196,223,196,226,197,227,198,226,199,223,200,220,200,218,201,220,202,223,203,226,203,227,204,227,206,227,206,227,208,227,209,227,209,227,211,227,212,227,212,227,214,227,216,227,216,227,217,228,218,231,219,234,219,236,221,236,222,236,222,236,224,236,225,236,225,236,227,236,229,236,229,236,230,237,231,240,232,243,232,245,234,245,235,245,235,245,237,246,238,249,238,252,239,254,240,252,241,249,242,246,242,245,243,246,244,249,245,252,245,254,246,254,248,254,248,254,250,255,251,258,251,261,252,262,253,262,255,262,255,262,256,264,257,267,258,270,258,271,259,270,261,267,261,264,262,262,263,262,264,262,264,262,266,262,268,262,268,262,269,264,270,267,271,270,271,271,272,271,274,271,274,271,276,273,277,276,277,279,278,280,279,282,280,285,280,288,280,289,279,289,277,289,277,289,276,290,275,293,274,296,273,298,272,299,271,302,271,307,271,307,271,311,271,316,271,316,271,320,271,323,271,324,272,324,274,324,274,324,276,326,277,329,277,332,277,333,276,333,274,333,274,333,272,333,271,333,271,333,269,332,268,329,268,326,267,324,266,324,264,324,264,324,263,324,261,324,261,324,259,326,258,329,258,332,257,333,256,333,255,333,255,333,253,333,251,333,251,333,250,333,248,333,248,333,246,333,245,333,245,333,243,333,242,333,242,333,240,332,239,329,238
302,251,299,252,298,253,299,254,302,255,305,254,307,253,305,252,302,251
276,125,271,125,271,125,267,125,264,124,262,123,261,122,258,122,255,121,254,120,252,119,249,119,246,118,245,117,243,116,240,115,237,116,236,117,236,119,236,119,236,120,236,122,236,122,236,123,236,125,236,125,236,127,236,128,236,128,236,130,237,131,240,131,243,132,245,133,245,135,245,135,245,136,245,138,245,138,245,140,245,141,245,141,245,143,246,144,249,144,252,145,254,146,255,147,258,148,262,148,262,148,267,148,270,148,271,149,273,150,276,151,279,150,280,149,280,148,280,148,280,146,280,144,280,144,280,143,280,141,280,141,280,140,280,138,280,138,280,136,280,135,280,135,280,133,280,131,280,131,280,130,280,128,280,128,280,127,279,126,276,125
267,131,264,132,262,133,264,134,267,135,270,134,271,133,270,132,267,131
240,80,237,79,236,78,234,77,231,76,228,76,227,75,226,74,223,73,220,74,218,75,218,76,218,76,218,78,218,80,218,80,218,81,220,82,223,83,227,83,227,83,231,83,236,83,236,83,240,83,243,82,245,81,243,80,240,80
231,106,227,106,227,107,228,108,231,109,234,108,236,107,234,106,231,106
223,99,218,99,218,101,218,102,218,102,218,104,220,105,223,106,227,106,227,104,227,102,227,102,227,101,226,100,223,99
214,89,209,89,209,91,209,93,209,93,209,94,209,96,209,96,209,97,211,99,214,99,218,99,218,97,218,96,218,96,218,94,218,93,218,93,218,91,217,90,214,89
205,80,200,80,200,80,196,80,193,80,192,81,192,83,192,83,192,85,193,86,196,86,199,87,200,88,202,89,205,89,209,89,209,88,209,86,209,86,209,85,209,83,209,83,209,81,208,80,205,80
107,465,104,466,103,467,104,468,107,468,110,468,112,467,110,466,107,465
81,216,78,215,76,214,76,212,76,212,76,211,76,209,76,209,76,208,76,206,76,206,76,204,75,203,72,203,69,203,68,204,68,206,68,206,68,208,68,209,68,209,68,211,66,212,63,212,60,213,59,214,60,215,63,216,66,216,68,217,69,218,72,219,76,219,76,219,81,219,84,218,85,217,84,216,81,216
72,183,69,184,68,185,69,186,72,187,75,186,76,185,75,184,72,183
54,203,51,202,50,201,48,200,45,200,41,200,41,200,37,200,32,200,32,201,32,203,32,203,32,204,34,205,37,206,40,207,41,208,42,209,45,209,48,209,50,208,51,207,54,206,57,205,59,204,57,203,54,203
45,183,42,184,41,185,42,186,45,187,48,186,50,185,48,184,45,183
28,196,25,197,23,198,25,199,28,200,32,200,32,198,31,197,28,196
