10,167,14,167,14,167,19,167,22,167,23,165,23,164,23,164,23,162,22,161,19,161,16,161,14,162,13,163,10,164,10,167
515,196,512,196,510,195,510,193,510,193,510,191,509,190,506,190,503,189,502,188,502,187,502,187,502,185,502,183,502,183,502,182,502,180,502,180,502,178,500,177,497,177,494,176,493,175,493,174,493,174,493,172,491,171,488,170,484,170,484,170,479,170,475,170,475,170,471,170,468,170,466,169,465,168,462,167,459,168,457,169,456,170,453,170,450,171,448,172,447,173,444,174,441,174,440,175,441,176,444,177,447,177,448,178,448,180,448,180,448,182,447,183,444,183,440,183,440,183,435,183,432,184,431,185,431,187,431,187,431,188,429,189,426,190,422,190,422,190,417,190,414,190,413,191,414,192,417,193,420,194,422,195,423,196,426,196,429,197,431,198,432,199,435,200,438,200,440,201,441,202,444,203,448,203,448,203,453,203,456,203,457,204,459,205,462,206,466,206,466,206,471,206,475,206,475,206,479,206,482,207,484,208,485,209,488,209,493,209,493,209,497,209,502,209,502,209,506,209,510,209,510,209,515,209,518,209,519,208,519,206,519,206,519,204,519,203,519,203,519,201,519,200,519,200,519,198,518,197,515,196
462,154,457,154,457,156,459,157,462,157,465,157,466,156,465,155,462,154
453,148,450,147,448,146,448,144,448,144,448,143,447,142,444,141,441,141,440,140,438,139,435,138,432,137,431,136,429,135,426,135,423,134,422,133,420,132,417,131,413,131,413,131,409,131,404,131,404,131,400,131,395,131,395,131,391,131,386,131,386,133,388,134,391,135,395,135,395,135,400,135,403,135,404,136,404,138,404,138,404,140,404,141,404,141,404,143,406,144,409,144,412,145,413,146,414,147,417,148,422,148,422,148,426,148,429,148,431,149,432,150,435,151,438,151,440,153,441,154,444,154,448,154,448,154,453,154,457,154,457,153,457,151,457,151,457,149,456,148,453,148
409,157,406,158,404,159,403,160,400,161,397,160,395,159,394,158,391,157,386,157,386,157,382,157,378,157,378,157,373,157,370,158,369,159,370,160,373,161,376,161,378,162,378,164,378,164,378,165,378,167,378,167,378,169,378,170,378,170,378,172,378,174,378,174,378,175,379,176,382,177,385,177,386,178,388,180,391,180,395,180,395,180,400,180,403,181,404,182,406,183,409,183,412,183,413,182,413,180,413,180,413,178,412,177,409,177,404,177,404,177,400,177,397,176,395,175,395,174,395,174,395,172,397,171,400,170,404,170,404,170,409,170,412,170,413,169,413,167,413,167,413,165,413,164,413,164,413,162,413,161,413,161,413,159,412,158,409,157
391,141,388,142,386,143,388,144,391,144,394,144,395,143,394,142,391,141
382,128,379,129,378,130,379,131,382,131,386,131,386,130,385,129,382,128
329,232,326,231,324,230,323,229,320,229,316,229,316,229,311,229,308,228,307,227,307,225,307,225,307,224,305,223,302,222,299,222,298,221,298,219,298,219,298,217,298,216,298,216,298,214,296,213,293,212,290,212,289,211,289,209,289,209,289,208,289,206,289,206,289,204,288,203,285,203,282,202,280,201,280,200,280,200,280,198,279,197,276,196,273,196,271,195,270,194,267,193,264,192,262,191,262,190,262,190,262,188,261,187,258,187,255,186,254,185,252,184,249,183,246,183,245,182,245,180,245,180,245,178,245,177,245,177,245,175,243,174,240,174,237,173,236,172,236,170,236,170,236,169,234,168,231,167,228,167,227,165,226,164,223,164,218,164,218,164,214,164,211,163,209,162,208,161,205,161,202,160,200,159,199,158,196,157,193,157,192,156,190,155,187,154,184,155,183,156,183,157,183,157,183,159,183,161,183,161,183,162,183,164,183,164,183,165,183,167,183,167,183,169,181,170,178,170,175,171,174,172,174,174,174,174,174,175,174,177,174,177,174,178,172,180,169,180,166,181,165,182,165,183,165,183,165,185,166,186,169,187,172,187,174,188,175,189,178,190,181,190,183,191,183,193,183,193,183,195,183,196,183,196,183,198,184,199,187,200,190,200,192,201,192,203,192,203,192,204,192,206,192,206,192,208,193,209,196,209,199,210,200,211,199,212,196,212,192,212,192,212,187,212,184,213,183,214,183,216,183,216,183,217,184,218,187,219,190,219,192,221,192,222,192,222,192,224,193,225,196,225,199,226,200,227,200,229,200,229,200,230,202,231,205,232,208,232,209,234,211,235,214,235,217,236,218,237,220,238,223,238,226,239,227,240,228,241,231,242,236,242,236,242,240,242,243,242,245,243,246,244,249,245,252,245,254,246,255,248,258,248,261,248,262,246,264,245,267,245,271,245,271,245,276,245,280,245,280,245,285,245,289,245,289,245,293,245,296,244,298,243,299,242,302,242,307,242,307,242,311,242,314,242,316,243,317,244,320,245,323,244,324,243,326,242,329,242,332,241,333,240,333,238,333,238,333,237,333,235,333,235,333,234,332,232,329,232
320,138,317,137,316,136,316,135,316,135,316,133,316,131,316,131,316,130,316,128,316,128,316,127,314,126,311,125,308,124,307,123,305,122,302,122,299,121,298,120,296,119,293,119,290,118,289,117,288,116,285,115,282,115,280,114,279,113,276,112,273,112,271,110,271,109,271,109,271,107,270,106,267,106,264,105,262,104,261,103,258,102,255,102,254,101,252,100,249,99,246,99,245,97,245,96,245,96,245,94,243,93,240,93,237,92,236,91,236,89,236,89,236,88,234,87,231,86,228,86,227,85,226,83,223,83,218,83,218,83,214,83,211,82,209,81,208,80,205,80,202,79,200,78,199,77,196,76,193,76,192,75,190,74,187,73,184,74,183,75,183,76,183,76,183,78,183,80,183,80,183,81,184,82,187,83,190,83,192,85,193,86,196,86,199,87,200,88,202,89,205,89,208,90,209,91,211,92,214,93,217,93,218,94,220,95,223,96,226,96,227,97,227,99,227,99,227,101,227,102,227,102,227,104,227,106,227,106,227,107,228,108,231,109,234,109,236,110,236,112,236,112,236,114,236,115,236,115,236,117,236,119,236,119,236,120,236,122,236,122,236,123,236,125,236,125,236,127,237,128,240,128,243,129,245,130,246,131,249,131,252,132,254,133,254,135,254,135,254,136,255,137,258,138,261,138,262,140,262,141,262,141,262,143,264,144,267,144,271,144,271,144,276,144,280,144,280,144,285,144,288,145,289,146,290,147,293,148,296,148,298,149,299,150,302,151,307,151,307,151,311,151,316,151,316,151,320,151,323,150,324,149,324,148,324,148,324,146,324,144,324,144,324,143,324,141,324,141,324,140,323,139,320,138
311,268,308,268,307,269,308,270,311,271,314,270,316,269,314,268,311,268
302,404,298,404,298,404,293,404,290,404,289,405,288,406,285,407,282,407,280,408,279,410,276,410,273,411,271,412,271,413,271,413,271,415,271,417,271,417,271,418,271,420,271,420,271,421,273,422,276,423,280,423,280,423,285,423,289,423,289,423,293,423,296,422,298,421,298,420,298,420,298,418,298,417,298,417,298,415,299,414,302,413,305,413,307,412,307,410,307,410,307,408,307,407,307,407,307,405,305,404,302,404
37,177,34,177,32,178,34,180,37,180,40,180,41,178,40,177,37,177
