541,216,538,215,537,214,537,212,537,212,537,211,536,210,533,209,530,209,528,208,528,206,528,206,528,204,528,203,528,203,528,201,528,200,528,200,528,198,527,197,524,196,521,196,519,195,518,194,515,193,512,192,510,191,510,190,510,190,510,188,510,187,510,187,510,185,509,184,506,183,503,183,502,182,502,180,502,180,502,178,502,177,502,177,502,175,500,174,497,174,494,173,493,172,491,171,488,170,484,170,484,170,479,170,475,170,475,170,471,170,468,170,466,169,465,168,462,167,459,168,457,169,456,170,453,170,450,171,448,172,447,173,444,174,441,174,440,175,440,177,440,177,440,178,441,180,444,180,447,181,448,182,447,183,444,183,440,183,440,183,435,183,432,184,431,185,429,186,426,187,423,187,422,188,420,189,417,190,414,190,413,191,414,192,417,193,420,194,422,195,423,196,426,196,429,197,431,198,432,199,435,200,438,200,440,201,441,202,444,203,448,203,448,203,453,203,456,203,457,204,459,205,462,206,466,206,466,206,471,206,475,206,475,206,479,206,482,207,484,208,485,209,488,209,493,209,493,209,497,209,500,210,502,211,503,212,506,212,509,213,510,214,510,216,510,216,510,217,512,218,515,219,519,219,519,219,524,219,527,219,528,221,528,222,528,222,528,224,530,225,533,225,537,225,537,225,541,225,544,225,546,224,546,222,546,222,546,221,546,219,546,219,546,217,544,216,541,216
453,148,450,147,448,146,447,145,444,144,441,144,440,143,440,141,440,141,440,140,438,139,435,138,432,137,431,136,429,135,426,135,422,135,422,135,417,135,414,134,413,133,412,132,409,131,404,131,404,131,400,131,395,131,395,131,391,131,386,131,386,133,388,134,391,135,395,135,395,135,400,135,403,135,404,136,404,138,404,138,404,140,403,141,400,141,395,141,395,141,391,141,388,142,386,143,388,144,391,144,395,144,395,144,400,144,404,144,404,144,409,144,412,145,413,146,414,147,417,148,422,148,422,148,426,148,429,148,431,149,432,150,435,151,438,151,440,153,441,154,444,154,448,154,448,154,453,154,456,154,457,153,457,151,457,151,457,149,456,148,453,148
409,161,404,161,404,161,400,161,395,161,395,161,391,161,388,160,386,159,385,158,382,157,379,158,378,159,376,160,373,161,370,161,369,162,370,163,373,164,376,164,378,165,378,167,378,167,378,169,378,170,378,170,378,172,378,174,378,174,378,175,379,176,382,177,385,177,386,178,388,180,391,180,395,180,395,180,400,180,403,181,404,182,406,183,409,183,412,183,413,182,413,180,413,180,413,178,412,177,409,177,406,176,404,175,403,174,400,174,397,173,395,172,397,171,400,170,404,170,404,170,409,170,412,170,413,169,413,167,413,167,413,165,413,164,413,164,413,162,412,161,409,161
382,128,379,129,378,130,379,131,382,131,386,131,386,130,385,129,382,128
373,144,370,145,369,146,370,147,373,148,376,147,378,146,376,145,373,144
329,232,326,231,324,230,323,229,320,229,317,228,316,227,314,226,311,225,308,225,307,224,305,223,302,222,299,222,298,221,298,219,298,219,298,217,296,216,293,216,290,215,289,214,289,212,289,212,289,211,289,209,289,209,289,208,288,207,285,206,282,205,280,204,280,203,280,203,280,201,279,200,276,200,273,199,271,198,271,196,271,196,271,195,270,194,267,193,264,192,262,191,261,190,258,190,255,189,254,188,254,187,254,187,254,185,252,184,249,183,246,183,245,182,245,180,245,180,245,178,243,177,240,177,237,176,236,175,234,174,231,174,228,173,227,172,226,171,223,170,218,170,218,170,214,170,211,170,209,169,208,168,205,167,200,167,200,167,196,167,193,168,192,169,192,170,192,170,192,172,192,174,192,174,192,175,192,177,192,177,192,178,192,180,192,180,192,182,192,183,192,183,192,185,192,187,192,187,192,188,192,190,192,190,192,191,192,193,192,193,192,195,192,196,192,196,192,198,192,200,192,200,192,201,193,202,196,203,199,203,200,204,200,206,200,206,200,208,202,209,205,209,208,210,209,211,209,212,209,212,209,214,208,215,205,216,202,215,200,214,199,213,196,212,193,213,192,214,192,216,192,216,192,217,193,218,196,219,200,219,200,219,205,219,208,219,209,221,209,222,209,222,209,224,209,225,209,225,209,227,209,229,209,229,209,230,211,231,214,232,217,232,218,234,218,235,218,235,218,237,220,238,223,238,226,239,227,240,228,241,231,242,234,242,236,243,237,244,240,245,245,245,245,245,249,245,252,245,254,246,255,248,258,248,262,248,262,248,267,248,270,249,271,250,273,251,276,251,279,251,280,250,282,249,285,248,289,248,289,248,293,248,296,248,298,246,299,245,302,245,307,245,307,245,311,245,316,245,316,245,320,245,324,245,324,245,329,245,332,244,333,243,333,242,333,242,333,240,333,238,333,238,333,237,333,235,333,235,333,234,332,232,329,232
311,131,308,131,307,130,305,129,302,128,299,128,298,127,298,125,298,125,298,123,296,122,293,122,290,121,289,120,288,119,285,119,280,119,280,119,276,119,273,118,271,117,270,116,267,115,264,115,262,114,261,113,258,112,255,112,254,110,254,109,254,109,254,107,254,106,254,106,254,104,252,103,249,102,246,102,245,101,245,99,245,99,245,97,243,96,240,96,236,96,236,97,234,99,231,99,227,99,227,99,223,99,220,100,218,101,220,102,223,102,226,103,227,104,227,106,227,106,227,107,227,109,227,109,227,110,228,111,231,112,234,113,236,114,236,115,236,115,236,117,236,119,236,119,236,120,236,122,236,122,236,123,236,125,236,125,236,127,236,128,236,128,236,130,237,131,240,131,243,132,245,133,246,134,249,135,252,135,254,136,254,138,254,138,254,140,255,141,258,141,261,142,262,143,264,144,267,144,271,144,271,144,276,144,280,144,280,144,285,144,288,145,289,146,290,147,293,148,298,148,298,148,302,148,307,148,307,148,311,148,314,147,316,146,316,144,316,144,316,143,316,141,316,141,316,140,316,138,316,138,316,136,316,135,316,135,316,133,314,132,311,131
311,264,307,264,307,264,302,264,299,265,298,266,299,267,302,268,305,268,307,269,308,270,311,271,314,270,316,269,316,268,316,268,316,266,314,265,311,264
293,410,289,410,289,410,285,410,282,411,280,412,279,413,276,413,273,414,271,415,271,417,271,417,271,418,271,420,271,420,271,421,273,422,276,423,279,422,280,421,282,420,285,420,288,419,289,418,290,417,293,417,296,416,298,415,298,413,298,413,298,412,296,411,293,410
231,89,228,90,227,91,227,93,227,93,227,94,228,95,231,96,236,96,236,94,236,93,236,93,236,91,234,90,231,89
214,86,211,86,209,85,209,83,209,83,209,81,208,80,205,80,200,80,200,80,196,80,193,80,192,81,193,82,196,83,199,83,200,85,200,86,200,86,200,88,202,89,205,89,208,90,209,91,209,93,209,93,209,94,211,95,214,96,217,95,218,94,218,93,218,93,218,91,218,89,218,89,218,88,217,87,214,86
37,177,34,177,32,178,31,180,28,180,25,181,23,182,23,183,23,183,23,185,25,186,28,187,32,187,32,187,37,187,40,186,41,185,41,183,41,183,41,182,41,180,41,180,41,178,40,177,37,177
19,164,16,164,14,165,16,167,19,167,22,167,23,165,22,164,19,164
