572,470,572,468,572,468,572,467,572,465,572,465,572,464,572,462,572,462,572,460,571,459,568,459,565,458,564,457,564,455,564,455,564,454,564,452,564,452,564,451,564,449,564,449,564,447,564,446,564,446,564,444,564,442,564,442,564,441,564,439,564,439,564,438,564,436,564,436,564,434,565,433,568,433,571,432,572,431,572,430,572,430,572,428,572,426,572,426,572,425,572,423,572,423,572,421,572,420,572,420,572,418,572,417,572,417,572,415,571,414,568,413,564,413,564,413,559,413,555,413,555,413,550,413,546,413,546,413,541,413,538,414,537,415,537,417,537,417,537,418,537,420,537,420,537,421,537,423,537,423,537,425,537,426,537,426,537,428,537,430,537,430,537,431,536,432,533,433,530,433,528,434,528,436,528,436,528,438,528,439,528,439,528,441,528,442,528,442,528,444,528,446,528,446,528,447,528,449,528,449,528,451,528,452,528,452,528,454,528,455,528,455,528,457,528,459,528,459,528,460,528,462,528,462,528,464,530,465,533,465,536,466,537,467,538,468,541,468,544,469,546,470,572,470
630,258,626,258,626,259,626,261,626,261,626,263,626,264,626,264,626,266,627,267,630,268,630,258
621,251,618,252,617,253,617,255,617,255,617,256,618,257,621,258,626,258,626,256,626,255,626,255,626,253,624,252,621,251
488,170,484,170,484,170,479,170,475,170,475,170,471,170,468,170,466,169,465,168,462,167,457,167,457,167,453,167,450,168,448,169,448,170,448,170,448,172,447,173,444,174,441,174,440,175,441,176,444,177,447,177,448,178,448,180,448,180,448,182,448,183,448,183,448,185,448,187,448,187,448,188,450,189,453,190,456,190,457,191,457,193,457,193,457,195,459,196,462,196,466,196,466,196,471,196,475,196,475,196,479,196,482,196,484,195,484,193,484,193,484,191,485,190,488,190,491,189,493,188,493,187,493,187,493,185,493,183,493,183,493,182,493,180,493,180,493,178,493,177,493,177,493,175,493,174,493,174,493,172,491,171,488,170
462,154,457,154,457,156,459,157,462,157,465,157,466,156,465,155,462,154
453,148,450,147,448,146,448,144,448,144,448,143,447,142,444,141,441,141,440,140,438,139,435,138,432,137,431,136,431,135,431,135,431,133,429,132,426,131,423,131,422,130,422,128,422,128,422,127,420,126,417,125,414,124,413,123,412,122,409,122,406,122,404,123,404,125,404,125,404,127,404,128,404,128,404,130,404,131,404,131,404,133,404,135,404,135,404,136,404,138,404,138,404,140,404,141,404,141,404,143,406,144,409,144,412,145,413,146,414,147,417,148,420,148,422,149,423,150,426,151,431,151,431,151,435,151,438,151,440,153,441,154,444,154,448,154,448,154,453,154,457,154,457,153,457,151,457,151,457,149,456,148,453,148
409,161,404,161,404,161,400,161,397,160,395,159,394,158,391,157,386,157,386,157,382,157,379,157,378,156,378,154,378,154,378,153,376,151,373,151,370,150,369,149,370,148,373,148,376,147,378,146,378,144,378,144,378,143,376,142,373,141,369,141,369,141,364,141,361,141,360,140,360,138,360,138,360,136,358,135,355,135,352,134,351,133,351,131,351,131,351,130,350,129,347,128,344,128,342,127,341,126,338,125,335,124,333,123,333,122,333,122,333,120,332,119,329,119,326,118,324,117,323,116,320,115,317,115,316,114,314,113,311,112,308,112,307,110,305,109,302,109,299,108,298,107,298,106,298,106,298,104,296,103,293,102,290,102,289,101,288,100,285,99,282,99,280,97,279,96,276,96,273,95,271,94,270,93,267,93,264,92,262,91,262,89,262,89,262,88,262,86,262,86,262,85,262,83,262,83,262,81,262,80,262,80,262,78,262,76,262,76,262,75,262,73,262,73,262,72,261,70,258,70,255,69,254,68,254,67,254,67,254,65,254,63,254,63,254,62,252,61,249,60,246,60,245,59,243,58,240,57,237,56,236,55,234,54,231,54,228,53,227,52,226,51,223,50,220,50,218,49,217,48,214,47,211,47,209,46,209,44,209,44,209,42,208,41,205,41,200,41,200,41,196,41,193,40,192,39,190,38,187,38,184,37,183,36,181,35,178,34,174,34,174,34,169,34,165,34,165,34,161,34,158,34,156,33,156,31,156,31,156,29,155,28,152,28,147,28,147,28,143,28,140,28,138,29,138,31,138,31,138,33,140,34,143,34,146,35,147,36,149,37,152,38,155,38,156,39,158,40,161,41,164,41,165,42,165,44,165,44,165,46,166,47,169,47,172,48,174,49,175,50,178,50,181,51,183,52,183,54,183,54,183,55,184,56,187,57,190,58,192,59,192,60,192,60,192,62,193,63,196,63,199,64,200,65,200,67,200,67,200,68,200,70,200,70,200,72,200,73,200,73,200,75,199,76,196,76,193,77,192,78,192,80,192,80,192,81,193,82,196,83,199,83,200,85,200,86,200,86,200,88,200,89,200,89,200,91,200,93,200,93,200,94,200,96,200,96,200,97,202,99,205,99,208,100,209,101,211,102,214,102,218,102,218,102,223,102,226,103,227,104,228,105,231,106,234,106,236,107,236,109,236,109,236,110,236,112,236,112,236,114,236,115,236,115,236,117,236,119,236,119,236,120,237,121,240,122,243,122,245,123,246,124,249,125,252,126,254,127,254,128,254,128,254,130,255,131,258,131,261,132,262,133,264,134,267,135,270,135,271,136,271,138,271,138,271,140,273,141,276,141,280,141,280,141,285,141,288,142,289,143,290,144,293,144,296,145,298,146,299,147,302,148,305,148,307,149,308,150,311,151,314,151,316,153,317,154,320,154,323,155,324,156,326,157,329,157,332,158,333,159,333,161,333,161,333,162,333,164,333,164,333,165,335,167,338,167,341,168,342,169,344,170,347,170,350,171,351,172,352,173,355,174,358,174,360,175,360,177,360,177,360,178,361,180,364,180,367,181,369,182,370,183,373,183,376,184,378,185,378,187,378,187,378,188,379,189,382,190,386,190,386,190,391,190,394,189,395,188,394,187,391,187,388,186,386,185,386,183,386,183,386,182,388,181,391,180,395,180,395,180,400,180,403,180,404,178,403,177,400,177,397,176,395,175,395,174,395,174,395,172,395,170,391,170,388,170,386,169,388,168,391,167,394,168,395,169,395,170,400,170,404,170,404,170,409,170,412,170,413,169,413,167,413,167,413,165,413,164,413,164,413,162,412,161,409,161
391,131,386,131,386,133,388,134,391,135,394,134,395,133,394,132,391,131
382,128,379,129,378,130,379,131,382,131,386,131,386,130,385,129,382,128
347,99,344,99,342,97,341,96,338,96,335,95,333,94,332,93,329,93,324,93,324,94,324,96,324,96,324,97,326,99,329,99,332,100,333,101,335,102,338,102,342,102,342,102,347,102,350,102,351,101,350,100,347,99
329,368,324,368,324,368,320,368,316,368,316,368,311,368,308,369,307,370,307,371,307,371,307,373,305,374,302,374,299,375,298,376,299,377,302,378,307,378,307,378,311,378,314,378,316,379,317,380,320,381,323,380,324,379,326,378,329,378,332,377,333,376,333,374,333,374,333,373,333,371,333,371,333,370,332,369,329,368
320,89,316,89,316,91,317,92,320,93,324,93,324,91,323,90,320,89
311,86,308,87,307,88,308,89,311,89,316,89,316,88,314,87,311,86
285,196,282,196,280,195,280,193,280,193,280,191,279,190,276,190,273,189,271,188,271,187,271,187,271,185,271,183,271,183,271,182,270,181,267,180,264,180,262,178,262,177,262,177,262,175,261,174,258,174,255,173,254,172,254,170,254,170,254,169,252,168,249,167,246,167,245,165,243,164,240,164,236,164,236,164,231,164,227,164,227,164,223,164,220,163,218,162,218,161,218,161,218,159,218,157,218,157,218,156,217,155,214,154,211,154,209,153,209,151,209,151,209,149,209,148,209,148,209,146,209,144,209,144,209,143,208,142,205,141,202,141,200,140,200,138,200,138,200,136,199,135,196,135,193,134,192,133,192,131,192,131,192,130,190,129,187,128,184,128,183,127,183,125,183,125,183,123,183,122,183,122,183,120,181,119,178,119,175,119,174,120,172,121,169,122,166,122,165,123,165,125,165,125,165,127,165,128,165,128,165,130,165,131,165,131,165,133,165,135,165,135,165,136,165,138,165,138,165,140,165,141,165,141,165,143,164,144,161,144,158,144,156,143,156,141,156,141,156,140,155,139,152,138,149,137,147,136,147,135,147,135,147,133,146,132,143,131,140,132,138,133,137,134,134,135,131,134,130,133,128,132,125,131,122,131,121,130,121,128,121,128,121,127,119,126,116,125,113,124,112,123,112,122,112,122,112,120,110,119,107,119,104,118,103,117,102,116,99,115,96,116,94,117,94,119,94,119,94,120,94,122,94,122,94,123,96,124,99,125,102,126,103,127,103,128,103,128,103,130,103,131,103,131,103,133,104,134,107,135,110,135,112,136,112,138,112,138,112,140,113,141,116,141,119,142,121,143,121,144,121,144,121,146,121,148,121,148,121,149,121,151,121,151,121,153,121,154,121,154,121,156,119,157,116,157,112,157,112,157,107,157,104,158,103,159,104,160,107,161,110,161,112,162,112,164,112,164,112,165,113,167,116,167,119,167,121,165,122,164,125,164,128,164,130,165,131,167,134,167,137,168,138,169,140,170,143,170,146,171,147,172,149,173,152,174,155,174,156,175,156,177,156,177,156,178,156,180,156,180,156,182,158,183,161,183,164,184,165,185,165,187,165,187,165,188,166,189,169,190,172,190,174,191,174,193,174,193,174,195,175,196,178,196,181,197,183,198,184,199,187,200,192,200,192,200,196,200,199,200,200,201,202,202,205,203,208,203,209,204,211,205,214,206,218,206,218,206,223,206,226,207,227,208,228,209,231,209,234,210,236,211,236,212,236,212,236,214,236,216,236,216,236,217,237,218,240,219,243,219,245,221,243,222,240,222,236,222,236,222,231,222,227,222,227,222,223,222,218,222,218,222,214,222,211,223,209,224,209,225,209,225,209,227,211,228,214,229,218,229,218,229,223,229,227,229,227,229,231,229,234,228,236,227,237,226,240,225,243,226,245,227,246,228,249,229,254,229,254,229,258,229,262,229,262,229,267,229,270,228,271,227,273,226,276,225,279,225,280,224,282,223,285,222,288,222,289,221,289,219,289,219,289,217,288,216,285,216,280,216,280,216,276,216,273,215,271,214,273,213,276,212,279,212,280,211,280,209,280,209,280,208,282,207,285,206,288,205,289,204,289,203,289,203,289,201,289,200,289,200,289,198,288,197,285,196
267,271,264,270,262,269,262,268,262,268,262,266,261,265,258,264,255,264,254,263,254,261,254,261,254,259,252,258,249,258,245,258,245,258,240,258,237,258,236,259,234,261,231,261,228,262,227,263,226,264,223,264,218,264,218,264,214,264,211,264,209,263,208,262,205,261,202,262,200,263,200,264,200,264,200,266,200,268,200,268,200,269,202,270,205,271,208,271,209,272,211,273,214,274,217,275,218,276,220,277,223,277,226,278,227,279,227,280,227,280,227,282,227,284,227,284,227,285,227,287,227,287,227,289,226,290,223,290,220,291,218,292,218,293,218,293,218,295,220,296,223,297,227,297,227,297,231,297,236,297,236,297,240,297,243,296,245,295,246,294,249,293,252,293,254,292,254,290,254,290,254,289,254,287,254,287,254,285,254,284,254,284,254,282,255,281,258,280,261,280,262,279,262,277,262,277,262,276,264,275,267,274,270,273,271,272,270,271,267,271
187,235,184,235,183,234,181,232,178,232,175,232,174,234,172,235,169,235,166,235,165,234,164,232,161,232,156,232,156,232,152,232,147,232,147,234,147,235,147,235,147,237,149,238,152,238,155,239,156,240,158,241,161,242,164,242,165,243,166,244,169,245,174,245,174,245,178,245,181,244,183,243,184,242,187,242,190,241,192,240,192,238,192,238,192,237,190,236,187,235
143,229,140,229,138,230,140,231,143,232,147,232,147,230,146,229,143,229
134,122,131,122,130,123,130,125,130,125,130,127,131,128,134,128,137,128,138,127,138,125,138,125,138,123,137,122,134,122
125,238,122,239,121,240,122,241,125,242,128,241,130,240,128,239,125,238
107,225,104,226,103,227,103,229,103,229,103,230,103,232,103,232,103,234,104,235,107,235,110,235,112,234,112,232,112,232,112,230,112,229,112,229,112,227,110,226,107,225
