630,258,626,258,626,259,626,261,626,261,626,263,626,264,626,264,626,266,627,267,630,268,630,258
621,251,618,252,617,253,617,255,617,255,617,256,618,257,621,258,626,258,626,256,626,255,626,255,626,253,624,252,621,251
559,413,555,413,555,413,550,413,546,413,546,413,541,413,538,414,537,415,537,417,537,417,537,418,537,420,537,420,537,421,537,423,537,423,537,425,537,426,537,426,537,428,537,430,537,430,537,431,536,432,533,433,530,433,528,434,528,436,528,436,528,438,528,439,528,439,528,441,528,442,528,442,528,444,528,446,528,446,528,447,528,449,528,449,528,451,528,452,528,452,528,454,528,455,528,455,528,457,528,459,528,459,528,460,528,462,528,462,528,464,530,465,533,465,536,466,537,467,538,468,541,468,546,468,546,468,550,468,555,468,555,468,559,468,562,468,564,467,564,465,564,465,564,464,564,462,564,462,564,460,564,459,564,459,564,457,564,455,564,455,564,454,564,452,564,452,564,451,564,449,564,449,564,447,564,446,564,446,564,444,564,442,564,442,564,441,564,439,564,439,564,438,564,436,564,436,564,434,564,433,564,433,564,431,564,430,564,430,564,428,564,426,564,426,564,425,564,423,564,423,564,421,564,420,564,420,564,418,564,417,564,417,564,415,562,414,559,413
488,170,484,170,484,170,479,170,475,170,475,170,471,170,468,170,466,169,465,168,462,167,457,167,457,167,453,167,450,168,448,169,448,170,448,170,448,172,447,173,444,174,441,174,440,175,441,176,444,177,447,177,448,178,448,180,448,180,448,182,448,183,448,183,448,185,448,187,448,187,448,188,450,189,453,190,456,190,457,191,457,193,457,193,457,195,459,196,462,196,465,197,466,198,468,199,471,200,474,199,475,198,476,197,479,196,482,196,484,195,484,193,484,193,484,191,485,190,488,190,491,189,493,188,493,187,493,187,493,185,493,183,493,183,493,182,493,180,493,180,493,178,493,177,493,177,493,175,493,174,493,174,493,172,491,171,488,170
462,154,457,154,457,156,459,157,462,157,465,157,466,156,465,155,462,154
453,148,450,147,448,146,448,144,448,144,448,143,447,142,444,141,441,141,440,140,438,139,435,138,432,137,431,136,431,135,431,135,431,133,429,132,426,131,423,131,422,130,420,129,417,128,414,128,413,127,412,126,409,125,406,126,404,127,404,128,404,128,404,130,404,131,404,131,404,133,404,135,404,135,404,136,404,138,404,138,404,140,404,141,404,141,404,143,406,144,409,144,412,145,413,146,414,147,417,148,422,148,422,148,426,148,429,148,431,149,432,150,435,151,438,151,440,153,441,154,444,154,448,154,448,154,453,154,457,154,457,153,457,151,457,151,457,149,456,148,453,148
409,161,404,161,404,161,400,161,397,160,395,159,394,158,391,157,386,157,386,157,382,157,379,157,378,156,378,154,378,154,378,153,376,151,373,151,370,150,369,149,369,148,369,148,369,146,369,144,369,144,369,143,367,142,364,141,361,141,360,140,360,138,360,138,360,136,358,135,355,135,352,134,351,133,351,131,351,131,351,130,350,129,347,128,344,128,342,127,341,126,338,125,335,124,333,123,333,122,333,122,333,120,332,119,329,119,326,118,324,117,323,116,320,115,317,115,316,114,314,113,311,112,308,112,307,110,305,109,302,109,299,108,298,107,296,106,293,106,290,105,289,104,288,103,285,102,282,102,280,101,280,99,280,99,280,97,279,96,276,96,273,95,271,94,270,93,267,93,264,92,262,91,262,89,262,89,262,88,262,86,262,86,262,85,262,83,262,83,262,81,262,80,262,80,262,78,262,76,262,76,262,75,262,73,262,73,262,72,261,70,258,70,255,69,254,68,254,67,254,67,254,65,252,64,249,63,246,63,245,62,245,60,245,60,245,59,243,58,240,57,237,56,236,55,234,54,231,54,228,53,227,52,226,51,223,50,220,50,218,49,217,48,214,47,211,47,209,46,209,44,209,44,209,42,208,41,205,41,200,41,200,41,196,41,193,40,192,39,190,38,187,38,184,37,183,36,181,35,178,34,174,34,174,34,169,34,165,34,165,34,161,34,158,34,156,33,155,32,152,31,149,31,147,29,146,28,143,28,140,28,138,29,138,31,138,31,138,33,140,34,143,34,146,35,147,36,149,37,152,38,155,38,156,39,158,40,161,41,164,41,165,42,165,44,165,44,165,46,166,47,169,47,172,48,174,49,175,50,178,50,181,51,183,52,183,54,183,54,183,55,184,56,187,57,190,58,192,59,192,60,192,60,192,62,193,63,196,63,199,64,200,65,200,67,200,67,200,68,200,70,200,70,200,72,199,73,196,73,193,74,192,75,192,76,192,76,192,78,192,80,192,80,192,81,193,82,196,83,199,83,200,85,200,86,200,86,200,88,200,89,200,89,200,91,200,93,200,93,200,94,200,96,200,96,200,97,202,99,205,99,208,100,209,101,211,102,214,102,217,103,218,104,220,105,223,106,226,106,227,107,228,108,231,109,234,109,236,110,236,112,236,112,236,114,236,115,236,115,236,117,236,119,236,119,236,120,237,121,240,122,243,122,245,123,246,124,249,125,252,126,254,127,254,128,254,128,254,130,255,131,258,131,261,132,262,133,264,134,267,135,270,135,271,136,271,138,271,138,271,140,273,141,276,141,280,141,280,141,285,141,288,142,289,143,290,144,293,144,296,145,298,146,299,147,302,148,305,148,307,149,308,150,311,151,314,151,316,153,317,154,320,154,323,155,324,156,324,157,324,157,324,159,326,160,329,161,332,161,333,162,333,164,333,164,333,165,335,167,338,167,341,168,342,169,344,170,347,170,350,171,351,172,352,173,355,174,358,174,360,175,361,176,364,177,367,177,369,178,370,180,373,180,376,181,378,182,378,183,378,183,378,185,378,187,378,187,378,188,379,189,382,190,386,190,386,190,391,190,394,189,395,188,394,187,391,187,388,186,386,185,386,183,386,183,386,182,388,181,391,180,395,180,395,180,400,180,403,180,404,178,403,177,400,177,397,176,395,175,395,174,395,174,395,172,395,170,391,170,388,170,386,169,388,168,391,167,394,168,395,169,395,170,400,170,404,170,404,170,409,170,412,170,413,169,413,167,413,167,413,165,413,164,413,164,413,162,412,161,409,161
391,131,386,131,386,133,388,134,391,135,394,134,395,133,394,132,391,131
382,128,379,129,378,130,379,131,382,131,386,131,386,130,385,129,382,128
347,99,344,99,342,97,341,96,338,96,335,95,333,94,332,93,329,93,326,93,324,94,324,96,324,96,324,97,326,99,329,99,332,100,333,101,335,102,338,102,342,102,342,102,347,102,350,102,351,101,350,100,347,99
329,371,324,371,324,371,320,371,317,372,316,373,314,374,311,374,308,375,307,376,308,377,311,378,314,378,316,379,317,380,320,381,323,380,324,379,324,378,324,378,324,376,326,375,329,374,332,374,333,373,332,372,329,371
285,196,282,196,280,195,280,193,280,193,280,191,279,190,276,190,273,189,271,188,271,187,271,187,271,185,270,184,267,183,264,183,262,182,262,180,262,180,262,178,261,177,258,177,255,176,254,175,254,174,254,174,254,172,252,171,249,170,246,170,245,169,243,168,240,167,237,167,236,165,234,164,231,164,227,164,227,164,223,164,220,163,218,162,218,161,218,161,218,159,218,157,218,157,218,156,217,155,214,154,211,154,209,153,209,151,209,151,209,149,209,148,209,148,209,146,209,144,209,144,209,143,208,142,205,141,202,141,200,140,200,138,200,138,200,136,199,135,196,135,193,134,192,133,190,132,187,131,184,131,183,130,181,129,178,128,175,128,174,127,172,126,169,125,166,126,165,127,165,128,165,128,165,130,165,131,165,131,165,133,165,135,165,135,165,136,165,138,165,138,165,140,165,141,165,141,165,143,165,144,165,144,165,146,164,147,161,148,158,147,156,146,156,144,156,144,156,143,156,141,156,141,156,140,155,139,152,138,149,139,147,140,147,141,147,141,147,143,147,144,147,144,147,146,146,147,143,148,140,147,138,146,138,144,138,144,138,143,138,141,138,141,138,140,138,138,138,138,138,136,137,135,134,135,131,134,130,133,128,132,125,131,121,131,121,131,116,131,112,131,112,133,113,134,116,135,119,135,121,136,121,138,121,138,121,140,121,141,121,141,121,143,121,144,121,144,121,146,121,148,121,148,121,149,121,151,121,151,121,153,121,154,121,154,121,156,121,157,121,157,121,159,122,160,125,161,128,161,130,162,130,164,130,164,130,165,131,167,134,167,137,168,138,169,140,170,143,170,146,171,147,172,149,173,152,174,155,174,156,175,156,177,156,177,156,178,156,180,156,180,156,182,158,183,161,183,164,184,165,185,166,186,169,187,172,187,174,188,174,190,174,190,174,191,175,192,178,193,181,194,183,195,183,196,183,196,183,198,184,199,187,200,192,200,192,200,196,200,199,200,200,201,202,202,205,203,208,203,209,204,211,205,214,206,218,206,218,206,223,206,226,207,227,208,228,209,231,209,234,210,236,211,236,212,236,212,236,214,236,216,236,216,236,217,236,219,236,219,236,221,234,222,231,222,227,222,227,222,223,222,218,222,218,222,214,222,211,223,209,224,209,225,209,225,209,227,211,228,214,229,218,229,218,229,223,229,227,229,227,229,231,229,236,229,236,229,240,229,245,229,245,229,249,229,254,229,254,229,258,229,262,229,262,229,267,229,270,228,271,227,273,226,276,225,279,225,280,224,282,223,285,222,288,222,289,221,289,219,289,219,289,217,289,216,289,216,289,214,289,212,289,212,289,211,288,210,285,209,282,209,280,208,282,207,285,206,288,205,289,204,289,203,289,203,289,201,289,200,289,200,289,198,288,197,285,196
258,264,255,264,254,263,252,262,249,261,246,261,245,259,243,258,240,258,237,258,236,259,236,261,236,261,236,263,234,264,231,264,228,265,227,266,226,267,223,268,220,267,218,266,217,265,214,264,211,264,209,263,208,262,205,261,202,262,200,263,200,264,200,264,200,266,202,267,205,268,208,268,209,269,211,270,214,271,217,271,218,272,220,273,223,274,226,275,227,276,227,277,227,277,227,279,228,280,231,280,234,281,236,282,236,284,236,284,236,285,234,286,231,287,228,288,227,289,226,290,223,290,220,291,218,292,218,293,218,293,218,295,220,296,223,297,226,296,227,295,228,294,231,293,234,294,236,295,237,296,240,297,245,297,245,297,249,297,252,296,254,295,254,293,254,293,254,292,254,290,254,290,254,289,254,287,254,287,254,285,254,284,254,284,254,282,255,281,258,280,261,280,262,279,262,277,262,277,262,276,262,274,262,274,262,272,262,271,262,271,262,269,262,268,262,268,262,266,261,265,258,264
187,235,183,235,183,235,178,235,174,235,174,235,169,235,166,235,165,234,164,232,161,232,158,232,156,234,156,235,156,235,156,237,158,238,161,238,165,238,165,238,169,238,172,239,174,240,175,241,178,242,183,242,183,242,187,242,190,241,192,240,192,238,192,238,192,237,190,236,187,235
116,164,113,164,112,165,113,167,116,167,119,167,121,165,119,164,116,164
107,122,104,122,103,123,103,125,103,125,103,127,103,128,103,128,103,130,104,131,107,131,112,131,112,130,112,128,112,128,112,127,112,125,112,125,112,123,110,122,107,122
107,225,104,226,103,227,104,228,107,229,110,228,112,227,110,226,107,225
