10,200,13,200,14,201,14,203,14,203,14,204,14,206,14,206,14,208,16,209,19,209,22,210,23,211,23,212,23,212,23,214,25,215,28,216,31,216,32,217,34,218,37,219,41,219,41,219,45,219,48,218,50,217,50,216,50,216,50,214,48,213,45,212,42,212,41,211,41,209,41,209,41,208,40,207,37,206,32,206,32,206,28,206,25,205,23,204,23,203,23,203,23,201,23,200,23,200,23,198,25,197,28,196,31,196,32,195,32,193,32,193,32,191,32,190,32,190,32,188,31,187,28,187,25,186,23,185,22,184,19,183,14,183,14,183,10,183,10,200
630,245,627,244,626,243,624,242,621,242,618,241,617,240,617,238,617,238,617,237,617,235,617,235,617,234,617,232,617,232,617,230,615,229,612,229,609,228,608,227,608,225,608,225,608,224,608,222,608,222,608,221,606,219,603,219,600,218,599,217,599,216,599,216,599,214,599,212,599,212,599,211,598,210,595,209,592,209,590,208,590,206,590,206,590,204,589,203,586,203,583,202,581,201,581,200,581,200,581,198,581,196,581,196,581,195,581,193,581,193,581,191,581,190,581,190,581,188,580,187,577,187,574,186,572,185,571,184,568,183,565,183,564,182,562,181,559,180,555,180,555,180,550,180,546,180,546,180,541,180,537,180,537,180,533,180,528,180,528,180,524,180,521,180,519,178,518,177,515,177,512,176,510,175,509,174,506,174,503,173,502,172,500,171,497,170,493,170,493,170,488,170,484,170,484,170,479,170,476,171,475,172,474,173,471,174,466,174,466,174,462,174,457,174,457,174,453,174,450,174,448,175,448,177,448,177,448,178,448,180,448,180,448,182,447,183,444,183,440,183,440,183,435,183,432,184,431,185,429,186,426,187,423,187,422,188,420,189,417,190,413,190,413,190,409,190,404,190,404,190,400,190,397,190,395,191,394,192,391,193,388,194,386,195,386,196,386,196,386,198,386,200,386,200,386,201,388,202,391,203,394,203,395,204,397,205,400,206,404,206,404,206,409,206,413,206,413,206,417,206,420,205,422,204,423,203,426,203,431,203,431,203,435,203,438,203,440,204,441,205,444,206,448,206,448,206,453,206,457,206,457,206,462,206,465,207,466,208,468,209,471,209,474,210,475,211,476,212,479,212,484,212,484,212,488,212,491,213,493,214,494,215,497,216,500,216,502,217,502,219,502,219,502,221,502,222,502,222,502,224,503,225,506,225,510,225,510,225,515,225,519,225,519,225,524,225,528,225,528,225,533,225,536,226,537,227,538,228,541,229,544,229,546,230,547,231,550,232,553,232,555,234,555,235,555,235,555,237,556,238,559,238,562,239,564,240,564,242,564,242,564,243,565,244,568,245,571,245,572,246,572,248,572,248,572,250,574,251,577,251,580,252,581,253,581,255,581,255,581,256,583,257,586,258,589,258,590,259,590,261,590,261,590,263,592,264,595,264,598,265,599,266,600,267,603,268,606,268,608,269,608,271,608,271,608,272,609,273,612,274,615,275,617,276,618,277,621,277,624,278,626,279,627,280,630,280,630,245
595,144,592,145,590,146,590,148,595,148,598,147,599,146,598,145,595,144
586,148,583,147,581,146,580,145,577,144,574,144,572,143,572,141,572,141,572,140,571,139,568,138,564,138,564,138,559,138,555,138,555,138,550,138,547,139,546,140,547,141,550,141,553,142,555,143,555,144,555,144,555,146,555,148,555,148,555,149,556,150,559,151,562,151,564,153,564,154,564,154,564,156,565,157,568,157,572,157,572,157,577,157,580,157,581,156,581,154,581,154,581,153,583,151,586,151,589,150,590,149,590,148,586,148
267,293,264,293,262,292,262,290,262,290,262,289,262,287,262,287,262,285,261,284,258,284,255,283,254,282,252,281,249,280,246,280,245,279,243,278,240,277,236,277,236,277,231,277,228,278,227,279,227,280,227,280,227,282,226,283,223,284,218,284,218,284,214,284,211,283,209,282,209,280,209,280,209,279,208,278,205,277,202,277,200,276,200,274,200,274,200,272,199,271,196,271,192,271,192,271,187,271,184,270,183,269,183,268,183,268,183,266,181,265,178,264,175,264,174,263,172,262,169,261,166,261,165,259,164,258,161,258,158,257,156,256,155,255,152,255,147,255,147,256,146,257,143,258,138,258,138,258,134,258,130,258,130,258,125,258,122,258,121,259,121,261,121,261,121,263,121,264,121,264,121,266,121,268,121,268,121,269,121,271,121,271,121,272,122,273,125,274,128,275,130,276,131,277,134,277,137,278,138,279,140,280,143,280,146,281,147,282,149,283,152,284,155,284,156,285,156,287,156,287,156,289,158,290,161,290,164,291,165,292,166,293,169,293,172,294,174,295,175,296,178,297,181,297,183,298,184,299,187,300,190,300,192,302,193,303,196,303,199,304,200,305,202,306,205,306,208,307,209,308,211,309,214,310,218,310,218,310,223,310,226,309,227,308,228,307,231,306,234,307,236,308,236,310,236,310,236,311,236,313,236,313,236,315,237,316,240,316,243,316,245,315,246,313,249,313,252,313,254,315,255,316,258,316,261,316,262,315,262,313,262,313,262,311,262,310,262,310,262,308,264,307,267,306,270,306,271,305,271,303,271,303,271,302,271,300,271,300,271,298,271,297,271,297,271,295,270,294,267,293
143,248,138,248,138,250,137,251,134,251,130,251,130,253,131,254,134,255,138,255,138,255,143,255,147,255,147,253,147,251,147,251,147,250,146,249,143,248
134,242,131,242,130,243,128,244,125,245,122,245,121,246,121,248,121,248,121,250,122,251,125,251,130,251,130,250,131,249,134,248,138,248,138,246,138,245,138,245,138,243,137,242,134,242
107,465,104,466,103,467,104,468,107,468,110,468,112,467,110,466,107,465
72,465,68,465,68,467,69,468,72,468,75,468,76,467,75,466,72,465
63,225,59,225,59,227,60,228,63,229,66,228,68,227,66,226,63,225
63,462,60,461,59,460,57,459,54,459,51,459,50,460,50,462,50,462,50,464,50,465,50,465,50,467,51,468,54,468,57,468,59,467,60,466,63,465,68,465,68,464,66,462,63,462
54,222,51,223,50,224,51,225,54,225,59,225,59,224,57,223,54,222
