572,470,572,468,572,468,572,467,572,465,572,465,572,464,572,462,572,462,572,460,572,459,572,459,572,457,572,455,572,455,572,454,574,453,577,452,580,452,581,451,581,449,581,449,581,447,581,446,581,446,581,444,581,442,581,442,581,441,581,439,581,439,581,438,581,436,581,436,581,434,581,433,581,433,581,431,581,430,581,430,581,428,581,426,581,426,581,425,580,424,577,423,574,424,572,425,571,426,568,426,565,427,564,428,564,430,564,430,564,431,562,432,559,433,556,433,555,434,553,435,550,436,547,437,546,438,546,439,546,439,546,441,546,442,546,442,546,444,546,446,546,446,546,447,546,449,546,449,546,451,546,452,546,452,546,454,546,455,546,455,546,457,546,459,546,459,546,460,546,462,546,462,546,464,546,465,546,465,546,467,547,468,550,468,553,469,555,470,572,470
630,255,627,255,626,256,626,258,626,258,626,259,627,261,630,261,630,255
586,417,583,417,581,418,583,419,586,420,589,419,590,418,589,417,586,417
541,413,538,414,537,415,537,417,537,417,537,418,538,419,541,420,544,419,546,418,546,417,546,417,546,415,544,414,541,413
479,183,476,183,475,182,475,180,475,180,475,178,475,177,475,177,475,175,474,174,471,174,468,173,466,172,465,171,462,170,457,170,457,170,453,170,450,171,448,172,448,174,448,174,448,175,448,177,448,177,448,178,448,180,448,180,448,182,448,183,448,183,448,185,448,187,448,187,448,188,448,190,448,190,448,191,450,192,453,193,456,194,457,195,457,196,457,196,457,198,459,199,462,200,465,200,466,201,468,202,471,203,474,202,475,201,475,200,475,200,475,198,476,197,479,196,482,196,484,195,484,193,484,193,484,191,484,190,484,190,484,188,484,187,484,187,484,185,482,184,479,183
453,144,450,144,448,143,448,141,448,141,448,140,447,139,444,138,441,137,440,136,440,135,440,135,440,133,438,132,435,131,432,131,431,130,431,128,431,128,431,127,429,126,426,125,423,124,422,123,420,122,417,122,414,121,413,120,412,119,409,119,406,118,404,117,403,116,400,115,397,116,395,117,395,119,395,119,395,120,395,122,395,122,395,123,395,125,395,125,395,127,395,128,395,128,395,130,395,131,395,131,395,133,397,134,400,135,403,135,404,136,406,137,409,138,412,138,413,140,414,141,417,141,420,142,422,143,423,144,426,144,429,145,431,146,432,147,435,148,440,148,440,148,444,148,447,148,448,149,450,150,453,151,456,150,457,149,457,148,457,148,457,146,456,145,453,144
409,157,404,157,404,157,400,157,397,157,395,156,394,155,391,154,388,154,386,153,386,151,386,151,386,149,386,148,386,148,386,146,385,145,382,144,379,144,378,143,376,142,373,141,370,141,369,140,369,138,369,138,369,136,369,135,369,135,369,133,367,132,364,131,361,131,360,130,360,128,360,128,360,127,358,126,355,125,352,124,351,123,351,122,351,122,351,120,351,119,351,119,351,117,350,116,347,115,344,115,342,114,341,113,338,112,335,112,333,110,332,109,329,109,326,108,324,107,323,106,320,106,317,105,316,104,314,103,311,102,308,102,307,101,308,100,311,99,316,99,316,99,320,99,324,99,324,99,329,99,332,100,333,101,335,102,338,102,342,102,342,102,347,102,351,102,351,102,355,102,358,102,360,101,360,99,360,99,360,97,358,96,355,96,352,95,351,94,350,93,347,93,344,92,342,91,341,90,338,89,335,89,333,88,333,86,333,86,333,85,332,83,329,83,326,82,324,81,323,80,320,80,317,79,316,78,314,77,311,76,307,76,307,76,302,76,299,76,298,75,296,74,293,73,290,73,289,72,289,70,289,70,289,68,288,67,285,67,282,66,280,65,279,64,276,63,273,63,271,62,270,61,267,60,262,60,262,60,258,60,255,60,254,59,252,58,249,57,246,56,245,55,243,54,240,54,237,53,236,52,234,51,231,50,228,50,227,49,227,47,227,47,227,46,226,45,223,44,220,43,218,42,217,41,214,41,209,41,209,41,205,41,200,41,200,41,196,41,193,40,192,39,190,38,187,38,184,37,183,36,181,35,178,34,175,34,174,33,172,32,169,31,166,31,165,29,164,28,161,28,158,28,156,29,156,31,156,31,156,33,156,34,156,34,156,36,155,37,152,38,149,38,147,39,149,40,152,41,155,41,156,42,156,44,156,44,156,46,158,47,161,47,164,48,165,49,165,50,165,50,165,52,166,53,169,54,172,54,174,55,175,56,178,57,181,58,183,59,184,60,187,60,190,61,192,62,192,63,192,63,192,65,193,66,196,67,199,67,200,68,200,70,200,70,200,72,200,73,200,73,200,75,202,76,205,76,208,77,209,78,209,80,209,80,209,81,209,83,209,83,209,85,211,86,214,86,217,87,218,88,218,89,218,89,218,91,217,92,214,93,211,93,209,94,209,96,209,96,209,97,209,99,209,99,209,101,209,102,209,102,209,104,209,106,209,106,209,107,211,108,214,109,217,109,218,110,218,112,218,112,218,114,218,115,218,115,218,117,218,119,218,119,218,120,220,121,223,122,226,122,227,123,228,124,231,125,234,126,236,127,237,128,240,128,243,129,245,130,246,131,249,131,252,132,254,133,255,134,258,135,261,135,262,136,264,137,267,138,270,138,271,140,273,141,276,141,279,142,280,143,282,144,285,144,288,145,289,146,290,147,293,148,296,148,298,149,299,150,302,151,305,151,307,153,308,154,311,154,314,155,316,156,317,157,320,157,323,158,324,159,326,160,329,161,332,161,333,162,333,164,333,164,333,165,333,167,333,167,333,169,335,170,338,170,341,171,342,172,342,174,342,174,342,175,344,176,347,177,350,177,351,178,351,180,351,180,351,182,352,183,355,183,358,184,360,185,360,187,360,187,360,188,361,189,364,190,367,190,369,191,370,192,373,193,376,192,378,191,379,190,382,190,386,190,386,190,391,190,394,189,395,188,395,187,395,187,395,185,395,183,395,183,395,182,397,181,400,180,404,180,404,180,409,180,412,180,413,178,412,177,409,177,406,176,404,175,403,174,400,174,397,173,395,172,397,171,400,170,404,170,404,170,409,170,412,170,413,169,413,167,413,167,413,165,413,164,413,164,413,162,413,161,413,161,413,159,412,158,409,157
338,352,335,352,333,353,333,355,333,355,333,357,335,358,338,358,341,358,342,357,342,355,342,355,342,353,341,352,338,352
311,355,307,355,307,355,302,355,299,356,298,357,298,358,298,358,298,360,299,361,302,361,305,361,307,360,308,359,311,358,314,358,316,357,314,356,311,355
285,232,282,231,280,230,280,229,280,229,280,227,280,225,280,225,280,224,279,223,276,222,273,223,271,224,270,225,267,225,262,225,262,227,261,228,258,229,255,229,254,230,255,231,258,232,261,232,262,234,264,235,267,235,271,235,271,235,276,235,280,235,280,235,285,235,288,235,289,234,288,232,285,232
276,196,273,196,271,195,271,193,271,193,271,191,270,190,267,190,264,189,262,188,262,187,262,187,262,185,261,184,258,183,255,183,254,182,254,180,254,180,254,178,254,177,254,177,254,175,254,174,254,174,254,172,252,171,249,170,246,170,245,169,243,168,240,167,237,167,236,165,236,164,236,164,236,162,234,161,231,161,228,160,227,159,227,157,227,157,227,156,226,155,223,154,220,154,218,153,218,151,218,151,218,149,217,148,214,148,211,147,209,146,209,144,209,144,209,143,208,142,205,141,202,141,200,140,200,138,200,138,200,136,200,135,200,135,200,133,200,131,200,131,200,130,200,128,200,128,200,127,200,125,200,125,200,123,200,122,200,122,200,120,200,119,200,119,200,117,199,116,196,115,193,115,192,114,190,113,187,112,184,113,183,114,181,115,178,115,175,116,174,117,174,119,174,119,174,120,172,121,169,122,166,122,165,123,165,125,165,125,165,127,165,128,165,128,165,130,165,131,165,131,165,133,164,134,161,135,158,134,156,133,156,131,156,131,156,130,155,129,152,128,149,128,147,127,147,125,147,125,147,123,146,122,143,122,140,122,138,123,137,124,134,125,131,126,130,127,130,128,130,128,130,130,130,131,130,131,130,133,130,135,130,135,130,136,128,137,125,138,122,137,121,136,121,135,121,135,121,133,121,131,121,131,121,130,119,129,116,128,113,129,112,130,112,131,112,131,112,133,112,135,112,135,112,136,112,138,112,138,112,140,113,141,116,141,119,142,121,143,121,144,121,144,121,146,121,148,121,148,121,149,122,150,125,151,128,151,130,153,130,154,130,154,130,156,131,157,134,157,137,158,138,159,138,161,138,161,138,162,140,163,143,164,146,164,147,165,147,167,147,167,147,169,147,170,147,170,147,172,149,173,152,174,155,174,156,175,155,176,152,177,147,177,147,177,143,177,138,177,138,178,138,180,138,180,138,182,138,183,138,183,138,185,140,186,143,187,147,187,147,185,149,184,152,183,156,183,156,182,158,181,161,180,164,181,165,182,164,183,161,183,156,183,156,185,156,187,161,187,165,187,165,187,169,187,172,187,174,188,172,189,169,190,165,190,165,190,161,190,156,190,156,191,158,192,161,193,164,194,165,195,166,196,169,196,172,197,174,198,175,199,178,200,181,200,183,201,183,203,183,203,183,204,184,205,187,206,190,207,192,208,192,209,192,209,192,211,190,212,187,212,184,213,183,214,183,216,183,216,183,217,184,218,187,219,190,219,192,221,193,222,196,222,200,222,200,222,205,222,209,222,209,222,214,222,217,222,218,221,220,219,223,219,227,219,227,219,231,219,234,218,236,217,234,216,231,216,228,215,227,214,226,213,223,212,218,212,218,212,214,212,211,212,209,211,209,209,209,209,209,208,211,207,214,206,218,206,218,206,223,206,226,207,227,208,228,209,231,209,236,209,236,209,240,209,245,209,245,209,249,209,254,209,254,209,258,209,262,209,262,209,267,209,270,209,271,208,273,207,276,206,279,205,280,204,280,203,280,203,280,201,280,200,280,200,280,198,279,197,276,196
134,144,131,145,130,146,131,147,134,148,137,147,138,146,137,145,134,144
276,280,273,280,271,279,270,278,267,277,262,277,262,277,258,277,255,277,254,276,254,274,254,274,254,272,252,271,249,271,245,271,245,271,240,271,237,270,236,269,236,268,236,268,236,266,237,265,240,264,243,264,245,263,245,261,245,261,245,259,245,258,245,258,245,256,243,255,240,255,237,254,236,253,234,252,231,251,228,251,227,250,227,248,227,248,227,246,226,245,223,245,220,244,218,243,217,242,214,242,211,241,209,240,208,239,205,238,200,238,200,238,196,238,193,239,192,240,192,242,192,242,192,243,190,244,187,245,183,245,183,245,178,245,175,244,174,243,172,242,169,242,166,241,165,240,165,238,165,238,165,237,165,235,165,235,165,234,164,232,161,232,158,232,156,234,156,235,156,235,156,237,156,238,156,238,156,240,155,241,152,242,149,241,147,240,146,239,143,238,138,238,138,238,134,238,131,239,130,240,130,242,130,242,130,243,131,244,134,245,138,245,138,245,143,245,146,245,147,246,147,248,147,248,147,250,149,251,152,251,155,252,156,253,158,254,161,255,164,255,165,256,166,257,169,258,172,258,174,259,175,261,178,261,181,262,183,263,184,264,187,264,190,265,192,266,192,268,192,268,192,269,193,270,196,271,200,271,200,271,205,271,208,271,209,272,209,274,209,274,209,276,211,277,214,277,217,278,218,279,218,280,218,280,218,282,220,283,223,284,226,284,227,285,228,286,231,287,234,288,236,289,237,290,240,290,243,291,245,292,246,293,249,293,252,293,254,292,255,291,258,290,261,290,262,289,264,288,267,287,270,286,271,285,273,284,276,284,279,283,280,282,279,281,276,280
276,290,273,291,271,292,273,293,276,293,279,293,280,292,279,291,276,290
258,216,255,216,254,217,252,218,249,219,246,219,245,221,245,222,245,222,245,224,246,225,249,225,254,225,254,225,258,225,262,225,262,224,262,222,262,222,262,221,262,219,262,219,262,217,261,216,258,216
152,187,147,187,147,188,149,189,152,190,156,190,156,188,156,187,152,187
134,170,131,170,130,169,128,168,125,167,122,167,121,165,119,164,116,164,113,163,112,162,112,161,112,161,112,159,112,157,112,157,112,156,110,155,107,154,104,154,103,153,102,151,99,151,96,151,94,153,94,154,94,154,94,156,94,157,94,157,94,159,94,161,94,161,94,162,96,163,99,164,102,164,103,165,104,167,107,167,110,168,112,169,112,170,112,170,112,172,113,173,116,174,119,174,121,175,122,176,125,177,130,177,130,177,134,177,138,177,138,175,138,174,138,174,138,172,137,171,134,170
107,212,103,212,103,214,104,215,107,216,110,215,112,214,110,213,107,212
99,209,96,210,94,211,96,212,99,212,103,212,103,211,102,210,99,209
81,138,78,139,76,140,78,141,81,141,84,141,85,140,84,139,81,138
72,203,69,202,68,201,66,200,63,200,60,199,59,198,57,197,54,196,51,197,50,198,48,199,45,200,42,200,41,201,41,203,41,203,41,204,42,205,45,206,48,207,50,208,51,209,54,209,59,209,59,209,63,209,68,209,68,209,72,209,75,209,76,208,76,206,76,206,76,204,75,203,72,203
