10,187,13,187,14,188,14,190,14,190,14,191,13,192,10,193,10,196,14,196,14,196,19,196,22,196,23,195,25,194,28,193,31,192,32,191,32,190,32,190,32,188,31,187,28,187,25,186,23,185,22,184,19,183,14,183,14,183,10,183,10,187
630,248,627,248,626,246,626,245,626,245,626,243,624,242,621,242,618,241,617,240,617,238,617,238,617,237,617,235,617,235,617,234,617,232,617,232,617,230,615,229,612,229,609,228,608,227,608,225,608,225,608,224,606,223,603,222,600,222,599,221,599,219,599,219,599,217,599,216,599,216,599,214,599,212,599,212,599,211,598,210,595,209,592,209,590,208,590,206,590,206,590,204,589,203,586,203,583,202,581,201,581,200,581,200,581,198,581,196,581,196,581,195,581,193,581,193,581,191,580,190,577,190,574,189,572,188,571,187,568,187,565,186,564,185,564,183,564,183,564,182,562,181,559,180,555,180,555,180,550,180,547,181,546,182,544,183,541,183,537,183,537,183,533,183,528,183,528,183,524,183,521,183,519,182,518,181,515,180,512,180,510,178,510,177,510,177,510,175,509,174,506,174,502,174,502,174,497,174,494,173,493,172,491,171,488,170,484,170,484,170,479,170,476,171,475,172,474,173,471,174,466,174,466,174,462,174,457,174,457,174,453,174,450,174,448,175,448,177,448,177,448,178,448,180,448,180,448,182,447,183,444,183,440,183,440,183,435,183,432,184,431,185,429,186,426,187,423,187,422,188,420,189,417,190,413,190,413,190,409,190,404,190,404,190,400,190,397,190,395,191,394,192,391,193,388,194,386,195,386,196,386,196,386,198,386,200,386,200,386,201,388,202,391,203,395,203,395,203,400,203,404,203,404,203,409,203,413,203,413,203,417,203,422,203,422,203,426,203,431,203,431,203,435,203,440,203,440,203,444,203,447,203,448,204,450,205,453,206,457,206,457,206,462,206,465,207,466,208,468,209,471,209,475,209,475,209,479,209,482,210,484,211,485,212,488,212,491,213,493,214,494,215,497,216,500,216,502,217,503,218,506,219,509,219,510,221,510,222,510,222,510,224,512,225,515,225,519,225,519,225,524,225,528,225,528,225,533,225,536,226,537,227,538,228,541,229,544,229,546,230,546,232,546,232,546,234,547,235,550,235,553,236,555,237,556,238,559,238,562,239,564,240,564,242,564,242,564,243,565,244,568,245,571,245,572,246,572,248,572,248,572,250,574,251,577,251,580,252,581,253,581,255,581,255,581,256,583,257,586,258,589,258,590,259,590,261,590,261,590,263,592,264,595,264,598,265,599,266,599,268,599,268,599,269,600,270,603,271,606,271,608,272,609,273,612,274,615,275,617,276,617,277,617,277,617,279,618,280,621,280,624,281,626,282,627,283,630,284,630,248
595,144,592,145,590,146,590,148,595,148,598,147,599,146,598,145,595,144
586,148,581,148,581,148,577,148,574,147,572,146,572,144,572,144,572,143,572,141,572,141,572,140,571,139,568,138,564,138,564,138,559,138,555,138,555,140,556,141,559,141,562,142,564,143,564,144,564,144,564,146,564,148,564,148,564,149,565,150,568,151,572,151,572,151,577,151,580,151,581,153,581,154,581,154,581,156,583,157,586,157,589,157,590,156,590,154,590,154,590,153,590,151,590,151,590,149,590,148,586,148
550,135,547,135,546,136,547,137,550,138,555,138,555,136,553,135,550,135
240,280,237,281,236,282,237,283,240,284,243,283,245,282,243,281,240,280
240,297,237,296,236,295,236,293,236,293,236,292,234,291,231,290,228,290,227,289,226,288,223,287,220,286,218,285,217,284,214,284,211,283,209,282,209,280,209,280,209,279,209,277,209,277,209,276,209,274,209,274,209,272,209,271,209,271,209,269,208,268,205,268,200,268,200,268,196,268,192,268,192,268,187,268,184,267,183,266,181,265,178,264,175,264,174,263,172,262,169,261,166,261,165,259,164,258,161,258,158,257,156,256,156,255,156,255,156,253,155,252,152,251,149,251,147,250,147,248,147,248,147,246,146,245,143,245,140,244,138,243,137,242,134,242,130,242,130,242,125,242,121,242,121,242,116,242,112,242,112,242,107,242,104,242,103,243,104,244,107,245,110,245,112,246,112,248,112,248,112,250,112,251,112,251,112,253,113,254,116,255,119,255,121,256,121,258,121,258,121,259,121,261,121,261,121,263,121,264,121,264,121,266,121,268,121,268,121,269,122,270,125,271,128,271,130,272,131,273,134,274,137,275,138,276,140,277,143,277,146,278,147,279,149,280,152,280,155,281,156,282,158,283,161,284,164,284,165,285,166,286,169,287,172,288,174,289,174,290,174,290,174,292,175,293,178,293,181,294,183,295,184,296,187,297,190,297,192,298,193,299,196,300,199,300,200,302,202,303,205,303,209,303,209,303,214,303,217,303,218,302,220,300,223,300,227,300,227,300,231,300,236,300,236,300,240,300,243,299,245,298,243,297,240,297
214,290,211,291,209,292,211,293,214,293,217,293,218,292,217,291,214,290
231,271,227,271,227,271,223,271,220,271,218,272,218,274,218,274,218,276,218,277,218,277,218,279,220,280,223,280,226,280,227,279,228,278,231,277,234,277,236,276,236,274,236,274,236,272,234,271,231,271
223,261,220,262,218,263,220,264,223,264,226,264,227,263,226,262,223,261
107,465,104,466,103,467,104,468,107,468,110,468,112,467,110,466,107,465
72,465,69,466,68,467,69,468,72,468,75,468,76,467,75,466,72,465
54,222,51,223,50,224,51,225,54,225,57,225,59,224,57,223,54,222
45,216,41,216,41,217,42,218,45,219,48,218,50,217,48,216,45,216
37,209,34,209,32,208,31,207,28,206,23,206,23,208,23,209,23,209,23,211,25,212,28,212,31,213,32,214,34,215,37,216,41,216,41,214,41,212,41,212,41,211,40,210,37,209
19,203,16,203,14,204,16,205,19,206,23,206,23,204,22,203,19,203
