630,261,626,261,626,263,626,264,626,264,626,266,626,268,626,268,626,269,627,270,630,271,630,261
621,251,618,252,617,253,617,255,617,255,617,256,617,258,617,258,617,259,618,261,621,261,626,261,626,259,626,258,626,258,626,256,626,255,626,255,626,253,624,252,621,251
550,423,547,422,546,421,546,420,546,420,546,418,546,417,546,417,546,415,546,413,546,413,546,412,544,411,541,410,538,411,537,412,537,413,537,413,537,415,536,416,533,417,530,417,528,418,528,420,528,420,528,421,528,423,528,423,528,425,527,426,524,426,521,427,519,428,519,430,519,430,519,431,519,433,519,433,519,434,519,436,519,436,519,438,519,439,519,439,519,441,519,442,519,442,519,444,519,446,519,446,519,447,521,448,524,449,528,449,528,449,533,449,536,448,537,447,538,446,541,446,544,446,546,447,547,448,550,449,553,448,555,447,555,446,555,446,555,444,555,442,555,442,555,441,555,439,555,439,555,438,555,436,555,436,555,434,555,433,555,433,555,431,555,430,555,430,555,428,555,426,555,426,555,425,553,424,550,423
541,452,538,453,537,454,538,455,541,455,544,455,546,454,544,453,541,452
515,219,512,219,510,221,512,222,515,222,518,222,519,221,518,219,515,219
497,174,494,173,493,172,491,171,488,170,484,170,484,170,479,170,475,170,475,170,471,170,468,170,466,169,465,168,462,167,457,167,457,167,453,167,450,168,448,169,448,170,448,170,448,172,447,173,444,174,441,174,440,175,441,176,444,177,447,177,448,178,448,180,448,180,448,182,447,183,444,183,441,184,440,185,438,186,435,187,432,187,431,188,432,189,435,190,438,190,440,191,440,193,440,193,440,195,440,196,440,196,440,198,440,200,440,200,440,201,441,202,444,203,447,203,448,204,448,206,448,206,448,208,448,209,448,209,448,211,450,212,453,212,456,213,457,214,459,215,462,216,465,215,466,214,466,212,466,212,466,211,466,209,466,209,466,208,468,207,471,206,475,206,475,206,479,206,482,205,484,204,484,203,484,203,484,201,484,200,484,200,484,198,485,197,488,196,491,196,493,195,494,194,497,193,500,192,502,191,502,190,502,190,502,188,502,187,502,187,502,185,502,183,502,183,502,182,502,180,502,180,502,178,502,177,502,177,502,175,500,174,497,174
462,151,459,150,457,149,456,148,453,148,450,147,448,146,448,144,448,144,448,143,447,142,444,141,441,141,440,140,438,139,435,138,432,137,431,136,429,135,426,135,423,134,422,133,420,132,417,131,414,131,413,130,412,129,409,128,404,128,404,128,400,128,397,129,395,130,395,131,395,131,395,133,397,134,400,135,403,135,404,136,404,138,404,138,404,140,404,141,404,141,404,143,406,144,409,144,412,145,413,146,414,147,417,148,422,148,422,148,426,148,429,148,431,149,432,150,435,151,438,151,440,153,441,154,444,154,448,154,448,154,453,154,456,155,457,156,459,157,462,157,465,157,466,156,466,154,466,154,466,153,465,151,462,151
409,157,406,158,404,159,403,160,400,161,395,161,395,161,391,161,386,161,386,162,386,164,386,164,386,165,388,167,391,167,394,168,395,169,397,170,400,170,404,170,404,170,409,170,412,170,413,169,413,167,413,167,413,165,413,164,413,164,413,162,413,161,413,161,413,159,412,158,409,157
409,177,404,177,404,177,400,177,397,176,395,175,394,174,391,174,388,173,386,172,385,171,382,170,379,171,378,172,378,174,378,174,378,175,379,176,382,177,385,177,386,178,388,180,391,180,395,180,395,180,400,180,404,180,404,180,409,180,412,180,413,178,412,177,409,177
391,141,388,142,386,143,388,144,391,144,394,144,395,143,394,142,391,141
382,128,379,129,378,130,379,131,382,131,385,131,386,130,385,129,382,128
382,157,379,157,378,156,376,155,373,154,370,154,369,153,369,151,369,151,369,149,367,148,364,148,361,147,360,146,360,144,360,144,360,143,358,142,355,141,351,141,351,141,347,141,344,141,342,140,341,139,338,138,335,137,333,136,333,135,333,135,333,133,335,132,338,131,341,132,342,133,344,134,347,135,351,135,351,135,355,135,360,135,360,135,364,135,367,134,369,133,367,132,364,131,361,131,360,130,360,128,360,128,360,127,358,126,355,125,352,124,351,123,351,122,351,122,351,120,350,119,347,119,344,119,342,120,341,121,338,122,333,122,333,122,329,122,324,122,324,122,320,122,316,122,316,122,311,122,308,121,307,120,307,119,307,119,307,117,305,116,302,115,299,115,298,114,296,113,293,112,290,112,289,110,289,109,289,109,289,107,288,106,285,106,282,105,280,104,279,103,276,102,273,102,271,101,271,99,271,99,271,97,270,96,267,96,264,95,262,94,261,93,258,93,255,92,254,91,254,89,254,89,254,88,254,86,254,86,254,85,254,83,254,83,254,81,254,80,254,80,254,78,255,77,258,76,261,76,262,75,262,73,262,73,262,72,261,70,258,70,255,69,254,68,254,67,254,67,254,65,252,64,249,63,245,63,245,63,240,63,236,63,236,63,231,63,228,63,227,62,226,61,223,60,220,60,218,59,218,57,218,57,218,55,217,54,214,54,211,53,209,52,209,50,209,50,209,49,208,48,205,47,202,47,200,46,200,44,200,44,200,42,199,41,196,41,193,40,192,39,190,38,187,38,184,37,183,36,181,35,178,34,174,34,174,34,169,34,165,34,165,34,161,34,158,34,156,33,155,32,152,31,147,31,147,31,143,31,140,31,138,29,137,28,134,28,131,28,130,29,130,31,130,31,130,33,131,34,134,34,137,35,138,36,140,37,143,38,146,38,147,39,147,41,147,41,147,42,147,44,147,44,147,46,149,47,152,47,155,48,156,49,158,50,161,50,164,51,165,52,166,53,169,54,172,54,174,55,175,56,178,57,181,58,183,59,183,60,183,60,183,62,183,63,183,63,183,65,183,67,183,67,183,68,181,69,178,70,175,70,174,72,175,73,178,73,181,74,183,75,183,76,183,76,183,78,183,80,183,80,183,81,183,83,183,83,183,85,183,86,183,86,183,88,183,89,183,89,183,91,184,92,187,93,190,93,192,94,193,95,196,96,199,96,200,97,202,99,205,99,208,100,209,101,211,102,214,102,217,103,218,104,218,106,218,106,218,107,220,108,223,109,226,109,227,110,227,112,227,112,227,114,228,115,231,115,234,116,236,117,236,119,236,119,236,120,236,122,236,122,236,123,237,124,240,125,243,126,245,127,245,128,245,128,245,130,246,131,249,131,252,132,254,133,255,134,258,135,261,135,262,136,264,137,267,138,270,138,271,140,273,141,276,141,279,142,280,143,282,144,285,144,288,145,289,146,290,147,293,148,296,148,298,149,299,150,302,151,305,151,307,153,307,154,307,154,307,156,308,157,311,157,316,157,316,157,320,157,324,157,324,156,326,155,329,154,332,155,333,156,333,157,338,157,342,157,342,157,347,157,351,157,351,157,355,157,360,157,360,157,364,157,367,158,369,159,370,160,373,161,378,161,378,161,382,161,386,161,386,159,385,158,382,157
355,167,351,167,351,169,352,170,355,170,358,170,360,169,358,168,355,167
347,164,344,164,342,165,344,167,347,167,351,167,351,165,350,164,347,164
329,96,326,95,324,94,323,93,320,93,317,93,316,94,316,96,316,96,316,97,317,99,320,99,323,100,324,101,326,102,329,102,332,102,333,101,333,99,333,99,333,97,332,96,329,96
329,157,324,157,324,159,326,160,329,161,332,160,333,159,333,157,329,157
311,245,308,244,307,243,305,242,302,242,299,242,298,243,298,245,298,245,298,246,299,248,302,248,307,248,307,248,311,248,314,248,316,246,314,245,311,245
311,394,308,394,307,395,307,397,307,397,307,399,308,400,311,400,314,400,316,399,316,397,316,397,316,395,314,394,311,394
293,212,290,212,289,211,289,209,289,209,289,208,289,206,289,206,289,204,289,203,289,203,289,201,288,200,285,200,282,199,280,198,279,197,276,196,273,196,271,195,270,194,267,193,264,192,262,191,262,190,262,190,262,188,262,187,262,187,262,185,261,184,258,183,255,183,254,182,252,181,249,180,246,180,245,178,243,177,240,177,237,176,236,175,236,174,236,174,236,172,236,170,236,170,236,169,234,168,231,167,228,167,227,165,226,164,223,164,220,163,218,162,218,161,218,161,218,159,217,158,214,157,211,157,209,156,209,154,209,154,209,153,208,151,205,151,202,150,200,149,199,148,196,148,193,147,192,146,192,144,192,144,192,143,190,142,187,141,184,141,183,140,183,138,183,138,183,136,181,135,178,135,175,135,174,136,174,138,174,138,174,140,174,141,174,141,174,143,174,144,174,144,174,146,174,148,174,148,174,149,174,151,174,151,174,153,174,154,174,154,174,156,172,157,169,157,166,158,165,159,165,161,165,161,165,162,166,163,169,164,172,164,174,165,174,167,174,167,174,169,172,170,169,170,166,171,165,172,166,173,169,174,172,174,174,175,172,176,169,177,166,177,165,178,165,180,165,180,165,182,166,183,169,183,172,184,174,185,175,186,178,187,181,187,183,188,184,189,187,190,190,190,192,191,192,193,192,193,192,195,192,196,192,196,192,198,193,199,196,200,199,200,200,201,202,202,205,203,208,203,209,204,209,206,209,206,209,208,211,209,214,209,217,210,218,211,220,212,223,212,226,213,227,214,227,216,227,216,227,217,227,219,227,219,227,221,227,222,227,222,227,224,227,225,227,225,227,227,228,228,231,229,234,229,236,230,237,231,240,232,245,232,245,232,249,232,254,232,254,232,258,232,261,232,262,234,264,235,267,235,270,235,271,234,271,232,271,232,271,230,271,229,271,229,271,227,273,226,276,225,279,225,280,224,282,223,285,222,288,222,289,221,290,219,293,219,296,218,298,217,298,216,298,216,298,214,296,213,293,212
285,235,282,236,280,237,280,238,280,238,280,240,282,241,285,242,288,241,289,240,289,238,289,238,289,237,288,236,285,235
258,297,255,296,254,295,254,293,254,293,254,292,252,291,249,290,246,291,245,292,243,293,240,293,237,294,236,295,236,297,236,297,236,298,237,299,240,300,245,300,245,300,249,300,254,300,254,300,258,300,261,299,262,298,261,297,258,297
152,164,147,164,147,165,149,167,152,167,155,167,156,165,155,164,152,164
143,161,140,161,138,162,140,163,143,164,147,164,147,162,146,161,143,161
143,248,140,249,138,250,140,251,143,251,146,251,147,250,146,249,143,248
