10,190,13,190,14,191,13,192,10,193,10,200,14,200,14,200,19,200,22,199,23,198,25,197,28,196,31,196,32,195,32,193,32,193,32,191,32,190,32,190,32,188,31,187,28,187,25,186,23,185,22,184,19,183,14,183,14,183,10,183,10,190
630,248,627,248,626,246,626,245,626,245,626,243,624,242,621,242,618,241,617,240,617,238,617,238,617,237,617,235,617,235,617,234,617,232,617,232,617,230,615,229,612,229,609,228,608,227,608,225,608,225,608,224,608,222,608,222,608,221,606,219,603,219,600,218,599,217,599,216,599,216,599,214,599,212,599,212,599,211,598,210,595,209,592,209,590,208,590,206,590,206,590,204,589,203,586,203,583,202,581,201,581,200,581,200,581,198,581,196,581,196,581,195,581,193,581,193,581,191,580,190,577,190,574,189,572,188,572,187,572,187,572,185,571,184,568,183,565,183,564,182,562,181,559,180,555,180,555,180,550,180,546,180,546,180,541,180,538,181,537,182,536,183,533,183,528,183,528,183,524,183,521,183,519,182,518,181,515,180,512,180,510,178,510,177,510,177,510,175,509,174,506,174,503,173,502,172,500,171,497,170,493,170,493,170,488,170,484,170,484,170,479,170,476,171,475,172,474,173,471,174,466,174,466,174,462,174,457,174,457,174,453,174,450,174,448,175,448,177,448,177,448,178,448,180,448,180,448,182,447,183,444,183,440,183,440,183,435,183,432,184,431,185,429,186,426,187,423,187,422,188,420,189,417,190,413,190,413,190,409,190,404,190,404,190,400,190,397,190,395,191,394,192,391,193,388,194,386,195,386,196,386,196,386,198,386,200,386,200,386,201,388,202,391,203,395,203,395,203,400,203,403,203,404,204,406,205,409,206,413,206,413,206,417,206,420,205,422,204,423,203,426,203,431,203,431,203,435,203,440,203,440,203,444,203,447,203,448,204,450,205,453,206,457,206,457,206,462,206,465,207,466,208,468,209,471,209,475,209,475,209,479,209,482,210,484,211,485,212,488,212,491,213,493,214,494,215,497,216,500,216,502,217,502,219,502,219,502,221,502,222,502,222,502,224,503,225,506,225,510,225,510,225,515,225,519,225,519,225,524,225,528,225,528,225,533,225,536,226,537,227,538,228,541,229,544,229,546,230,546,232,546,232,546,234,547,235,550,235,553,236,555,237,556,238,559,238,562,239,564,240,564,242,564,242,564,243,565,244,568,245,571,245,572,246,572,248,572,248,572,250,574,251,577,251,580,252,581,253,581,255,581,255,581,256,583,257,586,258,589,258,590,259,590,261,590,261,590,263,592,264,595,264,598,265,599,266,600,267,603,268,606,268,608,269,608,271,608,271,608,272,609,273,612,274,615,275,617,276,618,277,621,277,624,278,626,279,627,280,630,280,630,248
595,144,592,145,590,146,590,148,595,148,598,147,599,146,598,145,595,144
586,148,581,148,581,148,577,148,574,147,572,146,572,144,572,144,572,143,572,141,572,141,572,140,571,139,568,138,564,138,564,138,559,138,555,138,555,140,555,141,555,141,555,143,555,144,555,144,555,146,556,147,559,148,562,148,564,149,564,151,564,151,564,153,565,154,568,154,572,154,572,154,577,154,580,154,581,153,583,151,586,151,589,150,590,149,590,148,586,148
550,135,547,135,546,136,547,137,550,138,555,138,555,136,553,135,550,135
258,293,255,293,254,292,254,290,254,290,254,289,254,287,254,287,254,285,254,284,254,284,254,282,252,281,249,280,246,280,245,279,243,278,240,277,237,277,236,276,234,275,231,274,228,275,227,276,227,277,227,277,227,279,227,280,227,280,227,282,226,283,223,284,218,284,218,284,214,284,211,283,209,282,209,280,209,280,209,279,209,277,209,277,209,276,209,274,209,274,209,272,208,271,205,271,202,270,200,269,199,268,196,268,192,268,192,268,187,268,184,267,183,266,181,265,178,264,175,264,174,263,172,262,169,261,166,261,165,259,164,258,161,258,158,257,156,256,155,255,152,255,149,254,147,253,147,251,147,251,147,250,147,248,147,248,147,246,146,245,143,245,140,244,138,243,137,242,134,242,130,242,130,242,125,242,122,242,121,243,119,244,116,245,112,245,112,246,112,248,112,248,112,250,113,251,116,251,119,252,121,253,121,255,121,255,121,256,121,258,121,258,121,259,121,261,121,261,121,263,121,264,121,264,121,266,121,268,121,268,121,269,122,270,125,271,128,271,130,272,131,273,134,274,137,275,138,276,138,277,138,277,138,279,140,280,143,280,146,281,147,282,149,283,152,284,155,284,156,285,158,286,161,287,164,288,165,289,166,290,169,290,172,291,174,292,175,293,178,293,181,294,183,295,184,296,187,297,190,297,192,298,193,299,196,300,199,300,200,302,202,303,205,303,208,304,209,305,211,306,214,306,217,306,218,305,218,303,218,303,218,302,220,300,223,300,226,300,227,302,228,303,231,303,236,303,236,303,240,303,245,303,245,303,249,303,252,303,254,302,254,300,254,300,254,298,255,297,258,297,261,296,262,295,261,294,258,293
107,242,104,242,103,243,104,244,107,245,112,245,112,243,110,242,107,242
107,465,104,466,103,467,104,468,107,468,110,468,112,467,110,466,107,465
72,465,69,466,68,467,69,468,72,468,75,468,76,467,75,466,72,465
63,225,59,225,59,227,60,228,63,229,66,228,68,227,66,226,63,225
54,222,51,223,50,224,51,225,54,225,59,225,59,224,57,223,54,222
45,212,42,212,41,211,40,210,37,209,34,209,32,208,31,207,28,206,23,206,23,208,23,209,23,209,23,211,25,212,28,212,31,213,32,214,32,216,32,216,32,217,34,218,37,219,41,219,41,219,45,219,48,218,50,217,50,216,50,216,50,214,48,213,45,212
19,203,16,203,14,204,16,205,19,206,23,206,23,204,22,203,19,203
