10,170,13,170,14,169,13,168,10,167,10,170
10,183,14,183,14,182,13,181,10,180,10,183
630,248,627,248,626,246,626,245,626,245,626,243,624,242,621,242,618,241,617,240,617,238,617,238,617,237,617,235,617,235,617,234,617,232,617,232,617,230,615,229,612,229,609,228,608,227,606,226,603,225,599,225,599,225,595,225,592,225,590,224,589,223,586,222,583,222,581,221,581,219,581,219,581,217,583,216,586,216,589,215,590,214,590,212,590,212,590,211,590,209,590,209,590,208,590,206,590,206,590,204,589,203,586,203,583,202,581,201,581,200,581,200,581,198,581,196,581,196,581,195,580,194,577,193,574,192,572,191,571,190,568,190,564,190,564,190,559,190,556,189,555,188,555,187,555,187,555,185,553,184,550,183,546,183,546,183,541,183,538,184,537,185,536,186,533,187,528,187,528,187,524,187,521,186,519,185,518,184,515,183,512,183,510,182,510,180,510,180,510,178,509,177,506,177,503,176,502,175,500,174,497,174,493,174,493,174,488,174,485,173,484,172,482,171,479,170,476,171,475,172,474,173,471,174,466,174,466,174,462,174,457,174,457,174,453,174,450,174,448,175,448,177,448,177,448,178,448,180,448,180,448,182,447,183,444,183,440,183,440,183,435,183,432,184,431,185,429,186,426,187,423,187,422,188,420,189,417,190,413,190,413,190,409,190,404,190,404,190,400,190,397,190,395,191,394,192,391,193,388,194,386,195,385,196,382,196,379,197,378,198,379,199,382,200,385,200,386,201,388,202,391,203,395,203,395,203,400,203,404,203,404,203,409,203,413,203,413,203,417,203,422,203,422,203,426,203,431,203,431,203,435,203,440,203,440,203,444,203,448,203,448,203,453,203,456,203,457,204,459,205,462,206,466,206,466,206,471,206,474,207,475,208,476,209,479,209,482,210,484,211,485,212,488,212,491,213,493,214,494,215,497,216,500,216,502,217,503,218,506,219,509,219,510,221,512,222,515,222,518,223,519,224,521,225,524,225,527,226,528,227,528,229,528,229,528,230,530,231,533,232,537,232,537,232,541,232,544,232,546,234,547,235,550,235,553,236,555,237,556,238,559,238,562,239,564,240,564,242,564,242,564,243,565,244,568,245,571,245,572,246,572,248,572,248,572,250,574,251,577,251,580,252,581,253,581,255,581,255,581,256,581,258,581,258,581,259,583,261,586,261,589,262,590,263,590,264,590,264,590,266,592,267,595,268,598,268,599,269,600,270,603,271,606,271,608,272,608,274,608,274,608,276,609,277,612,277,615,278,617,279,618,280,621,280,624,281,626,282,626,284,626,284,626,285,627,286,630,287,630,248
595,154,592,154,590,153,590,151,590,151,590,149,589,148,586,148,581,148,581,148,577,148,574,148,572,149,574,150,577,151,580,151,581,153,581,154,581,154,581,156,583,157,586,157,590,157,590,157,595,157,598,157,599,156,598,155,595,154
577,141,574,141,572,140,572,138,572,138,572,136,571,135,568,135,565,135,564,136,564,138,564,138,564,140,564,141,564,141,564,143,565,144,568,144,572,144,572,144,577,144,580,144,581,143,580,142,577,141
550,131,547,132,546,133,546,135,546,135,546,136,547,137,550,138,553,137,555,136,555,135,555,135,555,133,553,132,550,131
453,349,450,349,448,350,447,351,444,352,441,352,440,353,440,355,444,355,448,355,448,355,453,355,456,354,457,353,457,352,457,352,457,350,456,349,453,349
435,355,432,356,431,357,432,358,435,358,438,358,440,357,440,355,435,355
338,268,333,268,333,269,335,270,338,271,341,270,342,269,341,268,338,268
329,255,326,254,324,253,323,252,320,251,317,252,316,253,316,255,316,255,316,256,316,258,316,258,316,259,317,261,320,261,323,262,324,263,323,264,320,264,317,265,316,266,314,267,311,268,308,267,307,266,305,265,302,264,299,265,298,266,298,268,298,268,298,269,299,270,302,271,307,271,307,271,311,271,316,271,316,271,320,271,323,270,324,269,326,268,329,268,333,268,333,266,333,264,333,264,333,263,333,261,333,261,333,259,333,258,333,258,333,256,332,255,329,255
320,284,316,284,316,285,316,287,316,287,316,289,317,290,320,290,323,290,324,289,324,287,324,287,324,285,323,284,320,284
311,280,308,281,307,282,308,283,311,284,316,284,316,282,314,281,311,280
240,271,237,270,236,269,236,268,236,268,236,266,234,265,231,264,228,264,227,263,227,261,227,261,227,259,226,258,223,258,218,258,218,258,214,258,211,258,209,259,209,261,209,261,209,263,209,264,209,264,209,266,209,268,214,268,217,268,218,269,218,271,218,271,218,272,217,273,214,274,211,273,209,272,209,271,209,271,209,269,209,268,205,268,202,267,200,266,199,265,196,264,193,264,192,263,190,262,187,261,184,262,183,263,183,264,183,264,183,266,181,267,178,268,175,267,174,266,172,265,169,264,166,265,165,266,165,268,165,268,165,269,164,270,161,271,156,271,156,271,152,271,149,270,147,269,147,268,147,268,147,266,149,265,152,264,155,264,156,263,158,262,161,261,164,261,165,259,164,258,161,258,158,257,156,256,156,255,156,255,156,253,155,252,152,251,149,251,147,250,147,248,147,248,147,246,146,245,143,245,140,244,138,243,137,242,134,242,130,242,130,242,125,242,121,242,121,242,116,242,112,242,112,242,107,242,104,241,103,240,102,239,99,238,94,238,94,238,90,238,87,238,85,237,84,236,81,235,78,236,76,237,76,238,76,238,76,240,76,242,76,242,76,243,78,244,81,245,84,245,85,246,87,248,90,248,93,249,94,250,94,251,94,251,94,253,96,254,99,255,102,255,103,256,104,257,107,258,112,258,112,258,116,258,119,258,121,259,121,261,121,261,121,263,121,264,121,264,121,266,122,267,125,268,130,268,130,268,134,268,137,268,138,269,138,271,138,271,138,272,140,273,143,274,146,275,147,276,149,277,152,277,155,278,156,279,158,280,161,280,164,281,165,282,166,283,169,284,172,284,174,285,175,286,178,287,181,288,183,289,184,290,187,290,190,291,192,292,193,293,196,293,200,293,200,292,200,290,200,290,200,289,200,287,200,287,200,285,200,284,200,284,200,282,202,281,205,280,209,280,209,280,214,280,218,280,218,280,223,280,226,280,227,279,228,278,231,277,234,277,236,276,237,275,240,274,243,273,245,272,243,271,240,271
205,293,200,293,200,295,202,296,205,297,208,296,209,295,208,294,205,293
37,209,32,209,32,209,28,209,25,210,23,211,25,212,28,212,31,213,32,214,34,215,37,216,40,215,41,214,41,212,41,212,41,211,40,210,37,209
19,183,14,183,14,185,14,187,14,187,14,188,16,189,19,190,22,189,23,188,23,187,23,187,23,185,22,184,19,183
