630,248,627,248,626,246,626,245,626,245,626,243,624,242,621,242,618,241,617,240,617,238,617,238,617,237,617,235,617,235,617,234,617,232,617,232,617,230,615,229,612,229,609,228,608,227,606,226,603,225,600,225,599,224,598,223,595,222,592,222,590,221,590,219,590,219,590,217,592,216,595,216,598,215,599,214,599,212,599,212,599,211,598,210,595,209,592,209,590,208,590,206,590,206,590,204,589,203,586,203,583,202,581,201,581,200,581,200,581,198,581,196,581,196,581,195,581,193,581,193,581,191,580,190,577,190,574,189,572,188,571,187,568,187,564,187,564,187,559,187,556,186,555,185,555,183,555,183,555,182,553,181,550,180,547,181,546,182,544,183,541,183,537,183,537,183,533,183,528,183,528,183,524,183,519,183,519,183,515,183,512,183,510,182,510,180,510,180,510,178,510,177,510,177,510,175,509,174,506,174,502,174,502,174,497,174,494,173,493,172,491,171,488,170,484,170,484,170,479,170,476,171,475,172,474,173,471,174,466,174,466,174,462,174,457,174,457,174,453,174,450,174,448,175,448,177,448,177,448,178,448,180,448,180,448,182,447,183,444,183,440,183,440,183,435,183,432,184,431,185,429,186,426,187,423,187,422,188,420,189,417,190,413,190,413,190,409,190,404,190,404,190,400,190,397,190,395,191,394,192,391,193,388,194,386,195,386,196,386,196,386,198,386,200,386,200,386,201,388,202,391,203,395,203,395,203,400,203,404,203,404,203,409,203,413,203,413,203,417,203,422,203,422,203,426,203,431,203,431,203,435,203,440,203,440,203,444,203,447,203,448,204,450,205,453,206,457,206,457,206,462,206,466,206,466,206,471,206,474,207,475,208,476,209,479,209,482,210,484,211,485,212,488,212,491,213,493,214,494,215,497,216,500,216,502,217,503,218,506,219,509,219,510,221,512,222,515,222,518,223,519,224,521,225,524,225,527,226,528,227,530,228,533,229,537,229,537,229,541,229,544,229,546,230,546,232,546,232,546,234,547,235,550,235,553,236,555,237,556,238,559,238,562,239,564,240,564,242,564,242,564,243,565,244,568,245,571,245,572,246,572,248,572,248,572,250,574,251,577,251,580,252,581,253,581,255,581,255,581,256,581,258,581,258,581,259,583,261,586,261,589,262,590,263,592,264,595,264,598,265,599,266,599,268,599,268,599,269,600,270,603,271,606,271,608,272,608,274,608,274,608,276,609,277,612,277,615,278,617,279,618,280,621,280,624,281,626,282,627,283,630,284,630,248
586,148,581,148,581,148,577,148,574,148,572,149,574,150,577,151,580,151,581,153,581,154,581,154,581,156,583,157,586,157,589,157,590,156,590,154,590,154,590,153,590,151,590,151,590,149,589,148,586,148
577,141,574,141,572,140,572,138,572,138,572,136,571,135,568,135,565,135,564,136,564,138,564,138,564,140,564,141,564,141,564,143,565,144,568,144,572,144,572,144,577,144,580,144,581,143,580,142,577,141
550,131,547,132,546,133,546,135,546,135,546,136,547,137,550,138,553,137,555,136,555,135,555,135,555,133,553,132,550,131
453,349,450,349,448,350,450,351,453,352,456,351,457,350,456,349,453,349
320,264,317,265,316,266,317,267,320,268,323,267,324,266,323,265,320,264
231,268,228,267,227,266,227,264,227,264,227,263,227,261,227,261,227,259,226,258,223,258,220,258,218,259,218,261,218,261,218,263,218,264,218,264,218,266,218,268,218,268,218,269,218,271,218,271,218,272,217,273,214,274,211,273,209,272,209,271,209,271,209,269,208,268,205,268,202,267,200,266,199,265,196,264,192,264,192,264,187,264,183,264,183,264,178,264,174,264,174,264,169,264,166,264,165,263,165,261,165,261,165,259,164,258,161,258,158,257,156,256,156,255,156,255,156,253,155,252,152,251,149,251,147,250,147,248,147,248,147,246,146,245,143,245,140,244,138,243,137,242,134,242,130,242,130,242,125,242,121,242,121,242,116,242,112,242,112,242,107,242,103,242,103,242,99,242,94,242,94,243,96,244,99,245,102,245,103,246,103,248,103,248,103,250,103,251,103,251,103,253,104,254,107,255,110,255,112,256,113,257,116,258,119,258,121,259,121,261,121,261,121,263,121,264,121,264,121,266,122,267,125,268,128,268,130,269,131,270,134,271,137,271,138,272,138,274,138,274,138,276,140,277,143,277,146,278,147,279,149,280,152,280,155,281,156,282,158,283,161,284,164,284,165,285,166,286,169,287,172,288,174,289,175,290,178,290,181,291,183,292,184,293,187,293,190,294,192,295,193,296,196,297,199,297,200,298,202,299,205,300,208,299,209,298,209,297,209,297,209,295,209,293,209,293,209,292,208,291,205,290,202,290,200,289,200,287,200,287,200,285,202,284,205,284,208,283,209,282,209,280,209,280,209,279,211,278,214,277,217,278,218,279,220,280,223,280,226,280,227,279,228,278,231,277,234,277,236,276,236,274,236,274,236,272,236,271,236,271,236,269,234,268,231,268
231,293,227,293,227,295,227,297,227,297,227,298,228,299,231,300,234,299,236,298,236,297,236,297,236,295,234,294,231,293
223,287,220,288,218,289,218,290,218,290,218,292,220,293,223,293,227,293,227,292,227,290,227,290,227,289,226,288,223,287
107,465,104,466,103,467,104,468,107,468,110,468,112,467,110,466,107,465
90,238,87,238,85,237,84,236,81,235,78,236,76,237,76,238,76,238,76,240,78,241,81,242,85,242,85,242,90,242,94,242,94,240,93,239,90,238
54,222,51,223,50,224,51,225,54,225,57,225,59,224,57,223,54,222
37,209,32,209,32,209,28,209,25,210,23,211,25,212,28,212,31,213,32,214,34,215,37,216,40,215,41,214,41,212,41,212,41,211,40,210,37,209
28,190,25,189,23,188,23,187,23,187,23,185,22,184,19,183,16,184,14,185,14,187,14,187,14,188,14,190,14,190,14,191,16,192,19,193,23,193,23,193,28,193,31,192,32,191,31,190,28,190
19,203,16,203,14,204,16,205,19,206,22,205,23,204,22,203,19,203
