559,219,556,218,555,217,555,216,555,216,555,214,553,213,550,212,547,212,546,211,546,209,546,209,546,208,546,206,546,206,546,204,546,203,546,203,546,201,544,200,541,200,538,199,537,198,537,196,537,196,537,195,536,194,533,193,530,192,528,191,527,190,524,190,519,190,519,190,515,190,512,189,510,188,510,187,510,187,510,185,510,183,510,183,510,182,510,180,510,180,510,178,510,177,510,177,510,175,509,174,506,174,503,173,502,172,500,171,497,170,493,170,493,170,488,170,484,170,484,170,479,170,475,170,475,170,471,170,466,170,466,170,462,170,457,170,457,170,453,170,450,171,448,172,447,173,444,174,441,174,440,175,440,177,440,177,440,178,441,180,444,180,447,181,448,182,447,183,444,183,440,183,440,183,435,183,432,184,431,185,429,186,426,187,423,187,422,188,420,189,417,190,413,190,413,190,409,190,406,189,404,188,403,187,400,187,395,187,395,188,394,189,391,190,388,190,386,191,388,192,391,193,394,194,395,195,397,196,400,196,404,196,404,196,409,196,413,196,413,196,417,196,422,196,422,196,426,196,429,197,431,198,432,199,435,200,438,200,440,201,441,202,444,203,448,203,448,203,453,203,456,203,457,204,459,205,462,206,466,206,466,206,471,206,474,207,475,208,476,209,479,209,484,209,484,209,488,209,491,210,493,211,494,212,497,212,500,213,502,214,502,216,502,216,502,217,503,218,506,219,509,219,510,221,512,222,515,222,518,223,519,224,519,225,519,225,519,227,521,228,524,229,527,229,528,230,528,232,528,232,528,234,530,235,533,235,536,236,537,237,537,238,537,238,537,240,538,241,541,242,546,242,546,240,546,238,546,238,546,237,546,235,546,235,546,234,547,232,550,232,553,231,555,230,556,229,559,229,562,228,564,227,564,225,564,225,564,224,564,222,564,222,564,221,562,219,559,219
550,242,546,242,546,243,547,244,550,245,553,244,555,243,553,242,550,242
426,144,423,144,422,143,420,142,417,141,413,141,413,141,409,141,404,141,404,141,400,141,395,141,395,141,391,141,388,142,386,143,385,144,382,144,378,144,378,144,373,144,370,145,369,146,369,148,369,148,369,149,370,150,373,151,378,151,378,151,382,151,386,151,386,151,391,151,394,150,395,149,397,148,400,148,404,148,404,148,409,148,413,148,413,148,417,148,420,148,422,149,423,150,426,151,429,150,431,149,431,148,431,148,431,146,429,145,426,144
409,177,404,177,404,177,400,177,395,177,395,177,391,177,386,177,386,177,382,177,379,177,378,178,378,180,378,180,378,182,379,183,382,183,385,184,386,185,388,186,391,187,395,187,395,185,395,183,395,183,395,182,397,181,400,180,403,181,404,182,406,183,409,183,412,183,413,182,413,180,413,180,413,178,412,177,409,177
373,135,369,135,369,135,364,135,361,135,360,136,361,137,364,138,369,138,369,138,373,138,376,137,378,136,376,135,373,135
338,242,335,241,333,240,332,239,329,238,326,238,324,237,324,235,324,235,324,234,323,232,320,232,317,231,316,230,314,229,311,229,308,228,307,227,305,226,302,225,299,225,298,224,298,222,298,222,298,221,296,219,293,219,290,218,289,217,289,216,289,216,289,214,288,213,285,212,282,212,280,211,279,210,276,209,273,209,271,208,271,206,271,206,271,204,270,203,267,203,264,202,262,201,261,200,258,200,255,199,254,198,252,197,249,196,245,196,245,196,240,196,237,197,236,198,236,200,236,200,236,201,234,202,231,203,228,203,227,204,228,205,231,206,234,207,236,208,236,209,236,209,236,211,237,212,240,212,243,213,245,214,245,216,245,216,245,217,245,219,245,219,245,221,245,222,245,222,245,224,245,225,245,225,245,227,245,229,245,229,245,230,246,231,249,232,252,232,254,234,254,235,254,235,254,237,254,238,254,238,254,240,254,242,254,242,254,243,255,244,258,245,261,245,262,246,262,248,262,248,262,250,264,251,267,251,270,252,271,253,271,255,271,255,271,256,273,257,276,258,279,258,280,259,280,261,280,261,280,263,280,264,280,264,280,266,280,268,280,268,280,269,280,271,280,271,280,272,282,273,285,274,288,273,289,272,290,271,293,271,298,271,298,271,302,271,307,271,307,271,311,271,316,271,316,271,320,271,323,270,324,269,326,268,329,268,332,267,333,266,333,264,333,264,333,263,333,261,333,261,333,259,333,258,333,258,333,256,335,255,338,255,341,254,342,253,341,252,338,251,335,251,333,250,335,249,338,248,341,248,342,246,342,245,342,245,342,243,341,242,338,242
285,122,282,122,280,123,282,124,285,125,288,124,289,123,288,122,285,122
276,141,273,142,271,143,271,144,271,144,271,146,271,148,271,148,271,149,273,150,276,151,279,150,280,149,280,148,280,148,280,146,280,144,280,144,280,143,279,142,276,141
223,80,220,79,218,78,217,77,214,76,209,76,209,76,205,76,200,76,200,76,196,76,192,76,192,76,187,76,184,77,183,78,184,79,187,80,190,80,192,81,193,82,196,83,199,83,200,85,202,86,205,86,209,86,209,86,214,86,218,86,218,86,223,86,226,86,227,85,227,83,227,83,227,81,226,80,223,80
152,219,149,218,147,217,146,216,143,216,140,215,138,214,137,213,134,212,130,212,130,212,125,212,121,212,121,212,116,212,113,213,112,214,112,216,112,216,112,217,110,218,107,219,104,219,103,221,102,222,99,222,94,222,94,222,90,222,87,222,85,221,85,219,85,219,85,217,84,216,81,216,78,215,76,214,76,212,76,212,76,211,76,209,76,209,76,208,76,206,76,206,76,204,75,203,72,203,68,203,68,203,63,203,59,203,59,203,54,203,51,202,50,201,48,200,45,200,42,199,41,198,40,197,37,196,32,196,32,196,28,196,23,196,23,196,19,196,16,197,14,198,14,200,14,200,14,201,16,202,19,203,22,203,23,204,25,205,28,206,31,207,32,208,34,209,37,209,41,209,41,209,45,209,48,210,50,211,50,212,50,212,50,214,51,215,54,216,59,216,59,216,63,216,66,216,68,217,68,219,68,219,68,221,68,222,68,222,68,224,69,225,72,225,76,225,76,225,81,225,85,225,85,225,90,225,93,226,94,227,96,228,99,229,103,229,103,229,107,229,110,228,112,227,112,225,112,225,112,224,113,223,116,222,121,222,121,222,125,222,128,223,130,224,131,225,134,225,137,226,138,227,140,228,143,229,146,228,147,227,147,225,147,225,147,224,149,223,152,222,155,222,156,221,155,219,152,219
107,465,104,466,103,467,104,468,107,468,110,468,112,467,110,466,107,465
90,232,87,232,85,234,87,235,90,235,93,235,94,234,93,232,90,232
72,465,69,466,68,467,69,468,72,468,75,468,76,467,75,466,72,465
