10,206,13,207,14,208,13,209,10,209,10,212,13,213,14,214,14,216,14,216,14,217,16,218,19,219,23,219,23,217,23,216,23,216,23,214,25,213,28,212,31,213,32,214,34,215,37,216,41,216,41,216,45,216,48,215,50,214,48,213,45,212,42,212,41,211,40,210,37,209,34,209,32,208,31,207,28,206,25,205,23,204,22,203,19,203,16,202,14,201,13,200,10,200,10,206
10,436,13,435,14,434,14,433,14,433,14,431,13,430,10,430,10,436
85,470,84,469,81,468,78,468,76,467,76,465,76,465,76,464,75,462,72,462,69,461,68,460,66,459,63,459,59,459,59,459,54,459,51,459,50,460,50,462,50,462,50,464,48,465,45,465,42,466,41,467,40,468,37,468,32,468,32,470,85,470
630,245,627,244,626,243,624,242,621,242,618,241,617,240,617,238,617,238,617,237,617,235,617,235,617,234,617,232,617,232,617,230,617,229,617,229,617,227,617,225,617,225,617,224,617,222,617,222,617,221,618,219,621,219,626,219,626,219,630,219,630,167,627,168,626,169,624,170,621,170,618,170,617,169,615,168,612,167,608,167,608,167,603,167,600,167,599,165,599,164,599,164,599,162,599,161,599,161,599,159,600,158,603,157,606,157,608,156,608,154,608,154,608,153,608,151,608,151,608,149,606,148,603,148,599,148,599,148,595,148,592,147,590,146,589,145,586,144,581,144,581,144,577,144,574,145,572,146,571,147,568,148,564,148,564,148,559,148,555,148,555,148,550,148,547,148,546,149,544,150,541,151,538,151,537,153,537,154,537,154,537,156,536,157,533,157,530,158,528,159,527,160,524,161,521,161,519,162,519,164,519,164,519,165,518,167,515,167,512,168,510,169,509,170,506,170,502,170,502,170,497,170,494,170,493,169,491,168,488,167,485,168,484,169,482,170,479,170,475,170,475,170,471,170,466,170,466,170,462,170,457,170,457,170,453,170,450,171,448,172,447,173,444,174,441,174,440,175,440,177,440,177,440,178,440,180,440,180,440,182,438,183,435,183,432,184,431,185,429,186,426,187,423,187,422,188,420,189,417,190,413,190,413,190,409,190,406,190,404,191,403,192,400,193,397,194,395,195,394,196,391,196,388,197,386,198,385,199,382,200,379,200,378,201,376,202,373,203,370,203,369,204,369,206,369,206,369,208,367,209,364,209,361,210,360,211,360,212,360,212,360,214,358,215,355,216,352,216,351,217,351,219,351,219,351,221,350,222,347,222,344,223,342,224,342,225,342,225,342,227,342,229,342,229,342,230,341,231,338,232,335,232,333,234,333,235,333,235,333,237,333,238,333,238,333,240,333,242,333,242,333,243,333,245,333,245,333,246,335,248,338,248,341,249,342,250,344,251,347,251,350,252,351,253,351,255,351,255,351,256,351,258,351,258,351,259,351,261,351,261,351,263,352,264,355,264,358,265,360,266,360,268,360,268,360,269,361,270,364,271,367,271,369,272,369,274,369,274,369,276,370,277,373,277,378,277,378,277,382,277,385,278,386,279,388,280,391,280,394,281,395,282,397,283,400,284,403,284,404,285,406,286,409,287,413,287,413,287,417,287,422,287,422,287,426,287,431,287,431,287,435,287,438,286,440,285,440,284,440,284,440,282,440,280,440,280,440,279,440,277,440,277,440,276,441,275,444,274,447,273,448,272,448,271,448,271,448,269,448,268,448,268,448,266,448,264,448,264,448,263,448,261,448,261,448,259,448,258,448,258,448,256,447,255,444,255,440,255,440,255,435,255,432,254,431,253,429,252,426,251,423,251,422,250,422,248,422,248,422,246,420,245,417,245,414,244,413,243,413,242,413,242,413,240,413,238,413,238,413,237,413,235,413,235,413,234,413,232,413,232,413,230,413,229,413,229,413,227,413,225,413,225,413,224,413,222,413,222,413,221,414,219,417,219,420,218,422,217,423,216,426,216,431,216,431,216,435,216,438,215,440,214,441,213,444,212,447,213,448,214,450,215,453,216,457,216,457,216,462,216,466,216,466,216,471,216,475,216,475,216,479,216,482,216,484,217,485,218,488,219,491,218,493,217,494,216,497,216,500,216,502,217,503,218,506,219,510,219,510,219,515,219,519,219,519,219,524,219,528,219,528,219,533,219,536,219,537,221,538,222,541,222,544,223,546,224,547,225,550,225,553,226,555,227,555,229,555,229,555,230,556,231,559,232,562,232,564,234,564,235,564,235,564,237,565,238,568,238,571,239,572,240,572,242,572,242,572,243,572,245,572,245,572,246,574,248,577,248,580,249,581,250,581,251,581,251,581,253,583,254,586,255,589,255,590,256,592,257,595,258,598,258,599,259,600,261,603,261,606,262,608,263,609,264,612,264,615,265,617,266,618,267,621,268,624,268,626,269,627,270,630,271,630,245
550,374,547,375,546,376,544,377,541,378,538,378,537,379,536,380,533,381,528,381,528,381,524,381,521,381,519,383,519,384,519,384,519,386,521,387,524,387,527,387,528,386,530,385,533,384,537,384,537,384,541,384,544,384,546,383,547,381,550,381,553,380,555,379,555,378,555,378,555,376,553,375,550,374
426,323,423,323,422,324,423,325,426,326,429,325,431,324,429,323,426,323
417,316,413,316,413,318,414,319,417,319,420,319,422,318,420,317,417,316
409,144,404,144,404,144,400,144,395,144,395,144,391,144,388,145,386,146,388,147,391,148,395,148,395,148,400,148,404,148,404,148,409,148,412,147,413,146,412,145,409,144
409,313,406,313,404,315,406,316,409,316,413,316,413,315,412,313,409,313
373,135,370,135,369,136,370,137,373,138,376,137,378,136,376,135,373,135
320,336,317,335,316,334,316,332,316,332,316,331,316,329,316,329,316,327,314,326,311,326,308,325,307,324,307,323,307,323,307,321,305,320,302,319,299,319,298,318,296,317,293,316,290,316,289,315,288,313,285,313,280,313,280,313,276,313,273,313,271,315,270,316,267,316,264,316,262,315,262,313,262,313,262,311,261,310,258,310,255,309,254,308,254,306,254,306,254,305,254,303,254,303,254,302,252,300,249,300,246,299,245,298,245,297,245,297,245,295,243,294,240,293,237,293,236,292,236,290,236,290,236,289,234,288,231,287,228,288,227,289,226,290,223,290,218,290,218,292,218,293,218,293,218,295,218,297,218,297,218,298,218,300,218,300,218,302,217,303,214,303,211,303,209,302,208,300,205,300,202,299,200,298,199,297,196,297,193,296,192,295,192,293,192,293,192,292,190,291,187,290,184,290,183,289,181,288,178,287,175,286,174,285,172,284,169,284,166,283,165,282,164,281,161,280,158,280,156,279,156,277,156,277,156,276,155,275,152,274,149,273,147,272,147,271,147,271,147,269,147,268,147,268,147,266,149,265,152,264,156,264,156,263,156,261,156,261,156,259,155,258,152,258,149,257,147,256,146,255,143,255,140,254,138,253,137,252,134,251,130,251,130,251,125,251,122,251,121,250,119,249,116,248,112,248,112,248,107,248,104,248,103,246,102,245,99,245,96,244,94,243,94,242,94,242,94,240,93,239,90,238,87,238,85,237,85,235,85,235,85,234,84,232,81,232,76,232,76,232,72,232,68,232,68,232,63,232,60,231,59,230,57,229,54,229,51,229,50,230,48,231,45,232,42,232,41,234,42,235,45,235,48,236,50,237,51,238,54,238,57,239,59,240,60,241,63,242,68,242,68,242,72,242,75,242,76,243,76,245,76,245,76,246,78,248,81,248,84,249,85,250,87,251,90,251,93,252,94,253,94,255,94,255,94,256,94,258,94,258,94,259,96,261,99,261,102,262,103,263,103,264,103,264,103,266,104,267,107,268,110,268,112,269,113,270,116,271,119,271,121,272,121,274,121,274,121,276,122,277,125,277,128,278,130,279,131,280,134,280,137,281,138,282,138,284,138,284,138,285,140,286,143,287,146,288,147,289,147,290,147,290,147,292,149,293,152,293,155,294,156,295,156,297,156,297,156,298,158,299,161,300,164,300,165,302,165,303,165,303,165,305,166,306,169,306,172,307,174,308,175,309,178,310,181,310,183,311,184,312,187,313,190,313,192,315,192,316,192,316,192,318,193,319,196,319,199,320,200,321,202,322,205,323,208,323,209,324,211,325,214,326,217,326,218,327,220,329,223,329,226,330,227,331,228,332,231,332,234,333,236,334,237,335,240,336,245,336,245,336,249,336,252,336,254,337,255,338,258,339,261,339,262,340,262,342,262,342,262,344,264,345,267,345,270,346,271,347,271,349,271,349,271,350,273,351,276,352,279,352,280,353,282,354,285,355,289,355,289,355,293,355,298,355,298,355,302,355,307,355,307,355,311,355,316,355,316,355,320,355,323,354,324,353,324,352,324,352,324,350,323,349,320,349,317,348,316,347,316,345,316,345,316,344,317,343,320,342,323,341,324,340,324,339,324,339,324,337,323,336,320,336
214,284,211,283,209,282,208,281,205,280,200,280,200,280,196,280,193,281,192,282,192,284,192,284,192,285,193,286,196,287,200,287,200,287,205,287,208,288,209,289,211,290,214,290,218,290,218,289,218,287,218,287,218,285,217,284,214,284
178,255,175,254,174,253,172,252,169,251,166,252,165,253,165,255,165,255,165,256,166,257,169,258,174,258,174,258,178,258,181,257,183,256,181,255,178,255
178,261,174,261,174,261,169,261,166,262,165,263,164,264,161,264,156,264,156,266,158,267,161,268,165,268,165,268,169,268,172,267,174,266,175,265,178,264,181,264,183,263,181,262,178,261
107,465,104,465,103,464,102,462,99,462,96,462,94,464,94,465,94,465,94,467,96,468,99,468,103,468,103,468,107,468,110,468,112,467,110,466,107,465
28,219,23,219,23,221,25,222,28,222,31,222,32,221,31,219,28,219
28,459,25,458,23,457,22,456,19,455,16,456,14,457,14,459,14,459,14,460,14,462,14,462,14,464,16,465,19,465,22,466,23,467,25,468,28,468,32,468,32,467,32,465,32,465,32,464,32,462,32,462,32,460,31,459,28,459
