10,183,13,183,14,182,13,181,10,180,10,183
10,196,14,196,14,196,19,196,22,196,23,195,22,194,19,193,16,192,14,191,13,190,10,190,10,196
630,248,627,248,626,246,626,245,626,245,626,243,624,242,621,242,618,241,617,240,617,238,617,238,617,237,617,235,617,235,617,234,615,232,612,232,609,231,608,230,606,229,603,229,600,228,599,227,598,226,595,225,592,225,590,224,590,222,590,222,590,221,590,219,590,219,590,217,590,216,590,216,590,214,590,212,590,212,590,211,590,209,590,209,590,208,589,207,586,206,583,205,581,204,581,203,581,203,581,201,581,200,581,200,581,198,581,196,581,196,581,195,580,194,577,193,574,192,572,191,571,190,568,190,565,189,564,188,562,187,559,187,556,186,555,185,553,184,550,183,546,183,546,183,541,183,537,183,537,183,533,183,528,183,528,183,524,183,521,183,519,182,519,180,519,180,519,178,518,177,515,177,512,176,510,175,509,174,506,174,503,173,502,172,500,171,497,170,493,170,493,170,488,170,484,170,484,170,479,170,475,170,475,170,471,170,466,170,466,170,462,170,457,170,457,170,453,170,450,171,448,172,447,173,444,174,441,174,440,175,441,176,444,177,447,177,448,178,448,180,448,180,448,182,447,183,444,183,440,183,440,183,435,183,432,184,431,185,429,186,426,187,422,187,422,187,417,187,414,187,413,188,412,189,409,190,406,189,404,188,403,187,400,187,397,187,395,188,394,189,391,190,388,190,386,191,385,192,382,193,378,193,378,193,373,193,370,194,369,195,369,196,369,196,369,198,370,199,373,200,378,200,378,200,382,200,385,200,386,201,388,202,391,203,395,203,395,203,400,203,404,203,404,203,409,203,413,203,413,203,417,203,422,203,422,203,426,203,429,203,431,204,432,205,435,206,440,206,440,206,444,206,448,206,448,206,453,206,456,207,457,208,459,209,462,209,466,209,466,209,471,209,474,210,475,211,476,212,479,212,482,213,484,214,485,215,488,216,491,216,493,217,494,218,497,219,500,219,502,221,503,222,506,222,509,223,510,224,512,225,515,225,518,226,519,227,521,228,524,229,527,229,528,230,528,232,528,232,528,234,530,235,533,235,536,236,537,237,538,238,541,238,544,239,546,240,547,241,550,242,553,242,555,243,556,244,559,245,562,245,564,246,564,248,564,248,564,250,565,251,568,251,571,252,572,253,572,255,572,255,572,256,574,257,577,258,580,258,581,259,583,261,586,261,589,262,590,263,590,264,590,264,590,266,592,267,595,268,598,268,599,269,600,270,603,271,606,271,608,272,609,273,612,274,617,274,617,272,618,271,621,271,626,271,626,271,630,271,630,248
621,274,617,274,617,276,618,277,621,277,624,277,626,276,624,275,621,274
568,135,565,135,564,136,565,137,568,138,571,137,572,136,571,135,568,135
409,177,406,177,404,178,404,180,404,180,404,182,406,183,409,183,412,183,413,182,413,180,413,180,413,178,412,177,409,177
391,167,386,167,386,167,382,167,379,168,378,169,376,170,373,170,370,171,369,172,369,174,369,174,369,175,367,176,364,177,361,177,360,178,358,180,355,180,352,181,351,182,350,183,347,183,344,184,342,185,344,186,347,187,351,187,351,187,355,187,360,187,360,187,364,187,369,187,369,187,373,187,378,187,378,187,382,187,385,186,386,185,388,184,391,183,394,183,395,182,395,180,395,180,395,178,395,177,395,177,395,175,394,174,391,174,388,173,386,172,388,171,391,170,394,170,395,169,394,168,391,167
382,148,378,148,378,148,373,148,369,148,369,148,364,148,360,148,360,148,355,148,352,148,351,149,352,150,355,151,360,151,360,151,364,151,369,151,369,151,373,151,378,151,378,151,382,151,385,150,386,149,385,148,382,148
382,268,379,267,378,266,376,265,373,264,369,264,369,264,364,264,361,265,360,266,358,267,355,268,352,267,351,266,350,265,347,264,344,264,342,263,342,261,342,261,342,259,342,258,342,258,342,256,341,255,338,255,335,254,333,253,333,251,333,251,333,250,333,248,333,248,333,246,333,245,333,245,333,243,332,242,329,242,326,241,324,240,323,239,320,238,317,238,316,237,314,236,311,235,307,235,307,235,302,235,299,236,298,237,296,238,293,238,290,238,289,237,288,236,285,235,280,235,280,235,276,235,271,235,271,237,271,238,271,238,271,240,271,242,271,242,271,243,273,244,276,245,279,245,280,246,280,248,280,248,280,250,280,251,280,251,280,253,280,255,280,255,280,256,280,258,280,258,280,259,280,261,280,261,280,263,282,264,285,264,288,265,289,266,289,268,289,268,289,269,289,271,289,271,289,272,289,274,289,274,289,276,289,277,289,277,289,279,289,280,289,280,289,282,290,283,293,284,296,284,298,285,299,286,302,287,305,288,307,289,307,290,307,290,307,292,308,293,311,293,316,293,316,293,320,293,323,293,324,292,326,291,329,290,332,290,333,289,335,288,338,287,341,288,342,289,342,290,342,290,342,292,344,293,347,293,351,293,351,293,355,293,358,293,360,292,360,290,360,290,360,289,360,287,360,287,360,285,361,284,364,284,369,284,369,284,373,284,376,283,378,282,379,281,382,280,385,280,386,279,386,277,386,277,386,276,386,274,386,274,386,272,386,271,386,271,386,269,385,268,382,268
355,219,351,219,351,219,347,219,342,219,342,219,338,219,335,219,333,221,335,222,338,222,342,222,342,222,347,222,351,222,351,222,355,222,358,222,360,221,358,219,355,219
276,148,273,147,271,146,271,144,271,144,271,143,271,141,271,141,271,140,271,138,271,138,271,136,271,135,271,135,271,133,271,131,271,131,271,130,270,129,267,128,264,128,262,127,261,126,258,125,255,124,254,123,252,122,249,122,246,122,245,123,243,124,240,125,237,126,236,127,236,128,236,128,236,130,237,131,240,131,243,132,245,133,245,135,245,135,245,136,245,138,245,138,245,140,245,141,245,141,245,143,245,144,245,144,245,146,245,148,245,148,245,149,246,150,249,151,252,151,254,153,254,154,254,154,254,156,255,157,258,157,262,157,262,157,267,157,270,157,271,156,271,154,271,154,271,153,273,151,276,151,279,150,280,149,279,148,276,148
267,229,264,228,262,227,261,226,258,225,255,226,254,227,254,229,254,229,254,230,255,231,258,232,261,232,262,234,264,235,267,235,271,235,271,234,271,232,271,232,271,230,270,229,267,229
240,271,237,270,236,269,236,268,236,268,236,266,234,265,231,264,228,264,227,263,227,261,227,261,227,259,226,258,223,258,220,258,218,259,218,261,218,261,218,263,218,264,218,264,218,266,218,268,218,268,218,269,218,271,218,271,218,272,217,273,214,274,211,273,209,272,209,271,209,271,209,269,208,268,205,268,202,267,200,266,199,265,196,264,192,264,192,264,187,264,183,264,183,264,178,264,175,264,174,263,172,262,169,261,165,261,165,263,165,264,165,264,165,266,166,267,169,268,172,268,174,269,174,271,174,271,174,272,174,274,178,274,181,275,183,276,181,277,178,277,175,277,174,276,174,274,169,274,165,274,165,274,161,274,158,273,156,272,155,271,152,271,147,271,147,271,143,271,140,271,138,272,140,273,143,274,146,275,147,276,147,277,147,277,147,279,149,280,152,280,156,280,156,280,161,280,164,281,165,282,166,283,169,284,174,284,174,282,175,281,178,280,181,281,183,282,181,283,178,284,174,284,174,285,174,287,174,287,174,289,175,290,178,290,181,291,183,292,184,293,187,293,190,293,192,292,192,290,192,290,192,289,192,287,192,287,192,285,192,284,192,284,192,282,193,281,196,280,200,280,200,280,205,280,209,280,209,280,214,280,218,280,218,280,223,280,226,280,227,279,228,278,231,277,234,277,236,276,237,275,240,274,243,273,245,272,243,271,240,271
187,238,184,238,183,237,181,236,178,235,175,236,174,237,172,238,169,238,166,239,165,240,166,241,169,242,172,242,174,243,174,245,174,245,174,246,175,248,178,248,181,248,183,246,184,245,187,245,190,244,192,243,192,242,192,242,192,240,190,239,187,238
161,258,158,257,156,256,156,255,156,255,156,253,156,251,156,251,156,250,156,248,156,248,156,246,155,245,152,245,149,244,147,243,146,242,143,242,138,242,138,242,134,242,130,242,130,242,125,242,122,241,121,240,119,239,116,238,112,238,112,238,107,238,103,238,103,238,99,238,94,238,94,238,90,238,87,238,85,237,85,235,85,235,85,234,85,232,81,232,78,231,76,230,76,229,76,229,76,227,78,226,81,225,85,225,85,224,85,222,85,222,85,221,84,219,81,219,78,218,76,217,75,216,72,216,69,216,68,217,68,219,68,219,68,221,66,222,63,222,59,222,59,222,54,222,51,223,50,224,51,225,54,225,57,226,59,227,59,229,59,229,59,230,60,231,63,232,66,232,68,234,68,235,68,235,68,237,69,238,72,238,75,239,76,240,76,242,76,242,76,243,78,244,81,245,84,245,85,246,87,248,90,248,93,249,94,250,94,251,94,251,94,253,96,254,99,255,102,255,103,256,104,257,107,258,112,258,112,258,116,258,119,258,121,259,121,261,121,261,121,263,122,264,125,264,130,264,130,264,134,264,138,264,138,264,143,264,146,264,147,263,149,262,152,261,156,261,156,261,161,261,165,261,165,259,164,258,161,258
107,462,104,461,103,460,102,459,99,459,94,459,94,459,90,459,87,459,85,460,85,462,85,462,85,464,87,465,90,465,93,466,94,467,96,468,99,468,103,468,103,468,107,468,110,468,112,467,112,465,112,465,112,464,110,462,107,462
99,222,96,223,94,224,93,225,90,225,85,225,85,227,85,229,85,229,85,230,85,232,90,232,94,232,94,232,99,232,102,231,103,230,103,229,103,229,103,227,103,225,103,225,103,224,102,223,99,222
72,465,69,466,68,467,69,468,72,468,75,468,76,467,75,466,72,465
45,216,41,216,41,217,42,218,45,219,48,218,50,217,48,216,45,216
37,209,34,210,32,211,32,212,32,212,32,214,34,215,37,216,41,216,41,214,41,212,41,212,41,211,40,210,37,209
