10,212,14,212,14,211,13,210,10,209,10,212
10,433,13,432,14,431,13,430,10,430,10,433
85,470,84,469,81,468,78,468,76,467,75,466,72,465,69,465,68,464,66,462,63,462,60,461,59,460,57,459,54,459,51,459,50,460,50,462,50,462,50,464,50,465,50,465,50,467,48,468,45,468,41,468,41,468,37,468,32,468,32,470,85,470
630,245,627,244,626,243,624,242,621,242,618,241,617,240,617,238,617,238,617,237,615,236,612,235,609,235,608,234,609,232,612,232,615,231,617,230,617,229,617,229,617,227,617,225,617,225,617,224,618,223,621,222,626,222,626,222,630,222,630,167,626,167,626,167,621,167,617,167,617,167,612,167,608,167,608,167,603,167,600,167,599,165,599,164,599,164,599,162,599,161,599,161,599,159,600,158,603,157,606,157,608,156,608,154,608,154,608,153,608,151,608,151,608,149,606,148,603,148,599,148,599,148,595,148,590,148,590,148,586,148,581,148,581,148,577,148,572,148,572,148,568,148,564,148,564,148,559,148,555,148,555,148,550,148,547,148,546,149,544,150,541,151,538,151,537,153,537,154,537,154,537,156,536,157,533,157,530,158,528,159,527,160,524,161,521,161,519,162,519,164,519,164,519,165,518,167,515,167,512,168,510,169,509,170,506,170,502,170,502,170,497,170,494,170,493,169,491,168,488,167,485,168,484,169,482,170,479,170,475,170,475,170,471,170,466,170,466,170,462,170,457,170,457,170,453,170,450,171,448,172,447,173,444,174,441,174,440,175,440,177,440,177,440,178,440,180,440,180,440,182,438,183,435,183,432,184,431,185,429,186,426,187,423,187,422,188,420,189,417,190,413,190,413,190,409,190,406,190,404,191,403,192,400,193,397,194,395,195,394,196,391,196,388,197,386,198,385,199,382,200,379,200,378,201,378,203,378,203,378,204,376,205,373,206,370,207,369,208,369,209,369,209,369,211,367,212,364,212,361,213,360,214,358,215,355,216,352,216,351,217,351,219,351,219,351,221,350,222,347,222,344,223,342,224,342,225,342,225,342,227,342,229,342,229,342,230,342,232,342,232,342,234,342,235,342,235,342,237,342,238,342,238,342,240,342,242,342,242,342,243,342,245,342,245,342,246,344,248,347,248,350,249,351,250,351,251,351,251,351,253,351,255,351,255,351,256,351,258,351,258,351,259,351,261,351,261,351,263,351,264,351,264,351,266,352,267,355,268,358,268,360,269,360,271,360,271,360,272,361,273,364,274,367,275,369,276,370,277,373,277,376,278,378,279,379,280,382,280,385,281,386,282,388,283,391,284,394,284,395,285,397,286,400,287,403,288,404,289,406,290,409,290,413,290,413,290,417,290,422,290,422,290,426,290,431,290,431,290,435,290,438,290,440,289,441,288,444,287,447,286,448,285,448,284,448,284,448,282,448,280,448,280,448,279,448,277,448,277,448,276,450,275,453,274,456,273,457,272,457,271,457,271,457,269,457,268,457,268,457,266,457,264,457,264,457,263,456,262,453,261,450,261,448,259,448,258,448,258,448,256,447,255,444,255,441,254,440,253,438,252,435,251,432,251,431,250,431,248,431,248,431,246,429,245,426,245,423,244,422,243,422,242,422,242,422,240,422,238,422,238,422,237,422,235,422,235,422,234,420,232,417,232,414,231,413,230,413,229,413,229,413,227,414,226,417,225,420,225,422,224,423,223,426,222,429,222,431,221,431,219,431,219,431,217,432,216,435,216,438,215,440,214,441,213,444,212,447,213,448,214,450,215,453,216,457,216,457,216,462,216,466,216,466,216,471,216,475,216,475,216,479,216,482,216,484,217,485,218,488,219,491,218,493,217,494,216,497,216,500,216,502,217,503,218,506,219,510,219,510,219,515,219,519,219,519,219,524,219,528,219,528,219,533,219,536,219,537,221,538,222,541,222,544,223,546,224,547,225,550,225,553,226,555,227,556,228,559,229,562,229,564,230,564,232,564,232,564,234,565,235,568,235,571,236,572,237,572,238,572,238,572,240,572,242,572,242,572,243,574,244,577,245,580,245,581,246,581,248,581,248,581,250,583,251,586,251,589,252,590,253,590,255,590,255,590,256,592,257,595,258,598,258,599,259,600,261,603,261,606,262,608,263,609,264,612,264,615,265,617,266,618,267,621,268,626,268,626,268,630,268,630,245
621,384,617,384,617,384,612,384,609,385,608,386,608,387,608,387,608,389,606,390,603,391,600,391,599,392,599,394,599,394,599,395,599,397,599,397,599,399,600,400,603,400,608,400,608,400,612,400,615,400,617,399,617,397,617,397,617,395,618,394,621,394,624,393,626,392,626,391,626,391,626,389,626,387,626,387,626,386,624,385,621,384
577,361,574,362,572,363,571,364,568,365,565,365,564,366,562,367,559,368,556,369,555,370,553,371,550,371,547,372,546,373,544,374,541,374,538,375,537,376,536,377,533,378,530,378,528,379,527,380,524,381,519,381,519,381,515,381,512,381,510,383,510,384,510,384,510,386,510,387,510,387,510,389,512,390,515,391,519,391,519,391,524,391,528,391,528,391,533,391,537,391,537,391,541,391,544,390,546,389,546,387,546,387,546,386,547,385,550,384,553,384,555,383,556,381,559,381,562,380,564,379,565,378,568,378,571,377,572,376,574,375,577,374,580,374,581,373,581,371,581,371,581,370,581,368,581,368,581,366,581,365,581,365,581,363,580,362,577,361
426,319,423,319,422,318,420,317,417,316,413,316,413,318,413,319,413,319,413,321,414,322,417,323,420,323,422,324,423,325,426,326,429,325,431,324,431,323,431,323,431,321,429,320,426,319
409,144,404,144,404,144,400,144,395,144,395,144,391,144,386,144,386,144,382,144,378,144,378,144,373,144,369,144,369,144,364,144,361,145,360,146,360,148,360,148,360,149,360,151,360,151,360,153,361,154,364,154,369,154,369,154,373,154,378,154,378,154,382,154,386,154,386,154,391,154,395,154,395,154,400,154,403,154,404,153,404,151,404,151,404,149,406,148,409,148,412,147,413,146,412,145,409,144
409,313,406,313,404,315,406,316,409,316,413,316,413,315,412,313,409,313
373,135,369,135,369,135,364,135,360,135,360,135,355,135,352,134,351,133,350,132,347,131,344,132,342,133,342,135,342,135,342,136,342,138,342,138,342,140,344,141,347,141,351,141,351,141,355,141,358,141,360,140,361,138,364,138,369,138,369,138,373,138,376,137,378,136,376,135,373,135
338,342,335,342,333,340,333,339,333,339,333,337,332,336,329,336,326,335,324,334,324,332,324,332,324,331,323,330,320,329,317,329,316,327,314,326,311,326,308,325,307,324,305,323,302,323,299,323,298,324,298,326,298,326,298,327,298,329,298,329,298,331,296,332,293,332,290,332,289,331,289,329,289,329,289,327,289,326,289,326,289,324,288,323,285,323,282,322,280,321,279,320,276,319,273,320,271,321,270,322,267,323,264,322,262,321,262,319,262,319,262,318,262,316,262,316,262,315,262,313,262,313,262,311,261,310,258,310,255,309,254,308,254,306,254,306,254,305,254,303,254,303,254,302,252,300,249,300,246,299,245,298,243,297,240,297,237,296,236,295,236,293,236,293,236,292,236,290,236,290,236,289,236,287,236,287,236,285,236,284,236,284,236,282,234,281,231,280,228,280,227,279,226,278,223,277,220,278,218,279,218,280,218,280,218,282,218,284,218,284,218,285,218,287,218,287,218,289,218,290,218,290,218,292,218,293,218,293,218,295,218,297,218,297,218,298,220,299,223,300,226,300,227,302,226,303,223,303,218,303,218,303,214,303,209,303,209,303,205,303,202,303,200,302,199,300,196,300,193,299,192,298,192,297,192,297,192,295,190,294,187,293,184,293,183,292,181,291,178,290,175,290,174,289,172,288,169,287,166,286,165,285,165,284,165,284,165,282,164,281,161,280,158,280,156,279,156,277,156,277,156,276,155,275,152,274,149,273,147,272,147,271,147,271,147,269,149,268,152,268,156,268,156,268,161,268,165,268,165,268,169,268,172,267,174,266,174,264,174,264,174,263,172,262,169,261,165,261,165,261,161,261,158,261,156,259,155,258,152,258,149,257,147,256,146,255,143,255,140,254,138,253,137,252,134,251,130,251,130,251,125,251,122,251,121,250,119,249,116,248,112,248,112,248,107,248,104,248,103,246,102,245,99,245,96,244,94,243,94,242,94,242,94,240,93,239,90,238,87,238,85,237,84,236,81,235,78,235,76,234,75,232,72,232,68,232,68,232,63,232,59,232,59,232,54,232,51,232,50,234,50,235,50,235,50,237,51,238,54,238,57,239,59,240,60,241,63,242,68,242,68,242,72,242,75,242,76,243,78,244,81,245,84,245,85,246,87,248,90,248,93,249,94,250,94,251,94,251,94,253,94,255,94,255,94,256,94,258,94,258,94,259,96,261,99,261,102,262,103,263,103,264,103,264,103,266,104,267,107,268,110,268,112,269,113,270,116,271,119,271,121,272,121,274,121,274,121,276,122,277,125,277,128,278,130,279,131,280,134,280,137,281,138,282,140,283,143,284,146,284,147,285,147,287,147,287,147,289,149,290,152,290,155,291,156,292,156,293,156,293,156,295,158,296,161,297,164,297,165,298,165,300,165,300,165,302,166,303,169,303,172,304,174,305,174,306,174,306,174,308,175,309,178,310,181,310,183,311,184,312,187,313,190,313,192,315,193,316,196,316,199,317,200,318,202,319,205,319,208,320,209,321,211,322,214,323,217,323,218,324,218,326,218,326,218,327,220,329,223,329,226,330,227,331,228,332,231,332,234,333,236,334,237,335,240,336,245,336,245,336,249,336,254,336,254,336,258,336,261,336,262,337,262,339,262,339,262,340,262,342,262,342,262,344,262,345,262,345,262,347,264,348,267,349,270,349,271,350,271,352,271,352,271,353,271,355,271,355,271,357,273,358,276,358,280,358,280,358,285,358,289,358,289,358,293,358,296,359,298,360,299,361,302,361,307,361,307,361,311,361,316,361,316,361,320,361,323,362,324,363,324,365,324,365,324,366,326,367,329,368,332,367,333,366,335,365,338,365,341,364,342,363,342,361,342,361,342,360,342,358,342,358,342,357,342,355,342,355,342,353,342,352,342,352,342,350,342,349,342,349,342,347,342,345,342,345,342,344,341,343,338,342
276,135,273,134,271,133,270,132,267,131,264,131,262,130,261,129,258,128,255,128,254,127,254,125,254,125,254,123,252,122,249,122,246,122,245,123,245,125,245,125,245,127,245,128,245,128,245,130,245,131,245,131,245,133,245,135,245,135,245,136,245,138,245,138,245,140,246,141,249,141,252,142,254,143,255,144,258,144,262,144,262,144,267,144,271,144,271,144,276,144,279,144,280,143,280,141,280,141,280,140,280,138,280,138,280,136,279,135,276,135
187,264,184,265,183,266,184,267,187,268,190,267,192,266,190,265,187,264
178,255,175,254,174,253,172,252,169,251,166,252,165,253,165,255,165,255,165,256,166,257,169,258,174,258,174,258,178,258,181,257,183,256,181,255,178,255
107,465,103,465,103,465,99,465,96,466,94,467,96,468,99,468,103,468,103,468,107,468,110,468,112,467,110,466,107,465
45,433,42,433,41,434,42,435,45,436,48,435,50,434,48,433,45,433
37,209,32,209,32,209,28,209,25,210,23,211,23,212,28,212,32,212,32,212,37,212,40,212,41,211,40,210,37,209
28,219,25,219,23,221,25,222,28,222,31,222,32,221,31,219,28,219
28,462,25,461,23,460,23,459,23,459,23,457,22,456,19,455,16,456,14,457,14,459,14,459,14,460,14,462,14,462,14,464,16,465,19,465,22,466,23,467,25,468,28,468,32,468,32,467,32,465,32,465,32,464,31,462,28,462
19,212,14,212,14,214,16,215,19,216,22,215,23,214,23,212,19,212
