10,212,14,212,14,211,14,209,10,209,10,212
10,436,13,435,14,434,14,433,14,433,14,431,13,430,10,430,10,436
85,470,84,469,81,468,78,468,76,467,76,465,76,465,76,464,75,462,72,462,68,462,68,462,63,462,60,461,59,460,57,459,54,459,51,459,50,460,50,462,50,462,50,464,48,465,45,465,42,466,41,467,40,468,37,468,32,468,32,470,85,470
630,245,627,244,626,243,624,242,621,242,618,241,617,240,617,238,617,238,617,237,615,236,612,235,609,235,608,234,609,232,612,232,615,231,617,230,617,229,617,229,617,227,617,225,617,225,617,224,618,223,621,222,624,222,626,221,627,219,630,219,630,167,626,167,626,167,621,167,617,167,617,167,612,167,608,167,608,167,603,167,600,167,599,165,599,164,599,164,599,162,599,161,599,161,599,159,600,158,603,157,606,157,608,156,608,154,608,154,608,153,608,151,608,151,608,149,606,148,603,148,599,148,599,148,595,148,590,148,590,148,586,148,581,148,581,148,577,148,572,148,572,148,568,148,564,148,564,148,559,148,555,148,555,148,550,148,547,148,546,149,544,150,541,151,538,151,537,153,537,154,537,154,537,156,536,157,533,157,530,158,528,159,527,160,524,161,521,161,519,162,519,164,519,164,519,165,518,167,515,167,512,168,510,169,509,170,506,170,502,170,502,170,497,170,494,170,493,169,491,168,488,167,485,168,484,169,482,170,479,170,475,170,475,170,471,170,466,170,466,170,462,170,457,170,457,170,453,170,450,171,448,172,447,173,444,174,441,174,440,175,440,177,440,177,440,178,440,180,440,180,440,182,438,183,435,183,432,184,431,185,429,186,426,187,423,187,422,188,420,189,417,190,413,190,413,190,409,190,406,190,404,191,403,192,400,193,397,194,395,195,394,196,391,196,388,197,386,198,385,199,382,200,379,200,378,201,378,203,378,203,378,204,376,205,373,206,370,207,369,208,367,209,364,209,361,210,360,211,360,212,360,212,360,214,358,215,355,216,352,216,351,217,351,219,351,219,351,221,350,222,347,222,344,223,342,224,342,225,342,225,342,227,342,229,342,229,342,230,342,232,342,232,342,234,342,235,342,235,342,237,342,238,342,238,342,240,341,241,338,242,335,242,333,243,335,244,338,245,341,245,342,246,342,248,342,248,342,250,344,251,347,251,350,252,351,253,351,255,351,255,351,256,351,258,351,258,351,259,351,261,351,261,351,263,352,264,355,264,358,265,360,266,360,268,360,268,360,269,360,271,360,271,360,272,361,273,364,274,367,275,369,276,370,277,373,277,376,278,378,279,379,280,382,280,386,280,386,280,391,280,394,281,395,282,397,283,400,284,403,284,404,285,406,286,409,287,412,288,413,289,414,290,417,290,422,290,422,290,426,290,429,290,431,289,432,288,435,287,438,286,440,285,441,284,444,284,447,283,448,282,448,280,448,280,448,279,448,277,448,277,448,276,448,274,448,274,448,272,450,271,453,271,456,270,457,269,457,268,457,268,457,266,456,265,453,264,450,264,448,263,448,261,448,261,448,259,448,258,448,258,448,256,447,255,444,255,440,255,440,255,435,255,432,254,431,253,431,251,431,251,431,250,429,249,426,248,423,248,422,246,422,245,422,245,422,243,422,242,422,242,422,240,422,238,422,238,422,237,420,236,417,235,414,235,413,234,413,232,413,232,413,230,413,229,413,229,413,227,413,225,413,225,413,224,414,223,417,222,420,222,422,221,422,219,422,219,422,217,423,216,426,216,431,216,431,216,435,216,438,215,440,214,441,213,444,212,447,213,448,214,450,215,453,216,457,216,457,216,462,216,466,216,466,216,471,216,475,216,475,216,479,216,482,216,484,217,485,218,488,219,491,218,493,217,494,216,497,216,500,216,502,217,503,218,506,219,510,219,510,219,515,219,519,219,519,219,524,219,528,219,528,219,533,219,536,219,537,221,538,222,541,222,544,223,546,224,547,225,550,225,553,226,555,227,555,229,555,229,555,230,556,231,559,232,562,232,564,234,565,235,568,235,571,236,572,237,572,238,572,238,572,240,572,242,572,242,572,243,574,244,577,245,580,245,581,246,581,248,581,248,581,250,583,251,586,251,589,252,590,253,590,255,590,255,590,256,592,257,595,258,598,258,599,259,600,261,603,261,606,262,608,263,609,264,612,264,615,265,617,266,618,267,621,268,624,268,626,269,627,270,630,271,630,245
621,387,617,387,617,387,612,387,609,388,608,389,608,391,608,391,608,392,609,393,612,394,615,393,617,392,618,391,621,391,624,390,626,389,624,388,621,387
577,365,572,365,572,365,568,365,565,365,564,366,564,368,564,368,564,370,562,371,559,371,556,372,555,373,553,374,550,374,547,375,546,376,544,377,541,378,537,378,537,378,533,378,530,378,528,379,527,380,524,381,519,381,519,381,515,381,512,381,510,383,510,384,510,384,510,386,512,387,515,387,519,387,519,387,524,387,528,387,528,387,533,387,537,387,537,387,541,387,544,387,546,386,547,385,550,384,553,384,555,383,555,381,555,381,555,379,556,378,559,378,562,377,564,376,565,375,568,374,571,374,572,373,572,371,572,371,572,370,574,368,577,368,580,367,581,366,580,365,577,365
426,319,422,319,422,321,422,323,422,323,422,324,423,325,426,326,429,325,431,324,431,323,431,323,431,321,429,320,426,319
417,316,413,316,413,318,414,319,417,319,422,319,422,318,420,317,417,316
409,144,404,144,404,144,400,144,395,144,395,144,391,144,386,144,386,144,382,144,378,144,378,144,373,144,369,144,369,144,364,144,361,145,360,146,360,148,360,148,360,149,361,150,364,151,369,151,369,151,373,151,378,151,378,151,382,151,386,151,386,151,391,151,395,151,395,151,400,151,403,150,404,149,406,148,409,148,412,147,413,146,412,145,409,144
409,313,406,313,404,315,406,316,409,316,413,316,413,315,412,313,409,313
373,135,369,135,369,135,364,135,360,135,360,135,355,135,351,135,351,135,347,135,344,135,342,136,342,138,342,138,342,140,344,141,347,141,350,141,351,140,352,138,355,138,360,138,360,138,364,138,369,138,369,138,373,138,376,137,378,136,376,135,373,135
329,339,326,338,324,337,324,336,324,336,324,334,323,333,320,332,317,332,316,331,316,329,316,329,316,327,314,326,311,326,308,325,307,324,305,323,302,323,299,322,298,321,296,320,293,319,289,319,289,319,285,319,282,319,280,318,279,317,276,316,273,317,271,318,270,319,267,319,264,319,262,318,262,316,262,316,262,315,262,313,262,313,262,311,261,310,258,310,255,309,254,308,254,306,254,306,254,305,254,303,254,303,254,302,252,300,249,300,246,299,245,298,243,297,240,297,237,296,236,295,236,293,236,293,236,292,236,290,236,290,236,289,236,287,236,287,236,285,234,284,231,284,228,283,227,282,226,281,223,280,220,281,218,282,218,284,218,284,218,285,218,287,218,287,218,289,218,290,218,290,218,292,218,293,218,293,218,295,218,297,218,297,218,298,218,300,218,300,218,302,217,303,214,303,211,303,209,302,208,300,205,300,202,299,200,298,199,297,196,297,193,296,192,295,190,294,187,293,184,293,183,292,181,291,178,290,175,290,174,289,174,287,174,287,174,285,172,284,169,284,166,283,165,282,164,281,161,280,158,280,156,279,156,277,156,277,156,276,155,275,152,274,149,273,147,272,147,271,147,271,147,269,147,268,147,268,147,266,149,265,152,264,155,265,156,266,158,267,161,268,165,268,165,268,169,268,172,267,174,266,174,264,174,264,174,263,172,262,169,261,165,261,165,261,161,261,158,261,156,259,155,258,152,258,149,257,147,256,146,255,143,255,140,254,138,253,137,252,134,251,130,251,130,251,125,251,122,251,121,250,119,249,116,248,112,248,112,248,107,248,104,248,103,246,102,245,99,245,96,244,94,243,94,242,94,242,94,240,93,239,90,238,87,238,85,237,84,236,81,235,78,235,76,234,75,232,72,232,68,232,68,232,63,232,59,232,59,232,54,232,50,232,50,232,45,232,42,232,41,234,42,235,45,235,48,236,50,237,51,238,54,238,57,239,59,240,60,241,63,242,68,242,68,242,72,242,75,242,76,243,78,244,81,245,84,245,85,246,85,248,85,248,85,250,87,251,90,251,93,252,94,253,94,255,94,255,94,256,94,258,94,258,94,259,96,261,99,261,102,262,103,263,103,264,103,264,103,266,104,267,107,268,110,268,112,269,113,270,116,271,119,271,121,272,121,274,121,274,121,276,122,277,125,277,128,278,130,279,131,280,134,280,137,281,138,282,138,284,138,284,138,285,140,286,143,287,146,288,147,289,149,290,152,290,155,291,156,292,156,293,156,293,156,295,156,297,156,297,156,298,158,299,161,300,164,300,165,302,165,303,165,303,165,305,166,306,169,306,172,307,174,308,175,309,178,310,181,310,183,311,184,312,187,313,190,313,192,315,193,316,196,316,199,317,200,318,200,319,200,319,200,321,202,322,205,323,209,323,209,323,214,323,217,323,218,324,218,326,218,326,218,327,220,329,223,329,226,330,227,331,228,332,231,332,234,333,236,334,237,335,240,336,245,336,245,336,249,336,252,336,254,337,255,338,258,339,261,339,262,340,262,342,262,342,262,344,262,345,262,345,262,347,264,348,267,349,270,349,271,350,271,352,271,352,271,353,273,354,276,355,280,355,280,355,285,355,288,356,289,357,290,358,293,358,298,358,298,358,302,358,307,358,307,358,311,358,316,358,316,358,320,358,323,358,324,357,326,356,329,355,332,354,333,353,333,352,333,352,333,350,333,349,333,349,333,347,333,345,333,345,333,344,333,342,333,342,333,340,332,339,329,339
276,138,273,137,271,136,271,135,271,135,271,133,270,132,267,131,264,131,262,130,261,129,258,128,254,128,254,128,249,128,246,129,245,130,245,131,245,131,245,133,246,134,249,135,252,135,254,136,254,138,254,138,254,140,254,141,254,141,254,143,255,144,258,144,262,144,262,144,267,144,271,144,271,144,276,144,279,144,280,143,280,141,280,141,280,140,279,139,276,138
178,255,175,254,174,253,172,252,169,251,166,252,165,253,165,255,165,255,165,256,166,257,169,258,174,258,174,258,178,258,181,257,183,256,181,255,178,255
107,465,104,465,103,464,102,462,99,462,96,462,94,464,94,465,94,465,94,467,96,468,99,468,103,468,103,468,107,468,110,468,112,467,110,466,107,465
37,209,32,209,32,209,28,209,23,209,23,211,23,212,28,212,32,212,32,212,37,212,40,212,41,211,40,210,37,209
28,219,23,219,23,221,25,222,28,222,31,222,32,221,31,219,28,219
28,459,25,458,23,457,22,456,19,455,16,456,14,457,14,459,14,459,14,460,14,462,14,462,14,464,16,465,19,465,22,466,23,467,25,468,28,468,32,468,32,467,32,465,32,465,32,464,32,462,32,462,32,460,31,459,28,459
19,206,16,207,14,208,14,209,19,209,23,209,23,208,22,207,19,206
19,212,14,212,14,214,14,216,14,216,14,217,16,218,19,219,23,219,23,217,23,216,23,216,23,214,23,212,19,212
