626,10,627,11,630,12,630,11,630,10,626,10
360,10,361,11,364,12,367,11,369,10,360,10
316,10,316,12,316,12,316,13,317,14,320,15,324,15,324,13,324,12,324,12,324,10,316,10
236,10,237,11,240,12,245,12,245,10,236,10
218,10,220,11,223,12,226,11,227,10,218,10
76,10,75,11,72,12,68,12,68,12,63,12,59,12,59,12,54,12,51,12,50,13,48,14,45,15,41,15,41,15,37,15,34,15,32,16,31,18,28,18,25,18,23,16,22,15,19,15,16,15,14,16,14,18,14,18,14,20,14,21,14,21,14,23,14,25,14,25,14,26,13,27,10,28,10,44,13,45,14,46,14,47,14,47,14,49,13,50,10,50,10,57,13,58,14,59,14,60,14,60,14,62,14,63,14,63,14,65,13,66,10,67,10,73,13,74,14,75,14,76,14,76,14,78,14,80,14,80,14,81,14,83,14,83,14,85,14,86,14,86,14,88,13,89,10,89,10,99,14,99,14,99,19,99,22,100,23,101,23,102,23,102,23,104,23,106,23,106,23,107,25,108,28,109,31,109,32,110,34,111,37,112,40,113,41,114,42,115,45,115,48,116,50,117,50,119,50,119,50,120,51,121,54,122,57,122,59,123,59,125,59,125,59,127,60,128,63,128,66,129,68,130,68,131,68,131,68,133,69,134,72,135,75,134,76,133,78,132,81,131,84,132,85,133,87,134,90,135,93,135,94,136,96,137,99,138,102,138,103,140,104,141,107,141,112,141,112,141,116,141,121,141,121,141,125,141,128,141,130,140,131,138,134,138,137,138,138,140,140,141,143,141,147,141,147,141,152,141,156,141,156,141,161,141,164,142,165,143,166,144,169,144,174,144,174,144,178,144,181,145,183,146,184,147,187,148,192,148,192,148,196,148,200,148,200,148,205,148,209,148,209,148,214,148,218,148,218,148,223,148,227,148,227,148,231,148,236,148,236,148,240,148,243,147,245,146,246,145,249,144,254,144,254,144,258,144,262,144,262,144,267,144,271,144,271,144,276,144,280,144,280,144,285,144,289,144,289,144,293,144,298,144,298,144,302,144,307,144,307,144,311,144,314,144,316,143,317,142,320,141,323,141,324,140,326,138,329,138,332,137,333,136,335,135,338,135,341,134,342,133,344,132,347,131,350,131,351,130,351,128,351,128,351,127,352,126,355,125,358,124,360,123,360,122,360,122,360,120,360,119,360,119,360,117,358,116,355,115,352,115,351,114,350,113,347,112,344,112,342,110,342,109,342,109,342,107,344,106,347,106,351,106,351,106,355,106,358,106,360,107,361,108,364,109,367,108,369,107,369,106,369,106,369,104,369,102,369,102,369,101,369,99,369,99,369,97,367,96,364,96,361,95,360,94,360,93,360,93,360,91,360,89,360,89,360,88,360,86,360,86,360,85,361,83,364,83,369,83,369,83,373,83,376,82,378,81,378,80,378,80,378,78,379,77,382,76,385,76,386,75,385,74,382,73,379,73,378,72,379,70,382,70,386,70,386,70,391,70,394,70,395,72,397,73,400,73,403,73,404,72,404,70,404,70,404,68,403,67,400,67,397,66,395,65,394,64,391,63,388,63,386,62,386,60,386,60,386,59,386,57,386,57,386,55,386,54,386,54,386,52,388,51,391,50,394,50,395,49,394,48,391,47,386,47,386,47,382,47,379,47,378,46,376,45,373,44,369,44,369,44,364,44,361,45,360,46,358,47,355,47,352,48,351,49,352,50,355,50,358,51,360,52,361,53,364,54,367,54,369,55,370,56,373,57,376,58,378,59,376,60,373,60,370,61,369,62,367,63,364,63,360,63,360,63,355,63,352,63,351,62,350,61,347,60,344,60,342,59,341,58,338,57,333,57,333,57,329,57,326,58,324,59,324,60,324,60,324,62,326,63,329,63,332,64,333,65,333,67,333,67,333,68,332,69,329,70,324,70,324,70,320,70,317,70,316,72,314,73,311,73,308,73,307,72,305,70,302,70,298,70,298,70,293,70,289,70,289,70,285,70,282,70,280,72,279,73,276,73,273,73,271,72,271,70,271,70,271,68,271,67,271,67,271,65,273,64,276,63,279,63,280,62,282,61,285,60,288,60,289,59,289,57,289,57,289,55,289,54,289,54,289,52,288,51,285,50,280,50,280,50,276,50,273,50,271,49,271,47,267,47,264,47,262,46,264,45,267,44,271,44,271,42,273,41,276,41,279,40,280,39,282,38,285,38,288,37,289,36,288,35,285,34,282,34,280,33,280,31,280,31,280,29,280,28,280,28,280,26,282,25,285,25,288,24,289,23,288,22,285,21,282,21,280,20,279,19,276,18,273,18,271,16,270,15,267,15,262,15,262,15,258,15,255,14,254,13,252,12,249,12,245,12,245,13,245,15,245,15,245,16,245,18,245,18,245,20,246,21,249,21,252,22,254,23,254,25,254,25,254,26,255,27,258,28,261,28,262,29,261,31,258,31,255,32,254,33,252,34,249,34,245,34,245,34,240,34,237,35,236,36,234,37,231,38,228,37,227,36,226,35,223,34,220,35,218,36,218,38,218,38,218,39,217,40,214,41,209,41,209,41,205,41,202,40,200,39,200,38,200,38,200,36,199,35,196,34,192,34,192,34,187,34,184,34,183,33,183,31,183,31,183,29,181,28,178,28,175,27,174,26,174,25,174,25,174,23,172,22,169,21,166,21,165,20,164,19,161,18,156,18,156,18,152,18,149,18,147,16,147,15,147,15,147,13,146,12,143,12,140,11,138,10,76,10
364,76,361,77,360,78,361,79,364,80,367,79,369,78,367,77,364,76
267,21,264,22,262,23,264,24,267,25,270,24,271,23,270,22,267,21
37,21,34,22,32,23,34,24,37,25,40,24,41,23,40,22,37,21
76,470,76,468,76,468,76,467,75,466,72,465,69,466,68,467,66,468,63,468,60,469,59,470,76,470
209,470,209,468,209,468,209,467,208,466,205,465,202,466,200,467,200,468,200,468,200,470,209,470
342,470,341,469,338,468,335,469,333,470,342,470
630,306,627,306,626,305,626,303,626,303,626,302,624,300,621,300,618,299,617,298,617,297,617,297,617,295,617,293,617,293,617,292,615,291,612,290,609,290,608,289,608,287,608,287,608,285,608,284,608,284,608,282,608,280,608,280,608,279,608,277,608,277,608,276,609,275,612,274,615,273,617,272,617,271,617,271,617,269,617,268,617,268,617,266,617,264,617,264,617,263,618,262,621,261,624,261,626,259,626,258,626,258,626,256,626,255,626,255,626,253,626,251,626,251,626,250,626,248,626,248,626,246,626,245,626,245,626,243,626,242,626,242,626,240,626,238,626,238,626,237,624,236,621,235,617,235,617,235,612,235,609,236,608,237,608,238,608,238,608,240,606,241,603,242,600,242,599,243,599,245,599,245,599,246,599,248,599,248,599,250,599,251,599,251,599,253,599,255,599,255,599,256,599,258,599,258,599,259,599,261,599,261,599,263,599,264,599,264,599,266,599,268,599,268,599,269,599,271,599,271,599,272,599,274,599,274,599,276,599,277,599,277,599,279,599,280,599,280,599,282,599,284,599,284,599,285,599,287,599,287,599,289,599,290,599,290,599,292,599,293,599,293,599,295,599,297,599,297,599,298,599,300,599,300,599,302,599,303,599,303,599,305,599,306,599,306,599,308,599,310,599,310,599,311,599,313,599,313,599,315,598,316,595,316,592,317,590,318,590,319,590,319,590,321,590,323,590,323,590,324,590,326,590,326,590,327,590,329,590,329,590,331,590,332,590,332,590,334,590,336,590,336,590,337,590,339,590,339,590,340,590,342,590,342,590,344,590,345,590,345,590,347,590,349,590,349,590,350,589,351,586,352,583,352,581,353,581,355,581,355,581,357,581,358,581,358,581,360,581,361,581,361,581,363,581,365,581,365,581,366,581,368,581,368,581,370,581,371,581,371,581,373,581,374,581,374,581,376,581,378,581,378,581,379,581,381,581,381,581,383,581,384,581,384,581,386,581,387,581,387,581,389,581,391,581,391,581,392,581,394,581,394,581,395,581,397,581,397,581,399,581,400,581,400,581,402,581,404,581,404,581,405,581,407,581,407,581,408,581,410,581,410,581,412,581,413,581,413,581,415,581,417,581,417,581,418,583,419,586,420,589,420,590,421,590,423,590,423,590,425,590,426,590,426,590,428,592,429,595,430,598,430,599,431,599,433,599,433,599,434,599,436,599,436,599,438,600,439,603,439,606,440,608,441,608,442,608,442,608,444,608,446,608,446,608,447,608,449,608,449,608,451,608,452,608,452,608,454,608,455,608,455,608,457,608,459,608,459,608,460,608,462,608,462,608,464,609,465,612,465,615,466,617,467,617,468,617,468,617,470,623,470,630,470,630,306
524,216,521,215,519,214,519,212,519,212,519,211,519,209,519,209,519,208,518,207,515,206,512,205,510,204,510,203,510,203,510,201,509,200,506,200,503,199,502,198,500,197,497,196,494,196,493,195,491,194,488,193,485,192,484,191,482,190,479,190,476,189,475,188,475,187,475,187,475,185,474,184,471,183,466,183,466,183,462,183,457,183,457,183,453,183,450,184,448,185,447,186,444,187,440,187,440,187,435,187,431,187,431,187,426,187,423,187,422,188,420,189,417,190,413,190,413,190,409,190,406,189,404,188,403,187,400,187,395,187,395,187,391,187,386,187,386,187,382,187,378,187,378,187,373,187,369,187,369,187,364,187,360,187,360,187,355,187,351,187,351,187,347,187,342,187,342,187,338,187,333,187,333,187,329,187,324,187,324,187,320,187,316,187,316,187,311,187,308,187,307,188,305,189,302,190,298,190,298,190,293,190,290,190,289,191,288,192,285,193,280,193,280,193,276,193,271,193,271,193,267,193,262,193,262,193,258,193,255,194,254,195,252,196,249,196,246,197,245,198,243,199,240,200,236,200,236,200,231,200,228,200,227,201,226,202,223,203,218,203,218,203,214,203,211,203,209,204,208,205,205,206,202,207,200,208,199,209,196,209,192,209,192,209,187,209,184,210,183,211,183,212,183,212,183,214,181,215,178,216,175,216,174,217,174,219,174,219,174,221,172,222,169,222,166,223,165,224,165,225,165,225,165,227,165,229,165,229,165,230,165,232,165,232,165,234,165,235,165,235,165,237,164,238,161,238,156,238,156,238,152,238,149,239,147,240,147,242,147,242,147,243,147,245,147,245,147,246,146,248,143,248,140,249,138,250,137,251,134,251,131,252,130,253,130,255,130,255,130,256,130,258,130,258,130,259,130,261,130,261,130,263,130,264,130,264,130,266,130,268,130,268,130,269,130,271,130,271,130,272,131,273,134,274,137,275,138,276,138,277,138,277,138,279,140,280,143,280,146,281,147,282,147,284,147,284,147,285,149,286,152,287,155,288,156,289,156,290,156,290,156,292,156,293,156,293,156,295,156,297,156,297,156,298,158,299,161,300,164,300,165,302,166,303,169,303,172,304,174,305,175,306,178,306,181,307,183,308,184,309,187,310,192,310,192,310,196,310,200,310,200,310,205,310,209,310,209,310,214,310,218,310,218,310,223,310,226,310,227,311,228,312,231,313,236,313,236,313,240,313,245,313,245,313,249,313,252,312,254,311,255,310,258,310,261,309,262,308,262,306,262,306,262,305,261,304,258,303,255,303,254,302,255,300,258,300,261,299,262,298,262,297,262,297,262,295,262,293,262,293,262,292,262,290,262,290,262,289,262,287,262,287,262,285,262,284,262,284,262,282,262,280,262,280,262,279,262,277,262,277,262,276,262,274,262,274,262,272,264,271,267,271,270,270,271,269,271,268,271,268,271,266,270,265,267,264,264,264,262,263,264,262,267,261,270,261,271,259,273,258,276,258,280,258,280,258,285,258,288,257,289,256,290,255,293,255,298,255,298,255,302,255,307,255,307,255,311,255,316,255,316,255,320,255,323,254,324,253,326,252,329,251,332,251,333,250,332,249,329,248,326,248,324,246,323,245,320,245,316,245,316,245,311,245,308,244,307,243,305,242,302,242,299,241,298,240,296,239,293,238,289,238,289,238,285,238,280,238,280,238,276,238,273,238,271,237,270,236,267,235,262,235,262,235,258,235,255,236,254,237,252,238,249,238,245,238,245,238,240,238,236,238,236,238,231,238,228,238,227,237,227,235,227,235,227,234,226,232,223,232,220,231,218,230,220,229,223,229,226,228,227,227,228,226,231,225,234,225,236,224,237,223,240,222,243,223,245,224,246,225,249,225,254,225,254,225,258,225,262,225,262,225,267,225,270,226,271,227,273,228,276,229,279,228,280,227,280,225,280,225,280,224,282,223,285,222,289,222,289,222,293,222,298,222,298,222,302,222,305,222,307,221,308,219,311,219,314,218,316,217,317,216,320,216,323,215,324,214,324,212,324,212,324,211,326,210,329,209,332,210,333,211,335,212,338,212,342,212,342,212,347,212,351,212,351,212,355,212,360,212,360,212,364,212,369,212,369,212,373,212,378,212,378,212,382,212,386,212,386,212,391,212,394,213,395,214,397,215,400,216,404,216,404,216,409,216,412,216,413,217,414,218,417,219,422,219,422,219,426,219,429,219,431,221,431,222,431,222,431,224,431,225,431,225,431,227,431,229,431,229,431,230,429,231,426,232,423,232,422,234,423,235,426,235,429,236,431,237,431,238,431,238,431,240,431,242,431,242,431,243,431,245,431,245,431,246,431,248,431,248,431,250,431,251,431,251,431,253,429,254,426,255,423,255,422,256,422,258,422,258,422,259,422,261,422,261,422,263,420,264,417,264,414,265,413,266,413,268,413,268,413,269,412,270,409,271,406,271,404,272,404,274,404,274,404,276,403,277,400,277,397,278,395,279,395,280,395,280,395,282,394,283,391,284,388,284,386,285,385,286,382,287,379,288,378,289,376,290,373,290,370,291,369,292,367,293,364,293,361,294,360,295,358,296,355,297,352,297,351,298,350,299,347,300,344,300,342,302,341,303,338,303,335,304,333,305,332,306,329,306,326,307,324,308,323,309,320,310,317,310,316,311,314,312,311,313,307,313,307,313,302,313,299,313,298,315,296,316,293,316,290,317,289,318,288,319,285,319,280,319,280,319,276,319,271,319,271,319,267,319,262,319,262,319,258,319,254,319,254,319,249,319,245,319,245,319,240,319,236,319,236,319,231,319,228,320,227,321,226,322,223,323,218,323,218,323,214,323,211,323,209,324,208,325,205,326,202,326,200,327,199,329,196,329,192,329,192,329,187,329,184,330,183,331,183,332,183,332,183,334,183,336,183,336,183,337,181,338,178,339,175,338,174,337,174,336,174,336,174,334,172,333,169,332,166,333,165,334,164,335,161,336,156,336,156,336,152,336,147,336,147,336,143,336,140,336,138,337,140,338,143,339,147,339,147,339,152,339,155,339,156,340,156,342,156,342,156,344,158,345,161,345,165,345,165,345,169,345,174,345,174,345,178,345,181,346,183,347,184,348,187,349,192,349,192,349,196,349,200,349,200,349,205,349,208,349,209,350,211,351,214,352,218,352,218,352,223,352,227,352,227,352,231,352,236,352,236,352,240,352,243,352,245,353,246,354,249,355,254,355,254,355,258,355,261,356,262,357,264,358,267,358,271,358,271,358,276,358,280,358,280,358,285,358,289,358,289,358,293,358,296,358,298,357,299,356,302,355,307,355,307,355,311,355,316,355,316,355,320,355,324,355,324,355,329,355,332,354,333,353,335,352,338,352,342,352,342,352,347,352,350,351,351,350,351,349,351,349,351,347,352,346,355,345,358,345,360,344,361,343,364,342,367,341,369,340,370,339,373,339,376,338,378,337,379,336,382,336,386,336,386,336,391,336,394,335,395,334,397,333,400,332,403,332,404,331,404,329,404,329,404,327,406,326,409,326,413,326,413,326,417,326,422,326,422,326,426,326,431,326,431,326,435,326,438,326,440,327,441,329,444,329,447,330,448,331,450,332,453,332,456,333,457,334,459,335,462,336,465,335,466,334,466,332,466,332,466,331,466,329,466,329,466,327,466,326,466,326,466,324,468,323,471,323,474,322,475,321,475,319,475,319,475,318,475,316,475,316,475,315,475,313,475,313,475,311,475,310,475,310,475,308,475,306,475,306,475,305,475,303,475,303,475,302,475,300,475,300,475,298,475,297,475,297,475,295,476,294,479,293,482,293,484,292,484,290,484,290,484,289,484,287,484,287,484,285,484,284,484,284,484,282,484,280,484,280,484,279,485,278,488,277,491,277,493,276,493,274,493,274,493,272,493,271,493,271,493,269,493,268,493,268,493,266,493,264,493,264,493,263,494,262,497,261,500,262,502,263,503,264,506,264,509,265,510,266,512,267,515,268,518,267,519,266,521,265,524,264,527,264,528,263,528,261,528,261,528,259,528,258,528,258,528,256,528,255,528,255,528,253,528,251,528,251,528,250,528,248,528,248,528,246,528,245,528,245,528,243,528,242,528,242,528,240,528,238,528,238,528,237,528,235,528,235,528,234,528,232,528,232,528,230,528,229,528,229,528,227,528,225,528,225,528,224,528,222,528,222,528,221,528,219,528,219,528,217,527,216,524,216
462,361,459,361,457,360,456,359,453,358,450,358,448,357,448,355,448,355,448,353,448,352,448,352,448,350,448,349,448,349,448,347,447,346,444,345,441,345,440,344,438,343,435,342,432,343,431,344,429,345,426,345,422,345,422,345,417,345,414,346,413,347,414,348,417,349,420,349,422,350,422,352,422,352,422,353,423,354,426,355,429,356,431,357,431,358,431,358,431,360,431,361,431,361,431,363,432,364,435,365,438,365,440,366,440,368,440,368,440,370,440,371,440,371,440,373,440,374,440,374,440,376,441,377,444,378,447,377,448,376,450,375,453,374,456,374,457,373,457,371,457,371,457,370,459,368,462,368,465,367,466,366,466,365,466,365,466,363,465,362,462,361
444,96,441,96,440,97,441,99,444,99,447,99,448,97,447,96,444,96
417,358,414,358,413,357,412,356,409,355,404,355,404,355,400,355,397,356,395,357,394,358,391,358,386,358,386,358,382,358,379,359,378,360,376,361,373,361,369,361,369,361,364,361,361,362,360,363,358,364,355,365,351,365,351,365,347,365,342,365,342,365,338,365,333,365,333,365,329,365,324,365,324,365,320,365,317,365,316,366,317,367,320,368,324,368,324,368,329,368,332,368,333,370,335,371,338,371,341,371,342,370,344,368,347,368,351,368,351,368,355,368,360,368,360,368,364,368,369,368,369,368,373,368,376,367,378,366,379,365,382,365,386,365,386,365,391,365,394,364,395,363,397,362,400,361,404,361,404,361,409,361,413,361,413,361,417,361,420,361,422,360,420,359,417,358
347,25,344,24,342,23,342,21,342,21,342,20,342,18,342,18,342,16,341,15,338,15,333,15,333,15,329,15,324,15,324,16,326,18,329,18,332,19,333,20,333,21,333,21,333,23,333,25,333,25,333,26,333,28,333,28,333,29,333,31,333,31,333,33,333,34,333,34,333,36,335,37,338,38,342,38,342,38,347,38,350,37,351,36,351,34,351,34,351,33,351,31,351,31,351,29,351,28,351,28,351,26,350,25,347,25
338,41,335,41,333,42,335,43,338,44,341,43,342,42,341,41,338,41
338,47,335,48,333,49,335,50,338,50,341,50,342,49,341,48,338,47
302,31,299,32,298,33,299,34,302,34,305,34,307,33,305,32,302,31
276,44,271,44,271,46,271,47,276,47,279,47,280,46,279,45,276,44
