10,174,13,173,14,172,14,170,14,170,14,169,13,168,10,167,10,174
10,183,13,183,14,182,13,181,10,180,10,183
10,196,14,196,14,196,19,196,22,196,23,195,23,193,23,193,23,191,23,190,23,190,23,188,22,187,19,187,16,187,14,188,14,190,14,190,14,191,13,192,10,193,10,196
630,248,627,248,626,246,626,245,626,245,626,243,624,242,621,242,618,241,617,240,617,238,617,238,617,237,617,235,617,235,617,234,617,232,617,232,617,230,617,229,617,229,617,227,615,226,612,225,609,225,608,224,606,223,603,222,599,222,599,222,595,222,592,222,590,221,590,219,590,219,590,217,592,216,595,216,598,215,599,214,599,212,599,212,599,211,599,209,599,209,599,208,598,207,595,206,592,205,590,204,590,203,590,203,590,201,590,200,590,200,590,198,589,197,586,196,583,196,581,195,581,193,581,193,581,191,580,190,577,190,574,189,572,188,571,187,568,187,565,186,564,185,564,183,564,183,564,182,562,181,559,180,555,180,555,180,550,180,546,180,546,180,541,180,538,181,537,182,536,183,533,183,530,183,528,182,527,181,524,180,521,180,519,178,518,177,515,177,512,176,510,175,509,174,506,174,503,173,502,172,500,171,497,170,493,170,493,170,488,170,484,170,484,170,479,170,475,170,475,170,471,170,466,170,466,170,462,170,457,170,457,170,453,170,450,171,448,172,447,173,444,174,441,174,440,175,441,176,444,177,447,177,448,178,448,180,448,180,448,182,447,183,444,183,440,183,440,183,435,183,432,184,431,185,429,186,426,187,422,187,422,187,417,187,414,187,413,188,412,189,409,190,406,189,404,188,403,187,400,187,397,187,395,188,394,189,391,190,388,190,386,191,385,192,382,193,379,194,378,195,376,196,373,196,370,197,369,198,367,199,364,200,360,200,360,200,355,200,352,200,351,201,351,203,351,203,351,204,352,205,355,206,360,206,360,206,364,206,367,205,369,204,370,203,373,203,376,202,378,201,379,200,382,200,385,200,386,201,388,202,391,203,395,203,395,203,400,203,404,203,404,203,409,203,413,203,413,203,417,203,420,203,422,204,423,205,426,206,431,206,431,206,435,206,440,206,440,206,444,206,448,206,448,206,453,206,457,206,457,206,462,206,465,207,466,208,468,209,471,209,474,210,475,211,476,212,479,212,482,213,484,214,485,215,488,216,491,216,493,217,494,218,497,219,500,219,502,221,503,222,506,222,509,223,510,224,512,225,515,225,518,226,519,227,521,228,524,229,527,229,528,230,530,231,533,232,536,232,537,234,538,235,541,235,544,236,546,237,547,238,550,238,553,239,555,240,556,241,559,242,562,242,564,243,564,245,564,245,564,246,565,248,568,248,571,249,572,250,572,251,572,251,572,253,574,254,577,255,580,255,581,256,581,258,581,258,581,259,583,261,586,261,589,262,590,263,590,264,590,264,590,266,592,267,595,268,598,268,599,269,599,271,599,271,599,272,600,273,603,274,606,275,608,276,609,277,612,277,615,278,617,279,618,280,621,280,624,281,626,282,626,284,626,284,626,285,627,286,630,287,630,248
595,148,592,147,590,146,589,145,586,144,581,144,581,146,580,147,577,148,574,148,572,149,574,150,577,151,580,151,581,153,581,154,581,154,581,156,583,157,586,157,590,157,590,157,595,157,598,157,599,156,599,154,599,154,599,153,599,151,599,151,599,149,598,148,595,148
577,138,574,137,572,136,571,135,568,135,565,135,564,136,564,138,564,138,564,140,565,141,568,141,571,142,572,143,574,144,577,144,581,144,581,143,581,141,581,141,581,140,580,139,577,138
550,131,547,132,546,133,546,135,546,135,546,136,547,137,550,138,553,137,555,136,555,135,555,135,555,133,553,132,550,131
506,329,502,329,502,329,497,329,494,330,493,331,493,332,493,332,493,334,494,335,497,336,502,336,502,336,506,336,509,335,510,334,510,332,510,332,510,331,509,330,506,329
479,339,476,339,475,340,476,341,479,342,482,341,484,340,482,339,479,339
453,349,450,349,448,350,447,351,444,352,441,352,440,353,440,355,444,355,448,355,448,355,453,355,456,354,457,353,457,352,457,352,457,350,456,349,453,349
435,355,432,356,431,357,432,358,435,358,438,358,440,357,440,355,435,355
409,290,406,290,404,289,403,288,400,287,397,288,395,289,395,290,395,290,395,292,394,293,391,293,388,294,386,295,388,296,391,297,395,297,395,297,400,297,404,297,404,297,409,297,412,296,413,295,413,293,413,293,413,292,412,291,409,290
391,177,386,177,386,177,382,177,378,177,378,177,373,177,370,177,369,178,369,180,369,180,369,182,369,183,369,183,369,185,370,186,373,187,376,186,378,185,379,184,382,183,385,183,386,182,388,181,391,180,394,180,395,178,394,177,391,177
391,280,388,281,386,282,388,283,391,284,394,283,395,282,394,281,391,280
382,271,379,270,378,269,378,268,378,268,378,266,376,265,373,264,370,265,369,266,367,267,364,268,361,268,360,269,358,270,355,271,352,270,351,269,350,268,347,268,344,267,342,266,342,264,342,264,342,263,342,261,342,261,342,259,342,258,342,258,342,256,341,255,338,255,335,254,333,253,332,252,329,251,326,251,324,250,323,249,320,248,316,248,316,248,311,248,308,248,307,246,305,245,302,245,299,244,298,243,296,242,293,242,290,241,289,240,288,239,285,238,282,239,280,240,280,242,280,242,280,243,282,244,285,245,288,245,289,246,289,248,289,248,289,250,290,251,293,251,296,252,298,253,298,255,298,255,298,256,296,257,293,258,290,257,289,256,288,255,285,255,282,255,280,256,280,258,280,258,280,259,282,261,285,261,288,262,289,263,289,264,289,264,289,266,289,268,289,268,289,269,289,271,289,271,289,272,289,274,289,274,289,276,289,277,289,277,289,279,289,280,289,280,289,282,290,283,293,284,296,284,298,285,299,286,302,287,305,288,307,289,307,290,307,290,307,292,307,293,307,293,307,295,308,296,311,297,314,296,316,295,317,294,320,293,324,293,324,293,329,293,332,293,333,292,333,290,333,290,333,289,335,288,338,287,341,288,342,289,342,290,342,290,342,292,342,293,342,293,342,295,342,297,342,297,342,298,342,300,342,300,342,302,344,303,347,303,350,303,351,302,352,300,355,300,360,300,360,300,364,300,367,299,369,298,369,297,364,297,361,296,360,295,360,293,360,293,360,292,360,290,360,290,360,289,361,288,364,287,369,287,369,287,373,287,376,286,378,285,378,284,378,284,378,282,378,280,378,280,378,279,379,278,382,277,385,277,386,276,386,274,386,274,386,272,385,271,382,271
373,293,370,294,369,295,369,297,373,297,376,296,378,295,376,294,373,293
364,225,361,225,360,224,360,222,360,222,360,221,358,219,355,219,352,218,351,217,350,216,347,216,344,216,342,217,341,218,338,219,335,219,333,221,333,222,333,222,333,224,335,225,338,225,341,226,342,227,344,228,347,229,351,229,351,229,355,229,360,229,360,229,364,229,367,228,369,227,367,226,364,225
364,232,360,232,360,232,355,232,352,232,351,234,351,235,351,235,351,237,352,238,355,238,360,238,360,238,364,238,367,238,369,237,369,235,369,235,369,234,367,232,364,232
267,148,264,147,262,146,261,145,258,144,255,144,254,143,254,141,254,141,254,140,254,138,254,138,254,136,254,135,254,135,254,133,254,131,254,131,254,130,254,128,254,128,254,127,252,126,249,125,246,124,245,123,243,122,240,122,236,122,236,122,231,122,228,122,227,123,227,125,227,125,227,127,228,128,231,128,234,129,236,130,236,131,236,131,236,133,237,134,240,135,243,135,245,136,245,138,245,138,245,140,243,141,240,141,237,142,236,143,236,144,236,144,236,146,237,147,240,148,243,148,245,149,246,150,249,151,252,151,254,153,254,154,254,154,254,156,255,157,258,157,262,157,262,157,267,157,270,157,271,156,271,154,271,154,271,153,271,151,271,151,271,149,270,148,267,148
240,271,237,270,236,269,236,268,236,268,236,266,234,265,231,264,228,264,227,263,227,261,227,261,227,259,226,258,223,258,220,257,218,256,217,255,214,255,209,255,209,255,205,255,202,255,200,256,200,258,200,258,200,259,199,261,196,261,192,261,192,261,187,261,183,261,183,261,178,261,175,262,174,263,172,264,169,264,166,264,165,263,165,261,165,261,165,259,164,258,161,258,158,257,156,256,156,255,156,255,156,253,156,251,156,251,156,250,155,249,152,248,149,248,147,246,147,245,147,245,147,243,146,242,143,242,138,242,138,242,134,242,130,242,130,242,125,242,121,242,121,242,116,242,113,241,112,240,110,239,107,238,103,238,103,238,99,238,94,238,94,238,90,238,87,238,85,237,84,236,81,235,76,235,76,237,75,238,72,238,69,239,68,240,69,241,72,242,75,242,76,243,78,244,81,245,84,245,85,246,85,248,85,248,85,250,87,251,90,251,93,252,94,253,94,255,94,255,94,256,96,257,99,258,103,258,103,258,107,258,110,258,112,259,113,261,116,261,119,262,121,263,119,264,116,264,113,265,112,266,113,267,116,268,119,268,121,269,121,271,121,271,121,272,122,273,125,274,128,275,130,276,131,277,134,277,137,278,138,279,140,280,143,280,146,281,147,282,149,283,152,284,155,284,156,285,158,286,161,287,164,288,165,289,166,290,169,290,172,291,174,292,175,293,178,293,181,294,183,295,184,296,187,297,190,297,192,298,193,299,196,300,199,300,200,302,202,303,205,303,208,303,209,302,209,300,209,300,209,298,209,297,209,297,209,295,209,293,209,293,209,292,208,291,205,290,202,290,200,289,200,287,200,287,200,285,202,284,205,284,208,284,209,285,211,286,214,287,217,288,218,289,218,290,218,290,218,292,218,293,218,293,218,295,220,296,223,297,227,297,227,297,231,297,234,296,236,295,234,294,231,293,228,293,227,292,227,290,227,290,227,289,227,287,227,287,227,285,227,284,227,284,227,282,228,281,231,280,236,280,236,279,236,277,236,277,236,276,237,275,240,274,243,273,245,272,243,271,240,271
240,280,236,280,236,282,237,283,240,284,243,283,245,282,243,281,240,280
107,462,104,461,103,460,102,459,99,459,94,459,94,459,90,459,85,459,85,459,81,459,78,459,76,460,76,462,76,462,76,464,76,465,81,465,85,465,85,465,90,465,93,466,94,467,96,468,99,468,103,468,103,468,107,468,110,468,112,467,112,465,112,465,112,464,110,462,107,462
99,225,96,226,94,227,96,228,99,229,102,228,103,227,102,226,99,225
72,229,68,229,68,230,68,232,68,232,68,234,69,235,72,235,76,235,76,234,76,232,76,232,76,230,75,229,72,229
72,465,69,466,68,467,69,468,72,468,75,468,76,467,76,465,72,465
63,225,59,225,59,227,60,228,63,229,68,229,68,227,66,226,63,225
63,417,60,417,59,418,60,419,63,420,66,419,68,418,66,417,63,417
54,222,50,222,50,224,51,225,54,225,59,225,59,224,57,223,54,222
45,212,42,212,41,211,40,210,37,209,34,209,32,208,31,207,28,206,23,206,23,208,23,209,23,209,23,211,23,212,23,212,23,214,25,215,28,216,31,216,32,217,34,218,37,219,40,219,41,221,42,222,45,222,50,222,50,221,50,219,50,219,50,217,50,216,50,216,50,214,48,213,45,212
19,203,16,203,14,204,16,205,19,206,23,206,23,204,22,203,19,203
