10,190,13,189,14,188,13,187,10,187,10,190
10,436,14,436,14,436,19,436,22,435,23,434,22,433,19,433,16,432,14,431,13,430,10,430,10,436
76,470,76,468,76,468,76,467,75,466,72,465,69,465,68,464,66,462,63,462,60,461,59,460,59,459,59,459,59,457,57,456,54,455,51,456,50,457,50,459,50,459,50,460,50,462,50,462,50,464,50,465,50,465,50,467,51,468,54,468,57,469,59,470,76,470
475,470,475,468,475,468,475,467,475,465,475,465,475,464,475,462,475,462,475,460,475,459,475,459,475,457,474,456,471,455,468,456,466,457,466,459,466,459,466,460,466,462,466,462,466,464,466,465,466,465,466,467,466,468,466,468,466,470,475,470
630,378,626,378,626,378,621,378,618,378,617,379,618,380,621,381,624,381,626,383,627,384,630,384,630,378
559,212,556,212,555,211,555,209,555,209,555,208,555,206,555,206,555,204,555,203,555,203,555,201,553,200,550,200,547,199,546,198,546,196,546,196,546,195,546,193,546,193,546,191,544,190,541,190,537,190,537,190,533,190,530,189,528,188,528,187,528,187,528,185,527,184,524,183,521,183,519,182,519,180,519,180,519,178,518,177,515,177,512,176,510,175,510,174,510,174,510,172,509,171,506,170,502,170,502,170,497,170,494,170,493,169,491,168,488,167,484,167,484,167,479,167,476,168,475,169,474,170,471,170,466,170,466,170,462,170,457,170,457,170,453,170,450,171,448,172,447,173,444,174,441,174,440,175,440,177,440,177,440,178,440,180,440,180,440,182,438,183,435,183,432,184,431,185,429,186,426,187,423,186,422,185,422,183,422,183,422,182,420,181,417,180,414,180,413,178,413,177,413,177,413,175,413,174,413,174,413,172,413,170,413,170,413,169,412,168,409,167,404,167,404,167,400,167,395,167,395,167,391,167,386,167,386,167,382,167,379,167,378,165,376,164,373,164,370,163,369,162,367,161,364,161,360,161,360,161,355,161,351,161,351,161,347,161,344,160,342,159,342,157,342,157,342,156,341,155,338,154,333,154,333,154,329,154,326,155,324,156,324,157,324,157,324,159,324,161,324,161,324,162,324,164,324,164,324,165,326,167,329,167,332,168,333,169,333,170,333,170,333,172,335,173,338,174,341,174,342,175,342,177,342,177,342,178,344,180,347,180,350,180,351,178,352,177,355,177,358,177,360,178,360,180,360,180,360,182,361,183,364,183,369,183,369,183,373,183,376,184,378,185,379,186,382,187,385,187,386,188,386,190,386,190,386,191,388,192,391,193,394,194,395,195,397,196,400,196,404,196,404,196,409,196,413,196,413,196,417,196,420,197,422,198,423,199,426,200,429,200,431,201,432,202,435,203,438,203,440,204,441,205,444,206,447,207,448,208,450,209,453,209,456,210,457,211,459,212,462,212,465,213,466,214,468,215,471,216,474,215,475,214,476,213,479,212,482,213,484,214,485,215,488,216,493,216,493,216,497,216,500,216,502,217,502,219,502,219,502,221,503,222,506,222,509,223,510,224,512,225,515,225,518,226,519,227,519,229,519,229,519,230,519,232,519,232,519,234,521,235,524,235,527,236,528,237,528,238,528,238,528,240,530,241,533,242,536,242,537,243,538,244,541,245,544,245,546,246,546,248,546,248,546,250,547,251,550,251,553,252,555,253,556,254,559,255,562,254,564,253,564,251,564,251,564,250,564,248,564,248,564,246,564,245,564,245,564,243,564,242,564,242,564,240,564,238,564,238,564,237,564,235,564,235,564,234,564,232,564,232,564,230,564,229,564,229,564,227,564,225,564,225,564,224,564,222,564,222,564,221,564,219,564,219,564,217,564,216,564,216,564,214,562,213,559,212
409,183,406,183,404,182,403,181,400,180,397,181,395,182,395,183,395,183,395,185,397,186,400,187,403,187,404,188,406,189,409,190,412,189,413,188,413,187,413,187,413,185,412,184,409,183
400,170,395,170,395,170,391,170,386,170,386,170,382,170,379,171,378,172,379,173,382,174,386,174,386,174,391,174,395,174,395,174,400,174,403,173,404,172,403,171,400,170
488,297,485,297,484,298,482,299,479,300,476,300,475,302,475,303,475,303,475,305,474,306,471,306,468,307,466,308,466,310,466,310,466,311,465,312,462,313,459,313,457,315,457,316,457,316,457,318,459,319,462,319,465,319,466,318,468,317,471,316,475,316,475,316,479,316,482,316,484,315,484,313,484,313,484,311,484,310,484,310,484,308,485,307,488,306,491,306,493,305,493,303,493,303,493,302,493,300,493,300,493,298,491,297,488,297
435,148,432,147,431,146,429,145,426,144,423,144,422,143,420,142,417,141,414,141,413,140,412,139,409,138,406,139,404,140,403,141,400,141,395,141,395,141,391,141,388,142,386,143,385,144,382,144,378,144,378,144,373,144,369,144,369,144,364,144,361,145,360,146,358,147,355,148,352,148,351,149,352,150,355,151,358,151,360,153,361,154,364,154,369,154,369,154,373,154,376,154,378,153,379,151,382,151,386,151,386,151,391,151,395,151,395,151,400,151,403,150,404,149,406,148,409,148,413,148,413,148,417,148,420,148,422,149,423,150,426,151,431,151,431,151,435,151,438,150,440,149,438,148,435,148
373,135,370,134,369,133,367,132,364,131,360,131,360,131,355,131,352,132,351,133,351,135,351,135,351,136,352,137,355,138,360,138,360,138,364,138,369,138,369,138,373,138,376,137,378,136,376,135,373,135
373,255,370,254,369,253,367,252,364,251,361,251,360,250,360,248,360,248,360,246,358,245,355,245,352,244,351,243,350,242,347,242,344,241,342,240,341,239,338,238,335,238,333,237,332,236,329,235,326,235,324,234,323,232,320,232,317,231,316,230,314,229,311,229,308,228,307,227,305,226,302,225,299,225,298,224,298,222,298,222,298,221,296,219,293,219,290,218,289,217,289,216,289,216,289,214,288,213,285,212,282,212,280,211,280,209,280,209,280,208,279,207,276,206,273,205,271,204,270,203,267,203,264,202,262,201,261,200,258,200,255,199,254,198,254,196,254,196,254,195,252,194,249,193,246,192,245,191,243,190,240,190,237,189,236,188,236,187,236,187,236,185,234,184,231,183,228,184,227,185,227,187,227,187,227,188,226,189,223,190,218,190,218,190,214,190,209,190,209,191,209,193,209,193,209,195,211,196,214,196,217,197,218,198,218,200,218,200,218,201,218,203,218,203,218,204,220,205,223,206,226,207,227,208,227,209,227,209,227,211,227,212,227,212,227,214,227,216,227,216,227,217,228,218,231,219,234,219,236,221,236,222,236,222,236,224,236,225,236,225,236,227,236,229,236,229,236,230,236,232,236,232,236,234,237,235,240,235,243,236,245,237,243,238,240,238,237,239,236,240,236,242,236,242,236,243,237,244,240,245,243,245,245,246,246,248,249,248,252,249,254,250,254,251,254,251,254,253,255,254,258,255,261,255,262,256,262,258,262,258,262,259,262,261,262,261,262,263,262,264,262,264,262,266,262,268,262,268,262,269,262,271,262,271,262,272,262,274,262,274,262,276,264,277,267,277,270,278,271,279,271,280,271,280,271,282,273,283,276,284,279,284,280,285,282,286,285,287,288,286,289,285,290,284,293,284,296,284,298,285,298,287,298,287,298,289,299,290,302,290,307,290,307,290,311,290,314,291,316,292,316,293,316,293,316,295,317,296,320,297,323,297,324,298,326,299,329,300,332,299,333,298,335,297,338,297,342,297,342,297,347,297,350,296,351,295,351,293,351,293,351,292,351,290,351,290,351,289,350,288,347,287,344,286,342,285,342,284,342,284,342,282,344,281,347,280,350,280,351,279,351,277,351,277,351,276,351,274,351,274,351,272,351,271,351,271,351,269,352,268,355,268,360,268,360,268,364,268,367,268,369,269,370,270,373,271,376,270,378,269,378,268,378,268,378,266,378,264,378,264,378,263,378,261,378,261,378,259,378,258,378,258,378,256,376,255,373,255
329,144,326,144,324,143,323,142,320,141,317,141,316,140,314,139,311,138,308,137,307,136,307,135,307,135,307,133,308,132,311,131,314,131,316,130,316,128,316,128,316,127,314,126,311,125,308,124,307,123,307,122,307,122,307,120,305,119,302,119,299,118,298,117,296,116,293,115,290,115,289,114,289,112,289,112,289,110,288,109,285,109,280,109,280,109,276,109,271,109,271,109,267,109,264,108,262,107,261,106,258,106,255,106,254,107,254,109,254,109,254,110,254,112,254,112,254,114,254,115,254,115,254,117,252,118,249,119,245,119,245,119,240,119,237,119,236,120,234,121,231,122,228,121,227,120,227,119,227,119,227,117,226,116,223,115,220,115,218,114,218,112,218,112,218,110,218,109,218,109,218,107,217,106,214,106,211,105,209,104,208,103,205,102,202,102,200,101,199,100,196,99,192,99,192,101,192,102,192,102,192,104,193,105,196,106,199,106,200,107,200,109,200,109,200,110,202,111,205,112,208,113,209,114,209,115,209,115,209,117,211,118,214,119,217,119,218,120,218,122,218,122,218,123,218,125,218,125,218,127,218,128,218,128,218,130,220,131,223,131,226,132,227,133,227,135,227,135,227,136,227,138,227,138,227,140,227,141,227,141,227,143,228,144,231,144,234,145,236,146,237,147,240,148,243,148,245,149,246,150,249,151,254,151,254,151,258,151,261,151,262,153,264,154,267,154,270,155,271,156,273,157,276,157,280,157,280,157,285,157,289,157,289,157,293,157,298,157,298,157,302,157,305,157,307,156,308,155,311,154,314,154,316,153,317,151,320,151,324,151,324,151,329,151,332,150,333,149,333,148,333,148,333,146,332,145,329,144
293,135,289,135,289,135,285,135,282,135,280,136,282,137,285,138,289,138,289,138,293,138,296,137,298,136,296,135,293,135
267,122,264,122,262,123,264,124,267,125,270,124,271,123,270,122,267,122
267,131,264,132,262,133,264,134,267,135,270,134,271,133,270,132,267,131
240,439,236,439,236,439,231,439,228,440,227,441,226,442,223,442,220,443,218,444,220,445,223,446,226,446,227,447,227,449,227,449,227,451,227,452,227,452,227,454,228,455,231,455,236,455,236,455,240,455,243,455,245,454,245,452,245,452,245,451,245,449,245,449,245,447,245,446,245,446,245,444,245,442,245,442,245,441,243,440,240,439
231,76,228,76,227,75,226,74,223,73,218,73,218,73,214,73,211,73,209,72,208,70,205,70,202,69,200,68,199,67,196,67,192,67,192,67,187,67,184,67,183,68,183,70,183,70,183,72,181,73,178,73,175,74,174,75,174,76,174,76,174,78,174,80,174,80,174,81,174,83,174,83,174,85,174,86,174,86,174,88,174,89,174,89,174,91,174,93,174,93,174,94,175,95,178,96,181,96,183,97,184,99,187,99,192,99,192,97,192,96,192,96,192,94,192,93,192,93,192,91,192,89,192,89,192,88,193,87,196,86,199,87,200,88,202,89,205,89,209,89,209,89,214,89,218,89,218,89,223,89,227,89,227,89,231,89,234,89,236,88,236,86,236,86,236,85,236,83,236,83,236,81,236,80,236,80,236,78,234,77,231,76
205,187,202,187,200,188,202,189,205,190,209,190,209,188,208,187,205,187
169,238,166,238,165,237,165,235,165,235,165,234,164,232,161,232,158,231,156,230,156,229,156,229,156,227,156,225,156,225,156,224,156,222,156,222,156,221,155,219,152,219,149,218,147,217,146,216,143,216,140,215,138,214,138,212,138,212,138,211,137,210,134,209,131,209,130,208,130,206,125,206,122,207,121,208,119,209,116,209,113,210,112,211,112,212,112,212,112,214,112,216,112,216,112,217,110,218,107,219,103,219,103,219,99,219,94,219,94,219,90,219,87,218,85,217,84,216,81,216,78,215,76,214,76,212,76,212,76,211,76,209,76,209,76,208,76,206,76,206,76,204,75,203,72,203,68,203,68,203,63,203,59,203,59,203,54,203,51,202,50,201,48,200,45,200,42,199,41,198,40,197,37,196,32,196,32,196,28,196,25,196,23,195,22,194,19,193,16,194,14,195,14,196,14,196,14,198,14,200,14,200,14,201,14,203,14,203,14,204,16,205,19,206,22,207,23,208,25,209,28,209,31,210,32,211,32,212,32,212,32,214,34,215,37,216,40,216,41,217,41,219,41,219,41,221,42,222,45,222,48,223,50,224,51,225,54,225,57,226,59,227,59,229,59,229,59,230,60,231,63,232,66,232,68,234,69,235,72,235,75,236,76,237,78,238,81,238,84,239,85,240,87,241,90,242,94,242,94,242,99,242,102,241,103,240,103,238,103,238,103,237,103,235,103,235,103,234,104,232,107,232,110,231,112,230,113,229,116,229,119,228,121,227,119,226,116,225,113,225,112,224,113,223,116,222,121,222,121,222,125,222,128,223,130,224,130,225,130,225,130,227,131,228,134,229,137,229,138,230,140,231,143,232,146,232,147,234,149,235,152,235,155,236,156,237,156,238,156,238,156,240,156,242,156,242,156,243,158,244,161,245,164,244,165,243,166,242,169,242,172,241,174,240,172,239,169,238
90,225,85,225,85,225,81,225,78,226,76,227,78,228,81,229,85,229,85,229,90,229,93,228,94,227,93,226,90,225
63,216,60,216,59,217,60,218,63,219,66,218,68,217,66,216,63,216
169,261,166,262,165,263,165,264,165,264,165,266,166,267,169,268,172,267,174,266,174,264,174,264,174,263,172,262,169,261
134,203,131,203,130,204,130,206,134,206,137,205,138,204,137,203,134,203
134,238,131,239,130,240,130,242,134,242,137,241,138,240,137,239,134,238
134,245,130,245,130,246,131,248,134,248,137,248,138,246,137,245,134,245
125,242,122,242,121,243,122,244,125,245,130,245,130,243,130,242,125,242
116,465,113,465,112,464,110,462,107,462,104,461,103,460,102,459,99,459,94,459,94,459,90,459,87,459,85,460,87,461,90,462,93,462,94,464,94,465,94,465,94,467,96,468,99,468,103,468,103,468,107,468,112,468,112,468,116,468,119,468,121,467,119,466,116,465
107,193,104,192,103,191,102,190,99,190,94,190,94,190,90,190,87,190,85,191,87,192,90,193,93,194,94,195,96,196,99,196,102,197,103,198,104,199,107,200,110,199,112,198,112,196,112,196,112,195,110,194,107,193
99,206,96,207,94,208,96,209,99,209,102,209,103,208,102,207,99,206
72,170,68,170,68,170,63,170,59,170,59,170,54,170,51,171,50,172,50,174,50,174,50,175,51,176,54,177,57,177,59,178,60,180,63,180,66,180,68,178,69,177,72,177,75,176,76,175,76,174,76,174,76,172,75,171,72,170
72,187,68,187,68,188,69,189,72,190,75,189,76,188,75,187,72,187
63,183,60,184,59,185,60,186,63,187,68,187,68,185,66,184,63,183
