10,190,13,189,14,188,13,187,10,187,10,190
10,436,13,435,14,434,13,433,10,433,10,436
68,470,69,469,72,468,75,468,76,467,75,466,72,465,69,465,68,464,66,462,63,462,59,462,59,464,59,465,59,465,59,467,59,468,59,468,59,470,68,470
475,470,475,468,475,468,475,467,475,465,475,465,475,464,475,462,475,462,475,460,474,459,471,459,468,459,466,460,465,461,462,462,459,462,457,464,459,465,462,465,465,466,466,467,466,468,466,468,466,470,475,470
559,216,556,215,555,214,555,212,555,212,555,211,555,209,555,209,555,208,555,206,555,206,555,204,553,203,550,203,547,202,546,201,546,200,546,200,546,198,546,196,546,196,546,195,546,193,546,193,546,191,544,190,541,190,537,190,537,190,533,190,530,189,528,188,527,187,524,187,521,186,519,185,519,183,519,183,519,182,519,180,519,180,519,178,518,177,515,177,512,176,510,175,510,174,510,174,510,172,509,171,506,170,502,170,502,170,497,170,494,170,493,169,491,168,488,167,484,167,484,167,479,167,476,168,475,169,474,170,471,170,468,170,466,169,465,168,462,167,459,168,457,169,456,170,453,170,450,171,448,172,447,173,444,174,441,174,440,175,440,177,440,177,440,178,440,180,440,180,440,182,438,183,435,183,432,184,431,185,429,186,426,187,423,186,422,185,420,184,417,183,413,183,413,185,413,187,413,187,413,188,412,189,409,190,406,189,404,188,403,187,400,187,397,186,395,185,395,183,395,183,395,182,397,181,400,180,403,181,404,182,406,183,409,183,413,183,413,182,413,180,413,180,413,178,413,177,413,177,413,175,413,174,413,174,413,172,413,170,413,170,413,169,412,168,409,167,404,167,404,167,400,167,395,167,395,167,391,167,388,167,386,165,385,164,382,164,378,164,378,164,373,164,370,163,369,162,367,161,364,161,360,161,360,161,355,161,351,161,351,161,347,161,344,160,342,159,342,157,342,157,342,156,341,155,338,154,335,154,333,153,333,151,333,151,333,149,333,148,333,148,333,146,332,145,329,144,326,144,324,143,323,142,320,141,317,141,316,140,316,138,316,138,316,136,314,135,311,135,308,134,307,133,308,132,311,131,314,131,316,130,316,128,316,128,316,127,314,126,311,125,308,124,307,123,307,122,307,122,307,120,305,119,302,119,299,118,298,117,296,116,293,115,290,115,289,114,289,112,289,112,289,110,288,109,285,109,280,109,280,109,276,109,271,109,271,109,267,109,264,108,262,107,261,106,258,106,255,105,254,104,252,103,249,102,246,103,245,104,245,106,245,106,245,107,246,108,249,109,252,109,254,110,252,112,249,112,246,113,245,114,243,115,240,115,237,116,236,117,234,118,231,119,227,119,227,119,223,119,220,119,218,120,218,122,218,122,218,123,218,125,218,125,218,127,220,128,223,128,226,129,227,130,227,131,227,131,227,133,227,135,227,135,227,136,227,138,227,138,227,140,228,141,231,141,234,142,236,143,236,144,236,144,236,146,237,147,240,148,243,148,245,149,246,150,249,151,254,151,254,151,258,151,261,151,262,153,264,154,267,154,271,154,271,154,276,154,280,154,280,154,285,154,288,155,289,156,290,157,293,157,298,157,298,157,302,157,305,157,307,156,308,155,311,154,316,154,316,154,320,154,323,155,324,156,324,157,324,157,324,159,324,161,324,161,324,162,326,163,329,164,332,164,333,165,333,167,333,167,333,169,335,170,338,170,341,171,342,172,342,174,342,174,342,175,342,177,342,177,342,178,344,180,347,180,350,180,351,178,352,177,355,177,358,177,360,178,360,180,360,180,360,182,361,183,364,183,369,183,369,183,373,183,376,184,378,185,379,186,382,187,385,187,386,188,386,190,386,190,386,191,388,192,391,193,394,194,395,195,397,196,400,196,404,196,404,196,409,196,413,196,413,196,417,196,420,197,422,198,423,199,426,200,429,200,431,201,432,202,435,203,438,203,440,204,441,205,444,206,447,207,448,208,450,209,453,209,456,210,457,211,459,212,462,212,466,212,466,212,471,212,475,212,475,212,479,212,482,213,484,214,485,215,488,216,493,216,493,216,497,216,500,216,502,217,502,219,502,219,502,221,503,222,506,222,509,223,510,224,512,225,515,225,518,226,519,227,519,229,519,229,519,230,521,231,524,232,527,232,528,234,528,235,528,235,528,237,528,238,528,238,528,240,530,241,533,242,536,242,537,243,538,244,541,245,544,245,546,246,547,248,550,248,553,249,555,250,555,251,555,251,555,253,556,254,559,255,562,254,564,253,564,251,564,251,564,250,564,248,564,248,564,246,564,245,564,245,564,243,564,242,564,242,564,240,564,238,564,238,564,237,564,235,564,235,564,234,564,232,564,232,564,230,564,229,564,229,564,227,564,225,564,225,564,224,564,222,564,222,564,221,564,219,564,219,564,217,562,216,559,216
400,170,395,170,395,170,391,170,388,171,386,172,388,173,391,174,395,174,395,174,400,174,403,173,404,172,403,171,400,170
479,303,476,304,475,305,475,306,475,306,475,308,476,309,479,310,482,309,484,308,484,306,484,306,484,305,482,304,479,303
462,313,459,313,457,315,457,316,457,316,457,318,459,319,462,319,465,319,466,318,466,316,466,316,466,315,465,313,462,313
435,148,432,147,431,146,429,145,426,144,423,144,422,143,422,141,422,141,422,140,420,139,417,138,413,138,413,138,409,138,406,139,404,140,403,141,400,141,395,141,395,141,391,141,386,141,386,141,382,141,379,142,378,143,376,144,373,144,369,144,369,144,364,144,361,145,360,146,358,147,355,148,352,148,351,149,351,151,351,151,351,153,352,154,355,154,360,154,360,154,364,154,369,154,369,154,373,154,376,154,378,153,379,151,382,151,386,151,386,151,391,151,395,151,395,151,400,151,403,150,404,149,406,148,409,148,413,148,413,148,417,148,420,148,422,149,423,150,426,151,431,151,431,151,435,151,438,150,440,149,438,148,435,148
373,135,370,134,369,133,367,132,364,131,360,131,360,131,355,131,352,132,351,133,351,135,351,135,351,136,352,137,355,138,360,138,360,138,364,138,369,138,369,138,373,138,376,137,378,136,376,135,373,135
373,255,370,254,369,253,367,252,364,251,361,251,360,250,360,248,360,248,360,246,358,245,355,245,351,245,351,245,347,245,344,244,342,243,342,242,342,242,342,240,341,239,338,238,335,238,333,237,332,236,329,235,326,235,324,234,323,232,320,232,317,231,316,230,314,229,311,229,308,228,307,227,305,226,302,225,299,225,298,224,298,222,298,222,298,221,298,219,298,219,298,217,296,216,293,216,290,215,289,214,288,213,285,212,282,212,280,211,280,209,280,209,280,208,279,207,276,206,273,205,271,204,270,203,267,203,264,202,262,201,261,200,258,200,255,199,254,198,254,196,254,196,254,195,252,194,249,193,246,192,245,191,243,190,240,190,237,189,236,188,236,187,236,187,236,185,234,184,231,183,228,183,227,182,226,181,223,180,220,181,218,182,218,183,218,183,218,185,218,187,218,187,218,188,217,189,214,190,209,190,209,191,209,193,209,193,209,195,211,196,214,196,217,197,218,198,218,200,218,200,218,201,218,203,218,203,218,204,220,205,223,206,226,207,227,208,227,209,227,209,227,211,227,212,227,212,227,214,227,216,227,216,227,217,227,219,227,219,227,221,228,222,231,222,234,223,236,224,236,225,236,225,236,227,236,229,236,229,236,230,236,232,236,232,236,234,236,235,236,235,236,237,236,238,236,238,236,240,236,242,236,242,236,243,236,245,236,245,236,246,237,248,240,248,243,249,245,250,246,251,249,251,252,252,254,253,254,255,254,255,254,256,255,257,258,258,261,258,262,259,261,261,258,261,255,262,254,263,254,264,254,264,254,266,254,268,254,268,254,269,255,270,258,271,261,271,262,272,262,274,262,274,262,276,262,277,262,277,262,279,264,280,267,280,270,281,271,282,273,283,276,284,279,284,280,285,282,286,285,287,289,287,289,287,293,287,298,287,298,287,302,287,307,287,307,287,311,287,316,287,316,287,320,287,323,288,324,289,323,290,320,290,317,291,316,292,317,293,320,293,323,294,324,295,326,296,329,297,332,296,333,295,335,294,338,293,342,293,342,293,347,293,350,293,351,292,351,290,351,290,351,289,350,288,347,287,344,286,342,285,342,284,342,284,342,282,342,280,342,280,342,279,342,277,342,277,342,276,344,275,347,274,350,273,351,272,350,271,347,271,344,270,342,269,342,268,342,268,342,266,342,264,342,264,342,263,344,262,347,261,351,261,351,261,355,261,358,262,360,263,361,264,364,264,367,264,369,263,370,262,373,261,376,261,378,259,378,258,378,258,378,256,376,255,373,255
249,439,245,439,245,439,240,439,236,439,236,439,231,439,228,440,227,441,227,442,227,442,227,444,227,446,227,446,227,447,227,449,227,449,227,451,227,452,227,452,227,454,228,455,231,455,236,455,236,455,240,455,243,455,245,454,245,452,245,452,245,451,245,449,245,449,245,447,245,446,245,446,245,444,246,443,249,442,252,442,254,441,252,440,249,439
240,80,237,79,236,78,234,77,231,76,228,76,227,75,226,74,223,73,220,73,218,72,217,70,214,70,209,70,209,70,205,70,200,70,200,70,196,70,192,70,192,70,187,70,184,70,183,72,181,73,178,73,175,74,174,75,174,76,174,76,174,78,174,80,174,80,174,81,174,83,174,83,174,85,174,86,174,86,174,88,175,89,178,89,181,90,183,91,183,93,183,93,183,94,184,95,187,96,190,95,192,94,192,93,192,93,192,91,193,90,196,89,200,89,200,89,205,89,209,89,209,89,214,89,218,89,218,89,223,89,227,89,227,89,231,89,234,89,236,88,236,86,236,86,236,85,237,83,240,83,243,82,245,81,243,80,240,80
223,102,220,103,218,104,220,105,223,106,226,105,227,104,226,103,223,102
214,109,209,109,209,110,209,112,209,112,209,114,211,115,214,115,217,115,218,114,218,112,218,112,218,110,217,109,214,109
205,106,202,106,200,107,202,108,205,109,209,109,209,107,208,106,205,106
205,187,202,187,200,188,202,189,205,190,209,190,209,188,208,187,205,187
169,238,166,238,165,237,165,235,165,235,165,234,164,232,161,232,156,232,156,234,156,235,156,235,156,237,156,238,156,238,156,240,158,241,161,242,165,242,165,242,169,242,172,241,174,240,172,239,169,238
152,219,149,218,147,217,146,216,143,216,140,215,138,214,138,212,138,212,138,211,137,210,134,209,130,209,130,209,125,209,121,209,121,209,116,209,113,210,112,211,112,212,112,212,112,214,112,216,112,216,112,217,110,218,107,219,103,219,103,219,99,219,94,219,94,219,90,219,87,218,85,217,84,216,81,216,78,215,76,214,76,212,76,212,76,211,76,209,76,209,76,208,76,206,76,206,76,204,75,203,72,203,68,203,68,203,63,203,59,203,59,203,54,203,51,202,50,201,48,200,45,200,42,199,41,198,40,197,37,196,32,196,32,196,28,196,25,196,23,195,22,194,19,193,16,194,14,195,14,196,14,196,14,198,14,200,14,200,14,201,14,203,14,203,14,204,16,205,19,206,23,206,23,206,28,206,31,207,32,208,32,209,32,209,32,211,34,212,37,212,40,213,41,214,41,216,41,216,41,217,41,219,41,219,41,221,42,222,45,222,48,223,50,224,51,225,54,225,57,226,59,227,60,228,63,229,68,229,68,229,72,229,75,228,76,227,78,226,81,225,85,225,85,225,90,225,93,226,94,227,94,229,94,229,94,230,94,232,99,232,103,232,103,232,107,232,110,231,112,230,112,229,112,229,112,227,112,225,112,225,112,224,113,223,116,222,121,222,121,222,125,222,128,223,130,224,131,225,134,225,137,226,138,227,138,229,138,229,138,230,140,231,143,232,147,232,147,232,152,232,156,232,156,230,155,229,152,229,149,228,147,227,149,226,152,225,155,225,156,224,156,222,156,222,156,221,155,219,152,219
63,216,60,216,59,217,59,219,59,219,59,221,60,222,63,222,66,222,68,221,68,219,68,219,68,217,66,216,63,216
134,203,131,203,130,204,131,205,134,206,137,205,138,204,137,203,134,203
134,238,131,239,130,240,130,242,134,242,137,241,138,240,137,239,134,238
134,245,130,245,130,246,131,248,134,248,137,248,138,246,137,245,134,245
125,242,122,242,121,243,122,244,125,245,130,245,130,243,130,242,125,242
116,465,113,465,112,464,110,462,107,462,104,461,103,460,102,459,99,459,96,459,94,460,94,462,94,462,94,464,94,465,94,465,94,467,96,468,99,468,103,468,103,468,107,468,112,468,112,468,116,468,119,468,121,467,119,466,116,465
107,196,104,197,103,198,104,199,107,200,110,199,112,198,110,197,107,196
99,206,96,207,94,208,96,209,99,209,102,209,103,208,102,207,99,206
99,235,96,235,94,234,94,232,90,232,85,232,85,232,81,232,78,232,76,234,78,235,81,235,84,236,85,237,87,238,90,238,93,239,94,240,96,241,99,242,102,241,103,240,103,238,103,238,103,237,102,236,99,235
90,190,87,190,85,191,87,192,90,193,93,192,94,191,93,190,90,190
63,170,59,170,59,170,54,170,51,171,50,172,51,173,54,174,57,174,59,175,60,176,63,177,66,176,68,175,68,174,68,174,68,172,66,171,63,170
54,455,51,456,50,457,50,459,50,459,50,460,51,461,54,462,59,462,59,460,59,459,59,459,59,457,57,456,54,455
