10,174,13,173,14,172,14,170,14,170,14,169,13,168,10,167,10,174
10,187,13,187,14,188,14,190,14,190,14,191,13,192,10,193,10,196,14,196,14,196,19,196,22,196,23,195,25,194,28,193,31,192,32,191,31,190,28,190,25,189,23,188,23,187,23,187,23,185,22,184,19,183,16,183,14,182,13,181,10,180,10,187
59,470,59,468,59,468,59,467,57,466,54,465,51,466,50,467,50,468,50,468,50,470,59,470
630,248,627,248,626,246,626,245,626,245,626,243,624,242,621,242,618,241,617,240,617,238,617,238,617,237,617,235,617,235,617,234,617,232,617,232,617,230,617,229,617,229,617,227,615,226,612,225,609,225,608,224,606,223,603,222,600,222,599,221,599,219,599,219,599,217,599,216,599,216,599,214,599,212,599,212,599,211,599,209,599,209,599,208,599,206,599,206,599,204,598,203,595,203,592,202,590,201,590,200,590,200,590,198,590,196,590,196,590,195,589,194,586,193,583,192,581,191,581,190,581,190,581,188,580,187,577,187,574,186,572,185,571,184,568,183,565,183,564,182,562,181,559,180,556,180,555,178,553,177,550,177,547,177,546,178,544,180,541,180,537,180,537,180,533,180,528,180,528,180,524,180,521,180,519,178,519,177,519,177,519,175,518,174,515,174,510,174,510,174,506,174,503,173,502,172,500,171,497,170,493,170,493,170,488,170,484,170,484,170,479,170,475,170,475,170,471,170,466,170,466,170,462,170,457,170,457,170,453,170,450,171,448,172,447,173,444,174,441,174,440,175,441,176,444,177,447,177,448,178,448,180,448,180,448,182,447,183,444,183,440,183,440,183,435,183,432,184,431,185,429,186,426,187,422,187,422,187,417,187,414,187,413,188,412,189,409,190,406,189,404,188,403,187,400,187,397,187,395,188,394,189,391,190,388,190,386,191,385,192,382,193,379,194,378,195,376,196,373,196,370,197,369,198,367,199,364,200,360,200,360,200,355,200,352,200,351,201,351,203,351,203,351,204,351,206,351,206,351,208,352,209,355,209,358,209,360,208,361,207,364,206,369,206,369,206,373,206,376,205,378,204,379,203,382,203,385,203,386,204,388,205,391,206,395,206,395,206,400,206,404,206,404,206,409,206,413,206,413,206,417,206,422,206,422,206,426,206,431,206,431,206,435,206,440,206,440,206,444,206,448,206,448,206,453,206,457,206,457,206,462,206,465,207,466,208,468,209,471,209,474,210,475,211,476,212,479,212,482,213,484,214,485,215,488,216,491,216,493,217,494,218,497,219,500,219,502,221,503,222,506,222,509,223,510,224,512,225,515,225,518,226,519,227,521,228,524,229,527,229,528,230,530,231,533,232,536,232,537,234,538,235,541,235,544,236,546,237,547,238,550,238,553,239,555,240,556,241,559,242,562,242,564,243,564,245,564,245,564,246,565,248,568,248,571,249,572,250,572,251,572,251,572,253,574,254,577,255,580,255,581,256,581,258,581,258,581,259,583,261,586,261,589,262,590,263,590,264,590,264,590,266,592,267,595,268,598,268,599,269,599,271,599,271,599,272,600,273,603,274,606,275,608,276,609,277,612,277,615,278,617,279,617,280,617,280,617,282,618,283,621,284,624,284,626,285,627,286,630,287,630,248
603,148,600,147,599,146,598,145,595,144,592,144,590,143,590,141,590,141,590,140,589,139,586,138,583,137,581,136,580,135,577,135,572,135,572,135,568,135,565,135,564,136,562,137,559,138,555,138,555,140,556,141,559,141,562,142,564,143,564,144,564,144,564,146,564,148,564,148,564,149,565,150,568,151,571,151,572,153,574,154,577,154,580,155,581,156,583,157,586,157,589,158,590,159,592,160,595,161,598,160,599,159,599,157,599,157,599,156,599,154,599,154,599,153,600,151,603,151,606,150,608,149,606,148,603,148
550,131,547,132,546,133,546,135,546,135,546,136,547,137,550,138,555,138,555,136,555,135,555,135,555,133,553,132,550,131
506,329,502,329,502,329,497,329,494,330,493,331,493,332,493,332,493,334,493,336,497,336,500,336,502,337,503,338,506,339,509,338,510,337,510,336,510,336,510,334,510,332,510,332,510,331,509,330,506,329
488,336,484,336,484,336,479,336,476,336,475,337,474,338,471,339,468,339,466,340,466,342,466,342,466,344,465,345,462,345,459,346,457,347,456,348,453,349,450,349,448,350,447,351,444,352,440,352,440,352,435,352,432,352,431,353,431,355,431,355,431,357,432,358,435,358,440,358,440,358,444,358,447,358,448,357,450,356,453,355,456,354,457,353,459,352,462,352,465,351,466,350,468,349,471,349,474,348,475,347,476,346,479,345,482,345,484,344,485,343,488,342,491,341,493,340,493,339,493,339,493,337,493,336,488,336
409,287,406,286,404,285,403,284,400,284,397,283,395,282,394,281,391,280,388,281,386,282,386,284,386,284,386,285,385,286,382,287,379,286,378,285,378,284,378,284,378,282,378,280,378,280,378,279,379,278,382,277,385,277,386,276,386,274,386,274,386,272,385,271,382,271,379,270,378,269,376,268,373,268,369,268,369,268,364,268,361,268,360,269,358,270,355,271,352,270,351,269,350,268,347,268,344,267,342,266,342,264,342,264,342,263,342,261,342,261,342,259,341,258,338,258,335,257,333,256,333,255,333,255,333,253,332,252,329,251,326,251,324,250,323,249,320,248,316,248,316,248,311,248,307,248,307,248,302,248,298,248,298,250,298,251,298,251,298,253,298,255,298,255,298,256,296,257,293,258,290,257,289,256,288,255,285,255,282,255,280,256,280,258,280,258,280,259,282,261,285,261,288,262,289,263,289,264,289,264,289,266,289,268,289,268,289,269,289,271,289,271,289,272,289,274,289,274,289,276,289,277,289,277,289,279,289,280,289,280,289,282,290,283,293,284,296,284,298,285,299,286,302,287,305,288,307,289,307,290,307,290,307,292,307,293,307,293,307,295,308,296,311,297,316,297,316,297,320,297,323,296,324,295,326,294,329,293,332,293,333,292,333,290,333,290,333,289,335,288,338,287,341,288,342,289,342,290,342,290,342,292,342,293,342,293,342,295,342,297,342,297,342,298,342,300,342,300,342,302,342,303,342,303,342,305,344,306,347,306,350,306,351,305,352,304,355,303,358,303,360,302,361,300,364,300,369,300,369,300,373,300,376,299,378,298,378,297,378,297,378,295,379,294,382,293,385,294,386,295,386,297,386,297,386,298,388,299,391,300,394,299,395,298,397,297,400,297,404,297,404,297,409,297,412,296,413,295,413,293,413,293,413,292,413,290,413,290,413,289,412,288,409,287
364,290,361,291,360,292,361,293,364,293,367,293,369,292,367,291,364,290
391,177,386,177,386,177,382,177,379,177,378,178,376,180,373,180,370,181,369,182,370,183,373,183,378,183,378,183,382,183,385,183,386,182,388,181,391,180,394,180,395,178,394,177,391,177
373,232,369,232,369,232,364,232,361,231,360,230,361,229,364,229,367,228,369,227,369,225,369,225,369,224,367,223,364,222,361,222,360,221,360,219,360,219,360,217,358,216,355,216,351,216,351,216,347,216,342,216,342,216,338,216,335,216,333,217,333,219,333,219,333,221,333,222,333,222,333,224,333,225,333,225,333,227,333,229,333,229,333,230,335,231,338,232,341,232,342,234,342,235,342,235,342,237,341,238,338,238,335,239,333,240,333,242,333,242,333,243,335,244,338,245,342,245,342,245,347,245,351,245,351,245,355,245,358,244,360,243,361,242,364,242,367,241,369,240,370,239,373,238,376,238,378,237,378,235,378,235,378,234,376,232,373,232
293,245,289,245,289,246,290,248,293,248,298,248,298,246,296,245,293,245
285,238,282,239,280,240,280,242,280,242,280,243,282,244,285,245,289,245,289,243,289,242,289,242,289,240,288,239,285,238
267,151,264,150,262,149,261,148,258,148,255,147,254,146,254,144,254,144,254,143,254,141,254,141,254,140,254,138,254,138,254,136,254,135,254,135,254,133,254,131,254,131,254,130,252,129,249,128,246,128,245,127,245,125,245,125,245,123,243,122,240,122,236,122,236,122,231,122,228,122,227,123,227,125,227,125,227,127,228,128,231,128,234,129,236,130,236,131,236,131,236,133,237,134,240,135,243,135,245,136,245,138,245,138,245,140,243,141,240,141,237,142,236,143,236,144,236,144,236,146,237,147,240,148,243,148,245,149,246,150,249,151,252,151,254,153,254,154,254,154,254,156,255,157,258,157,261,157,262,156,264,155,267,154,270,154,271,153,270,151,267,151
249,274,245,274,245,276,246,277,249,277,252,277,254,276,252,275,249,274
240,271,237,270,236,269,236,268,236,268,236,266,234,265,231,264,228,264,227,263,227,261,227,261,227,259,226,258,223,258,220,257,218,256,217,255,214,255,209,255,209,255,205,255,202,255,200,256,199,257,196,258,193,258,192,259,190,261,187,261,184,261,183,259,181,258,178,258,175,258,174,259,174,261,174,261,174,263,172,264,169,264,166,264,165,263,165,261,165,261,165,259,164,258,161,258,158,257,156,256,156,255,156,255,156,253,155,252,152,251,149,251,147,250,147,248,147,248,147,246,146,245,143,245,140,244,138,243,137,242,134,242,131,241,130,240,128,239,125,238,122,239,121,240,119,241,116,242,113,241,112,240,110,239,107,238,103,238,103,238,99,238,94,238,94,238,90,238,87,238,85,237,84,236,81,235,76,235,76,237,75,238,72,238,69,239,68,240,69,241,72,242,75,242,76,243,76,245,76,245,76,246,78,248,81,248,84,249,85,250,85,251,85,251,85,253,87,254,90,255,93,255,94,256,96,257,99,258,102,258,103,259,103,261,103,261,103,263,104,264,107,264,110,265,112,266,113,267,116,268,119,268,121,269,121,271,121,271,121,272,122,273,125,274,128,275,130,276,130,277,130,277,130,279,131,280,134,280,137,281,138,282,140,283,143,284,146,284,147,285,149,286,152,287,155,288,156,289,158,290,161,290,164,291,165,292,166,293,169,293,172,294,174,295,175,296,178,297,181,297,183,298,184,299,187,300,190,300,192,302,193,303,196,303,199,304,200,305,202,306,205,306,208,307,209,308,211,309,214,310,217,309,218,308,218,306,218,306,218,305,218,303,218,303,218,302,218,300,218,300,218,298,220,297,223,297,226,297,227,298,228,299,231,300,234,299,236,298,236,297,236,297,236,295,236,293,236,293,236,292,234,291,231,290,228,290,227,289,227,287,227,287,227,285,228,284,231,284,236,284,236,284,240,284,243,283,245,282,243,281,240,280,237,280,236,279,236,277,236,277,236,276,237,275,240,274,245,274,245,272,243,271,240,271
214,290,211,291,209,292,211,293,214,293,217,293,218,292,217,291,214,290
107,462,104,461,103,460,102,459,99,459,94,459,94,459,90,459,87,458,85,457,84,456,81,455,78,456,76,457,76,459,76,459,76,460,76,462,76,462,76,464,76,465,81,465,85,465,85,465,90,465,94,465,94,465,99,465,102,466,103,467,104,468,107,468,110,468,112,467,112,465,112,465,112,464,110,462,107,462
99,216,96,216,94,217,96,218,99,219,102,218,103,217,102,216,99,216
72,229,68,229,68,230,68,232,68,232,68,234,69,235,72,235,76,235,76,234,76,232,76,232,76,230,75,229,72,229
72,465,69,466,68,467,69,468,72,468,75,468,76,467,76,465,72,465
63,225,59,225,59,227,60,228,63,229,68,229,68,227,66,226,63,225
63,417,60,417,59,418,60,419,63,420,66,419,68,418,66,417,63,417
54,222,50,222,50,224,51,225,54,225,59,225,59,224,57,223,54,222
45,212,42,212,41,211,40,210,37,209,34,209,32,208,31,207,28,206,23,206,23,208,23,209,23,209,23,211,23,212,23,212,23,214,25,215,28,216,31,216,32,217,34,218,37,219,40,219,41,221,42,222,45,222,50,222,50,221,50,219,50,219,50,217,50,216,50,216,50,214,48,213,45,212
19,203,16,203,14,204,16,205,19,206,23,206,23,204,22,203,19,203
