10,400,14,400,14,399,13,398,10,397,10,400
10,423,13,422,14,421,13,420,10,420,10,423
59,470,59,468,59,468,59,467,57,466,54,465,51,466,50,467,48,468,45,468,41,468,41,468,37,468,32,468,32,470,59,470
76,470,75,469,72,468,69,469,68,470,76,470
630,407,627,407,626,408,624,410,621,410,618,411,617,412,615,413,612,413,609,414,608,415,608,417,608,417,608,418,608,420,608,420,608,421,608,423,608,423,608,425,608,426,608,426,608,428,609,429,612,430,617,430,617,430,621,430,626,430,626,430,630,430,630,407
630,245,626,245,626,245,621,245,618,244,617,243,617,242,617,242,617,240,617,238,617,238,617,237,617,235,617,235,617,234,615,232,612,232,609,231,608,230,609,229,612,229,615,228,617,227,617,225,617,225,617,224,618,223,621,222,626,222,626,222,630,222,630,164,626,164,626,164,621,164,617,164,617,164,612,164,608,164,608,164,603,164,600,163,599,162,600,161,603,161,608,161,608,161,612,161,617,161,617,161,621,161,624,160,626,159,626,157,626,157,626,156,624,155,621,154,618,154,617,153,615,151,612,151,609,150,608,149,606,148,603,148,599,148,599,148,595,148,590,148,590,148,586,148,581,148,581,148,577,148,572,148,572,148,568,148,565,148,564,149,562,150,559,151,556,151,555,153,553,154,550,154,546,154,546,154,541,154,538,155,537,156,536,157,533,157,530,158,528,159,527,160,524,161,521,161,519,162,519,164,519,164,519,165,518,167,515,167,510,167,510,167,506,167,503,168,502,169,500,170,497,170,494,170,493,169,491,168,488,167,485,168,484,169,482,170,479,170,475,170,475,170,471,170,466,170,466,170,462,170,457,170,457,170,453,170,450,171,448,172,447,173,444,174,441,174,440,175,440,177,440,177,440,178,440,180,440,180,440,182,438,183,435,183,432,184,431,185,429,186,426,187,422,187,422,187,417,187,414,187,413,188,412,189,409,190,404,190,404,190,400,190,397,190,395,191,395,193,395,193,395,195,394,196,391,196,388,197,386,198,386,200,386,200,386,201,385,202,382,203,379,203,378,204,376,205,373,206,370,207,369,208,369,209,369,209,369,211,369,212,369,212,369,214,367,215,364,216,360,216,360,216,355,216,352,216,351,217,351,219,351,219,351,221,350,222,347,222,344,223,342,224,344,225,347,225,350,226,351,227,350,228,347,229,344,229,342,230,342,232,342,232,342,234,342,235,342,235,342,237,342,238,342,238,342,240,342,242,342,242,342,243,344,244,347,245,350,245,351,246,351,248,351,248,351,250,352,251,355,251,358,252,360,253,360,255,360,255,360,256,360,258,360,258,360,259,360,261,360,261,360,263,360,264,360,264,360,266,360,268,360,268,360,269,360,271,360,271,360,272,360,274,360,274,360,276,361,277,364,277,367,278,369,279,370,280,373,280,376,281,378,282,378,284,378,284,378,285,379,286,382,287,385,288,386,289,388,290,391,290,394,291,395,292,397,293,400,293,403,294,404,295,406,296,409,297,413,297,413,297,417,297,420,297,422,298,423,299,426,300,431,300,431,300,435,300,440,300,440,300,444,300,448,300,448,300,453,300,457,300,457,300,462,300,466,300,466,300,471,300,474,299,475,298,475,297,475,297,475,295,474,294,471,293,468,293,466,292,466,290,466,290,466,289,468,288,471,287,474,286,475,285,475,284,475,284,475,282,476,281,479,280,482,280,484,279,482,278,479,277,476,277,475,276,476,275,479,274,482,273,484,272,482,271,479,271,476,270,475,269,475,268,475,268,475,266,475,264,475,264,475,263,474,262,471,261,468,261,466,259,466,258,466,258,466,256,465,255,462,255,459,254,457,253,457,251,457,251,457,250,456,249,453,248,450,248,448,246,448,245,448,245,448,243,447,242,444,242,441,241,440,240,438,239,435,238,432,238,431,237,431,235,431,235,431,234,431,232,431,232,431,230,431,229,431,229,431,227,431,225,431,225,431,224,429,223,426,222,423,222,422,221,422,219,422,219,422,217,423,216,426,216,431,216,431,216,435,216,440,216,440,216,444,216,447,216,448,217,450,218,453,219,457,219,457,219,462,219,466,219,466,219,471,219,475,219,475,219,479,219,484,219,484,219,488,219,493,219,493,219,497,219,502,219,502,219,506,219,510,219,510,219,515,219,518,219,519,221,521,222,524,222,528,222,528,222,533,222,536,223,537,224,538,225,541,225,544,226,546,227,547,228,550,229,553,229,555,230,556,231,559,232,562,232,564,234,565,235,568,235,571,236,572,237,574,238,577,238,580,239,581,240,581,242,581,242,581,243,583,244,586,245,589,245,590,246,590,248,590,248,590,250,592,251,595,251,598,252,599,253,599,255,599,255,599,256,600,257,603,258,606,258,608,259,609,261,612,261,615,262,617,263,618,264,621,264,626,264,626,264,630,264,630,245
595,384,592,385,590,386,589,387,586,387,581,387,581,387,577,387,574,388,572,389,571,390,568,391,564,391,564,391,559,391,555,391,555,391,550,391,547,391,546,392,544,393,541,394,538,394,537,395,537,397,537,397,537,399,538,400,541,400,546,400,546,400,550,400,553,401,555,402,556,403,559,404,562,404,564,405,565,406,568,407,572,407,572,407,577,407,581,407,581,407,586,407,590,407,590,407,595,407,598,406,599,405,599,404,599,404,599,402,599,400,599,400,599,399,599,397,599,397,599,395,599,394,599,394,599,392,599,391,599,391,599,389,599,387,599,387,599,386,598,385,595,384
497,355,494,356,493,357,494,358,497,358,500,358,502,357,500,356,497,355
471,355,468,356,466,357,468,358,471,358,474,358,475,357,474,356,471,355
373,148,369,148,369,148,364,148,360,148,360,148,355,148,351,148,351,148,347,148,344,148,342,149,341,150,338,151,335,151,333,153,333,154,333,154,333,156,335,157,338,157,342,157,342,157,347,157,350,157,351,156,352,155,355,154,360,154,360,154,364,154,367,154,369,153,370,151,373,151,376,150,378,149,376,148,373,148
355,358,352,358,351,357,350,356,347,355,344,354,342,353,341,352,338,352,335,352,333,353,333,355,333,355,333,357,333,358,333,358,333,360,333,361,333,361,333,363,333,365,333,365,333,366,335,367,338,368,342,368,342,368,347,368,350,367,351,366,352,365,355,365,358,364,360,363,360,361,360,361,360,360,358,359,355,358
302,144,299,144,298,143,296,142,293,141,290,142,289,143,289,144,289,144,289,146,288,147,285,148,280,148,280,148,276,148,271,148,271,148,267,148,264,147,262,146,261,145,258,144,255,144,254,143,252,142,249,141,246,141,245,140,243,139,240,138,237,137,236,136,236,135,236,135,236,133,234,132,231,131,228,132,227,133,227,135,227,135,227,136,226,137,223,138,220,139,218,140,218,141,218,141,218,143,220,144,223,144,226,145,227,146,226,147,223,148,220,148,218,149,218,151,218,151,218,153,220,154,223,154,226,155,227,156,227,157,227,157,227,159,228,160,231,161,236,161,236,161,240,161,243,161,245,162,245,164,245,164,245,165,246,167,249,167,252,167,254,165,254,164,254,164,254,162,255,161,258,161,262,161,262,161,267,161,271,161,271,161,276,161,280,161,280,161,285,161,289,161,289,161,293,161,296,160,298,159,299,158,302,157,305,157,307,156,307,154,307,154,307,153,307,151,307,151,307,149,307,148,307,148,307,146,305,145,302,144
302,339,299,338,298,337,298,336,298,336,298,334,298,332,298,332,298,331,296,330,293,329,290,329,289,327,289,326,289,326,289,324,288,323,285,323,282,322,280,321,280,319,280,319,280,318,279,317,276,316,273,316,271,315,270,313,267,313,264,313,262,315,262,316,262,316,262,318,262,319,262,319,262,321,261,322,258,323,255,322,254,321,252,320,249,319,246,319,245,318,243,317,240,316,237,316,236,315,236,313,236,313,236,311,236,310,236,310,236,308,236,306,236,306,236,305,236,303,236,303,236,302,237,300,240,300,243,299,245,298,245,297,245,297,245,295,245,293,245,293,245,292,243,291,240,290,237,290,236,289,236,287,236,287,236,285,234,284,231,284,228,283,227,282,226,281,223,280,220,280,218,279,217,278,214,277,209,277,209,277,205,277,202,277,200,276,199,275,196,274,192,274,192,274,187,274,184,273,183,272,181,271,178,271,174,271,174,271,169,271,166,270,165,269,164,268,161,268,156,268,156,268,152,268,149,267,147,266,146,265,143,264,140,264,138,263,138,261,138,261,138,259,137,258,134,258,131,257,130,256,128,255,125,255,122,254,121,253,119,252,116,251,113,252,112,253,110,254,107,255,103,255,103,255,99,255,94,255,94,255,90,255,87,255,85,256,87,257,90,258,94,258,94,258,99,258,102,258,103,259,103,261,107,261,110,262,112,263,110,264,107,264,104,264,103,263,103,261,99,261,96,262,94,263,93,264,90,264,87,265,85,266,87,267,90,268,93,268,94,269,96,270,99,271,103,271,103,271,107,271,110,271,112,272,112,274,112,274,112,276,112,277,112,277,112,279,113,280,116,280,119,281,121,282,121,284,121,284,121,285,122,286,125,287,128,288,130,289,130,290,130,290,130,292,131,293,134,293,137,294,138,295,138,297,138,297,138,298,138,300,138,300,138,302,140,303,143,303,146,304,147,305,149,306,152,306,155,307,156,308,158,309,161,310,164,310,165,311,166,312,169,313,172,313,174,315,175,316,178,316,181,317,183,318,184,319,187,319,190,320,192,321,193,322,196,323,199,323,200,324,200,326,200,326,200,327,200,329,200,329,200,331,202,332,205,332,209,332,209,332,214,332,217,333,218,334,220,335,223,336,227,336,227,336,231,336,234,336,236,337,237,338,240,339,245,339,245,339,249,339,252,339,254,340,255,341,258,342,261,343,262,344,261,345,258,345,255,346,254,347,255,348,258,349,262,349,262,349,267,349,270,349,271,350,273,351,276,352,280,352,280,352,285,352,288,351,289,350,290,349,293,349,298,349,298,349,302,349,305,348,307,347,307,345,307,345,307,344,307,342,307,342,307,340,305,339,302,339
161,258,158,258,156,259,156,261,156,261,156,263,158,264,161,264,164,264,165,263,165,261,165,261,165,259,164,258,161,258
152,251,147,251,147,253,149,254,152,255,155,254,156,253,155,252,152,251
143,248,140,249,138,250,140,251,143,251,147,251,147,250,146,249,143,248
116,238,112,238,112,240,113,241,116,242,119,241,121,240,119,239,116,238
116,462,113,461,112,460,110,459,107,459,103,459,103,459,99,459,96,459,94,460,93,461,90,462,87,462,85,464,87,465,90,465,93,466,94,467,96,468,99,468,103,468,103,468,107,468,110,468,112,467,113,466,116,465,119,465,121,464,119,462,116,462
107,235,104,236,103,237,104,238,107,238,112,238,112,237,110,236,107,235
37,394,32,394,32,394,28,394,25,394,23,395,23,397,23,397,23,399,23,400,28,400,32,400,32,400,37,400,40,400,41,399,41,397,41,397,41,395,40,394,37,394
28,430,25,430,23,431,23,433,23,433,23,434,25,435,28,436,31,435,32,434,32,433,32,433,32,431,31,430,28,430
28,459,25,458,23,457,23,455,23,455,23,454,22,453,19,452,16,453,14,454,14,455,14,455,14,457,14,459,14,459,14,460,14,462,14,462,14,464,16,465,19,465,22,466,23,467,25,468,28,468,32,468,32,467,32,465,32,465,32,464,32,462,32,462,32,460,31,459,28,459
19,400,14,400,14,402,16,403,19,404,22,403,23,402,23,400,19,400
