10,170,13,170,14,169,13,168,10,167,10,170
10,200,13,200,14,201,14,203,14,203,14,204,14,206,14,206,14,208,14,209,14,209,14,211,14,212,14,212,14,214,16,215,19,216,22,216,23,217,25,218,28,219,31,219,32,221,34,222,37,222,41,222,41,222,45,222,50,222,50,221,50,219,50,219,50,217,50,216,50,216,50,214,48,213,45,212,42,212,41,211,40,210,37,209,34,209,32,208,31,207,28,206,25,205,23,204,23,203,23,203,23,201,23,200,23,200,23,198,25,197,28,196,31,196,32,195,32,193,32,193,32,191,32,190,32,190,32,188,31,187,28,187,25,186,23,185,22,184,19,183,16,183,14,182,13,181,10,180,10,200
59,470,59,468,59,468,59,467,60,466,63,465,68,465,68,464,66,462,63,462,60,461,59,460,57,459,54,459,51,459,50,460,50,462,50,462,50,464,50,465,50,465,50,467,50,468,50,468,50,470,59,470
630,245,627,244,626,243,624,242,621,242,618,241,617,240,617,238,617,238,617,237,617,235,617,235,617,234,617,232,617,232,617,230,617,229,617,229,617,227,615,226,612,225,609,225,608,224,608,222,608,222,608,221,606,219,603,219,600,218,599,217,599,216,599,216,599,214,599,212,599,212,599,211,599,209,599,209,599,208,599,206,599,206,599,204,598,203,595,203,592,202,590,201,590,200,590,200,590,198,590,196,590,196,590,195,590,193,590,193,590,191,589,190,586,190,583,189,581,188,581,187,581,187,581,185,580,184,577,183,574,183,572,182,571,181,568,180,565,180,564,178,562,177,559,177,555,177,555,177,550,177,547,177,546,178,544,180,541,180,537,180,537,180,533,180,530,180,528,178,527,177,524,177,521,176,519,175,518,174,515,174,512,173,510,172,509,171,506,170,502,170,502,170,497,170,493,170,493,170,488,170,484,170,484,170,479,170,475,170,475,170,471,170,466,170,466,170,462,170,457,170,457,170,453,170,450,171,448,172,447,173,444,174,441,174,440,175,441,176,444,177,447,177,448,178,448,180,448,180,448,182,447,183,444,183,440,183,440,183,435,183,432,184,431,185,429,186,426,187,422,187,422,187,417,187,414,187,413,188,412,189,409,190,406,189,404,188,403,187,400,187,397,187,395,188,395,190,395,190,395,191,394,192,391,193,386,193,386,193,382,193,379,194,378,195,378,196,378,196,378,198,376,199,373,200,369,200,369,200,364,200,361,200,360,201,358,202,355,203,352,203,351,204,351,206,351,206,351,208,352,209,355,209,360,209,360,209,364,209,367,209,369,208,370,207,373,206,378,206,378,206,382,206,386,206,386,206,391,206,395,206,395,206,400,206,404,206,404,206,409,206,413,206,413,206,417,206,422,206,422,206,426,206,431,206,431,206,435,206,440,206,440,206,444,206,448,206,448,206,453,206,456,207,457,208,459,209,462,209,466,209,466,209,471,209,474,210,475,211,476,212,479,212,482,213,484,214,485,215,488,216,491,216,493,217,494,218,497,219,500,219,502,221,502,222,502,222,502,224,503,225,506,225,510,225,510,225,515,225,518,226,519,227,521,228,524,229,527,229,528,230,530,231,533,232,537,232,537,232,541,232,544,232,546,234,546,235,546,235,546,237,547,238,550,238,553,239,555,240,556,241,559,242,562,242,564,243,564,245,564,245,564,246,565,248,568,248,571,249,572,250,572,251,572,251,572,253,574,254,577,255,580,255,581,256,581,258,581,258,581,259,583,261,586,261,589,262,590,263,590,264,590,264,590,266,592,267,595,268,598,268,599,269,600,270,603,271,606,271,608,272,608,274,608,274,608,276,609,277,612,277,615,278,617,279,618,280,621,280,624,281,626,282,626,284,626,284,626,285,627,286,630,287,630,245
603,144,599,144,599,144,595,144,590,144,590,144,586,144,583,144,581,143,581,141,581,141,581,140,581,138,581,138,581,136,580,135,577,135,572,135,572,135,568,135,564,135,564,135,559,135,556,134,555,133,553,132,550,131,547,132,546,133,546,135,546,135,546,136,547,137,550,138,553,138,555,140,555,141,555,141,555,143,555,144,555,144,555,146,555,148,555,148,555,149,556,150,559,151,562,151,564,153,564,154,564,154,564,156,565,157,568,157,572,157,572,157,577,157,581,157,581,157,586,157,590,157,590,157,595,157,598,157,599,156,599,154,599,154,599,153,600,151,603,151,606,150,608,149,608,148,608,148,608,146,606,145,603,144
453,349,450,349,448,350,448,352,453,352,456,351,457,350,456,349,453,349
444,352,441,352,440,353,441,354,444,355,447,354,448,353,448,352,444,352
400,290,397,291,395,292,394,293,391,293,386,293,386,295,386,297,386,297,386,298,388,299,391,300,394,299,395,298,397,297,400,297,403,296,404,295,404,293,404,293,404,292,403,291,400,290
382,271,378,271,378,271,373,271,370,271,369,272,369,274,373,274,378,274,378,274,382,274,385,273,386,272,385,271,382,271
382,290,378,290,378,290,373,290,370,291,369,292,367,293,364,293,361,293,360,292,360,290,360,290,360,289,361,288,364,287,369,287,369,287,373,287,376,286,378,285,378,284,378,284,378,282,378,280,378,280,378,279,376,278,373,277,370,277,369,276,369,274,364,274,360,274,360,274,355,274,351,274,351,274,347,274,344,273,342,272,342,271,342,271,342,269,341,268,338,268,335,267,333,266,332,265,329,264,326,264,324,263,323,262,320,261,317,262,316,263,314,264,311,264,308,264,307,263,305,262,302,261,299,262,298,263,298,264,298,264,298,266,298,268,298,268,298,269,299,270,302,271,305,271,307,272,307,274,307,274,307,276,307,277,307,277,307,279,307,280,307,280,307,282,308,283,311,284,314,284,316,285,316,287,316,287,316,289,316,290,316,290,316,292,317,293,320,293,323,293,324,292,326,291,329,290,333,290,333,290,338,290,341,291,342,292,342,293,342,293,342,295,344,296,347,297,350,297,351,298,350,299,347,300,344,300,342,302,344,303,347,303,351,303,351,303,355,303,360,303,360,303,364,303,369,303,369,303,373,303,376,303,378,302,378,300,378,300,378,298,378,297,378,297,378,295,379,294,382,293,386,293,386,292,385,291,382,290
338,284,333,284,333,282,332,281,329,280,324,280,324,279,324,277,324,277,324,276,323,275,320,274,317,275,316,276,316,277,316,277,316,279,317,280,320,280,324,280,324,282,326,283,329,284,333,284,333,285,335,286,338,287,341,286,342,285,341,284,338,284
373,232,370,231,369,230,369,229,369,229,369,227,369,225,369,225,369,224,369,222,369,222,369,221,367,219,364,219,361,218,360,217,358,216,355,216,351,216,351,216,347,216,344,216,342,217,342,219,342,219,342,221,341,222,338,222,335,223,333,224,335,225,338,225,341,226,342,227,342,229,342,229,342,230,342,232,342,232,342,234,342,235,342,235,342,237,341,238,338,238,335,239,333,240,333,242,333,242,333,243,335,244,338,245,342,245,342,245,347,245,350,245,351,246,352,248,355,248,360,248,360,248,364,248,367,248,369,246,369,245,369,245,369,243,370,242,373,242,376,241,378,240,378,238,378,238,378,237,378,235,378,235,378,234,376,232,373,232
329,255,324,255,324,256,326,257,329,258,332,257,333,256,332,255,329,255
320,251,317,252,316,253,317,254,320,255,324,255,324,253,323,252,320,251
285,255,282,255,280,256,282,257,285,258,288,257,289,256,288,255,285,255
258,148,255,147,254,146,254,144,254,144,254,143,252,142,249,141,245,141,245,141,240,141,237,142,236,143,236,144,236,144,236,146,236,148,236,148,236,149,237,150,240,151,245,151,245,151,249,151,252,151,254,153,255,154,258,154,261,154,262,153,262,151,262,151,262,149,261,148,258,148
258,284,255,283,254,282,254,280,254,280,254,279,252,278,249,277,246,277,245,276,245,274,245,274,245,272,243,271,240,271,237,270,236,269,236,268,236,268,236,266,234,265,231,264,228,264,227,263,227,261,227,261,227,259,226,258,223,258,220,258,218,259,218,261,218,261,218,263,218,264,218,264,218,266,218,268,218,268,218,269,218,271,218,271,218,272,217,273,214,274,211,273,209,272,209,271,209,271,209,269,209,268,209,268,209,266,208,265,205,264,200,264,200,264,196,264,192,264,192,264,187,264,184,264,183,263,181,262,178,261,174,261,174,261,169,261,166,261,165,259,164,258,161,258,158,257,156,256,156,255,156,255,156,253,155,252,152,251,149,251,147,250,147,248,147,248,147,246,146,245,143,245,140,244,138,243,137,242,134,242,130,242,130,242,125,242,121,242,121,242,116,242,112,242,112,242,107,242,103,242,103,242,99,242,96,242,94,243,94,245,99,245,102,245,103,246,102,248,99,248,96,248,94,246,94,245,90,245,85,245,85,246,85,248,85,248,85,250,87,251,90,251,93,252,94,253,94,255,94,255,94,256,96,257,99,258,103,258,103,258,107,258,110,258,112,259,110,261,107,261,104,262,103,263,103,264,103,264,103,266,104,267,107,268,110,268,112,269,113,270,116,271,119,271,121,272,121,274,121,274,121,276,122,277,125,277,128,278,130,279,130,280,130,280,130,282,131,283,134,284,137,284,138,285,140,286,143,287,146,288,147,289,149,290,152,290,155,291,156,292,158,293,161,293,164,294,165,295,165,297,165,297,165,298,166,299,169,300,172,300,174,302,175,303,178,303,183,303,183,303,187,303,190,304,192,305,193,306,196,306,200,306,200,306,205,306,208,307,209,308,211,309,214,310,218,310,218,310,223,310,226,309,227,308,227,306,227,306,227,305,228,304,231,303,234,304,236,305,237,306,240,306,243,306,245,305,246,304,249,303,252,303,254,302,254,300,254,300,254,298,255,297,258,297,261,296,262,295,262,293,262,293,262,292,262,290,262,290,262,289,262,287,262,287,262,285,261,284,258,284
249,128,246,128,245,127,243,126,240,125,237,126,236,127,236,128,236,128,236,130,237,131,240,131,243,132,245,133,246,134,249,135,252,134,254,133,254,131,254,131,254,130,252,129,249,128
107,462,103,462,103,462,99,462,94,462,94,462,90,462,85,462,85,462,81,462,78,462,76,464,76,465,81,465,85,465,85,465,90,465,93,466,94,467,96,468,99,468,103,468,103,468,107,468,110,468,112,467,112,465,112,465,112,464,110,462,107,462
81,235,78,235,76,234,75,232,72,232,68,232,68,234,68,235,68,235,68,237,68,238,68,238,68,240,69,241,72,242,75,242,76,243,78,244,81,245,85,245,85,243,85,242,85,242,85,240,85,238,85,238,85,237,84,236,81,235
72,465,68,465,68,467,69,468,72,468,75,468,76,467,76,465,72,465
63,225,60,225,59,224,57,223,54,222,50,222,50,224,50,225,50,225,50,227,51,228,54,229,57,229,59,230,60,231,63,232,68,232,68,230,68,229,68,229,68,227,66,226,63,225
