10,180,14,180,14,178,13,177,10,177,10,180
10,193,14,193,14,193,19,193,23,193,23,191,22,190,19,190,16,189,14,188,16,187,19,187,23,187,23,187,28,187,31,187,32,188,32,190,32,190,32,191,31,192,28,193,23,193,23,195,23,196,23,196,23,198,22,199,19,200,16,200,14,201,16,202,19,203,22,203,23,204,25,205,28,206,32,206,32,206,37,206,40,207,41,208,42,209,45,209,50,209,50,209,54,209,59,209,59,208,60,207,63,206,66,207,68,208,66,209,63,209,59,209,59,211,57,212,54,212,50,212,50,212,45,212,42,213,41,214,41,216,41,216,41,217,42,218,45,219,48,218,50,217,51,216,54,216,59,216,59,216,63,216,66,216,68,217,69,218,72,219,76,219,76,219,81,219,84,218,85,217,84,216,81,216,78,215,76,214,76,212,76,212,76,211,76,209,76,209,76,208,76,206,76,206,76,204,75,203,72,203,68,203,68,203,63,203,60,202,59,201,60,200,63,200,66,199,68,198,68,196,63,196,60,196,59,195,57,194,54,193,51,194,50,195,50,196,50,196,50,198,48,199,45,200,42,199,41,198,41,196,41,196,41,195,41,193,41,193,41,191,41,190,41,190,41,188,42,187,45,187,48,186,50,185,50,183,50,183,50,182,48,181,45,180,42,180,41,178,40,177,37,177,34,176,32,175,31,174,28,174,25,174,23,175,23,177,23,177,23,178,22,180,19,180,14,180,14,182,13,183,10,183,10,193
484,470,482,469,479,468,476,468,475,467,475,465,475,465,475,464,475,462,475,462,475,460,474,459,471,459,468,459,466,460,465,461,462,462,459,462,457,464,457,465,457,465,457,467,459,468,462,468,465,469,466,470,484,470
621,83,618,83,617,85,617,86,617,86,617,88,618,89,621,89,624,89,626,88,626,86,626,86,626,85,624,83,621,83
559,229,556,228,555,227,555,225,555,225,555,224,555,222,555,222,555,221,555,219,555,219,555,217,555,216,555,216,555,214,555,212,555,212,555,211,553,210,550,209,547,209,546,208,546,206,546,206,546,204,546,203,546,203,546,201,546,200,546,200,546,198,544,197,541,196,538,196,537,195,537,193,537,193,537,191,536,190,533,190,530,189,528,188,527,187,524,187,521,186,519,185,518,184,515,183,512,183,510,182,510,180,510,180,510,178,510,177,510,177,510,175,509,174,506,174,503,173,502,172,500,171,497,170,494,170,493,169,491,168,488,167,484,167,484,167,479,167,476,168,475,169,474,170,471,170,468,170,466,169,465,168,462,167,459,168,457,169,456,170,453,170,450,171,448,172,447,173,444,174,441,174,440,175,440,177,440,177,440,178,441,180,444,180,447,181,448,182,447,183,444,183,440,183,440,183,435,183,432,184,431,185,429,186,426,187,422,187,422,188,420,189,417,190,413,190,413,190,409,190,406,189,404,188,403,187,400,187,395,187,395,187,391,187,388,187,386,188,386,190,386,190,386,191,388,192,391,193,395,193,395,193,400,193,403,194,404,195,406,196,409,196,413,196,413,196,417,196,420,197,422,198,423,199,426,200,429,200,431,201,432,202,435,203,438,203,440,204,441,205,444,206,447,207,448,208,448,209,448,209,448,211,448,212,448,212,448,214,450,215,453,216,456,216,457,217,457,219,457,219,457,221,459,222,462,222,465,222,466,221,466,219,466,219,466,217,466,216,466,216,466,214,466,212,466,212,466,211,468,210,471,209,474,210,475,211,476,212,479,212,482,213,484,214,485,215,488,216,493,216,493,216,497,216,500,216,502,217,503,218,506,219,509,219,510,221,512,222,515,222,518,223,519,224,519,225,519,225,519,227,521,228,524,229,527,229,528,230,530,231,533,232,536,232,537,234,537,235,537,235,537,237,538,238,541,238,544,239,546,240,547,241,550,242,555,242,555,242,559,242,562,241,564,240,564,238,564,238,564,237,564,235,564,235,564,234,564,232,564,232,564,230,562,229,559,229
471,287,468,288,466,289,465,290,462,290,459,291,457,292,457,293,457,293,457,295,457,297,457,297,457,298,459,299,462,300,465,299,466,298,468,297,471,297,474,296,475,295,475,293,475,293,475,292,475,290,475,290,475,289,474,288,471,287
453,151,450,150,448,149,447,148,444,148,441,147,440,146,440,144,440,144,440,143,438,142,435,141,432,141,431,140,429,139,426,138,423,137,422,136,420,135,417,135,414,134,413,133,412,132,409,131,404,131,404,131,400,131,397,131,395,130,394,129,391,128,386,128,386,128,382,128,379,129,378,130,379,131,382,131,385,132,386,133,388,134,391,135,394,135,395,136,397,137,400,138,403,138,404,140,403,141,400,141,395,141,395,141,391,141,386,141,386,141,382,141,378,141,378,141,373,141,369,141,369,141,364,141,361,142,360,143,358,144,355,144,351,144,351,144,347,144,344,145,342,146,342,148,342,148,342,149,342,151,342,151,342,153,342,154,347,154,350,155,351,156,351,157,351,157,351,159,352,160,355,161,358,161,360,162,360,164,360,164,360,165,360,167,360,167,360,169,358,170,355,170,352,171,351,172,352,173,355,174,358,174,360,175,361,176,364,177,367,177,369,178,370,180,373,180,378,180,378,180,382,180,385,181,386,182,388,183,391,183,394,183,395,182,397,181,400,180,403,181,404,182,406,183,409,183,413,183,413,182,413,180,413,180,413,178,413,177,413,177,413,175,413,174,413,174,413,172,413,170,413,170,413,169,413,167,413,167,413,165,413,164,413,164,413,162,412,161,409,161,404,161,404,161,400,161,397,160,395,159,394,158,391,157,388,157,386,156,385,155,382,154,379,154,378,153,379,151,382,151,385,150,386,149,388,148,391,148,395,148,395,148,400,148,404,148,404,148,409,148,413,148,413,148,417,148,420,148,422,149,423,150,426,151,431,151,431,151,435,151,438,151,440,153,441,154,444,154,448,154,448,154,453,154,456,154,457,153,456,151,453,151
400,170,397,171,395,172,397,173,400,174,403,173,404,172,403,171,400,170
417,154,414,155,413,156,414,157,417,157,420,157,422,156,420,155,417,154
417,183,413,183,413,185,414,186,417,187,422,187,422,185,420,184,417,183
364,131,361,132,360,133,361,134,364,135,367,134,369,133,367,132,364,131
338,128,335,129,333,130,335,131,338,131,341,131,342,130,341,129,338,128
338,154,335,154,333,153,333,151,333,151,333,149,332,148,329,148,326,147,324,146,324,144,324,144,324,143,324,141,324,141,324,140,324,138,324,138,324,136,323,135,320,135,317,134,316,133,317,132,320,131,323,131,324,130,324,128,324,128,324,127,323,126,320,125,317,124,316,123,314,122,311,122,308,121,307,120,307,119,307,119,307,117,305,116,302,115,299,115,298,114,296,113,293,112,289,112,289,112,285,112,282,112,280,110,279,109,276,109,271,109,271,109,267,109,264,108,262,107,261,106,258,106,255,105,254,104,252,103,249,102,246,102,245,101,243,100,240,99,237,99,236,97,234,96,231,96,228,95,227,94,227,93,227,93,227,91,228,90,231,89,236,89,236,89,240,89,243,89,245,88,246,87,249,86,252,86,254,85,254,83,254,83,254,81,252,80,249,80,246,79,245,78,243,77,240,76,237,76,236,75,236,73,236,73,236,72,234,70,231,70,228,69,227,68,227,67,227,67,227,65,227,63,227,63,227,62,226,61,223,60,220,60,218,59,217,58,214,57,211,56,209,55,208,54,205,54,202,53,200,52,199,51,196,50,193,51,192,52,192,54,192,54,192,55,193,56,196,57,199,58,200,59,200,60,200,60,200,62,202,63,205,63,208,64,209,65,209,67,209,67,209,68,209,70,209,70,209,72,209,73,209,73,209,75,208,76,205,76,200,76,200,76,196,76,192,76,192,76,187,76,184,76,183,75,181,74,178,73,174,73,174,73,169,73,166,74,165,75,165,76,165,76,165,78,164,79,161,80,158,80,156,81,158,82,161,83,165,83,165,83,169,83,172,83,174,85,175,86,178,86,181,87,183,88,183,89,183,89,183,91,184,92,187,93,190,93,192,94,193,95,196,96,199,96,200,97,202,99,205,99,208,100,209,101,209,102,209,102,209,104,211,105,214,106,217,106,218,107,218,109,218,109,218,110,220,111,223,112,226,113,227,114,227,115,227,115,227,117,227,119,227,119,227,120,226,121,223,122,220,122,218,123,218,125,218,125,218,127,220,128,223,128,226,129,227,130,227,131,227,131,227,133,227,135,227,135,227,136,228,137,231,138,234,138,236,140,236,141,236,141,236,143,237,144,240,144,243,145,245,146,246,147,249,148,252,148,254,149,255,150,258,151,261,151,262,153,262,154,262,154,262,156,264,157,267,157,270,157,271,156,273,155,276,154,279,154,280,153,282,151,285,151,289,151,289,151,293,151,296,151,298,153,299,154,302,154,305,154,307,153,308,151,311,151,314,151,316,153,316,154,316,154,316,156,317,157,320,157,324,157,324,157,329,157,332,158,333,159,335,160,338,161,341,160,342,159,342,157,342,157,342,156,342,154,338,154
338,238,335,238,333,237,333,235,333,235,333,234,332,232,329,232,326,231,324,230,323,229,320,229,317,228,316,227,314,226,311,225,308,225,307,224,305,223,302,222,299,222,298,221,298,219,298,219,298,217,296,216,293,216,290,215,289,214,289,212,289,212,289,211,288,210,285,209,282,209,280,208,280,206,280,206,280,204,280,203,280,203,280,201,279,200,276,200,273,199,271,198,271,196,271,196,271,195,270,194,267,193,264,192,262,191,261,190,258,190,255,189,254,188,254,187,254,187,254,185,252,184,249,183,246,183,245,182,245,180,245,180,245,178,243,177,240,177,236,177,236,177,231,177,228,176,227,175,226,174,223,174,220,174,218,175,217,176,214,177,211,176,209,175,208,174,205,174,202,173,200,172,199,171,196,170,193,170,192,169,190,168,187,167,184,168,183,169,183,170,183,170,183,172,184,173,187,174,190,174,192,175,192,177,192,177,192,178,193,180,196,180,199,181,200,182,200,183,200,183,200,185,200,187,200,187,200,188,202,189,205,190,208,190,209,191,209,193,209,193,209,195,208,196,205,196,202,197,200,198,200,200,200,200,200,201,200,203,200,203,200,204,202,205,205,206,208,207,209,208,209,209,209,209,209,211,211,212,214,212,217,213,218,214,218,216,218,216,218,217,217,218,214,219,211,219,209,221,209,222,209,222,209,224,211,225,214,225,217,226,218,227,218,229,218,229,218,230,217,231,214,232,211,232,209,234,209,235,209,235,209,237,211,238,214,238,217,239,218,240,218,242,218,242,218,243,220,244,223,245,226,245,227,246,227,248,227,248,227,250,228,251,231,251,234,252,236,253,236,255,236,255,236,256,234,257,231,258,228,258,227,259,228,261,231,261,234,262,236,263,236,264,236,264,236,266,237,267,240,268,243,268,245,269,246,270,249,271,252,271,254,272,254,274,254,274,254,276,255,277,258,277,261,278,262,279,264,280,267,280,270,281,271,282,273,283,276,284,279,284,280,285,282,286,285,287,289,287,289,287,293,287,296,286,298,285,298,284,298,284,298,282,298,280,298,280,298,279,299,278,302,277,305,278,307,279,308,280,311,280,316,280,316,280,320,280,323,281,324,282,326,283,329,284,333,284,333,284,338,284,341,283,342,282,342,280,342,280,342,279,342,277,342,277,342,276,342,274,342,274,342,272,342,271,342,271,342,269,341,268,338,268,335,267,333,266,333,264,333,264,333,263,333,261,333,261,333,259,333,258,333,258,333,256,335,255,338,255,341,254,342,253,342,251,342,251,342,250,342,248,342,248,342,246,342,245,342,245,342,243,342,242,342,242,342,240,341,239,338,238
311,271,308,271,307,272,308,273,311,274,314,273,316,272,314,271,311,271
276,417,271,417,271,417,267,417,264,417,262,418,262,420,262,420,262,421,261,422,258,423,255,424,254,425,252,426,249,426,246,427,245,428,245,430,245,430,245,431,245,433,245,433,245,434,245,436,245,436,245,438,243,439,240,439,237,439,236,438,236,436,236,436,236,434,234,433,231,433,228,433,227,434,226,435,223,436,220,437,218,438,218,439,218,439,218,441,220,442,223,442,226,443,227,444,228,445,231,446,234,446,236,447,237,448,240,449,243,448,245,447,246,446,249,446,254,446,254,446,258,446,261,445,262,444,262,442,262,442,262,441,264,440,267,439,270,439,271,438,271,436,271,436,271,434,271,433,271,433,271,431,271,430,271,430,271,428,273,427,276,426,279,426,280,425,280,423,280,423,280,421,280,420,280,420,280,418,279,417,276,417
134,245,131,245,130,246,131,248,134,248,137,248,138,246,137,245,134,245
125,235,122,236,121,237,122,238,125,238,128,238,130,237,128,236,125,235
116,209,113,210,112,211,113,212,116,212,119,212,121,211,119,210,116,209
107,196,104,197,103,198,103,200,103,200,103,201,104,202,107,203,110,202,112,201,112,200,112,200,112,198,110,197,107,196
107,465,104,466,103,467,104,468,107,468,110,468,112,467,110,466,107,465
90,196,85,196,85,198,85,200,85,200,85,201,85,203,85,203,85,204,85,206,85,206,85,208,87,209,90,209,93,209,94,208,94,206,94,206,94,204,94,203,94,203,94,201,94,200,94,200,94,198,93,197,90,196
81,183,78,183,76,182,75,181,72,180,69,181,68,182,68,183,68,183,68,185,69,186,72,187,75,187,76,188,76,190,76,190,76,191,75,192,72,193,69,194,68,195,68,196,72,196,76,196,76,196,81,196,85,196,85,195,85,193,85,193,85,191,85,190,85,190,85,188,85,187,85,187,85,185,84,184,81,183
72,222,69,223,68,224,69,225,72,225,75,225,76,224,75,223,72,222
72,465,69,466,68,467,69,468,72,468,75,468,76,467,75,466,72,465
