10,180,13,180,14,178,13,177,10,177,10,180
10,196,13,197,14,198,16,199,19,200,22,199,23,198,23,196,23,196,23,195,22,194,19,193,16,192,14,191,13,190,10,190,10,196
10,433,14,433,14,433,19,433,22,432,23,431,23,430,23,430,23,428,22,427,19,426,16,426,14,425,13,424,10,423,10,433
630,248,627,248,626,246,624,245,621,245,618,244,617,243,617,242,617,242,617,240,617,238,617,238,617,237,615,236,612,235,609,236,608,237,608,238,608,238,608,240,606,241,603,242,600,242,599,243,599,245,599,245,599,246,600,248,603,248,606,249,608,250,608,251,608,251,608,253,608,255,608,255,608,256,609,257,612,258,615,258,617,259,618,261,621,261,626,261,626,261,630,261,630,248
586,219,583,218,581,217,581,216,581,216,581,214,581,212,581,212,581,211,580,210,577,209,574,209,572,208,572,206,572,206,572,204,572,203,572,203,572,201,571,200,568,200,565,199,564,198,564,196,564,196,564,195,564,193,564,193,564,191,562,190,559,190,556,189,555,188,553,187,550,187,546,187,546,187,541,187,537,187,537,187,533,187,528,187,528,187,524,187,521,186,519,185,519,183,519,183,519,182,518,181,515,180,512,180,510,178,510,177,510,177,510,175,509,174,506,174,503,173,502,172,500,171,497,170,493,170,493,170,488,170,484,170,484,170,479,170,475,170,475,170,471,170,466,170,466,170,462,170,457,170,457,170,453,170,450,171,448,172,447,173,444,174,441,174,440,175,440,177,440,177,440,178,441,180,444,180,447,181,448,182,447,183,444,183,440,183,440,183,435,183,432,184,431,185,429,186,426,187,423,186,422,185,420,184,417,183,413,183,413,185,412,186,409,187,404,187,404,187,400,187,397,186,395,185,395,183,395,183,395,182,397,181,400,180,403,181,404,182,406,183,409,183,413,183,413,182,413,180,413,180,413,178,412,177,409,177,404,177,404,177,400,177,397,176,395,175,395,174,395,174,395,172,397,171,400,170,403,170,404,169,403,168,400,167,395,167,395,167,391,167,386,167,386,167,382,167,378,167,378,167,373,167,369,167,369,167,364,167,361,168,360,169,360,170,360,170,360,172,360,174,360,174,360,175,360,177,360,177,360,178,358,180,355,180,351,180,351,180,347,180,342,180,342,180,338,180,335,181,333,182,333,183,333,183,333,185,335,186,338,187,341,187,342,188,344,189,347,190,350,189,351,188,352,187,355,187,358,187,360,188,361,189,364,190,367,189,369,188,370,187,373,187,378,187,378,187,382,187,385,187,386,188,385,189,382,190,379,190,378,191,376,192,373,193,370,194,369,195,370,196,373,196,376,197,378,198,379,199,382,200,386,200,386,200,391,200,395,200,395,200,400,200,403,200,404,201,406,202,409,203,413,203,413,203,417,203,422,203,422,203,426,203,429,203,431,204,432,205,435,206,440,206,440,206,444,206,447,207,448,208,450,209,453,209,457,209,457,209,462,209,466,209,466,209,471,209,474,210,475,211,476,212,479,212,484,212,484,212,488,212,491,213,493,214,494,215,497,216,500,216,502,217,502,219,502,219,502,221,503,222,506,222,509,223,510,224,512,225,515,225,518,226,519,227,519,229,519,229,519,230,521,231,524,232,527,232,528,234,528,235,528,235,528,237,530,238,533,238,536,239,537,240,538,241,541,242,544,242,546,243,546,245,546,245,546,246,547,248,550,248,553,249,555,250,555,251,555,251,555,253,556,254,559,255,562,255,564,256,565,257,568,258,571,258,572,259,574,261,577,261,580,261,581,259,581,258,581,258,581,256,581,255,581,255,581,253,581,251,581,251,581,250,581,248,581,248,581,246,580,245,577,245,574,244,572,243,572,242,572,242,572,240,572,238,572,238,572,237,572,235,572,235,572,234,572,232,572,232,572,230,574,229,577,229,580,228,581,227,581,225,581,225,581,224,583,223,586,222,589,222,590,221,589,219,586,219
515,306,510,306,510,306,506,306,503,307,502,308,502,310,502,310,502,311,503,312,506,313,510,313,510,313,515,313,518,312,519,311,519,310,519,310,519,308,518,307,515,306
488,319,485,320,484,321,482,322,479,323,476,323,475,324,474,325,471,326,468,326,466,327,466,329,471,329,475,329,475,329,479,329,482,329,484,327,485,326,488,326,491,325,493,324,493,323,493,323,493,321,491,320,488,319
462,329,459,330,457,331,457,332,462,332,465,332,466,331,466,329,462,329
453,332,450,333,448,334,448,336,453,336,456,335,457,334,457,332,453,332
444,336,441,336,440,337,441,338,444,339,447,338,448,337,448,336,444,336
417,342,414,343,413,344,414,345,417,345,420,345,422,344,420,343,417,342
409,144,404,144,404,144,400,144,397,144,395,143,394,142,391,141,388,142,386,143,385,144,382,144,378,144,378,144,373,144,369,144,369,144,364,144,361,145,360,146,358,147,355,148,351,148,351,148,347,148,342,148,342,148,338,148,335,148,333,149,335,150,338,151,341,151,342,153,344,154,347,154,351,154,351,154,355,154,360,154,360,154,364,154,369,154,369,154,373,154,378,154,378,154,382,154,386,154,386,154,391,154,394,154,395,153,397,151,400,151,403,150,404,149,406,148,409,148,412,147,413,146,412,145,409,144
400,271,397,270,395,269,394,268,391,268,388,267,386,266,386,264,386,264,386,263,385,262,382,261,378,261,378,261,373,261,369,261,369,261,364,261,360,261,360,261,355,261,352,261,351,259,351,258,351,258,351,256,350,255,347,255,344,254,342,253,342,251,342,251,342,250,341,249,338,248,335,248,333,246,333,245,333,245,333,243,332,242,329,242,326,241,324,240,323,239,320,238,317,238,316,237,314,236,311,235,308,235,307,234,305,232,302,232,299,231,298,230,296,229,293,229,290,228,289,227,288,226,285,225,282,225,280,224,279,223,276,222,273,222,271,221,270,219,267,219,264,218,262,217,261,216,258,216,255,216,254,217,254,219,254,219,254,221,252,222,249,222,246,223,245,224,246,225,249,225,252,226,254,227,254,229,254,229,254,230,255,231,258,232,261,232,262,234,262,235,262,235,262,237,262,238,262,238,262,240,262,242,262,242,262,243,262,245,262,245,262,246,262,248,262,248,262,250,264,251,267,251,270,252,271,253,271,255,271,255,271,256,271,258,271,258,271,259,271,261,271,261,271,263,270,264,267,264,264,265,262,266,262,268,262,268,262,269,264,270,267,271,271,271,271,271,276,271,280,271,280,271,285,271,288,271,289,272,290,273,293,274,296,275,298,276,298,277,298,277,298,279,299,280,302,280,305,281,307,282,307,284,307,284,307,285,308,286,311,287,314,286,316,285,317,284,320,284,324,284,324,284,329,284,332,283,333,282,335,281,338,280,341,280,342,279,344,278,347,277,351,277,351,277,355,277,360,277,360,277,364,277,367,278,369,279,370,280,373,280,378,280,378,280,382,280,385,280,386,279,388,278,391,277,395,277,395,277,400,277,403,277,404,276,404,274,404,274,404,272,403,271,400,271
364,135,360,135,360,135,355,135,351,135,351,135,347,135,342,135,342,135,338,135,335,135,333,136,335,137,338,138,342,138,342,138,347,138,350,138,351,140,352,141,355,141,360,141,360,141,364,141,367,141,369,140,369,138,369,138,369,136,367,135,364,135
347,170,344,170,342,169,341,168,338,167,335,168,333,169,333,170,333,170,333,172,335,173,338,174,342,174,342,174,347,174,350,173,351,172,350,171,347,170
347,219,342,219,342,219,338,219,335,219,333,221,335,222,338,222,342,222,342,222,347,222,350,222,351,221,350,219,347,219
311,144,308,145,307,146,308,147,311,148,314,147,316,146,314,145,311,144
302,128,299,128,298,127,296,126,293,125,290,124,289,123,289,122,289,122,289,120,288,119,285,119,282,118,280,117,279,116,276,115,273,115,271,114,270,113,267,112,264,112,262,110,261,109,258,109,255,109,254,110,254,112,254,112,254,114,252,115,249,115,245,115,245,115,240,115,237,115,236,114,236,112,236,112,236,110,234,109,231,109,228,109,227,110,227,112,227,112,227,114,227,115,227,115,227,117,228,118,231,119,234,119,236,120,237,121,240,122,243,122,245,123,245,125,245,125,245,127,245,128,245,128,245,130,246,131,249,131,252,132,254,133,254,135,254,135,254,136,252,137,249,138,246,139,245,140,245,141,245,141,245,143,245,144,245,144,245,146,245,148,245,148,245,149,246,150,249,151,252,151,254,153,254,154,254,154,254,156,255,157,258,157,261,158,262,159,264,160,267,161,270,160,271,159,273,158,276,157,279,158,280,159,280,161,280,161,280,162,282,163,285,164,288,163,289,162,289,161,289,161,289,159,289,157,289,157,289,156,289,154,289,154,289,153,289,151,289,151,289,149,289,148,289,148,289,146,288,145,285,144,282,144,280,143,280,141,280,141,280,140,280,138,280,138,280,136,280,135,280,135,280,133,282,132,285,131,288,132,289,133,290,134,293,135,298,135,298,135,302,135,305,134,307,133,307,131,307,131,307,130,305,129,302,128
249,261,246,261,245,259,245,258,245,258,245,256,243,255,240,255,237,254,236,253,234,252,231,251,228,252,227,253,227,255,227,255,227,256,227,258,227,258,227,259,228,261,231,261,234,262,236,263,236,264,236,264,236,266,237,267,240,268,243,267,245,266,246,265,249,264,252,264,254,263,252,262,249,261
196,80,193,79,192,78,190,77,187,76,183,76,183,76,178,76,175,77,174,78,174,80,174,80,174,81,175,82,178,83,183,83,183,83,187,83,192,83,192,83,196,83,199,82,200,81,199,80,196,80
196,242,193,241,192,240,192,238,192,238,192,237,190,236,187,235,184,235,183,234,181,232,178,232,175,232,174,234,172,235,169,235,166,236,165,237,165,238,165,238,165,240,165,242,165,242,165,243,166,244,169,245,172,245,174,246,175,248,178,248,181,249,183,250,184,251,187,251,190,251,192,250,193,249,196,248,199,248,200,246,200,245,200,245,200,243,199,242,196,242
169,261,166,262,165,263,166,264,169,264,172,264,174,263,172,262,169,261
161,248,158,248,156,246,156,245,156,245,156,243,155,242,152,242,149,241,147,240,146,239,143,238,140,238,138,237,137,236,134,235,131,236,130,237,130,238,130,238,130,240,130,242,130,242,130,243,128,244,125,245,122,244,121,243,121,242,121,242,121,240,119,239,116,238,113,238,112,237,112,235,112,235,112,234,110,232,107,232,104,231,103,230,103,229,103,229,103,227,103,225,103,225,103,224,102,223,99,222,94,222,94,222,90,222,87,222,85,221,85,219,85,219,85,217,84,216,81,216,78,215,76,214,75,213,72,212,69,213,68,214,66,215,63,216,59,216,59,216,54,216,50,216,50,216,45,216,42,216,41,217,42,218,45,219,48,219,50,221,50,222,50,222,50,224,51,225,54,225,57,226,59,227,59,229,59,229,59,230,60,231,63,232,66,232,68,234,68,235,68,235,68,237,69,238,72,238,75,239,76,240,78,241,81,242,85,242,85,242,90,242,94,242,94,242,99,242,102,242,103,243,103,245,103,245,103,246,104,248,107,248,110,249,112,250,113,251,116,251,119,252,121,253,122,254,125,255,128,255,130,256,131,257,134,258,137,257,138,256,140,255,143,255,147,255,147,255,152,255,156,255,156,255,161,255,164,254,165,253,165,251,165,251,165,250,164,249,161,248
99,235,96,236,94,237,96,238,99,238,102,238,103,237,102,236,99,235
107,462,104,461,103,460,102,459,99,459,96,459,94,460,93,461,90,462,87,462,85,464,87,465,90,465,93,466,94,467,96,468,99,468,103,468,103,468,107,468,110,468,112,467,112,465,112,465,112,464,110,462,107,462
72,170,69,171,68,172,68,174,68,174,68,175,69,176,72,177,75,176,76,175,76,174,76,174,76,172,75,171,72,170
72,465,69,466,68,467,69,468,72,468,75,468,76,467,75,466,72,465
45,154,42,155,41,156,42,157,45,157,48,157,50,156,48,155,45,154
