10,174,13,173,14,172,14,170,14,170,14,169,13,168,10,167,10,174
10,190,13,190,14,191,13,192,10,193,10,200,13,199,14,198,16,197,19,196,22,196,23,195,25,194,28,193,31,192,32,191,32,190,32,190,32,188,31,187,28,187,25,186,23,185,22,184,19,183,16,183,14,182,13,181,10,180,10,190
59,470,59,468,59,468,59,467,59,465,59,465,59,464,57,462,54,462,51,462,50,464,50,465,50,465,50,467,50,468,50,468,50,470,59,470
630,245,627,244,626,243,624,242,621,242,618,241,617,240,617,238,617,238,617,237,617,235,617,235,617,234,617,232,617,232,617,230,617,229,617,229,617,227,615,226,612,225,609,225,608,224,608,222,608,222,608,221,606,219,603,219,600,218,599,217,599,216,599,216,599,214,599,212,599,212,599,211,599,209,599,209,599,208,599,206,599,206,599,204,598,203,595,203,592,202,590,201,590,200,590,200,590,198,590,196,590,196,590,195,589,194,586,193,583,192,581,191,581,190,581,190,581,188,580,187,577,187,574,186,572,185,571,184,568,183,565,183,564,182,564,180,564,180,564,178,562,177,559,177,555,177,555,177,550,177,547,177,546,178,544,180,541,180,537,180,537,180,533,180,530,180,528,178,527,177,524,177,521,176,519,175,518,174,515,174,512,173,510,172,509,171,506,170,502,170,502,170,497,170,493,170,493,170,488,170,484,170,484,170,479,170,475,170,475,170,471,170,466,170,466,170,462,170,457,170,457,170,453,170,450,171,448,172,447,173,444,174,441,174,440,175,441,176,444,177,447,177,448,178,448,180,448,180,448,182,447,183,444,183,440,183,440,183,435,183,432,184,431,185,429,186,426,187,422,187,422,187,417,187,414,187,413,188,412,189,409,190,406,189,404,188,403,187,400,187,397,187,395,188,394,189,391,190,388,190,386,191,385,192,382,193,379,194,378,195,376,196,373,196,370,197,369,198,367,199,364,200,360,200,360,200,355,200,352,200,351,201,351,203,351,203,351,204,351,206,351,206,351,208,352,209,355,209,358,209,360,208,361,207,364,206,369,206,369,206,373,206,378,206,378,206,382,206,386,206,386,206,391,206,395,206,395,206,400,206,404,206,404,206,409,206,413,206,413,206,417,206,422,206,422,206,426,206,431,206,431,206,435,206,440,206,440,206,444,206,448,206,448,206,453,206,457,206,457,206,462,206,465,207,466,208,468,209,471,209,474,210,475,211,476,212,479,212,482,213,484,214,485,215,488,216,491,216,493,217,494,218,497,219,500,219,502,221,502,222,502,222,502,224,503,225,506,225,510,225,510,225,515,225,518,226,519,227,521,228,524,229,527,229,528,230,530,231,533,232,536,232,537,234,538,235,541,235,544,236,546,237,547,238,550,238,553,239,555,240,556,241,559,242,562,242,564,243,564,245,564,245,564,246,565,248,568,248,571,249,572,250,572,251,572,251,572,253,574,254,577,255,580,255,581,256,581,258,581,258,581,259,583,261,586,261,589,262,590,263,590,264,590,264,590,266,592,267,595,268,598,268,599,269,599,271,599,271,599,272,600,273,603,274,606,275,608,276,609,277,612,277,615,278,617,279,618,280,621,280,624,281,626,282,626,284,626,284,626,285,627,286,630,287,630,245
603,144,599,144,599,144,595,144,592,144,590,143,589,142,586,141,583,141,581,140,581,138,581,138,581,136,580,135,577,135,572,135,572,135,568,135,565,135,564,136,562,137,559,138,555,138,555,140,555,141,555,141,555,143,555,144,555,144,555,146,556,147,559,148,562,148,564,149,564,151,564,151,564,153,565,154,568,154,571,155,572,156,574,157,577,157,581,157,581,157,586,157,590,157,590,157,595,157,598,157,599,156,599,154,599,154,599,153,600,151,603,151,606,150,608,149,608,148,608,148,608,146,606,145,603,144
550,131,547,132,546,133,546,135,546,135,546,136,547,137,550,138,555,138,555,136,555,135,555,135,555,133,553,132,550,131
453,349,450,349,448,350,447,351,444,352,441,352,440,353,440,355,444,355,448,355,448,355,453,355,456,354,457,353,457,352,457,352,457,350,456,349,453,349
435,355,432,356,431,357,432,358,435,358,438,358,440,357,440,355,435,355
409,290,406,290,404,289,403,288,400,287,397,288,395,289,395,290,395,290,395,292,394,293,391,293,386,293,386,295,386,297,386,297,386,298,388,299,391,300,394,299,395,298,397,297,400,297,404,297,404,297,409,297,412,296,413,295,413,293,413,293,413,292,412,291,409,290
391,177,386,177,386,177,382,177,379,177,378,178,378,180,378,180,378,182,379,183,382,183,385,183,386,182,388,181,391,180,394,180,395,178,394,177,391,177
382,271,379,270,378,269,376,268,373,268,370,268,369,269,369,271,369,271,369,272,367,273,364,274,360,274,360,274,355,274,352,273,351,272,350,271,347,271,344,270,342,269,341,268,338,268,335,267,333,266,333,264,333,264,333,263,335,262,338,261,341,261,342,259,341,258,338,258,335,257,333,256,333,255,333,255,333,253,332,252,329,251,324,251,324,251,320,251,317,252,316,253,314,254,311,255,308,255,307,256,307,258,307,258,307,259,305,261,302,261,299,261,298,259,296,258,293,258,289,258,289,259,289,261,289,261,289,263,289,264,289,264,289,266,290,267,293,268,296,268,298,269,298,271,298,271,298,272,296,273,293,274,290,275,289,276,290,277,293,277,296,278,298,279,298,280,298,280,298,282,299,283,302,284,305,284,307,285,307,287,307,287,307,289,308,290,311,290,314,291,316,292,317,293,320,293,323,293,324,292,326,291,329,290,333,290,333,290,338,290,341,291,342,292,342,293,342,293,342,295,342,297,342,297,342,298,342,300,342,300,342,302,344,303,347,303,351,303,351,303,355,303,360,303,360,303,364,303,367,303,369,302,370,300,373,300,376,299,378,298,378,297,378,297,378,295,379,294,382,293,386,293,386,292,386,290,386,290,386,289,385,288,382,287,379,286,378,285,378,284,378,284,378,282,378,280,378,280,378,279,379,278,382,277,385,277,386,276,386,274,386,274,386,272,385,271,382,271
364,290,361,291,360,292,361,293,364,293,367,293,369,292,367,291,364,290
329,280,326,281,324,282,326,283,329,284,332,283,333,282,332,281,329,280
373,232,370,231,369,230,369,229,369,229,369,227,369,225,369,225,369,224,367,223,364,222,361,222,360,221,360,219,360,219,360,217,358,216,355,216,351,216,351,216,347,216,344,216,342,217,341,218,338,219,335,219,333,221,333,222,333,222,333,224,333,225,333,225,333,227,335,228,338,229,341,229,342,230,342,232,342,232,342,234,342,235,342,235,342,237,341,238,338,238,335,239,333,240,333,242,333,242,333,243,335,244,338,245,342,245,342,245,347,245,351,245,351,245,355,245,360,245,360,245,364,245,367,244,369,243,370,242,373,242,376,241,378,240,378,238,378,238,378,237,378,235,378,235,378,234,376,232,373,232
285,255,282,255,280,256,282,257,285,258,289,258,289,256,288,255,285,255
258,148,255,147,254,146,254,144,254,144,254,143,252,142,249,141,245,141,245,141,240,141,237,142,236,143,236,144,236,144,236,146,237,147,240,148,243,148,245,149,246,150,249,151,252,151,254,153,254,154,254,154,254,156,255,157,258,157,261,157,262,156,262,154,262,154,262,153,262,151,262,151,262,149,261,148,258,148
249,128,246,128,245,127,243,126,240,125,236,125,236,125,231,125,228,126,227,127,228,128,231,128,234,129,236,130,237,131,240,131,243,132,245,133,245,135,245,135,245,136,246,137,249,138,252,137,254,136,254,135,254,135,254,133,254,131,254,131,254,130,252,129,249,128
249,280,246,280,245,279,245,277,245,277,245,276,245,274,245,274,245,272,243,271,240,271,237,270,236,269,236,268,236,268,236,266,234,265,231,264,228,264,227,263,227,261,227,261,227,259,226,258,223,258,218,258,218,258,214,258,209,258,209,258,205,258,202,258,200,259,200,261,205,261,208,262,209,263,208,264,205,264,202,264,200,263,200,261,196,261,193,262,192,263,190,264,187,264,184,264,183,263,181,262,178,261,174,261,174,261,169,261,166,261,165,259,164,258,161,258,158,257,156,256,156,255,156,255,156,253,155,252,152,251,149,251,147,250,147,248,147,248,147,246,146,245,143,245,140,244,138,243,137,242,134,242,130,242,130,242,125,242,121,242,121,242,116,242,113,241,112,240,110,239,107,238,103,238,103,238,99,238,94,238,94,238,90,238,87,238,85,237,84,236,81,235,76,235,76,237,75,238,72,238,69,239,68,240,69,241,72,242,75,242,76,243,78,244,81,245,84,245,85,246,85,248,85,248,85,250,85,251,85,251,85,253,87,254,90,255,93,255,94,256,96,257,99,258,103,258,103,258,107,258,110,258,112,259,110,261,107,261,104,262,103,263,104,264,107,264,110,265,112,266,113,267,116,268,119,268,121,269,121,271,121,271,121,272,121,274,121,274,121,276,122,277,125,277,128,278,130,279,131,280,134,280,137,281,138,282,140,283,143,284,146,284,147,285,147,287,147,287,147,289,149,290,152,290,155,291,156,292,158,293,161,293,164,294,165,295,166,296,169,297,172,297,174,298,175,299,178,300,183,300,183,300,187,300,190,300,192,302,193,303,196,303,199,304,200,305,202,306,205,306,208,307,209,308,211,309,214,310,217,309,218,308,218,306,218,306,218,305,218,303,218,303,218,302,220,300,223,300,226,300,227,302,228,303,231,303,234,303,236,302,236,300,236,300,236,298,236,297,236,297,236,295,236,293,236,293,236,292,236,290,236,290,236,289,237,288,240,287,245,287,245,287,249,287,252,286,254,285,254,284,254,284,254,282,252,281,249,280
107,462,104,461,103,460,102,459,99,459,94,459,94,459,90,459,87,459,85,460,84,461,81,462,78,462,76,464,76,465,81,465,85,465,85,465,90,465,93,466,94,467,96,468,99,468,103,468,103,468,107,468,110,468,112,467,112,465,112,465,112,464,110,462,107,462
72,229,69,228,68,227,66,226,63,225,59,225,59,227,59,229,59,229,59,230,60,231,63,232,66,232,68,234,69,235,72,235,76,235,76,234,76,232,76,232,76,230,75,229,72,229
72,465,69,466,68,467,69,468,72,468,75,468,76,467,76,465,72,465
54,222,50,222,50,224,51,225,54,225,59,225,59,224,57,223,54,222
45,212,42,212,41,211,40,210,37,209,34,209,32,208,31,207,28,206,25,205,23,204,22,203,19,203,16,203,14,204,14,206,14,206,14,208,16,209,19,209,22,210,23,211,23,212,23,212,23,214,23,216,23,216,23,217,25,218,28,219,31,219,32,221,34,222,37,222,41,222,41,222,45,222,50,222,50,221,50,219,50,219,50,217,50,216,50,216,50,214,48,213,45,212
