10,190,14,190,14,188,16,187,19,187,22,187,23,188,23,190,28,190,31,190,32,191,31,192,28,193,23,193,23,195,23,196,23,196,23,198,23,200,23,200,23,201,25,202,28,203,31,203,32,204,34,205,37,206,41,206,41,206,45,206,48,205,50,204,50,203,50,203,50,201,50,200,45,200,41,200,41,200,37,200,34,199,32,198,34,197,37,196,40,196,41,195,41,193,41,193,41,191,41,190,41,190,41,188,42,187,45,187,48,186,50,185,50,183,50,183,50,182,48,181,45,180,42,180,41,178,40,177,37,177,34,176,32,175,31,174,28,174,23,174,23,174,19,174,16,174,14,175,13,176,10,177,10,190
484,470,482,469,479,468,476,468,475,467,475,465,475,465,475,464,474,462,471,462,468,462,466,464,466,465,466,465,466,467,466,468,466,468,466,470,484,470
555,470,555,468,555,468,555,467,555,465,555,465,555,464,555,462,555,462,555,460,555,459,555,459,555,457,553,456,550,455,547,456,546,457,546,459,546,459,546,460,546,462,546,462,546,464,546,465,546,465,546,467,546,468,546,468,546,470,555,470
559,232,556,231,555,230,555,229,555,229,555,227,555,225,555,225,555,224,555,222,555,222,555,221,555,219,555,219,555,217,555,216,555,216,555,214,553,213,550,212,547,212,546,211,546,209,546,209,546,208,546,206,546,206,546,204,544,203,541,203,538,202,537,201,537,200,537,200,537,198,537,196,537,196,537,195,536,194,533,193,530,192,528,191,527,190,524,190,521,189,519,188,519,187,519,187,519,185,518,184,515,183,512,183,510,182,510,180,510,180,510,178,509,177,506,177,503,176,502,175,502,174,502,174,502,172,500,171,497,170,494,170,493,169,491,168,488,167,484,167,484,167,479,167,476,168,475,169,474,170,471,170,468,170,466,169,465,168,462,167,457,167,457,167,453,167,450,168,448,169,448,170,448,170,448,172,447,173,444,174,441,174,440,175,440,177,440,177,440,178,441,180,444,180,447,181,448,182,447,183,444,183,440,183,440,183,435,183,432,184,431,185,429,186,426,187,423,187,422,188,420,189,417,190,413,190,413,190,409,190,406,189,404,188,403,187,400,187,395,187,395,187,391,187,388,187,386,188,386,190,386,190,386,191,388,192,391,193,395,193,395,193,400,193,404,193,404,193,409,193,412,194,413,195,414,196,417,196,420,197,422,198,423,199,426,200,429,200,431,201,432,202,435,203,438,203,440,204,440,206,440,206,440,208,441,209,444,209,447,210,448,211,448,212,448,212,448,214,450,215,453,216,456,216,457,217,457,219,457,219,457,221,459,222,462,222,465,222,466,221,466,219,466,219,466,217,466,216,466,216,466,214,466,212,466,212,466,211,468,210,471,209,474,210,475,211,476,212,479,212,484,212,484,212,488,212,491,213,493,214,494,215,497,216,500,216,502,217,503,218,506,219,509,219,510,221,512,222,515,222,518,223,519,224,521,225,524,225,527,226,528,227,530,228,533,229,536,229,537,230,537,232,537,232,537,234,538,235,541,235,546,235,546,235,550,235,553,236,555,237,556,238,559,238,562,238,564,237,564,235,564,235,564,234,562,232,559,232
462,290,459,291,457,292,457,293,457,293,457,295,459,296,462,297,465,296,466,295,466,293,466,293,466,292,465,291,462,290
453,148,450,147,448,146,447,145,444,144,441,144,440,143,440,141,440,141,440,140,438,139,435,138,432,137,431,136,429,135,426,135,423,134,422,133,420,132,417,131,413,131,413,131,409,131,406,131,404,130,403,129,400,128,395,128,395,128,391,128,386,128,386,128,382,128,379,129,378,130,379,131,382,131,385,132,386,133,388,134,391,135,394,135,395,136,397,137,400,138,403,138,404,140,403,141,400,141,395,141,395,141,391,141,388,142,386,143,385,144,382,144,379,144,378,143,376,142,373,141,369,141,369,141,364,141,360,141,360,141,355,141,351,141,351,141,347,141,344,142,342,143,341,144,338,144,335,145,333,146,333,148,338,148,341,148,342,149,342,151,342,151,342,153,342,154,347,154,350,155,351,156,351,157,351,157,351,159,352,160,355,161,358,161,360,162,360,164,360,164,360,165,360,167,360,167,360,169,360,170,360,170,360,172,360,174,360,174,360,175,361,176,364,177,367,177,369,178,370,180,373,180,378,180,378,180,382,180,385,181,386,182,388,183,391,183,394,183,395,182,397,181,400,180,403,181,404,182,406,183,409,183,412,183,413,182,413,180,413,180,413,178,413,177,413,177,413,175,413,174,413,174,413,172,413,170,413,170,413,169,413,167,413,167,413,165,413,164,413,164,413,162,413,161,413,161,413,159,413,157,409,157,404,157,404,157,400,157,397,157,395,156,394,155,391,154,388,154,386,153,386,151,386,151,386,149,388,148,391,148,395,148,395,148,400,148,404,148,404,148,409,148,413,148,413,148,417,148,420,148,422,149,423,150,426,151,431,151,431,151,435,151,438,151,440,153,441,154,444,154,448,154,448,154,453,154,456,154,457,153,457,151,457,151,457,149,456,148,453,148
400,170,397,171,395,172,397,173,400,174,403,173,404,172,403,171,400,170
417,154,414,155,413,156,413,157,417,157,420,157,422,156,420,155,417,154
355,128,352,129,351,130,352,131,355,131,358,131,360,130,358,129,355,128
338,122,335,122,333,123,333,125,333,125,333,127,333,128,333,128,333,130,335,131,338,131,341,131,342,130,342,128,342,128,342,127,342,125,342,125,342,123,341,122,338,122
338,154,335,154,333,153,333,151,333,151,333,149,333,148,329,148,326,147,324,146,324,144,324,144,324,143,324,141,324,141,324,140,324,138,324,138,324,136,323,135,320,135,317,134,316,133,317,132,320,131,323,131,324,130,324,128,324,128,324,127,323,126,320,125,317,124,316,123,316,122,316,122,316,120,314,119,311,119,308,118,307,117,305,116,302,115,299,115,298,114,296,113,293,112,289,112,289,112,285,112,282,112,280,110,279,109,276,109,273,108,271,107,270,106,267,106,264,105,262,104,261,103,258,102,255,102,254,101,252,100,249,99,246,99,245,97,243,96,240,96,237,95,236,94,236,93,236,93,236,91,237,90,240,89,243,89,245,88,245,86,245,86,245,85,246,83,249,83,252,82,254,81,252,80,249,80,246,79,245,78,245,76,245,76,245,75,243,74,240,73,237,73,236,72,236,70,236,70,236,68,234,67,231,67,228,66,227,65,227,63,227,63,227,62,226,61,223,60,220,60,218,59,218,57,218,57,218,55,217,54,214,54,209,54,209,54,205,54,202,54,200,55,200,57,200,57,200,59,200,60,200,60,200,62,202,63,205,63,208,64,209,65,209,67,209,67,209,68,209,70,209,70,209,72,209,73,209,73,209,75,208,76,205,76,200,76,200,76,196,76,193,76,192,75,190,74,187,73,183,73,183,73,178,73,174,73,174,73,169,73,166,74,165,75,165,76,165,76,165,78,166,79,169,80,172,80,174,81,174,83,174,83,174,85,175,86,178,86,181,87,183,88,184,89,187,89,190,90,192,91,192,93,192,93,192,94,193,95,196,96,199,96,200,97,202,99,205,99,208,100,209,101,209,102,209,102,209,104,211,105,214,106,217,106,218,107,218,109,218,109,218,110,220,111,223,112,226,113,227,114,227,115,227,115,227,117,227,119,227,119,227,120,227,122,227,122,227,123,227,125,227,125,227,127,227,128,227,128,227,130,227,131,227,131,227,133,228,134,231,135,234,135,236,136,236,138,236,138,236,140,237,141,240,141,243,142,245,143,246,144,249,144,252,145,254,146,255,147,258,148,261,148,262,149,264,150,267,151,271,151,271,151,276,151,280,151,280,151,285,151,289,151,289,151,293,151,296,151,298,153,299,154,302,154,307,154,307,154,311,154,314,155,316,156,317,157,320,157,324,157,324,157,329,157,333,157,333,157,338,157,341,157,342,156,342,154,338,154
338,232,335,231,333,230,332,229,329,229,326,228,324,227,323,226,320,225,317,225,316,224,314,223,311,222,308,222,307,221,305,219,302,219,299,218,298,217,298,216,298,216,298,214,296,213,293,212,290,212,289,211,289,209,289,209,289,208,288,207,285,206,282,205,280,204,280,203,280,203,280,201,280,200,280,200,280,198,279,197,276,196,273,196,271,195,270,194,267,193,264,192,262,191,262,190,262,190,262,188,261,187,258,187,255,186,254,185,254,183,254,183,254,182,252,181,249,180,246,180,245,178,243,177,240,177,237,176,236,175,236,174,236,174,236,172,234,171,231,170,228,170,227,169,226,168,223,167,218,167,218,167,214,167,209,167,209,167,205,167,200,167,200,167,196,167,193,167,192,165,190,164,187,164,184,163,183,162,181,161,178,161,175,161,174,162,174,164,174,164,174,165,175,167,178,167,181,168,183,169,183,170,183,170,183,172,183,174,183,174,183,175,183,177,183,177,183,178,183,180,183,180,183,182,184,183,187,183,190,184,192,185,190,186,187,187,184,187,183,188,183,190,183,190,183,191,183,193,183,193,183,195,183,196,183,196,183,198,184,199,187,200,190,200,192,201,192,203,192,203,192,204,192,206,192,206,192,208,192,209,192,209,192,211,190,212,187,212,184,213,183,214,183,216,183,216,183,217,184,218,187,219,190,219,192,221,192,222,192,222,192,224,193,225,196,225,199,226,200,227,200,229,200,229,200,230,200,232,200,232,200,234,200,235,200,235,200,237,202,238,205,238,208,239,209,240,211,241,214,242,217,242,218,243,218,245,218,245,218,246,220,248,223,248,226,249,227,250,227,251,227,251,227,253,227,255,227,255,227,256,227,258,227,258,227,259,228,261,231,261,234,262,236,263,237,264,240,264,243,265,245,266,246,267,249,268,252,268,254,269,254,271,254,271,254,272,255,273,258,274,261,275,262,276,264,277,267,277,270,278,271,279,273,280,276,280,279,281,280,282,282,283,285,284,288,283,289,282,290,281,293,280,296,280,298,279,299,278,302,277,307,277,307,277,311,277,314,278,316,279,317,280,320,280,324,280,324,280,329,280,332,280,333,279,333,277,333,277,333,276,335,275,338,274,341,273,342,272,342,271,342,271,342,269,341,268,338,268,335,267,333,266,333,264,333,264,333,263,332,262,329,261,326,261,324,259,326,258,329,258,332,257,333,256,333,255,333,255,333,253,333,251,333,251,333,250,333,248,333,248,333,246,335,245,338,245,341,244,342,243,342,242,342,242,342,240,342,238,342,238,342,237,342,235,342,235,342,234,341,232,338,232
311,271,308,271,307,272,308,273,311,274,314,273,316,272,314,271,311,271
285,410,280,410,280,410,276,410,273,411,271,412,270,413,267,413,264,414,262,415,261,416,258,417,255,417,254,418,252,419,249,420,246,420,245,421,245,423,245,423,245,425,245,426,245,426,245,428,245,430,245,430,245,431,246,432,249,433,252,433,254,434,255,435,258,436,262,436,262,436,267,436,270,435,271,434,271,433,271,433,271,431,273,430,276,430,279,429,280,428,282,427,285,426,288,426,289,425,289,423,289,423,289,421,289,420,289,420,289,418,289,417,289,417,289,415,289,413,289,413,289,412,288,411,285,410
223,287,218,287,218,287,214,287,211,288,209,289,209,290,209,290,209,292,209,293,209,293,209,295,211,296,214,297,218,297,218,297,223,297,226,296,227,295,227,293,227,293,227,292,227,290,227,290,227,289,226,288,223,287
125,235,122,236,121,237,122,238,125,238,128,238,130,237,128,236,125,235
90,200,87,200,85,201,85,203,85,203,85,204,85,206,85,206,85,208,87,209,90,209,93,209,94,208,94,206,94,206,94,204,94,203,94,203,94,201,93,200,90,200
72,183,69,184,68,185,69,186,72,187,75,186,76,185,75,184,72,183
63,196,59,196,59,196,54,196,51,197,50,198,50,200,54,200,59,200,59,200,63,200,66,199,68,198,66,197,63,196
19,190,14,190,14,191,16,192,19,193,23,193,23,191,23,190,19,190
