10,170,13,170,14,169,13,168,10,167,10,170
10,183,13,183,14,182,13,181,10,180,10,183
10,196,14,196,14,196,19,196,22,196,23,195,22,194,19,193,16,192,14,191,13,190,10,190,10,196
630,280,626,280,626,282,627,283,630,284,630,280
630,248,627,248,626,246,626,245,626,245,626,243,624,242,621,242,618,241,617,240,617,238,617,238,617,237,617,235,617,235,617,234,617,232,617,232,617,230,615,229,612,229,609,228,608,227,606,226,603,225,600,225,599,224,598,223,595,222,592,222,590,221,590,219,590,219,590,217,592,216,595,216,598,215,599,214,599,212,599,212,599,211,598,210,595,209,592,209,590,208,590,206,590,206,590,204,589,203,586,203,583,202,581,201,581,200,581,200,581,198,581,196,581,196,581,195,581,193,581,193,581,191,580,190,577,190,574,189,572,188,571,187,568,187,565,186,564,185,564,183,564,183,564,182,562,181,559,180,555,180,555,180,550,180,547,181,546,182,544,183,541,183,537,183,537,183,533,183,528,183,528,183,524,183,521,183,519,182,519,180,519,180,519,178,518,177,515,177,512,176,510,175,509,174,506,174,503,173,502,172,500,171,497,170,493,170,493,170,488,170,484,170,484,170,479,170,475,170,475,170,471,170,466,170,466,170,462,170,457,170,457,170,453,170,450,171,448,172,447,173,444,174,441,174,440,175,441,176,444,177,447,177,448,178,448,180,448,180,448,182,447,183,444,183,440,183,440,183,435,183,432,184,431,185,429,186,426,187,422,187,422,187,417,187,414,187,413,188,412,189,409,190,406,189,404,188,403,187,400,187,397,187,395,188,394,189,391,190,388,190,386,191,385,192,382,193,379,194,378,195,376,196,373,196,370,197,369,198,369,200,373,200,378,200,378,200,382,200,385,200,386,201,388,202,391,203,395,203,395,203,400,203,404,203,404,203,409,203,413,203,413,203,417,203,422,203,422,203,426,203,429,203,431,204,432,205,435,206,440,206,440,206,444,206,448,206,448,206,453,206,456,207,457,208,459,209,462,209,466,209,466,209,471,209,474,210,475,211,476,212,479,212,482,213,484,214,485,215,488,216,491,216,493,217,494,218,497,219,500,219,502,221,503,222,506,222,509,223,510,224,512,225,515,225,518,226,519,227,521,228,524,229,527,229,528,230,528,232,528,232,528,234,530,235,533,235,536,236,537,237,538,238,541,238,544,239,546,240,547,241,550,242,553,242,555,243,556,244,559,245,562,245,564,246,565,248,568,248,571,249,572,250,572,251,572,251,572,253,574,254,577,255,580,255,581,256,581,258,581,258,581,259,583,261,586,261,589,262,590,263,590,264,590,264,590,266,592,267,595,268,598,268,599,269,599,271,599,271,599,272,600,273,603,274,606,275,608,276,609,277,612,277,615,278,617,279,618,280,621,280,626,280,626,279,626,277,626,277,626,276,627,275,630,274,630,248
586,148,583,148,581,149,583,150,586,151,589,150,590,149,589,148,586,148
568,135,565,135,564,136,565,137,568,138,571,137,572,136,571,135,568,135
550,131,547,132,546,133,547,134,550,135,553,134,555,133,553,132,550,131
453,349,450,349,448,350,447,351,444,352,441,352,440,353,440,355,444,355,448,355,448,355,453,355,456,354,457,353,457,352,457,352,457,350,456,349,453,349
435,355,432,356,431,357,432,358,435,358,438,358,440,357,440,355,435,355
409,180,406,181,404,182,406,183,409,183,412,183,413,182,412,181,409,180
409,290,404,290,404,290,400,290,397,291,395,292,395,293,395,293,395,295,397,296,400,297,403,296,404,295,406,294,409,293,412,293,413,292,412,291,409,290
391,177,388,176,386,175,385,174,382,174,379,174,378,175,376,176,373,177,370,177,369,178,367,180,364,180,361,181,360,182,360,183,364,183,367,184,369,185,370,186,373,187,378,187,378,187,382,187,385,186,386,185,388,184,391,183,394,183,395,182,395,180,395,180,395,178,394,177,391,177
382,268,379,267,378,266,376,265,373,264,370,265,369,266,367,267,364,268,360,268,360,268,355,268,351,268,351,268,347,268,344,267,342,266,342,264,342,264,342,263,342,261,342,261,342,259,342,258,342,258,342,256,341,255,338,255,335,254,333,253,333,251,333,251,333,250,333,248,333,248,333,246,333,245,333,245,333,243,332,242,329,242,326,241,324,240,323,239,320,238,317,239,316,240,316,242,316,242,316,243,314,244,311,245,308,244,307,243,305,242,302,242,298,242,298,242,293,242,290,241,289,240,288,239,285,238,282,238,280,237,279,236,276,235,273,236,271,237,271,238,271,238,271,240,273,241,276,242,279,242,280,243,280,245,280,245,280,246,280,248,280,248,280,250,282,251,285,251,288,252,289,253,288,254,285,255,282,255,280,256,280,258,280,258,280,259,280,261,280,261,280,263,282,264,285,264,288,265,289,266,289,268,289,268,289,269,289,271,289,271,289,272,289,274,289,274,289,276,289,277,289,277,289,279,289,280,289,280,289,282,290,283,293,284,296,284,298,285,299,286,302,287,305,288,307,289,307,290,307,290,307,292,307,293,307,293,307,295,308,296,311,297,314,296,316,295,317,294,320,293,324,293,324,293,329,293,332,293,333,292,333,290,333,290,333,289,335,288,338,287,341,288,342,289,342,290,342,290,342,292,344,293,347,293,350,294,351,295,352,296,355,297,358,296,360,295,360,293,360,293,360,292,360,290,360,290,360,289,361,288,364,287,369,287,369,287,373,287,376,286,378,285,378,284,378,284,378,282,378,280,378,280,378,279,379,278,382,277,385,277,386,276,386,274,386,274,386,272,386,271,386,271,386,269,385,268,382,268
364,200,360,200,360,200,355,200,352,200,351,201,352,202,355,203,360,203,360,203,364,203,367,202,369,201,369,200,364,200
355,183,352,184,351,185,352,186,355,187,358,186,360,185,360,183,355,183
355,219,351,219,351,219,347,219,342,219,342,219,338,219,335,219,333,221,333,222,333,222,333,224,335,225,338,225,342,225,342,225,347,225,351,225,351,225,355,225,358,225,360,224,360,222,360,222,360,221,358,219,355,219
267,138,264,137,262,136,262,135,262,135,262,133,261,132,258,131,255,131,254,130,254,128,254,128,254,127,252,126,249,125,245,125,245,125,240,125,237,124,236,123,234,122,231,122,228,122,227,123,227,125,227,125,227,127,228,128,231,128,234,129,236,130,237,131,240,131,243,132,245,133,245,135,245,135,245,136,245,138,245,138,245,140,243,141,240,141,237,142,236,143,237,144,240,144,243,145,245,146,245,148,245,148,245,149,246,150,249,151,252,151,254,153,254,154,254,154,254,156,255,157,258,157,262,157,262,157,267,157,270,157,271,156,271,154,271,154,271,153,271,151,271,151,271,149,271,148,271,148,271,146,271,144,271,144,271,143,271,141,271,141,271,140,270,139,267,138
240,271,237,270,236,269,236,268,236,268,236,266,234,265,231,264,228,264,227,263,227,261,227,261,227,259,226,258,223,258,218,258,218,258,214,258,209,258,209,258,205,258,202,258,200,259,202,261,205,261,208,262,209,263,209,264,209,264,209,266,209,268,214,268,217,268,218,269,218,271,218,271,218,272,217,273,214,274,211,273,209,272,209,271,209,271,209,269,209,268,205,268,202,267,200,266,199,265,196,264,193,264,192,263,190,262,187,261,183,261,183,261,178,261,174,261,174,261,169,261,166,261,165,259,164,258,161,258,158,257,156,256,156,255,156,255,156,253,156,251,156,251,156,250,156,248,156,248,156,246,155,245,152,245,149,244,147,243,146,242,143,242,138,242,138,242,134,242,130,242,130,242,125,242,121,242,121,242,116,242,113,241,112,240,110,239,107,238,103,238,103,238,99,238,94,238,94,238,90,238,87,238,85,237,84,236,81,235,78,235,76,234,76,232,76,232,76,230,75,229,72,229,69,228,68,227,66,226,63,225,59,225,59,227,59,229,59,229,59,230,60,231,63,232,66,232,68,234,68,235,68,235,68,237,68,238,68,238,68,240,69,241,72,242,75,242,76,243,78,244,81,245,84,245,85,246,85,248,85,248,85,250,87,251,90,251,93,252,94,253,96,254,99,255,102,255,103,256,104,257,107,258,110,258,112,259,113,261,116,261,119,262,121,263,121,264,121,264,121,266,122,267,125,268,128,268,130,269,131,270,134,271,137,271,138,272,138,274,138,274,138,276,140,277,143,277,146,278,147,279,147,280,147,280,147,282,149,283,152,284,156,284,156,284,161,284,164,284,165,285,165,287,165,287,165,289,166,290,169,290,172,291,174,292,175,293,178,293,181,294,183,295,184,296,187,297,192,297,192,297,196,297,199,297,200,298,202,299,205,300,208,299,209,298,209,297,209,297,209,295,208,294,205,293,202,293,200,292,200,290,200,290,200,289,200,287,200,287,200,285,200,284,200,284,200,282,202,281,205,280,208,281,209,282,211,283,214,284,218,284,218,284,223,284,226,283,227,282,228,281,231,280,234,280,236,279,236,277,236,277,236,276,237,275,240,274,243,273,245,272,243,271,240,271
161,264,156,264,156,264,152,264,149,265,147,266,149,267,152,268,155,268,156,269,158,270,161,271,164,270,165,269,165,268,165,268,165,266,164,265,161,264
231,293,227,293,227,295,228,296,231,297,234,296,236,295,234,294,231,293
223,290,220,291,218,292,220,293,223,293,227,293,227,292,226,291,223,290
178,238,175,239,174,240,174,242,174,242,174,243,175,244,178,245,181,244,183,243,183,242,183,242,183,240,181,239,178,238
107,462,104,461,103,460,102,459,99,459,94,459,94,459,90,459,87,459,85,460,84,461,81,462,78,462,76,464,76,465,81,465,85,465,85,465,90,465,93,466,94,467,96,468,99,468,103,468,103,468,107,468,110,468,112,467,112,465,112,465,112,464,110,462,107,462
99,225,94,225,94,225,90,225,87,226,85,227,87,228,90,229,93,229,94,230,96,231,99,232,102,231,103,230,103,229,103,229,103,227,102,226,99,225
72,465,69,466,68,467,69,468,72,468,75,468,76,467,76,465,72,465
54,222,50,222,50,224,51,225,54,225,59,225,59,224,57,223,54,222
45,212,42,212,41,211,40,210,37,209,34,209,32,208,31,207,28,206,23,206,23,208,23,209,23,209,23,211,25,212,28,212,31,213,32,214,32,216,32,216,32,217,34,218,37,219,40,219,41,221,42,222,45,222,50,222,50,221,50,219,50,219,50,217,50,216,50,216,50,214,48,213,45,212
19,203,16,203,14,204,16,205,19,206,23,206,23,204,22,203,19,203
