608,10,609,11,612,12,615,12,617,13,618,14,621,15,624,15,626,16,627,18,630,18,630,14,630,10,608,10
360,10,361,11,364,12,367,11,369,10,360,10
316,10,317,11,320,12,324,12,324,12,329,12,333,12,333,12,338,12,342,12,342,12,347,12,350,11,351,10,316,10
289,10,290,11,293,12,296,11,298,10,289,10
271,10,273,11,276,12,279,11,280,10,271,10
209,10,209,12,214,12,217,12,218,13,218,15,218,15,218,16,217,18,214,18,211,18,209,16,209,15,209,15,209,13,209,12,205,12,202,12,200,13,199,14,196,15,192,15,192,15,187,15,184,14,183,13,181,12,178,12,174,12,174,12,169,12,166,12,165,13,166,14,169,15,172,15,174,16,172,18,169,18,165,18,165,18,161,18,156,18,156,18,152,18,149,18,147,16,147,15,147,15,147,13,146,12,143,12,140,11,138,10,85,10,84,11,81,12,76,12,76,12,72,12,69,12,68,13,66,14,63,15,60,15,59,16,57,18,54,18,51,19,50,20,50,21,50,21,50,23,48,24,45,25,42,25,41,26,40,27,37,28,34,28,32,29,32,31,32,31,32,33,31,34,28,34,25,35,23,36,23,38,23,38,23,39,22,40,19,41,16,41,14,42,14,44,14,44,14,46,14,47,14,47,14,49,14,50,14,50,14,52,14,54,14,54,14,55,14,57,14,57,14,59,14,60,14,60,14,62,16,63,19,63,22,64,23,65,23,67,23,67,23,68,22,69,19,70,16,69,14,68,13,67,10,67,10,76,13,77,14,78,13,79,10,80,10,99,13,100,14,101,13,102,10,102,10,109,13,109,14,110,16,111,19,112,22,113,23,114,25,115,28,115,31,116,32,117,32,119,32,119,32,120,34,121,37,122,41,122,41,122,45,122,48,122,50,123,50,125,50,125,50,127,50,128,50,128,50,130,51,131,54,131,57,132,59,133,59,135,59,135,59,136,60,137,63,138,68,138,68,138,72,138,75,138,76,140,76,141,76,141,76,143,78,144,81,144,84,145,85,146,87,147,90,148,93,148,94,149,96,150,99,151,103,151,103,151,107,151,112,151,112,151,116,151,121,151,121,151,125,151,128,150,130,149,131,148,134,148,137,147,138,146,138,144,138,144,138,143,140,142,143,141,147,141,147,141,152,141,155,142,156,143,158,144,161,144,164,145,165,146,164,147,161,148,158,148,156,149,158,150,161,151,165,151,165,151,169,151,174,151,174,151,178,151,183,151,183,151,187,151,192,151,192,151,196,151,199,151,200,153,202,154,205,154,209,154,209,154,214,154,218,154,218,154,223,154,227,154,227,154,231,154,236,154,236,154,240,154,245,154,245,154,249,154,252,154,254,153,255,151,258,151,262,151,262,151,267,151,271,151,271,151,276,151,279,150,280,149,282,148,285,148,289,148,289,148,293,148,298,148,298,148,302,148,307,148,307,148,311,148,314,147,316,146,317,145,320,144,323,144,324,143,326,142,329,141,332,141,333,140,335,138,338,138,342,138,342,138,347,138,350,137,351,136,352,135,355,135,358,134,360,133,360,131,360,131,360,130,360,128,360,128,360,127,360,125,360,125,360,123,360,122,360,122,360,120,360,119,360,119,360,117,358,116,355,115,352,115,351,114,350,113,347,112,344,112,342,110,344,109,347,109,351,109,351,109,355,109,360,109,360,109,364,109,369,109,369,107,369,106,369,106,369,104,369,102,369,102,369,101,369,99,369,99,369,97,367,96,364,96,361,95,360,94,361,93,364,93,367,92,369,91,369,89,369,89,369,88,369,86,364,86,361,86,360,85,361,83,364,83,367,83,369,85,369,86,373,86,376,86,378,85,378,83,378,83,378,81,379,80,382,80,385,79,386,78,386,76,386,76,386,75,385,74,382,73,379,73,378,72,379,70,382,70,386,70,386,70,391,70,394,70,395,72,395,73,395,73,395,75,397,76,400,76,403,76,404,75,406,74,409,73,412,73,413,72,412,70,409,70,406,69,404,68,403,67,400,67,397,66,395,65,395,63,395,63,395,62,394,61,391,60,388,60,386,59,388,58,391,57,394,56,395,55,395,54,395,54,395,52,395,50,395,50,395,49,394,48,391,47,388,47,386,46,385,45,382,44,378,44,378,44,373,44,369,44,369,44,364,44,360,44,360,44,355,44,352,45,351,46,351,47,351,47,351,49,352,50,355,50,358,51,360,52,361,53,364,54,367,54,369,55,370,56,373,57,376,58,378,59,376,60,373,60,370,61,369,62,367,63,364,63,361,63,360,62,358,61,355,60,351,60,351,60,347,60,344,60,342,59,341,58,338,57,333,57,333,57,329,57,326,58,324,59,326,60,329,60,332,61,333,62,333,63,333,63,333,65,333,67,333,67,333,68,332,69,329,70,326,70,324,72,323,73,320,73,316,73,316,73,311,73,307,73,307,73,302,73,299,73,298,72,296,70,293,70,290,69,289,68,289,67,289,67,289,65,289,63,289,63,289,62,289,60,289,60,289,59,289,57,289,57,289,55,289,54,289,54,289,52,288,51,285,50,282,50,280,49,280,47,280,47,280,46,280,44,280,44,280,42,282,41,285,41,289,41,289,41,293,41,296,40,298,39,299,38,302,38,305,37,307,36,308,35,311,34,314,35,316,36,317,37,320,38,323,37,324,36,324,34,324,34,324,33,323,32,320,31,317,31,316,29,317,28,320,28,323,27,324,26,324,25,324,25,324,23,326,22,329,21,332,22,333,23,333,25,333,25,333,26,333,28,333,28,333,29,333,31,333,31,333,33,333,34,333,34,333,36,335,37,338,38,342,38,342,38,347,38,350,37,351,36,351,34,351,34,351,33,351,31,351,31,351,29,351,28,351,28,351,26,351,25,351,25,351,23,351,21,351,21,351,20,350,19,347,18,344,18,342,16,341,15,338,15,333,15,333,15,329,15,324,15,324,15,320,15,317,15,316,16,314,18,311,18,308,19,307,20,305,21,302,21,298,21,298,21,293,21,290,21,289,20,288,19,285,18,280,18,280,18,276,18,271,18,271,18,267,18,264,18,262,16,261,15,258,15,255,14,254,13,254,12,254,12,254,10,209,10
258,86,255,87,254,88,255,89,258,89,261,89,262,88,261,87,258,86
231,21,228,22,227,23,228,24,231,25,234,24,236,23,234,22,231,21
231,28,227,28,227,28,223,28,220,28,218,29,218,31,218,31,218,33,218,34,214,34,209,34,209,33,208,32,205,31,202,32,200,33,202,34,205,34,209,34,209,36,211,37,214,38,217,37,218,36,218,34,223,34,227,34,227,34,231,34,234,34,236,33,236,31,236,31,236,29,234,28,231,28
178,25,175,25,174,26,175,27,178,28,181,27,183,26,181,25,178,25
76,470,76,468,76,468,76,467,75,466,72,465,69,466,68,467,66,468,63,468,60,469,59,470,76,470
209,470,209,468,209,468,209,467,208,466,205,465,202,466,200,467,200,468,200,468,200,470,209,470
630,313,626,313,626,313,621,313,618,312,617,311,617,310,617,310,617,308,615,307,612,306,609,307,608,308,608,310,608,310,608,311,608,313,608,313,608,315,608,316,608,316,608,318,608,319,608,319,608,321,608,323,608,323,608,324,606,325,603,326,600,326,599,327,599,329,599,329,599,331,599,332,599,332,599,334,599,336,599,336,599,337,599,339,599,339,599,340,599,342,599,342,599,344,599,345,599,345,599,347,599,349,599,349,599,350,599,352,599,352,599,353,600,354,603,355,606,356,608,357,608,358,608,358,608,360,608,361,608,361,608,363,608,365,608,365,608,366,606,367,603,368,600,367,599,366,599,365,599,365,599,363,598,362,595,361,592,362,590,363,590,365,590,365,590,366,590,368,590,368,590,370,590,371,590,371,590,373,590,374,590,374,590,376,590,378,590,378,590,379,590,381,590,381,590,383,590,384,590,384,590,386,590,387,590,387,590,389,589,390,586,391,583,391,581,392,581,394,581,394,581,395,581,397,581,397,581,399,581,400,581,400,581,402,581,404,581,404,581,405,581,407,581,407,581,408,580,410,577,410,574,411,572,412,572,413,572,413,572,415,574,416,577,417,580,417,581,418,581,420,581,420,581,421,581,423,581,423,581,425,581,426,581,426,581,428,583,429,586,430,589,430,590,431,590,433,590,433,590,434,590,436,590,436,590,438,590,439,590,439,590,441,592,442,595,442,598,443,599,444,599,446,599,446,599,447,599,449,599,449,599,451,599,452,599,452,599,454,599,455,599,455,599,457,600,458,603,459,606,459,608,460,608,462,608,462,608,464,608,465,608,465,608,467,609,468,612,468,615,469,617,470,623,470,630,470,630,313
621,242,618,241,617,240,615,239,612,238,609,239,608,240,608,242,608,242,608,243,606,244,603,245,600,245,599,246,599,248,599,248,599,250,599,251,599,251,599,253,599,255,599,255,599,256,599,258,599,258,599,259,599,261,599,261,599,263,599,264,599,264,599,266,599,268,599,268,599,269,599,271,599,271,599,272,599,274,599,274,599,276,599,277,599,277,599,279,599,280,599,280,599,282,600,283,603,284,606,283,608,282,609,281,612,280,615,280,617,279,617,277,617,277,617,276,617,274,617,274,617,272,617,271,617,271,617,269,618,268,621,268,624,267,626,266,626,264,626,264,626,263,626,261,626,261,626,259,626,258,626,258,626,256,626,255,626,255,626,253,626,251,626,251,626,250,626,248,626,248,626,246,626,245,626,245,626,243,624,242,621,242
524,216,521,215,519,214,519,212,519,212,519,211,519,209,519,209,519,208,518,207,515,206,512,205,510,204,510,203,510,203,510,201,509,200,506,200,503,199,502,198,500,197,497,196,494,196,493,195,491,194,488,193,485,192,484,191,482,190,479,190,476,189,475,188,475,187,475,187,475,185,474,184,471,183,466,183,466,183,462,183,457,183,457,183,453,183,450,184,448,185,447,186,444,187,440,187,440,187,435,187,431,187,431,187,426,187,422,187,422,187,417,187,414,187,413,188,412,189,409,190,406,189,404,188,403,187,400,187,395,187,395,187,391,187,386,187,386,187,382,187,378,187,378,187,373,187,369,187,369,187,364,187,361,187,360,188,358,189,355,190,351,190,351,190,347,190,342,190,342,190,338,190,333,190,333,190,329,190,324,190,324,190,320,190,316,190,316,190,311,190,308,190,307,191,305,192,302,193,299,194,298,195,296,196,293,196,289,196,289,196,285,196,282,196,280,195,279,194,276,193,273,194,271,195,270,196,267,196,262,196,262,196,258,196,255,197,254,198,252,199,249,200,246,200,245,201,243,202,240,203,237,203,236,204,236,206,236,206,236,208,234,209,231,209,227,209,227,209,223,209,220,210,218,211,217,212,214,212,209,212,209,212,205,212,200,212,200,212,196,212,193,213,192,214,190,215,187,216,184,216,183,217,183,219,183,219,183,221,181,222,178,222,175,223,174,224,172,225,169,225,166,226,165,227,165,229,165,229,165,230,165,232,165,232,165,234,165,235,165,235,165,237,164,238,161,238,156,238,156,238,152,238,149,239,147,240,147,242,147,242,147,243,149,244,152,245,155,245,156,246,155,248,152,248,149,249,147,250,147,251,147,251,147,253,147,255,147,255,147,256,147,258,147,258,147,259,147,261,147,261,147,263,146,264,143,264,138,264,138,264,134,264,131,265,130,266,130,268,130,268,130,269,131,270,134,271,137,271,138,272,138,274,138,274,138,276,138,277,138,277,138,279,140,280,143,280,146,281,147,282,147,284,147,284,147,285,147,287,147,287,147,289,149,290,152,290,155,291,156,292,156,293,156,293,156,295,156,297,156,297,156,298,158,299,161,300,164,300,165,302,166,303,169,303,172,304,174,305,174,306,174,306,174,308,175,309,178,310,181,310,183,311,184,312,187,313,192,313,192,313,196,313,200,313,200,313,205,313,208,313,209,315,211,316,214,316,218,316,218,316,223,316,226,317,227,318,226,319,223,319,220,320,218,321,217,322,214,323,209,323,209,324,211,325,214,326,217,326,218,327,218,329,218,329,218,331,217,332,214,332,209,332,209,332,205,332,202,333,200,334,200,336,200,336,200,337,199,338,196,339,192,339,192,339,187,339,184,339,183,340,181,342,178,342,174,342,174,342,169,342,166,343,165,344,164,345,161,345,156,345,156,345,152,345,149,346,147,347,149,348,152,349,156,349,156,349,161,349,164,349,165,350,166,351,169,352,174,352,174,352,178,352,183,352,183,352,187,352,192,352,192,352,196,352,199,352,200,353,202,354,205,355,209,355,209,355,214,355,218,355,218,355,223,355,227,355,227,355,231,355,234,356,236,357,237,358,240,358,245,358,245,358,249,358,254,358,254,358,258,358,261,359,262,360,264,361,267,361,271,361,271,361,276,361,280,361,280,361,285,361,289,361,289,361,293,361,298,361,298,361,302,361,307,361,307,361,311,361,314,362,316,363,314,364,311,365,308,365,307,366,305,367,302,368,299,369,298,370,299,371,302,371,305,372,307,373,308,374,311,374,316,374,316,374,320,374,324,374,324,374,329,374,333,374,333,374,338,374,341,374,342,373,344,372,347,371,351,371,351,371,355,371,360,371,360,371,364,371,369,371,369,371,373,371,378,371,378,371,382,371,386,371,386,371,391,371,395,371,395,371,400,371,404,371,404,371,409,371,412,371,413,370,413,368,413,368,413,366,413,365,413,365,413,363,414,362,417,361,422,361,422,361,426,361,431,361,431,361,435,361,438,362,440,363,441,364,444,365,447,364,448,363,450,362,453,361,456,361,457,360,456,359,453,358,450,358,448,357,448,355,448,355,448,353,448,352,448,352,448,350,448,349,448,349,448,347,448,345,448,345,448,344,447,343,444,342,440,342,440,342,435,342,432,343,431,344,429,345,426,345,422,345,422,345,417,345,414,346,413,347,412,348,409,349,406,349,404,350,403,351,400,352,397,351,395,350,394,349,391,349,388,348,386,347,386,345,386,345,386,344,386,342,386,342,386,340,386,339,386,339,386,337,388,336,391,336,394,335,395,334,395,332,395,332,395,331,397,330,400,329,403,329,404,327,404,326,404,326,404,324,406,323,409,323,412,322,413,321,414,320,417,319,422,319,422,319,426,319,429,320,431,321,431,323,431,323,431,324,432,325,435,326,438,326,440,327,441,329,444,329,447,330,448,331,450,332,453,332,456,333,457,334,459,335,462,336,465,335,466,334,468,333,471,332,474,332,475,331,475,329,475,329,475,327,475,326,475,326,475,324,475,323,475,323,475,321,475,319,475,319,475,318,475,316,475,316,475,315,475,313,475,313,475,311,475,310,475,310,475,308,475,306,475,306,475,305,475,303,475,303,475,302,475,300,475,300,475,298,475,297,475,297,475,295,475,293,475,293,475,292,476,291,479,290,482,290,484,289,484,287,484,287,484,285,484,284,484,284,484,282,484,280,484,280,484,279,484,277,484,277,484,276,484,274,484,274,484,272,484,271,484,271,484,269,485,268,488,268,491,267,493,266,493,264,493,264,493,263,493,261,493,261,493,259,494,258,497,258,500,258,502,259,503,261,506,261,509,262,510,263,512,264,515,264,519,264,519,264,524,264,527,264,528,263,528,261,528,261,528,259,528,258,528,258,528,256,528,255,528,255,528,253,528,251,528,251,528,250,528,248,528,248,528,246,528,245,528,245,528,243,528,242,528,242,528,240,528,238,528,238,528,237,528,235,528,235,528,234,528,232,528,232,528,230,528,229,528,229,528,227,528,225,528,225,528,224,528,222,528,222,528,221,528,219,528,219,528,217,527,216,524,216
426,229,423,228,422,227,420,226,417,225,414,225,413,224,412,223,409,222,406,222,404,221,404,219,404,219,404,217,403,216,400,216,397,215,395,214,394,213,391,212,386,212,386,212,382,212,378,212,378,212,373,212,369,212,369,212,364,212,360,212,360,212,355,212,351,212,351,212,347,212,342,212,342,212,338,212,335,212,333,211,332,210,329,209,326,210,324,211,324,212,324,212,324,214,324,216,324,216,324,217,323,218,320,219,317,219,316,221,314,222,311,222,308,223,307,224,305,225,302,225,298,225,298,225,293,225,290,226,289,227,288,228,285,229,280,229,280,229,276,229,271,229,271,229,267,229,262,229,262,229,258,229,254,229,254,229,249,229,245,229,245,227,243,226,240,225,237,226,236,227,237,228,240,229,245,229,245,230,246,231,249,232,252,232,254,234,255,235,258,235,261,236,262,237,264,238,267,238,270,239,271,240,273,241,276,242,280,242,280,242,285,242,288,242,289,243,290,244,293,245,296,245,298,246,299,248,302,248,307,248,307,248,311,248,314,249,316,250,317,251,320,251,323,252,324,253,324,255,324,255,324,256,323,257,320,258,317,258,316,259,314,261,311,261,308,262,307,263,305,264,302,264,298,264,298,264,293,264,290,265,289,266,288,267,285,268,282,268,280,269,279,270,276,271,273,271,271,272,270,273,267,274,264,275,262,276,264,277,267,277,270,278,271,279,271,280,271,280,271,282,271,284,271,284,271,285,270,286,267,287,264,288,262,289,262,290,262,290,262,292,262,293,262,293,262,295,262,297,262,297,262,298,262,300,262,300,262,302,262,303,262,303,262,305,262,306,262,306,262,308,262,310,262,310,262,311,261,312,258,313,255,313,254,315,255,316,258,316,261,317,262,318,264,319,267,319,271,319,271,319,276,319,279,320,280,321,279,322,276,323,273,323,271,324,270,325,267,326,262,326,262,326,258,326,255,326,254,327,252,329,249,329,245,329,245,329,240,329,237,330,236,331,237,332,240,332,245,332,245,332,249,332,254,332,254,332,258,332,262,332,262,332,267,332,270,332,271,331,273,330,276,329,280,329,280,329,285,329,288,329,289,327,290,326,293,326,298,326,298,326,302,326,305,325,307,324,308,323,311,323,314,322,316,321,317,320,320,319,323,319,324,318,326,317,329,316,332,316,333,315,335,313,338,313,341,312,342,311,344,310,347,310,350,309,351,308,352,307,355,306,358,306,360,305,360,303,360,303,360,302,361,300,364,300,367,299,369,298,369,297,369,297,369,295,370,294,373,293,376,293,378,292,378,290,378,290,378,289,379,288,382,287,385,286,386,285,388,284,391,284,394,283,395,282,395,280,395,280,395,279,397,278,400,277,403,277,404,276,406,275,409,274,412,273,413,272,413,271,413,271,413,269,414,268,417,268,420,267,422,266,422,264,422,264,422,263,422,261,422,261,422,259,422,258,422,258,422,256,423,255,426,255,429,254,431,253,431,251,431,251,431,250,431,248,431,248,431,246,431,245,431,245,431,243,431,242,431,242,431,240,431,238,431,238,431,237,431,235,431,235,431,234,431,232,431,232,431,230,429,229,426,229
249,238,245,238,245,238,240,238,237,238,236,237,234,236,231,235,228,236,227,237,226,238,223,238,220,239,218,240,217,241,214,242,211,242,209,243,209,245,209,245,209,246,211,248,214,248,218,248,218,248,223,248,227,248,227,248,231,248,236,248,236,248,240,248,245,248,245,248,249,248,252,248,254,246,254,245,254,245,254,243,254,242,254,242,254,240,252,239,249,238
479,345,476,345,475,344,475,342,475,342,475,340,474,339,471,339,468,339,466,340,466,342,466,342,466,344,466,345,466,345,466,347,468,348,471,349,474,349,475,350,475,352,475,352,475,353,475,355,475,355,475,357,475,358,475,358,475,360,475,361,475,361,475,363,476,364,479,365,482,364,484,363,484,361,484,361,484,360,484,358,484,358,484,357,484,355,484,355,484,353,484,352,484,352,484,350,484,349,484,349,484,347,482,346,479,345
444,96,440,96,440,97,440,99,440,99,440,101,441,102,444,102,447,102,448,101,448,99,448,99,448,97,447,96,444,96
435,86,431,86,431,88,431,89,431,89,431,91,431,93,431,93,431,94,432,95,435,96,440,96,440,94,440,93,440,93,440,91,440,89,440,89,440,88,438,87,435,86
426,83,423,83,422,85,423,86,426,86,431,86,431,85,429,83,426,83
417,106,414,106,413,107,414,108,417,109,420,108,422,107,420,106,417,106
417,112,413,112,413,112,409,112,404,112,404,112,400,112,397,113,395,114,397,115,400,115,403,116,404,117,404,119,404,119,404,120,406,121,409,122,412,121,413,120,413,119,413,119,413,117,414,116,417,115,420,115,422,114,420,113,417,112
373,109,369,109,369,110,370,111,373,112,376,111,378,110,376,109,373,109
338,41,335,41,333,42,335,43,338,44,341,43,342,42,341,41,338,41
338,47,335,48,333,49,335,50,338,50,341,50,342,49,341,48,338,47
205,319,202,320,200,321,202,322,205,323,209,323,209,321,208,320,205,319
134,258,131,258,130,259,131,261,134,261,137,261,138,259,137,258,134,258
