608,10,609,11,612,12,617,12,617,12,621,12,624,12,626,13,627,14,630,15,630,12,630,10,608,10
316,10,316,12,316,12,316,13,316,15,316,15,316,16,317,18,320,18,323,19,324,20,326,21,329,21,332,22,333,23,333,25,333,25,333,26,332,27,329,28,326,27,324,26,323,25,320,25,316,25,316,25,311,25,308,24,307,23,305,22,302,21,298,21,298,21,293,21,289,21,289,21,285,21,282,21,280,20,280,18,280,18,280,16,279,15,276,15,271,15,271,15,267,15,264,14,262,13,261,12,258,12,254,12,254,12,249,12,246,11,245,10,209,10,211,11,214,12,217,12,218,13,217,14,214,15,209,15,209,15,205,15,200,15,200,15,196,15,192,15,192,15,187,15,183,15,183,16,181,18,178,18,174,18,174,18,169,18,165,18,165,18,161,18,158,18,156,16,155,15,152,15,149,14,147,13,147,12,147,12,147,10,59,10,57,11,54,12,50,12,50,12,45,12,41,12,41,12,37,12,32,12,32,12,28,12,23,12,23,12,19,12,16,11,14,10,12,10,10,10,10,112,14,112,14,112,19,112,23,112,23,112,28,112,31,113,32,114,32,115,32,115,32,117,32,119,32,119,32,120,34,121,37,122,40,122,41,123,41,125,41,125,41,127,42,128,45,128,48,129,50,130,51,131,54,131,57,132,59,133,60,134,63,135,68,135,68,135,72,135,75,135,76,136,78,137,81,138,85,138,85,138,90,138,93,138,94,140,96,141,99,141,103,141,103,141,107,141,112,141,112,141,116,141,121,141,121,141,125,141,128,142,130,143,131,144,134,144,138,144,138,144,143,144,147,144,147,144,152,144,156,144,156,144,161,144,164,145,165,146,166,147,169,148,174,148,174,148,178,148,183,148,183,148,187,148,192,148,192,148,196,148,200,148,200,148,205,148,209,148,209,148,214,148,218,148,218,148,223,148,227,148,227,148,231,148,236,148,236,148,240,148,243,147,245,146,246,145,249,144,254,144,254,144,258,144,262,144,262,144,267,144,271,144,271,144,276,144,280,144,280,144,285,144,288,145,289,146,290,147,293,148,298,148,298,148,302,148,307,148,307,148,311,148,314,147,316,146,317,145,320,144,323,144,324,143,324,141,324,141,324,140,326,138,329,138,333,138,333,138,338,138,341,137,342,136,344,135,347,135,350,134,351,133,351,131,351,131,351,130,352,129,355,128,358,128,360,127,360,125,360,125,360,123,360,122,360,122,360,120,360,119,360,119,360,117,358,116,355,115,352,115,351,114,350,113,347,112,344,112,342,110,344,109,347,109,350,108,351,107,352,106,355,106,358,106,360,107,361,108,364,109,369,109,369,107,369,106,369,106,369,104,369,102,369,102,369,101,369,99,369,99,369,97,367,96,364,96,361,95,360,94,361,93,364,93,367,92,369,91,369,89,369,89,369,88,369,86,369,86,369,85,370,83,373,83,378,83,378,83,382,83,385,82,386,81,388,80,391,80,394,79,395,78,397,77,400,76,403,76,404,75,406,74,409,73,412,73,413,72,413,70,413,70,413,68,412,67,409,67,406,66,404,65,403,64,400,63,397,63,395,62,395,60,395,60,395,59,395,57,395,57,395,55,395,54,395,54,395,52,395,50,395,50,395,49,394,48,391,47,386,47,386,47,382,47,379,47,378,46,376,45,373,44,370,43,369,42,367,41,364,41,361,40,360,39,360,38,360,38,360,36,360,34,360,34,360,33,358,32,355,31,352,31,351,29,351,28,351,28,351,26,351,25,351,25,351,23,351,21,351,21,351,20,352,19,355,18,358,18,360,16,360,15,355,15,351,15,351,15,347,15,342,15,342,15,338,15,333,15,333,15,329,15,326,14,324,13,326,12,329,12,333,12,333,12,338,12,342,12,342,12,347,12,351,12,351,12,355,12,358,12,360,13,360,15,364,15,367,14,369,13,370,12,373,12,376,11,378,10,316,10
364,57,361,56,360,55,358,54,355,54,352,54,351,55,351,57,351,57,351,59,352,60,355,60,358,61,360,62,361,63,364,63,367,63,369,62,369,60,369,60,369,59,367,58,364,57
338,38,335,37,333,36,332,35,329,34,324,34,324,34,320,34,317,35,316,36,317,37,320,38,323,38,324,39,324,41,324,41,324,42,323,43,320,44,317,45,316,46,316,47,316,47,316,49,314,50,311,50,308,50,307,49,305,48,302,47,299,48,298,49,296,50,293,50,290,51,289,52,289,54,289,54,289,55,289,57,289,57,289,59,289,60,289,60,289,62,288,63,285,63,282,64,280,65,282,66,285,67,289,67,289,67,293,67,298,67,298,67,302,67,305,67,307,68,308,69,311,70,314,69,316,68,316,67,316,67,316,65,316,63,316,63,316,62,316,60,316,60,316,59,316,57,316,57,316,55,317,54,320,54,323,53,324,52,326,51,329,50,332,50,333,49,333,47,333,47,333,46,333,44,333,44,333,42,335,41,338,41,341,40,342,39,341,38,338,38
302,41,299,41,298,42,299,43,302,44,305,43,307,42,305,41,302,41
293,28,290,28,289,29,289,31,289,31,289,33,289,34,289,34,289,36,290,37,293,38,296,37,298,36,298,34,298,34,298,33,298,31,298,31,298,29,296,28,293,28
285,44,282,45,280,46,282,47,285,47,288,47,289,46,288,45,285,44
240,21,236,21,236,21,231,21,228,21,227,20,226,19,223,18,220,19,218,20,218,21,218,21,218,23,217,24,214,25,209,25,209,23,208,22,205,21,202,22,200,23,202,24,205,25,209,25,209,26,209,28,209,28,209,29,208,31,205,31,200,31,200,31,196,31,193,31,192,29,190,28,187,28,183,28,183,26,183,25,183,25,183,23,181,22,178,21,175,22,174,23,174,25,174,25,174,26,175,27,178,28,183,28,183,29,183,31,183,31,183,33,184,34,187,34,192,34,192,34,196,34,200,34,200,34,205,34,208,35,209,36,211,37,214,38,217,37,218,36,220,35,223,34,227,34,227,34,231,34,236,34,236,34,240,34,243,34,245,33,245,31,245,31,245,29,245,28,245,28,245,26,245,25,245,25,245,23,243,22,240,21
85,470,84,469,81,468,78,468,76,467,75,466,72,465,69,465,68,464,66,462,63,462,59,462,59,462,54,462,51,462,50,464,50,465,50,465,50,467,48,468,45,468,42,469,41,470,85,470
218,470,218,468,218,468,218,467,218,465,218,465,218,464,217,462,214,462,211,461,209,460,208,459,205,459,202,458,200,457,202,456,205,455,208,455,209,454,208,453,205,452,202,452,200,451,199,449,196,449,193,449,192,451,190,452,187,452,184,453,183,454,184,455,187,455,190,456,192,457,192,459,192,459,192,460,192,462,192,462,192,464,192,465,192,465,192,467,192,468,192,468,192,470,218,470
360,470,360,468,360,468,360,467,360,465,360,465,360,464,360,462,360,462,360,460,361,459,364,459,367,458,369,457,370,456,373,455,378,455,378,454,378,452,378,452,378,451,378,449,378,449,378,447,376,446,373,446,370,445,369,444,367,443,364,442,361,442,360,441,360,439,360,439,360,438,360,436,360,436,360,434,358,433,355,433,352,432,351,431,350,430,347,430,344,429,342,428,342,426,342,426,342,425,341,424,338,423,335,422,333,421,333,420,333,420,333,418,332,417,329,417,326,417,324,418,323,419,320,420,316,420,316,420,311,420,307,420,307,420,302,420,298,420,298,420,293,420,290,419,289,418,288,417,285,417,282,417,280,418,280,420,280,420,280,421,280,423,280,423,280,425,280,426,280,426,280,428,279,429,276,430,273,430,271,431,273,432,276,433,279,433,280,434,282,435,285,436,288,437,289,438,289,439,289,439,289,441,289,442,289,442,289,444,289,446,289,446,289,447,289,449,289,449,289,451,290,452,293,452,296,453,298,454,299,455,302,455,305,456,307,457,307,459,307,459,307,460,307,462,307,462,307,464,308,465,311,465,314,466,316,467,317,468,320,468,323,469,324,470,360,470
630,284,627,283,626,282,626,280,626,280,626,279,624,278,621,277,618,277,617,276,617,274,617,274,617,272,617,271,617,271,617,269,618,268,621,268,624,267,626,266,626,264,626,264,626,263,626,261,626,261,626,259,626,258,626,258,626,256,626,255,626,255,626,253,626,251,626,251,626,250,626,248,626,248,626,246,626,245,626,245,626,243,626,242,626,242,626,240,627,239,630,238,630,212,626,212,626,212,621,212,618,213,617,214,615,215,612,216,609,216,608,217,608,219,608,219,608,221,606,222,603,222,600,223,599,224,599,225,599,225,599,227,599,229,599,229,599,230,598,231,595,232,592,232,590,234,590,235,590,235,590,237,590,238,590,238,590,240,590,242,590,242,590,243,590,245,590,245,590,246,590,248,590,248,590,250,590,251,590,251,590,253,590,255,590,255,590,256,590,258,590,258,590,259,589,261,586,261,583,262,581,263,581,264,581,264,581,266,581,268,581,268,581,269,581,271,581,271,581,272,581,274,581,274,581,276,581,277,581,277,581,279,581,280,581,280,581,282,581,284,581,284,581,285,581,287,581,287,581,289,581,290,581,290,581,292,581,293,581,293,581,295,581,297,581,297,581,298,581,300,581,300,581,302,581,303,581,303,581,305,580,306,577,306,574,307,572,308,572,310,572,310,572,311,572,313,572,313,572,315,572,316,572,316,572,318,572,319,572,319,572,321,572,323,572,323,572,324,572,326,572,326,572,327,572,329,572,329,572,331,572,332,572,332,572,334,572,336,572,336,572,337,572,339,572,339,572,340,572,342,572,342,572,344,572,345,572,345,572,347,572,349,572,349,572,350,572,352,572,352,572,353,572,355,572,355,572,357,572,358,572,358,572,360,572,361,572,361,572,363,572,365,572,365,572,366,571,367,568,368,565,369,564,370,564,371,564,371,564,373,564,374,564,374,564,376,562,377,559,378,556,378,555,379,555,381,555,381,555,383,555,384,555,384,555,386,555,387,555,387,555,389,555,391,555,391,555,392,555,394,555,394,555,395,556,397,559,397,562,398,564,399,564,400,564,400,564,402,562,403,559,404,556,404,555,405,555,407,555,407,555,408,555,410,555,410,555,412,556,413,559,413,562,414,564,415,564,417,564,417,564,418,564,420,564,420,564,421,564,423,564,423,564,425,564,426,564,426,564,428,565,429,568,430,571,430,572,431,572,433,572,433,572,434,574,435,577,436,580,437,581,438,581,439,581,439,581,441,581,442,581,442,581,444,580,445,577,446,574,446,572,447,574,448,577,449,580,449,581,451,581,452,581,452,581,454,581,455,581,455,581,457,581,459,581,459,581,460,581,462,581,462,581,464,581,465,581,465,581,467,583,468,586,468,589,469,590,470,610,470,630,470,630,284
533,216,530,215,528,214,528,212,528,212,528,211,528,209,528,209,528,208,528,206,528,206,528,204,528,203,528,203,528,201,527,200,524,200,521,199,519,198,519,196,519,196,519,195,518,194,515,193,510,193,510,193,506,193,503,192,502,191,500,190,497,190,494,189,493,188,493,187,493,187,493,185,491,184,488,183,485,183,484,182,482,181,479,180,476,180,475,178,474,177,471,177,466,177,466,177,462,177,457,177,457,177,453,177,450,177,448,178,448,180,448,180,448,182,447,183,444,183,440,183,440,183,435,183,432,184,431,185,429,186,426,187,423,186,422,185,422,183,422,183,422,182,420,181,417,180,414,180,413,178,412,177,409,177,404,177,404,177,400,177,397,176,395,175,394,174,391,174,388,173,386,172,385,171,382,170,378,170,378,170,373,170,370,170,369,169,367,168,364,167,360,167,360,167,355,167,352,168,351,169,350,170,347,170,344,171,342,172,342,174,342,174,342,175,341,176,338,177,333,177,333,177,329,177,326,177,324,178,323,180,320,180,317,180,316,178,314,177,311,177,307,177,307,177,302,177,298,177,298,177,293,177,289,177,289,177,285,177,280,177,280,177,276,177,271,177,271,177,267,177,264,177,262,178,261,180,258,180,254,180,254,180,249,180,245,180,245,180,240,180,237,181,236,182,234,183,231,183,228,184,227,185,226,186,223,187,218,187,218,187,214,187,211,187,209,188,208,189,205,190,202,190,200,191,199,192,196,193,193,194,192,195,190,196,187,196,183,196,183,196,178,196,175,197,174,198,172,199,169,200,166,200,165,201,165,203,165,203,165,204,164,205,161,206,158,207,156,208,155,209,152,209,149,210,147,211,147,212,147,212,147,214,147,216,147,216,147,217,146,218,143,219,140,219,138,221,138,222,138,222,138,224,137,225,134,225,131,226,130,227,128,228,125,229,122,229,121,230,121,232,121,232,121,234,121,235,121,235,121,237,119,238,116,238,113,239,112,240,112,242,112,242,112,243,110,244,107,245,104,245,103,246,102,248,99,248,96,249,94,250,94,251,94,251,94,253,96,254,99,255,102,255,103,256,103,258,103,258,103,259,103,261,103,261,103,263,104,264,107,264,110,265,112,266,110,267,107,268,104,268,103,269,103,271,103,271,103,272,103,274,103,274,103,276,104,277,107,277,110,278,112,279,113,280,116,280,119,281,121,282,122,283,125,284,128,284,130,285,130,287,130,287,130,289,131,290,134,290,137,291,138,292,138,293,138,293,138,295,140,296,143,297,146,297,147,298,147,300,147,300,147,302,149,303,152,303,155,304,156,305,158,306,161,306,164,307,165,308,166,309,169,310,172,310,174,311,175,312,178,313,181,313,183,315,184,316,187,316,192,316,192,316,196,316,199,317,200,318,199,319,196,319,192,319,192,319,187,319,183,319,183,319,178,319,175,319,174,318,172,317,169,316,165,316,165,316,161,316,158,316,156,315,155,313,152,313,149,312,147,311,146,310,143,310,138,310,138,310,134,310,131,309,130,308,128,307,125,306,122,306,121,305,119,304,116,303,112,303,112,303,107,303,104,303,103,302,102,300,99,300,96,300,94,302,94,303,94,303,94,305,94,306,94,306,94,308,94,310,94,310,94,311,96,312,99,313,102,313,103,315,103,316,103,316,103,318,104,319,107,319,112,319,112,319,116,319,121,319,121,319,125,319,128,320,130,321,130,323,130,323,130,324,131,325,134,326,137,326,138,327,140,329,143,329,146,330,147,331,146,332,143,332,140,333,138,334,137,335,134,336,131,335,130,334,128,333,125,332,122,333,121,334,119,335,116,336,113,336,112,337,113,338,116,339,119,339,121,340,122,341,125,342,130,342,130,342,134,342,138,342,138,342,143,342,146,343,147,344,149,345,152,345,156,345,156,345,161,345,164,346,165,347,166,348,169,349,174,349,174,349,178,349,181,349,183,350,184,351,187,352,192,352,192,352,196,352,200,352,200,352,205,352,209,352,209,352,214,352,218,352,218,352,223,352,227,352,227,352,231,352,234,352,236,353,237,354,240,355,245,355,245,355,249,355,252,356,254,357,255,358,258,358,262,358,262,358,267,358,271,358,271,358,276,358,280,358,280,358,285,358,289,358,289,358,293,358,298,358,298,358,302,358,307,358,307,358,311,358,316,358,316,358,320,358,323,358,324,357,326,356,329,355,332,354,333,353,335,352,338,352,342,352,342,352,347,352,350,351,351,350,352,349,355,349,358,348,360,347,361,346,364,345,369,345,369,345,373,345,376,345,378,344,379,343,382,342,386,342,386,342,391,342,394,341,395,340,397,339,400,339,403,339,404,340,404,342,404,342,404,344,406,345,409,345,412,346,413,347,413,349,413,349,413,350,412,351,409,352,406,352,404,353,403,354,400,355,395,355,395,355,391,355,386,355,386,355,382,355,379,356,378,357,376,358,373,358,369,358,369,358,364,358,361,359,360,360,358,361,355,361,351,361,351,361,347,361,342,361,342,361,338,361,333,361,333,361,329,361,326,362,324,363,323,364,320,365,316,365,316,365,311,365,308,365,307,366,305,367,302,368,299,369,298,370,299,371,302,371,307,371,307,371,311,371,314,372,316,373,317,374,320,374,324,374,324,374,329,374,333,374,333,374,338,374,342,374,342,374,347,374,351,374,351,374,355,374,360,374,360,374,364,374,369,374,369,374,373,374,376,375,378,376,379,377,382,378,386,378,386,378,391,378,395,378,395,378,400,378,403,378,404,379,406,380,409,381,413,381,413,381,417,381,422,381,422,381,426,381,431,381,431,381,435,381,438,381,440,383,440,384,440,384,440,386,441,387,444,387,447,388,448,389,448,391,448,391,448,392,448,394,448,394,448,395,448,397,448,397,448,399,448,400,448,400,448,402,448,404,448,404,448,405,450,406,453,407,457,407,457,407,462,407,465,406,466,405,466,404,466,404,466,402,466,400,466,400,466,399,466,397,466,397,466,395,466,394,466,394,466,392,468,391,471,391,474,390,475,389,475,387,475,387,475,386,475,384,475,384,475,383,475,381,475,381,475,379,475,378,475,378,475,376,475,374,475,374,475,373,475,371,475,371,475,370,475,368,475,368,475,366,475,365,475,365,475,363,475,361,475,361,475,360,474,359,471,358,468,358,466,357,466,355,466,355,466,353,466,352,466,352,466,350,466,349,466,349,466,347,466,345,466,345,466,344,466,342,466,342,466,340,468,339,471,339,474,338,475,337,475,336,475,336,475,334,475,332,475,332,475,331,476,330,479,329,482,329,484,327,484,326,484,326,484,324,484,323,484,323,484,321,485,320,488,319,491,319,493,318,493,316,493,316,493,315,493,313,493,313,493,311,491,310,488,310,485,309,484,308,484,306,484,306,484,305,485,304,488,303,491,303,493,302,493,300,493,300,493,298,494,297,497,297,500,296,502,295,502,293,502,293,502,292,502,290,502,290,502,289,502,287,502,287,502,285,502,284,502,284,502,282,502,280,502,280,502,279,502,277,502,277,502,276,503,275,506,274,509,275,510,276,512,277,515,277,518,278,519,279,519,280,519,280,519,282,521,283,524,284,527,283,528,282,528,280,528,280,528,279,528,277,528,277,528,276,528,274,528,274,528,272,530,271,533,271,536,270,537,269,537,268,537,268,537,266,537,264,537,264,537,263,537,261,537,261,537,259,537,258,537,258,537,256,537,255,537,255,537,253,537,251,537,251,537,250,537,248,537,248,537,246,537,245,537,245,537,243,537,242,537,242,537,240,537,238,537,238,537,237,537,235,537,235,537,234,537,232,537,232,537,230,537,229,537,229,537,227,537,225,537,225,537,224,537,222,537,222,537,221,537,219,537,219,537,217,536,216,533,216
426,222,423,222,422,221,420,219,417,219,413,219,413,219,409,219,406,218,404,217,403,216,400,216,395,216,395,216,391,216,386,216,386,216,382,216,378,216,378,216,373,216,370,215,369,214,367,213,364,212,361,213,360,214,358,215,355,216,351,216,351,216,347,216,342,216,342,216,338,216,333,216,333,216,329,216,326,216,324,217,324,219,324,219,324,221,323,222,320,222,317,223,316,224,316,225,316,225,316,227,316,229,316,229,316,230,317,231,320,232,323,232,324,234,326,235,329,235,332,236,333,237,335,238,338,238,342,238,342,238,347,238,350,239,351,240,351,242,351,242,351,243,351,245,351,245,351,246,351,248,351,248,351,250,350,251,347,251,342,251,342,251,338,251,335,252,333,253,332,254,329,255,324,255,324,255,320,255,316,255,316,255,311,255,307,255,307,255,302,255,298,255,298,255,293,255,290,255,289,256,288,257,285,258,280,258,280,258,276,258,273,258,271,259,271,261,271,261,271,263,271,264,271,264,271,266,271,268,271,268,271,269,271,271,271,271,271,272,271,274,271,274,271,276,271,277,271,277,271,279,271,280,271,280,271,282,273,283,276,284,279,284,280,285,282,286,285,287,288,288,289,289,289,290,289,290,289,292,288,293,285,293,282,294,280,295,280,297,280,297,280,298,282,299,285,300,289,300,289,300,293,300,298,300,298,300,302,300,307,300,307,300,311,300,314,300,316,302,314,303,311,303,308,304,307,305,307,306,307,306,307,308,308,309,311,310,314,309,316,308,317,307,320,306,323,306,324,305,326,304,329,303,332,303,333,302,335,300,338,300,341,299,342,298,344,297,347,297,350,296,351,295,352,294,355,293,358,293,360,292,361,291,364,290,367,290,369,289,370,288,373,287,376,286,378,285,379,284,382,284,385,283,386,282,388,281,391,280,394,280,395,279,395,277,395,277,395,276,395,274,395,274,395,272,397,271,400,271,403,270,404,269,406,268,409,268,412,267,413,266,413,264,413,264,413,263,413,261,413,261,413,259,413,258,413,258,413,256,413,255,413,255,413,253,414,252,417,251,420,251,422,250,422,248,422,248,422,246,422,245,422,245,422,243,422,242,422,242,422,240,422,238,422,238,422,237,422,235,422,235,422,234,423,232,426,232,429,231,431,230,431,229,431,229,431,227,431,225,431,225,431,224,429,223,426,222
409,183,406,183,404,182,403,181,400,180,395,180,395,180,391,180,388,181,386,182,388,183,391,183,394,184,395,185,397,186,400,187,404,187,404,187,409,187,412,186,413,185,412,184,409,183
462,423,459,424,457,425,457,426,457,426,457,428,459,429,462,430,465,429,466,428,466,426,466,426,466,425,465,424,462,423
444,96,441,96,440,97,440,99,440,99,440,101,441,102,444,102,447,102,448,101,448,99,448,99,448,97,447,96,444,96
426,115,423,115,422,114,420,113,417,112,414,113,413,114,413,115,413,115,413,117,413,119,413,119,413,120,413,122,413,122,413,123,413,125,413,125,413,127,413,128,413,128,413,130,414,131,417,131,422,131,422,131,426,131,429,131,431,130,431,128,431,128,431,127,431,125,431,125,431,123,431,122,431,122,431,120,431,119,431,119,431,117,429,116,426,115
391,381,386,381,386,381,382,381,378,381,378,381,373,381,369,381,369,381,364,381,360,381,360,381,355,381,351,381,351,381,347,381,342,381,342,381,338,381,333,381,333,381,329,381,326,380,324,379,323,378,320,378,316,378,316,378,311,378,308,378,307,379,308,380,311,381,314,381,316,383,317,384,320,384,324,384,324,384,329,384,333,384,333,384,338,384,342,384,342,384,347,384,351,384,351,384,355,384,360,384,360,384,364,384,369,384,369,384,373,384,376,385,378,386,379,387,382,387,385,387,386,386,388,385,391,384,394,384,395,383,394,381,391,381
382,455,378,455,378,457,379,458,382,459,385,458,386,457,385,456,382,455
373,109,369,109,369,110,370,111,373,112,376,111,378,110,376,109,373,109
249,394,245,394,245,394,240,394,237,394,236,395,234,397,231,397,227,397,227,397,223,397,220,398,218,399,217,400,214,400,211,401,209,402,208,403,205,404,202,404,200,405,199,406,196,407,193,407,192,408,192,410,192,410,192,412,193,413,196,413,199,414,200,415,200,417,200,417,200,418,202,419,205,420,208,419,209,418,211,417,214,417,217,416,218,415,218,413,218,413,218,412,220,411,223,410,226,410,227,408,227,407,227,407,227,405,228,404,231,404,234,403,236,402,237,401,240,400,243,400,245,399,246,398,249,397,252,397,254,395,252,394,249,394
161,400,156,400,156,400,152,400,147,400,147,400,143,400,140,401,138,402,140,403,143,404,147,404,147,404,152,404,156,404,156,404,161,404,164,403,165,402,164,401,161,400
116,326,113,326,112,327,113,329,116,329,119,329,121,327,119,326,116,326
81,303,78,304,76,305,76,306,76,306,76,308,78,309,81,310,84,309,85,308,85,306,85,306,85,305,84,304,81,303
28,462,25,462,23,464,25,465,28,465,31,465,32,464,31,462,28,462
178,12,174,12,174,12,169,12,166,12,165,13,166,14,169,15,174,15,174,15,178,15,183,15,183,13,181,12,178,12
