307,10,308,11,311,12,314,12,316,13,317,14,320,15,323,14,324,13,324,12,324,12,324,10,307,10
10,25,13,25,14,26,13,27,10,28,10,31,13,32,14,33,14,34,14,34,14,36,14,38,14,38,14,39,14,41,14,41,14,42,16,43,19,44,22,45,23,46,22,47,19,47,16,48,14,49,13,50,10,50,10,57,14,57,14,57,19,57,22,58,23,59,25,60,28,60,32,60,32,60,37,60,40,61,41,62,42,63,45,63,48,64,50,65,51,66,54,67,57,67,59,68,59,70,59,70,59,72,59,73,59,73,59,75,60,76,63,76,68,76,68,76,72,76,75,77,76,78,78,79,81,80,84,80,85,81,85,83,85,83,85,85,87,86,90,86,94,86,94,86,99,86,103,86,103,86,107,86,112,86,112,86,116,86,121,86,121,86,125,86,130,86,130,86,134,86,138,86,138,86,143,86,146,86,147,85,149,83,152,83,156,83,156,83,161,83,164,83,165,85,166,86,169,86,174,86,174,86,178,86,183,86,183,86,187,86,192,86,192,86,196,86,200,86,200,86,205,86,209,86,209,86,214,86,217,87,218,88,220,89,223,89,227,89,227,89,231,89,236,89,236,89,240,89,243,89,245,88,246,87,249,86,254,86,254,86,258,86,261,86,262,85,264,83,267,83,270,82,271,81,273,80,276,80,280,80,280,80,285,80,288,79,289,78,290,77,293,76,296,76,298,75,298,73,298,73,298,72,298,70,298,70,298,68,298,67,298,67,298,65,298,63,298,63,298,62,298,60,298,60,298,59,296,58,293,57,290,56,289,55,289,54,289,54,289,52,289,50,289,50,289,49,288,48,285,47,282,47,280,46,279,45,276,44,273,45,271,46,270,47,267,47,264,47,262,46,261,45,258,44,255,43,254,42,254,41,254,41,254,39,252,38,249,38,245,38,245,38,240,38,236,38,236,38,231,38,227,38,227,38,223,38,218,38,218,38,214,38,209,38,209,38,205,38,202,37,200,36,199,35,196,34,193,34,192,33,190,32,187,31,184,31,183,29,183,28,183,28,183,26,184,25,187,25,190,24,192,23,192,21,192,21,192,20,190,19,187,18,183,18,183,18,178,18,174,18,174,18,169,18,165,18,165,18,161,18,158,18,156,16,155,15,152,15,149,14,147,13,147,12,147,12,147,10,79,10,10,10,10,25
10,73,13,73,14,72,16,70,19,70,22,69,23,68,22,67,19,67,14,67,14,67,10,67,10,73
10,436,13,435,14,434,13,433,10,433,10,436
76,470,76,468,76,468,76,467,75,466,72,465,69,465,68,464,66,462,63,462,60,462,59,464,57,465,54,465,51,466,50,467,50,468,50,468,50,470,76,470
342,470,342,468,342,468,342,467,342,465,342,465,342,464,341,462,338,462,335,461,333,460,332,459,329,459,324,459,324,459,320,459,317,459,316,460,316,462,316,462,316,464,317,465,320,465,323,466,324,467,324,468,324,468,324,470,342,470
555,470,553,469,550,468,546,468,546,470,555,470
630,248,627,248,626,246,627,245,630,245,630,180,627,181,626,182,624,183,621,183,618,184,617,185,615,186,612,187,609,187,608,188,608,190,608,190,608,191,606,192,603,193,600,194,599,195,599,196,599,196,599,198,598,199,595,200,592,200,590,201,590,203,590,203,590,204,590,206,590,206,590,208,590,209,590,209,590,211,590,212,590,212,590,214,589,215,586,216,583,216,581,217,581,219,581,219,581,221,581,222,581,222,581,224,581,225,581,225,581,227,580,228,577,229,574,229,572,230,572,232,572,232,572,234,572,235,572,235,572,237,572,238,572,238,572,240,572,242,572,242,572,243,572,245,572,245,572,246,571,248,568,248,565,249,564,250,564,251,564,251,564,253,564,255,564,255,564,256,564,258,564,258,564,259,564,261,564,261,564,263,564,264,564,264,564,266,564,268,564,268,564,269,564,271,564,271,564,272,562,273,559,274,556,275,555,276,555,277,555,277,555,279,555,280,555,280,555,282,555,284,555,284,555,285,555,287,555,287,555,289,553,290,550,290,547,291,546,292,546,293,546,293,546,295,546,297,546,297,546,298,546,300,546,300,546,302,544,303,541,303,538,304,537,305,537,306,537,306,537,308,537,310,537,310,537,311,536,312,533,313,530,313,528,315,528,316,528,316,528,318,528,319,528,319,528,321,528,323,528,323,528,324,528,326,528,326,528,327,528,329,528,329,528,331,528,332,528,332,528,334,528,336,528,336,528,337,528,339,528,339,528,340,527,342,524,342,521,343,519,344,519,345,519,345,519,347,519,349,519,349,519,350,519,352,519,352,519,353,518,354,515,355,512,356,510,357,510,358,510,358,510,360,509,361,506,361,503,362,502,363,502,365,502,365,502,366,502,368,502,368,502,370,502,371,502,371,502,373,502,374,502,374,502,376,503,377,506,378,509,378,510,379,510,381,510,381,510,383,510,384,510,384,510,386,510,387,510,387,510,389,510,391,510,391,510,392,512,393,515,394,518,394,519,395,519,397,519,397,519,399,519,400,519,400,519,402,521,403,524,404,527,404,528,405,528,407,528,407,528,408,528,410,528,410,528,412,530,413,533,413,536,414,537,415,537,417,537,417,537,418,538,419,541,420,544,420,546,421,546,423,546,423,546,425,547,426,550,426,553,427,555,428,555,430,555,430,555,431,556,432,559,433,562,433,564,434,564,436,564,436,564,438,564,439,564,439,564,441,564,442,564,442,564,444,565,445,568,446,571,446,572,447,574,448,577,449,580,449,581,451,581,452,581,452,581,454,583,455,586,455,589,456,590,457,592,458,595,459,598,459,599,460,600,461,603,462,606,462,608,464,608,465,608,465,608,467,609,468,612,468,615,469,617,470,623,470,630,470,630,248
541,465,537,465,537,467,538,468,541,468,546,468,546,467,544,466,541,465
533,462,530,462,528,464,530,465,533,465,537,465,537,464,536,462,533,462
488,212,485,212,484,211,484,209,484,209,484,208,484,206,484,206,484,204,482,203,479,203,476,202,475,201,475,200,475,200,475,198,475,196,475,196,475,195,476,194,479,193,482,192,484,191,482,190,479,190,476,189,475,188,475,187,475,187,475,185,475,183,475,183,475,182,474,181,471,180,468,180,466,178,465,177,462,177,459,176,457,175,456,174,453,174,450,174,448,175,448,177,448,177,448,178,448,180,448,180,448,182,447,183,444,183,440,183,440,183,435,183,432,183,431,182,429,181,426,180,423,180,422,178,422,177,422,177,422,175,420,174,417,174,414,173,413,172,413,170,413,170,413,169,413,167,413,167,413,165,412,164,409,164,404,164,404,164,400,164,397,163,395,162,395,161,395,161,395,159,394,158,391,157,388,157,386,156,386,154,386,154,386,153,385,151,382,151,379,150,378,149,376,148,373,148,369,148,369,148,364,148,361,147,360,146,358,145,355,144,351,144,351,144,347,144,344,144,342,143,341,142,338,141,333,141,333,141,329,141,326,141,324,140,324,138,324,138,324,136,323,135,320,135,317,134,316,133,314,132,311,131,308,131,307,130,305,129,302,128,298,128,298,128,293,128,289,128,289,128,285,128,280,128,280,128,276,128,273,129,271,130,270,131,267,131,262,131,262,131,258,131,254,131,254,131,249,131,245,131,245,131,240,131,236,131,236,131,231,131,227,131,227,131,223,131,218,131,218,131,214,131,209,131,209,131,205,131,202,132,200,133,199,134,196,135,192,135,192,135,187,135,183,135,183,135,178,135,175,135,174,136,172,137,169,138,166,139,165,140,164,141,161,141,156,141,156,141,152,141,149,142,147,143,146,144,143,144,140,145,138,146,137,147,134,148,131,148,130,149,128,150,125,151,122,151,121,153,121,154,121,154,121,156,119,157,116,157,113,158,112,159,112,161,112,161,112,162,110,163,107,164,104,164,103,165,103,167,103,167,103,169,103,170,103,170,103,172,103,174,103,174,103,175,102,176,99,177,96,177,94,178,94,180,94,180,94,182,94,183,94,183,94,185,94,187,94,187,94,188,94,190,94,190,94,191,93,192,90,193,85,193,85,195,85,196,85,196,85,198,85,200,85,200,85,201,87,202,90,203,93,203,94,204,94,206,94,206,94,208,93,209,90,209,87,210,85,211,85,212,85,212,85,214,85,216,85,216,85,217,87,218,90,219,93,219,94,221,96,222,99,222,102,223,103,224,103,225,103,225,103,227,104,228,107,229,110,229,112,230,112,232,112,232,112,234,112,235,112,235,112,237,112,238,112,238,112,240,112,242,112,242,112,243,112,245,112,245,112,246,113,248,116,248,119,249,121,250,121,251,121,251,121,253,122,254,125,255,130,255,130,255,134,255,137,254,138,253,140,252,143,251,147,251,147,251,152,251,156,251,156,251,161,251,164,252,165,253,166,254,169,255,174,255,174,255,178,255,181,255,183,256,183,258,183,258,183,259,184,261,187,261,190,262,192,263,192,264,192,264,192,266,192,268,192,268,192,269,190,270,187,271,183,271,183,271,178,271,175,271,174,272,174,274,174,274,174,276,172,277,169,277,166,278,165,279,164,280,161,280,158,281,156,282,156,284,156,284,156,285,155,286,152,287,149,286,147,285,147,284,147,284,147,282,147,280,147,280,147,279,147,277,147,277,147,276,146,275,143,274,138,274,138,276,138,277,138,277,138,279,138,280,138,280,138,282,137,283,134,284,130,284,130,284,125,284,122,283,121,282,119,281,116,280,112,280,112,282,112,284,112,284,112,285,110,286,107,287,103,287,103,289,103,290,103,290,103,292,104,293,107,293,112,293,112,293,116,293,121,293,121,292,122,291,125,290,128,291,130,292,128,293,125,293,121,293,121,295,119,296,116,297,112,297,112,297,107,297,103,297,103,297,99,297,96,297,94,298,94,300,94,300,94,302,93,303,90,303,85,303,85,303,81,303,78,304,76,305,76,306,76,306,76,308,76,310,76,310,76,311,78,312,81,313,85,313,85,313,90,313,93,313,94,315,96,316,99,316,103,316,103,316,107,316,110,317,112,318,112,319,112,319,112,321,113,322,116,323,121,323,121,323,125,323,130,323,130,323,134,323,138,323,138,323,143,323,146,323,147,324,149,325,152,326,156,326,156,326,161,326,164,325,165,324,166,323,169,323,172,323,174,324,175,325,178,326,183,326,183,326,187,326,192,326,192,326,196,326,200,326,200,326,205,326,209,326,209,326,214,326,218,326,218,326,223,326,227,326,227,326,231,326,236,326,236,326,240,326,245,326,245,326,249,326,254,326,254,326,258,326,262,326,262,326,267,326,271,326,271,326,276,326,280,326,280,326,285,326,289,326,289,326,293,326,296,326,298,327,299,329,302,329,307,329,307,329,311,329,316,329,316,329,320,329,324,329,324,329,329,329,333,329,333,329,338,329,342,329,342,329,347,329,351,329,351,329,355,329,358,329,360,327,361,326,364,326,369,326,369,326,373,326,378,326,378,326,382,326,386,326,386,326,391,326,395,326,395,326,400,326,404,326,404,326,409,326,412,325,413,324,413,323,413,323,413,321,414,320,417,319,420,320,422,321,423,322,426,323,429,322,431,321,432,320,435,319,438,319,440,318,441,317,444,316,447,316,448,315,448,313,448,313,448,311,448,310,448,310,448,308,448,306,448,306,448,305,448,303,448,303,448,302,448,300,448,300,448,298,448,297,448,297,448,295,450,294,453,293,456,293,457,292,457,290,457,290,457,289,457,287,457,287,457,285,457,284,457,284,457,282,457,280,457,280,457,279,459,278,462,277,465,277,466,276,468,275,471,274,474,273,475,272,475,271,475,271,475,269,475,268,475,268,475,266,475,264,475,264,475,263,475,261,475,261,475,259,475,258,475,258,475,256,476,255,479,255,482,254,484,253,484,251,484,251,484,250,484,248,484,248,484,246,484,245,484,245,484,243,484,242,484,242,484,240,484,238,484,238,484,237,484,235,484,235,484,234,484,232,484,232,484,230,484,229,484,229,484,227,484,225,484,225,484,224,484,222,484,222,484,221,485,219,488,219,491,218,493,217,493,216,493,216,493,214,491,213,488,212
391,216,388,215,386,214,386,212,386,212,386,211,385,210,382,209,379,209,378,208,378,206,378,206,378,204,376,203,373,203,370,202,369,201,367,200,364,200,361,199,360,198,358,197,355,196,352,196,351,195,350,194,347,193,342,193,342,193,338,193,335,192,333,191,332,190,329,190,326,190,324,191,323,192,320,193,317,192,316,191,314,190,311,190,308,190,307,191,305,192,302,193,299,194,298,195,296,196,293,196,290,197,289,198,289,200,289,200,289,201,288,202,285,203,282,203,280,204,280,206,280,206,280,208,280,209,280,209,280,211,280,212,280,212,280,214,279,215,276,216,273,216,271,217,273,218,276,219,279,219,280,221,280,222,280,222,280,224,280,225,280,225,280,227,280,229,280,229,280,230,282,231,285,232,288,232,289,234,289,235,289,235,289,237,289,238,289,238,289,240,290,241,293,242,296,242,298,243,298,245,298,245,298,246,298,248,298,248,298,250,298,251,298,251,298,253,299,254,302,255,307,255,307,255,311,255,316,255,316,255,320,255,323,255,324,256,324,258,324,258,324,259,323,261,320,261,317,262,316,263,314,264,311,264,308,265,307,266,308,267,311,268,316,268,316,268,320,268,323,268,324,269,326,270,329,271,332,270,333,269,335,268,338,268,342,268,342,268,347,268,350,267,351,266,352,265,355,264,358,264,360,263,361,262,364,261,367,261,369,259,370,258,373,258,378,258,378,258,382,258,385,257,386,256,386,255,386,255,386,253,388,252,391,251,394,251,395,250,395,248,395,248,395,246,395,245,395,245,395,243,395,242,395,242,395,240,395,238,395,238,395,237,395,235,395,235,395,234,395,232,395,232,395,230,395,229,395,229,395,227,395,225,395,225,395,224,395,222,395,222,395,221,395,219,395,219,395,217,394,216,391,216
453,148,450,147,448,146,448,144,448,144,448,143,447,142,444,141,441,141,440,140,438,139,435,138,432,137,431,136,429,135,426,135,423,135,422,136,420,137,417,138,414,139,413,140,412,141,409,141,406,142,404,143,406,144,409,144,412,145,413,146,414,147,417,148,422,148,422,148,426,148,429,148,431,149,432,150,435,151,440,151,440,151,444,151,448,151,448,151,453,151,456,150,457,149,456,148,453,148
444,400,441,400,440,399,440,397,440,397,440,395,440,394,440,394,440,392,438,391,435,391,432,390,431,389,431,387,431,387,431,386,429,385,426,384,423,384,422,383,420,381,417,381,414,380,413,379,412,378,409,378,406,377,404,376,403,375,400,374,395,374,395,374,391,374,388,374,386,373,385,372,382,371,378,371,378,371,373,371,369,371,369,371,364,371,361,371,360,370,358,369,355,368,351,368,351,368,347,368,342,368,342,368,338,368,333,368,333,368,329,368,324,368,324,368,320,368,316,368,316,368,311,368,307,368,307,368,302,368,298,368,298,368,293,368,290,369,289,370,288,371,285,371,280,371,280,371,276,371,271,371,271,371,267,371,262,371,262,371,258,371,254,371,254,371,249,371,246,372,245,373,243,374,240,374,236,374,236,374,231,374,227,374,227,374,223,374,220,375,218,376,217,377,214,378,209,378,209,378,205,378,202,378,200,379,199,380,196,381,193,381,192,383,190,384,187,384,183,384,183,384,178,384,175,385,174,386,172,387,169,387,166,388,165,389,165,391,165,391,165,392,165,394,165,394,165,395,164,397,161,397,158,398,156,399,158,400,161,400,164,401,165,402,165,404,165,404,165,405,166,406,169,407,172,407,174,408,175,410,178,410,183,410,183,410,187,410,190,410,192,408,193,407,196,407,200,407,200,407,205,407,208,406,209,405,211,404,214,404,217,403,218,402,220,401,223,400,226,400,227,399,228,398,231,397,236,397,236,397,240,397,243,397,245,395,246,394,249,394,252,393,254,392,255,391,258,391,261,390,262,389,264,388,267,387,270,387,271,386,273,385,276,384,280,384,280,384,285,384,289,384,289,384,293,384,296,384,298,383,299,381,302,381,307,381,307,381,311,381,314,381,316,383,317,384,320,384,324,384,324,384,329,384,333,384,333,384,338,384,342,384,342,384,347,384,351,384,351,384,355,384,360,384,360,384,364,384,367,385,369,386,370,387,373,387,378,387,378,387,382,387,385,388,386,389,388,390,391,391,394,391,395,392,395,394,395,394,395,395,397,397,400,397,403,398,404,399,406,400,409,400,412,401,413,402,414,403,417,404,420,404,422,405,423,406,426,407,431,407,431,407,435,407,438,407,440,408,441,410,444,410,447,410,448,408,448,407,448,407,448,405,448,404,448,404,448,402,447,401,444,400
338,25,335,25,333,26,333,28,333,28,333,29,335,31,338,31,341,31,342,29,342,28,342,28,342,26,341,25,338,25
258,413,254,413,254,413,249,413,245,413,245,413,240,413,237,414,236,415,236,417,236,417,236,418,236,420,236,420,236,421,236,423,240,423,245,423,245,423,249,423,252,422,254,421,254,420,254,420,254,418,255,417,258,417,261,416,262,415,261,414,258,413
231,423,228,424,227,425,227,426,231,426,234,426,236,425,236,423,231,423
223,426,220,427,218,428,220,429,223,430,226,429,227,428,227,426,223,426
134,271,131,270,130,269,128,268,125,268,121,268,121,268,116,268,113,267,112,266,112,264,112,264,112,263,110,262,107,261,104,261,103,259,102,258,99,258,96,257,94,256,93,255,90,255,85,255,85,255,81,255,76,255,76,255,72,255,69,255,68,256,66,257,63,258,60,257,59,256,57,255,54,255,51,254,50,253,48,252,45,251,42,252,41,253,40,254,37,255,34,255,32,256,34,257,37,258,41,258,41,258,45,258,48,258,50,259,50,261,50,261,50,263,50,264,50,264,50,266,51,267,54,268,57,268,59,269,60,270,63,271,66,271,68,272,68,274,68,274,68,276,68,277,68,277,68,279,69,280,72,280,75,281,76,282,78,283,81,284,84,284,85,285,87,286,90,287,94,287,94,287,99,287,103,287,103,285,103,284,103,284,103,282,104,281,107,280,112,280,112,279,113,278,116,277,121,277,121,277,125,277,128,277,130,276,131,275,134,274,138,274,138,272,137,271,134,271
81,190,78,190,76,191,78,192,81,193,85,193,85,191,84,190,81,190
