599,10,600,11,603,12,606,12,608,13,609,14,612,15,615,15,617,16,618,18,621,18,626,18,626,18,630,18,630,14,630,10,599,10
316,10,316,12,316,12,316,13,314,14,311,15,308,15,307,16,305,18,302,18,298,18,298,18,293,18,289,18,289,18,285,18,282,18,280,16,280,15,276,15,271,15,271,15,267,15,264,14,262,13,261,12,258,12,255,11,254,10,209,10,209,12,214,12,217,12,218,13,217,14,214,15,211,14,209,13,209,12,205,12,200,12,200,12,196,12,192,12,192,12,187,12,183,12,183,12,178,12,174,12,174,12,169,12,166,12,165,13,166,14,169,15,172,15,174,16,172,18,169,18,165,18,165,18,161,18,158,18,156,16,155,15,152,15,149,14,147,13,147,12,147,12,147,10,59,10,57,11,54,12,50,12,50,12,45,12,41,12,41,12,37,12,32,12,32,12,28,12,23,12,23,12,19,12,16,11,14,10,12,10,10,10,10,115,14,115,14,115,19,115,22,116,23,117,23,119,23,119,23,120,25,121,28,122,31,122,32,123,32,125,32,125,32,127,34,128,37,128,40,129,41,130,41,131,41,131,41,133,42,134,45,135,48,135,50,136,50,138,50,138,50,140,51,141,54,141,59,141,59,141,63,141,66,142,68,143,69,144,72,144,76,144,76,144,81,144,85,144,85,144,90,144,94,144,94,144,99,144,102,145,103,146,104,147,107,148,112,148,112,148,116,148,121,148,121,148,125,148,130,148,130,148,134,148,138,148,138,148,143,148,146,148,147,149,149,150,152,151,156,151,156,151,161,151,165,151,165,151,169,151,174,151,174,151,178,151,183,151,183,151,187,151,192,151,192,151,196,151,200,151,200,151,205,151,209,151,209,151,214,151,218,151,218,151,223,151,227,151,227,151,231,151,236,151,236,151,240,151,243,150,245,149,246,148,249,148,254,148,254,148,258,148,262,148,262,148,267,148,271,148,271,148,276,148,279,148,280,149,282,150,285,151,289,151,289,151,293,151,298,151,298,151,302,151,307,151,307,151,311,151,314,150,316,149,317,148,320,148,323,147,324,146,326,145,329,144,332,144,333,143,335,142,338,141,341,141,342,140,344,138,347,138,350,137,351,136,352,135,355,135,358,134,360,133,360,131,360,131,360,130,360,128,360,128,360,127,360,125,360,125,360,123,360,122,360,122,360,120,360,119,360,119,360,117,358,116,355,115,352,115,351,114,352,113,355,112,358,111,360,110,361,109,364,109,369,109,369,107,369,106,369,106,369,104,369,102,369,102,369,101,369,99,369,99,369,97,369,96,369,96,369,94,370,93,373,93,376,92,378,91,378,89,378,89,378,88,379,87,382,86,385,86,386,85,388,83,391,83,394,82,395,81,395,80,395,80,395,78,397,77,400,76,403,76,404,75,406,74,409,73,412,73,413,72,413,70,413,70,413,68,412,67,409,67,406,66,404,65,403,64,400,63,397,63,395,62,395,60,395,60,395,59,395,57,395,57,395,55,397,54,400,54,403,53,404,52,404,50,404,50,404,49,404,47,404,47,404,46,403,45,400,44,395,44,395,44,391,44,386,44,386,44,382,44,379,43,378,42,376,41,373,41,370,40,369,39,369,38,369,38,369,36,369,34,369,34,369,33,369,31,369,31,369,29,369,28,369,28,369,26,369,25,364,25,361,25,360,26,358,27,355,28,352,27,351,26,351,25,351,25,351,23,351,21,351,21,351,20,352,19,355,18,358,18,360,16,360,15,355,15,352,14,351,13,352,12,355,12,358,12,360,13,360,15,364,15,367,14,369,13,370,12,373,12,376,11,378,10,316,10
364,57,361,56,360,55,358,54,355,54,352,54,351,55,351,57,351,57,351,59,352,60,355,60,360,60,360,60,364,60,367,60,369,59,367,58,364,57
329,12,326,12,324,13,326,14,329,15,332,14,333,13,332,12,329,12
329,21,326,22,324,23,324,25,324,25,324,26,326,27,329,28,332,27,333,26,333,25,333,25,333,23,332,22,329,21
329,34,326,35,324,36,324,38,324,38,324,39,324,41,324,41,324,42,323,43,320,44,317,45,316,46,314,47,311,47,307,47,307,47,302,47,299,48,298,49,296,50,293,50,290,51,289,52,289,54,289,54,289,55,289,57,289,57,289,59,289,60,289,60,289,62,288,63,285,63,282,64,280,65,280,67,276,67,273,67,271,68,273,69,276,70,279,69,280,68,280,67,285,67,289,67,289,67,293,67,298,67,298,67,302,67,305,67,307,68,308,69,311,70,316,70,316,70,320,70,323,69,324,68,324,67,324,67,324,65,323,64,320,63,317,63,316,62,316,60,316,60,316,59,316,57,316,57,316,55,317,54,320,54,323,53,324,52,326,51,329,50,332,50,333,49,333,47,333,47,333,46,333,44,333,44,333,42,333,41,333,41,333,39,333,38,333,38,333,36,332,35,329,34
240,25,237,24,236,23,234,22,231,21,228,22,227,23,227,25,227,25,227,26,226,27,223,28,220,28,218,29,218,31,218,31,218,33,220,34,223,34,226,34,227,33,228,32,231,31,234,31,236,29,237,28,240,28,243,27,245,26,243,25,240,25
205,31,202,32,200,33,202,34,205,34,208,34,209,33,208,32,205,31
271,10,273,11,276,12,279,12,280,13,280,15,285,15,288,14,289,13,290,12,293,12,296,11,298,10,271,10
85,470,85,468,85,468,85,467,84,466,81,465,78,465,76,464,75,462,72,462,68,462,68,462,63,462,60,461,59,460,57,459,54,459,51,459,50,460,50,462,50,462,50,464,50,465,50,465,50,467,48,468,45,468,41,468,41,470,85,470
218,470,218,468,218,468,218,467,218,465,218,465,218,464,217,462,214,462,211,461,209,460,208,459,205,459,202,458,200,457,202,456,205,455,208,455,209,454,208,453,205,452,202,452,200,451,200,449,200,449,200,447,199,446,196,446,193,446,192,447,192,449,192,449,192,451,190,452,187,452,184,453,183,454,183,455,183,455,183,457,184,458,187,459,190,459,192,460,192,462,192,462,192,464,192,465,192,465,192,467,192,468,192,468,192,470,218,470
360,470,360,468,360,468,360,467,360,465,360,465,360,464,360,462,360,462,360,460,361,459,364,459,367,458,369,457,370,456,373,455,376,456,378,457,379,458,382,459,385,458,386,457,386,455,386,455,386,454,385,453,382,452,379,452,378,451,378,449,378,449,378,447,376,446,373,446,370,445,369,444,369,442,369,442,369,441,367,440,364,439,361,439,360,438,360,436,360,436,360,434,358,433,355,433,352,432,351,431,351,430,351,430,351,428,350,427,347,426,344,426,342,425,342,423,342,423,342,421,341,420,338,420,335,419,333,418,332,417,329,417,324,417,324,417,320,417,317,416,316,415,314,414,311,413,308,414,307,415,307,417,307,417,307,418,305,419,302,420,298,420,298,420,293,420,290,420,289,421,288,422,285,423,282,424,280,425,280,426,280,426,280,428,282,429,285,430,288,430,289,431,288,432,285,433,282,433,280,434,282,435,285,436,288,437,289,438,289,439,289,439,289,441,289,442,289,442,289,444,289,446,289,446,289,447,289,449,289,449,289,451,290,452,293,452,296,453,298,454,299,455,302,455,305,456,307,457,307,459,307,459,307,460,308,461,311,462,314,462,316,464,316,465,316,465,316,467,317,468,320,468,323,469,324,470,360,470
630,293,627,293,626,292,626,290,626,290,626,289,624,288,621,287,618,286,617,285,617,284,617,284,617,282,617,280,617,280,617,279,617,277,617,277,617,276,617,274,617,274,617,272,617,271,617,271,617,269,618,268,621,268,624,267,626,266,626,264,626,264,626,263,626,261,626,261,626,259,626,258,626,258,626,256,626,255,626,255,626,253,626,251,626,251,626,250,626,248,626,248,626,246,626,245,626,245,626,243,626,242,626,242,626,240,627,239,630,238,630,216,626,216,626,216,621,216,618,216,617,217,615,218,612,219,609,219,608,221,606,222,603,222,600,223,599,224,599,225,599,225,599,227,599,229,599,229,599,230,599,232,599,232,599,234,598,235,595,235,592,236,590,237,590,238,590,238,590,240,590,242,590,242,590,243,590,245,590,245,590,246,590,248,590,248,590,250,590,251,590,251,590,253,590,255,590,255,590,256,590,258,590,258,590,259,590,261,590,261,590,263,590,264,590,264,590,266,590,268,590,268,590,269,590,271,590,271,590,272,590,274,590,274,590,276,590,277,590,277,590,279,589,280,586,280,583,281,581,282,581,284,581,284,581,285,581,287,581,287,581,289,581,290,581,290,581,292,581,293,581,293,581,295,581,297,581,297,581,298,581,300,581,300,581,302,581,303,581,303,581,305,581,306,581,306,581,308,581,310,581,310,581,311,581,313,581,313,581,315,581,316,581,316,581,318,581,319,581,319,581,321,581,323,581,323,581,324,580,325,577,326,574,326,572,327,572,329,572,329,572,331,572,332,572,332,572,334,572,336,572,336,572,337,572,339,572,339,572,340,572,342,572,342,572,344,572,345,572,345,572,347,572,349,572,349,572,350,572,352,572,352,572,353,572,355,572,355,572,357,572,358,572,358,572,360,572,361,572,361,572,363,572,365,572,365,572,366,572,368,572,368,572,370,571,371,568,371,565,372,564,373,564,374,564,374,564,376,564,378,564,378,564,379,562,380,559,381,556,381,555,383,555,384,555,384,555,386,556,387,559,387,562,388,564,389,564,391,564,391,564,392,564,394,564,394,564,395,564,397,564,397,564,399,564,400,564,400,564,402,562,403,559,404,556,404,555,405,555,407,555,407,555,408,555,410,555,410,555,412,556,413,559,413,562,414,564,415,564,417,564,417,564,418,564,420,564,420,564,421,564,423,564,423,564,425,564,426,564,426,564,428,565,429,568,430,571,430,572,431,572,433,572,433,572,434,572,436,572,436,572,438,572,439,572,439,572,441,572,442,572,442,572,444,572,446,572,446,572,447,574,448,577,449,580,449,581,451,581,452,581,452,581,454,581,455,581,455,581,457,581,459,581,459,581,460,581,462,581,462,581,464,581,465,581,465,581,467,583,468,586,468,589,469,590,470,610,470,630,470,630,293
533,212,530,212,528,211,528,209,528,209,528,208,528,206,528,206,528,204,528,203,528,203,528,201,528,200,528,200,528,198,527,197,524,196,521,196,519,195,518,194,515,193,510,193,510,193,506,193,503,192,502,191,502,190,502,190,502,188,500,187,497,187,494,186,493,185,493,183,493,183,493,182,491,181,488,180,484,180,484,180,479,180,476,180,475,178,474,177,471,177,466,177,466,177,462,177,457,177,457,177,453,177,450,177,448,178,448,180,448,180,448,182,447,183,444,183,440,183,440,183,435,183,432,184,431,185,429,186,426,187,423,186,422,185,422,183,422,183,422,182,420,181,417,180,414,180,413,178,412,177,409,177,404,177,404,177,400,177,397,176,395,175,394,174,391,174,386,174,386,174,382,174,378,174,378,174,373,174,370,174,369,175,369,177,369,177,369,178,367,180,364,180,361,180,360,178,360,177,360,177,360,175,358,174,355,174,352,174,351,175,350,176,347,177,344,177,342,178,341,180,338,180,333,180,333,180,329,180,324,180,324,180,320,180,316,180,316,180,311,180,308,181,307,182,305,183,302,183,298,183,298,183,293,183,289,183,289,183,285,183,280,183,280,183,276,183,271,183,271,183,267,183,264,184,262,185,261,186,258,187,254,187,254,187,249,187,245,187,245,187,240,187,237,187,236,188,234,189,231,190,227,190,227,190,223,190,218,190,218,190,214,190,211,190,209,191,208,192,205,193,202,194,200,195,199,196,196,196,192,196,192,196,187,196,184,197,183,198,181,199,178,200,175,200,174,201,174,203,174,203,174,204,172,205,169,206,166,207,165,208,165,209,165,209,165,211,165,212,165,212,165,214,164,215,161,216,158,216,156,217,155,218,152,219,149,219,147,221,146,222,143,222,140,223,138,224,138,225,138,225,138,227,137,228,134,229,131,229,130,230,130,232,130,232,130,234,128,235,125,235,122,236,121,237,121,238,121,238,121,240,119,241,116,242,113,242,112,243,112,245,112,245,112,246,110,248,107,248,104,249,103,250,103,251,103,251,103,253,103,255,103,255,103,256,103,258,103,258,103,259,103,261,103,261,103,263,103,264,103,264,103,266,104,267,107,268,110,268,112,269,110,270,107,271,104,271,103,272,103,274,103,274,103,276,104,277,107,277,110,278,112,279,113,280,116,280,119,281,121,282,121,284,121,284,121,285,122,286,125,287,128,288,130,289,131,290,134,290,137,291,138,292,138,293,138,293,138,295,140,296,143,297,146,297,147,298,147,300,147,300,147,302,149,303,152,303,155,304,156,305,158,306,161,306,164,307,165,308,165,310,165,310,165,311,166,312,169,313,172,313,174,315,174,316,178,316,183,316,183,316,187,316,192,316,192,316,196,316,199,317,200,318,199,319,196,319,192,319,192,319,187,319,183,319,183,319,178,319,175,319,174,318,174,316,169,316,165,316,165,316,161,316,158,316,156,315,155,313,152,313,149,312,147,311,146,310,143,310,138,310,138,310,134,310,131,309,130,308,128,307,125,306,121,306,121,306,116,306,113,306,112,305,110,304,107,303,103,303,103,303,99,303,96,304,94,305,94,306,94,306,94,308,94,310,94,310,94,311,94,313,94,313,94,315,96,316,99,316,102,317,103,318,104,319,107,319,112,319,112,319,116,319,119,320,121,321,122,322,125,323,128,323,130,324,131,325,134,326,137,326,138,327,140,329,143,329,147,329,147,329,152,329,156,329,156,329,161,329,164,330,165,331,164,332,161,332,156,332,156,332,152,332,149,333,147,334,146,335,143,336,138,336,138,336,134,336,130,336,130,336,125,336,121,336,121,336,116,336,113,336,112,337,112,339,112,339,112,340,113,341,116,342,119,343,121,344,122,345,125,345,130,345,130,345,134,345,138,345,138,345,143,345,146,346,147,347,149,348,152,349,156,349,156,349,161,349,164,349,165,350,166,351,169,352,174,352,174,352,178,352,183,352,183,352,187,352,190,352,192,353,193,354,196,355,200,355,200,355,205,355,209,355,209,355,214,355,218,355,218,355,223,355,227,355,227,355,231,355,234,356,236,357,237,358,240,358,243,359,245,360,246,361,249,361,254,361,254,361,258,361,262,361,262,361,267,361,271,361,271,361,276,361,280,361,280,361,285,361,288,362,289,363,289,365,289,365,289,366,289,368,289,368,289,370,289,371,289,371,289,373,290,374,293,374,298,374,298,374,302,374,307,374,307,374,311,374,314,375,316,376,314,377,311,378,307,378,307,378,302,378,298,378,298,378,293,378,290,378,289,379,288,380,285,381,282,381,280,383,279,384,276,384,273,385,271,386,273,387,276,387,280,387,280,387,285,387,289,387,289,387,293,387,296,387,298,386,299,385,302,384,305,385,307,386,308,387,311,387,316,387,316,387,320,387,324,387,324,387,329,387,333,387,333,387,338,387,342,387,342,387,347,387,351,387,351,387,355,387,360,387,360,387,364,387,369,387,369,387,373,387,378,387,378,387,382,387,386,387,386,387,391,387,395,387,395,387,400,387,403,387,404,386,406,385,409,384,412,384,413,383,414,381,417,381,422,381,422,381,426,381,429,380,431,379,432,378,435,378,438,378,440,379,440,381,440,381,440,383,441,384,444,384,447,385,448,386,448,387,448,387,448,389,448,391,448,391,448,392,448,394,448,394,448,395,450,397,453,397,457,397,457,395,459,394,462,394,465,393,466,392,468,391,471,391,474,390,475,389,475,387,475,387,475,386,476,385,479,384,482,384,484,383,484,381,484,381,484,379,484,378,484,378,484,376,484,374,484,374,484,373,484,371,484,371,484,370,484,368,484,368,484,366,484,365,484,365,484,363,484,361,484,361,484,360,484,358,484,358,484,357,484,355,484,355,484,353,482,352,479,352,476,351,475,350,475,349,475,349,475,347,475,345,475,345,475,344,475,342,475,342,475,340,476,339,479,339,482,338,484,337,484,336,484,336,484,334,484,332,484,332,484,331,484,329,484,329,484,327,484,326,484,326,484,324,484,323,484,323,484,321,485,320,488,319,491,319,493,318,493,316,493,316,493,315,493,313,493,313,493,311,493,310,493,310,493,308,493,306,493,306,493,305,493,303,493,303,493,302,494,300,497,300,500,299,502,298,502,297,502,297,502,295,502,293,502,293,502,292,502,290,502,290,502,289,502,287,502,287,502,285,502,284,502,284,502,282,502,280,502,280,502,279,502,277,502,277,502,276,502,274,502,274,502,272,503,271,506,271,509,271,510,272,510,274,510,274,510,276,512,277,515,277,518,278,519,279,519,280,519,280,519,282,521,283,524,284,527,283,528,282,528,280,528,280,528,279,530,278,533,277,536,277,537,276,537,274,537,274,537,272,537,271,537,271,537,269,537,268,537,268,537,266,537,264,537,264,537,263,537,261,537,261,537,259,537,258,537,258,537,256,537,255,537,255,537,253,537,251,537,251,537,250,537,248,537,248,537,246,537,245,537,245,537,243,537,242,537,242,537,240,537,238,537,238,537,237,537,235,537,235,537,234,537,232,537,232,537,230,537,229,537,229,537,227,537,225,537,225,537,224,537,222,537,222,537,221,537,219,537,219,537,217,537,216,537,216,537,214,536,213,533,212
417,219,413,219,413,219,409,219,404,219,404,219,400,219,397,218,395,217,394,216,391,216,386,216,386,216,382,216,378,216,378,216,373,216,369,216,369,216,364,216,360,216,360,216,355,216,351,216,351,216,347,216,342,216,342,216,338,216,333,216,333,216,329,216,326,216,324,217,324,219,324,219,324,221,323,222,320,222,317,223,316,224,316,225,316,225,316,227,314,228,311,229,308,229,307,230,308,231,311,232,314,232,316,234,317,235,320,235,323,236,324,237,326,238,329,238,333,238,333,238,338,238,342,238,342,238,347,238,350,239,351,240,351,242,351,242,351,243,351,245,351,245,351,246,352,248,355,248,358,249,360,250,360,251,360,251,360,253,358,254,355,255,351,255,351,255,347,255,342,255,342,255,338,255,333,255,333,255,329,255,324,255,324,255,320,255,316,255,316,255,311,255,308,255,307,256,305,257,302,258,298,258,298,258,293,258,289,258,289,258,285,258,282,258,280,259,280,261,280,261,280,263,280,264,280,264,280,266,279,267,276,268,273,268,271,269,271,271,271,271,271,272,271,274,271,274,271,276,271,277,271,277,271,279,271,280,271,280,271,282,273,283,276,284,279,284,280,285,282,286,285,287,288,288,289,289,289,290,289,290,289,292,288,293,285,293,282,294,280,295,280,297,280,297,280,298,282,299,285,300,289,300,289,300,293,300,298,300,298,300,302,300,305,300,307,302,307,303,307,303,307,305,305,306,302,306,299,307,298,308,298,310,298,310,298,311,299,312,302,313,305,312,307,311,308,310,311,310,314,309,316,308,317,307,320,306,323,306,324,305,326,304,329,303,332,303,333,302,335,300,338,300,341,299,342,298,344,297,347,297,351,297,351,297,355,297,358,296,360,295,361,294,364,293,367,293,369,292,370,291,373,290,376,290,378,289,379,288,382,287,385,286,386,285,386,284,386,284,386,282,388,281,391,280,394,280,395,279,395,277,395,277,395,276,397,275,400,274,403,273,404,272,404,271,404,271,404,269,406,268,409,268,412,267,413,266,413,264,413,264,413,263,413,261,413,261,413,259,414,258,417,258,420,257,422,256,422,255,422,255,422,253,422,251,422,251,422,250,422,248,422,248,422,246,422,245,422,245,422,243,422,242,422,242,422,240,422,238,422,238,422,237,422,235,422,235,422,234,422,232,422,232,422,230,422,229,422,229,422,227,422,225,422,225,422,224,422,222,422,222,422,221,420,219,417,219
409,183,406,183,404,182,403,181,400,180,395,180,395,180,391,180,388,181,386,182,386,183,386,183,386,185,388,186,391,187,395,187,395,187,400,187,404,187,404,187,409,187,412,186,413,185,412,184,409,183
409,349,406,348,404,347,404,345,404,345,404,344,404,342,404,342,404,340,403,339,400,339,397,339,395,340,394,341,391,342,386,342,386,342,382,342,379,343,378,344,376,345,373,345,370,346,369,347,369,349,369,349,369,350,367,351,364,352,361,352,360,353,361,354,364,355,369,355,369,355,373,355,376,354,378,353,379,352,382,352,386,352,386,352,391,352,395,352,395,352,400,352,404,352,404,352,409,352,412,351,413,350,412,349,409,349
373,378,370,377,369,376,367,375,364,374,360,374,360,374,355,374,352,375,351,376,351,378,351,378,351,379,352,380,355,381,360,381,360,381,364,381,369,381,369,381,373,381,376,380,378,379,376,378,373,378
338,374,335,375,333,376,335,377,338,378,341,377,342,376,341,375,338,374
285,313,282,313,280,315,280,316,276,316,271,316,271,316,267,316,264,317,262,318,264,319,267,319,271,319,271,319,276,319,279,319,280,318,280,316,285,316,288,316,289,315,288,313,285,313
462,397,457,397,457,399,456,400,453,400,450,401,448,402,450,403,453,404,457,404,457,404,462,404,465,403,466,402,466,400,466,400,466,399,465,398,462,397
444,96,441,96,440,97,440,99,440,99,440,101,440,102,440,102,440,104,441,105,444,106,447,105,448,104,448,102,448,102,448,101,448,99,448,99,448,97,447,96,444,96
444,135,441,135,440,136,440,138,440,138,440,140,440,141,440,141,440,143,441,144,444,144,447,144,448,143,448,141,448,141,448,140,448,138,448,138,448,136,447,135,444,135
435,86,431,86,431,88,431,89,431,89,431,91,432,92,435,93,438,92,440,91,440,89,440,89,440,88,438,87,435,86
435,119,432,118,431,117,429,116,426,115,423,115,422,114,422,112,422,112,422,110,422,109,422,109,422,107,420,106,417,106,414,106,413,107,413,109,413,109,413,110,412,112,409,112,406,113,404,114,404,115,404,115,404,117,404,119,404,119,404,120,404,122,404,122,404,123,404,125,404,125,404,127,404,128,404,128,404,130,406,131,409,131,412,132,413,133,414,134,417,135,422,135,422,135,426,135,429,134,431,133,431,131,431,131,431,130,431,128,431,128,431,127,432,126,435,125,438,124,440,123,440,122,440,122,440,120,438,119,435,119
426,83,423,83,422,85,423,86,426,86,431,86,431,85,429,83,426,83
400,96,397,95,395,94,394,93,391,93,388,93,386,94,386,96,386,96,386,97,388,99,391,99,395,99,395,99,400,99,403,99,404,97,403,96,400,96
373,21,370,22,369,23,369,25,373,25,376,24,378,23,376,22,373,21
373,109,369,109,369,110,370,111,373,112,376,111,378,110,376,109,373,109
223,400,218,400,218,400,214,400,211,401,209,402,209,404,209,404,209,405,208,406,205,407,200,407,200,407,196,407,193,407,192,408,192,410,192,410,192,412,192,413,192,413,192,415,193,416,196,417,199,417,200,418,202,419,205,420,208,419,209,418,209,417,209,417,209,415,211,414,214,413,217,413,218,412,218,410,218,410,218,408,218,407,218,407,218,405,220,404,223,404,226,403,227,402,226,401,223,400
81,303,78,304,76,305,76,306,76,306,76,308,78,309,81,310,84,309,85,308,85,306,85,306,85,305,84,304,81,303
37,465,32,465,32,467,34,468,37,468,41,468,41,467,40,466,37,465
28,462,25,462,23,464,25,465,28,465,32,465,32,464,31,462,28,462
