316,10,316,12,316,12,316,13,317,14,320,15,323,14,324,13,324,12,324,12,324,10,316,10
59,10,57,11,54,12,50,12,50,12,45,12,41,12,41,12,37,12,32,12,32,12,28,12,23,12,23,12,19,12,16,11,14,10,12,10,10,10,10,25,13,25,14,26,13,27,10,28,10,31,13,32,14,33,16,34,19,34,22,35,23,36,25,37,28,38,31,38,32,39,32,41,32,41,32,42,32,44,32,44,32,46,32,47,32,47,32,49,32,50,32,50,32,52,34,53,37,54,41,54,41,54,45,54,48,54,50,55,50,57,50,57,50,59,51,60,54,60,57,61,59,62,60,63,63,63,66,64,68,65,69,66,72,67,75,67,76,68,78,69,81,70,84,70,85,72,87,73,90,73,94,73,94,73,99,73,103,73,103,73,107,73,110,74,112,75,113,76,116,76,121,76,121,76,125,76,130,76,130,76,134,76,138,76,138,76,143,76,147,76,147,76,152,76,156,76,156,76,161,76,165,76,165,76,169,76,174,76,174,76,178,76,183,76,183,76,187,76,192,76,192,76,196,76,200,76,200,76,205,76,209,76,209,76,214,76,218,76,218,76,223,76,226,77,227,78,228,79,231,80,236,80,236,80,240,80,245,80,245,80,249,80,252,79,254,78,255,77,258,76,261,76,262,75,262,73,262,73,262,72,262,70,262,70,262,68,262,67,262,67,262,65,264,64,267,63,271,63,271,63,276,63,279,63,280,62,280,60,280,60,280,59,280,57,280,57,280,55,282,54,285,54,288,53,289,52,288,51,285,50,280,50,280,50,276,50,273,50,271,49,270,48,267,47,264,47,262,46,264,45,267,44,270,43,271,42,270,41,267,41,262,41,262,41,258,41,255,40,254,39,254,38,254,38,254,36,252,35,249,34,245,34,245,34,240,34,237,35,236,36,234,37,231,38,227,38,227,38,223,38,220,37,218,36,218,34,218,34,218,33,217,32,214,31,211,31,209,29,208,28,205,28,200,28,200,28,196,28,193,27,192,26,192,25,192,25,192,23,192,21,192,21,192,20,190,19,187,18,184,18,183,16,181,15,178,15,174,15,174,15,169,15,165,15,165,16,164,18,161,18,158,18,156,16,158,15,161,15,165,15,165,13,164,12,161,12,156,12,156,12,152,12,149,11,147,10,59,10
196,31,193,32,192,33,193,34,196,34,199,34,200,33,199,32,196,31
10,70,13,69,14,68,13,67,10,67,10,70
76,470,76,468,76,468,76,467,75,466,72,465,68,465,68,465,63,465,60,466,59,467,59,468,59,468,59,470,76,470
342,470,342,468,342,468,342,467,342,465,342,465,342,464,341,462,338,462,333,462,333,462,329,462,324,462,324,464,324,465,324,465,324,467,326,468,329,468,332,469,333,470,342,470
564,470,562,469,559,468,556,468,555,467,553,466,550,465,547,465,546,464,544,462,541,462,538,461,537,460,536,459,533,459,530,458,528,457,527,456,524,455,521,455,519,454,518,453,515,452,510,452,510,452,506,452,502,452,502,454,503,455,506,455,509,456,510,457,510,459,510,459,510,460,512,461,515,462,518,462,519,464,521,465,524,465,527,466,528,467,530,468,533,468,536,469,537,470,564,470
630,293,627,293,626,292,626,290,626,290,626,289,624,288,621,287,618,286,617,285,617,284,617,284,617,282,617,280,617,280,617,279,617,277,617,277,617,276,617,274,617,274,617,272,617,271,617,271,617,269,618,268,621,268,624,267,626,266,626,264,626,264,626,263,626,261,626,261,626,259,626,258,626,258,626,256,626,255,626,255,626,253,626,251,626,251,626,250,626,248,626,248,626,246,626,245,626,245,626,243,626,242,626,242,626,240,627,239,630,238,630,180,626,180,626,180,621,180,618,181,617,182,615,183,612,183,609,184,608,185,608,187,608,187,608,188,606,189,603,190,600,190,599,191,598,192,595,193,592,194,590,195,590,196,590,196,590,198,590,200,590,200,590,201,590,203,590,203,590,204,590,206,590,206,590,208,590,209,590,209,590,211,590,212,590,212,590,214,589,215,586,216,583,216,581,217,581,219,581,219,581,221,580,222,577,222,574,223,572,224,572,225,572,225,572,227,572,229,572,229,572,230,572,232,572,232,572,234,572,235,572,235,572,237,572,238,572,238,572,240,572,242,572,242,572,243,572,245,572,245,572,246,571,248,568,248,565,249,564,250,564,251,564,251,564,253,564,255,564,255,564,256,564,258,564,258,564,259,564,261,564,261,564,263,564,264,564,264,564,266,564,268,564,268,564,269,562,270,559,271,556,271,555,272,555,274,555,274,555,276,555,277,555,277,555,279,555,280,555,280,555,282,553,283,550,284,547,284,546,285,546,287,546,287,546,289,546,290,546,290,546,292,544,293,541,293,538,294,537,295,537,297,537,297,537,298,537,300,537,300,537,302,537,303,537,303,537,305,536,306,533,306,530,307,528,308,527,309,524,310,521,310,519,311,519,313,519,313,519,315,519,316,519,316,519,318,518,319,515,319,512,320,510,321,510,323,510,323,510,324,510,326,510,326,510,327,512,329,515,329,518,330,519,331,519,332,519,332,519,334,519,336,519,336,519,337,518,338,515,339,512,339,510,340,509,342,506,342,503,343,502,344,502,345,502,345,502,347,502,349,502,349,502,350,502,352,502,352,502,353,500,354,497,355,494,356,493,357,493,358,493,358,493,360,493,361,493,361,493,363,493,365,493,365,493,366,493,368,493,368,493,370,494,371,497,371,500,372,502,373,502,374,502,374,502,376,502,378,502,378,502,379,502,381,502,381,502,383,503,384,506,384,509,385,510,386,510,387,510,387,510,389,510,391,510,391,510,392,510,394,510,394,510,395,512,397,515,397,518,398,519,399,519,400,519,400,519,402,521,403,524,404,527,404,528,405,528,407,528,407,528,408,528,410,528,410,528,412,530,413,533,413,536,414,537,415,537,417,537,417,537,418,538,419,541,420,544,420,546,421,546,423,546,423,546,425,547,426,550,426,553,427,555,428,556,429,559,430,562,430,564,431,564,433,564,433,564,434,565,435,568,436,571,437,572,438,572,439,572,439,572,441,572,442,572,442,572,444,574,445,577,446,580,446,581,447,581,449,581,449,581,451,583,452,586,452,589,453,590,454,592,455,595,455,598,456,599,457,600,458,603,459,606,459,608,460,609,461,612,462,615,462,617,464,618,465,621,465,624,466,626,467,626,468,626,468,626,470,628,470,630,470,630,293
497,449,493,449,493,451,494,452,497,452,502,452,502,451,500,449,497,449
488,446,485,446,484,447,485,448,488,449,493,449,493,447,491,446,488,446
479,206,476,205,475,204,475,203,475,203,475,201,474,200,471,200,468,199,466,198,468,197,471,196,474,196,475,195,475,193,475,193,475,191,475,190,475,190,475,188,475,187,475,187,475,185,474,184,471,183,468,183,466,182,465,181,462,180,459,180,457,178,456,177,453,177,450,177,448,178,448,180,448,180,448,182,447,183,444,183,440,183,440,183,435,183,432,183,431,182,429,181,426,180,423,180,422,178,422,177,422,177,422,175,420,174,417,174,414,173,413,172,413,170,413,170,413,169,413,167,413,167,413,165,413,164,413,164,413,162,412,161,409,161,406,160,404,159,404,157,404,157,404,156,403,155,400,154,397,154,395,153,394,151,391,151,388,150,386,149,385,148,382,148,379,147,378,146,376,145,373,144,370,144,369,143,367,142,364,141,360,141,360,141,355,141,352,141,351,140,350,139,347,138,342,138,342,138,338,138,333,138,333,138,329,138,326,137,324,136,324,135,324,135,324,133,324,131,324,131,324,130,323,129,320,128,317,128,316,127,314,126,311,125,308,124,307,123,305,122,302,122,298,122,298,122,293,122,289,122,289,122,285,122,282,121,280,120,279,119,276,119,271,119,271,119,267,119,262,119,262,119,258,119,254,119,254,119,249,119,246,119,245,120,243,121,240,122,236,122,236,122,231,122,228,121,227,120,226,119,223,119,218,119,218,119,214,119,211,119,209,120,208,121,205,122,200,122,200,122,196,122,193,122,192,123,190,124,187,125,183,125,183,125,178,125,175,126,174,127,172,128,169,128,165,128,165,128,161,128,156,128,156,128,152,128,149,129,147,130,146,131,143,131,140,132,138,133,138,135,138,135,138,136,137,137,134,138,131,139,130,140,130,141,130,141,130,143,128,144,125,144,122,145,121,146,119,147,116,148,113,148,112,149,112,151,112,151,112,153,110,154,107,154,104,155,103,156,103,157,103,157,103,159,103,161,103,161,103,162,103,164,103,164,103,165,102,167,99,167,96,168,94,169,94,170,94,170,94,172,94,174,94,174,94,175,94,177,94,177,94,178,94,180,94,180,94,182,94,183,94,183,94,185,94,187,94,187,94,188,96,189,99,190,102,190,103,191,102,192,99,193,94,193,94,193,90,193,85,193,85,195,85,196,85,196,85,198,87,199,90,200,93,200,94,201,94,203,94,203,94,204,96,205,99,206,102,207,103,208,103,209,103,209,103,211,103,212,103,212,103,214,103,216,107,216,110,216,112,217,112,219,112,219,112,221,112,222,116,222,119,223,121,224,121,225,121,225,121,227,119,228,116,229,112,229,112,230,113,231,116,232,119,232,121,234,121,235,121,235,121,237,122,238,125,238,128,239,130,240,131,241,134,242,137,242,138,243,140,244,143,245,147,245,147,245,152,245,156,245,156,245,161,245,164,245,165,246,166,248,169,248,172,249,174,250,175,251,178,251,183,251,183,251,187,251,190,252,192,253,193,254,196,255,199,255,200,256,202,257,205,258,208,258,209,259,211,261,214,261,218,261,218,261,223,261,227,261,227,261,231,261,234,262,236,263,237,264,240,264,245,264,245,264,249,264,254,264,254,264,258,264,262,264,262,264,267,264,271,264,271,264,276,264,280,264,280,264,285,264,288,265,289,266,288,267,285,268,280,268,280,268,276,268,271,268,271,268,267,268,264,268,262,269,261,270,258,271,254,271,254,271,249,271,245,271,245,271,240,271,237,270,236,269,234,268,231,268,227,268,227,268,223,268,218,268,218,268,214,268,209,268,209,268,205,268,200,268,200,268,196,268,192,268,192,268,187,268,184,268,183,269,181,270,178,271,175,271,174,272,172,273,169,274,166,275,165,276,165,277,165,277,165,279,164,280,161,280,158,281,156,282,156,284,156,284,156,285,155,286,152,287,149,286,147,285,146,284,143,284,140,284,138,285,137,286,134,287,131,288,130,289,130,290,130,290,130,292,128,293,125,293,121,293,121,295,119,296,116,297,112,297,112,297,107,297,104,296,103,295,103,293,99,293,96,293,94,292,93,291,90,290,87,291,85,292,85,293,85,293,85,295,85,297,85,297,85,298,85,300,85,300,85,302,84,303,81,303,78,304,76,305,75,306,72,306,69,307,68,308,69,309,72,310,75,310,76,311,78,312,81,313,85,313,85,313,90,313,93,313,94,315,96,316,99,316,103,316,103,316,107,316,112,316,112,316,116,316,121,316,121,316,125,316,128,317,130,318,131,319,134,319,138,319,138,319,143,319,147,319,147,319,152,319,156,319,156,319,161,319,165,319,165,319,169,319,172,320,174,321,175,322,178,323,183,323,183,323,187,323,190,322,192,321,193,320,196,319,200,319,200,319,205,319,209,319,209,319,214,319,217,320,218,321,220,322,223,323,226,322,227,321,228,320,231,319,234,320,236,321,237,322,240,323,245,323,245,323,249,323,254,323,254,323,258,323,262,323,262,323,267,323,271,323,271,323,276,323,280,323,280,323,285,323,289,323,289,323,293,323,298,323,298,323,302,323,305,323,307,324,308,325,311,326,314,326,316,327,317,329,320,329,323,329,324,327,326,326,329,326,333,326,333,326,338,326,342,326,342,326,347,326,351,326,351,326,355,326,358,325,360,324,361,323,364,323,369,323,369,323,373,323,378,323,378,323,382,323,386,323,386,323,391,323,395,323,395,323,400,323,403,322,404,321,404,319,404,319,404,318,404,316,404,316,404,315,406,313,409,313,413,313,413,313,417,313,420,313,422,315,423,316,426,316,429,317,431,318,432,319,435,319,438,319,440,318,440,316,440,316,440,315,440,313,440,313,440,311,440,310,440,310,440,308,440,306,440,306,440,305,440,303,440,303,440,302,440,300,440,300,440,298,440,297,440,297,440,295,441,294,444,293,447,293,448,292,450,291,453,290,456,290,457,289,457,287,457,287,457,285,457,284,457,284,457,282,457,280,457,280,457,279,457,277,457,277,457,276,459,275,462,274,465,273,466,272,466,271,466,271,466,269,466,268,466,268,466,266,466,264,466,264,466,263,466,261,466,261,466,259,466,258,466,258,466,256,468,255,471,255,474,254,475,253,475,251,475,251,475,250,475,248,475,248,475,246,475,245,475,245,475,243,475,242,475,242,475,240,475,238,475,238,475,237,475,235,475,235,475,234,476,232,479,232,482,231,484,230,484,229,484,229,484,227,484,225,484,225,484,224,484,222,484,222,484,221,484,219,484,219,484,217,484,216,484,216,484,214,484,212,484,212,484,211,484,209,484,209,484,208,482,207,479,206
391,216,388,215,386,214,386,212,386,212,386,211,385,210,382,209,379,209,378,208,378,206,378,206,378,204,378,203,378,203,378,201,376,200,373,200,370,199,369,198,367,197,364,196,361,196,360,195,358,194,355,193,352,192,351,191,350,190,347,190,344,189,342,188,341,187,338,187,333,187,333,187,329,187,326,187,324,188,323,189,320,190,316,190,316,190,311,190,308,190,307,191,305,192,302,193,299,194,298,195,296,196,293,196,289,196,289,196,285,196,282,197,280,198,279,199,276,200,273,200,271,201,271,203,271,203,271,204,271,206,271,206,271,208,271,209,271,209,271,211,271,212,271,212,271,214,271,216,271,216,271,217,271,219,271,219,271,221,273,222,276,222,279,223,280,224,280,225,280,225,280,227,280,229,280,229,280,230,282,231,285,232,288,232,289,234,290,235,293,235,296,236,298,237,298,238,298,238,298,240,296,241,293,242,290,242,289,243,290,244,293,245,296,245,298,246,298,248,298,248,298,250,298,251,298,251,298,253,298,255,298,255,298,256,299,257,302,258,305,257,307,256,307,255,307,255,307,253,308,252,311,251,316,251,316,251,320,251,323,252,324,253,324,255,324,255,324,256,326,257,329,258,332,258,333,259,333,261,333,261,333,263,332,264,329,264,326,265,324,266,326,267,329,268,333,268,333,268,338,268,341,267,342,266,344,265,347,264,351,264,351,264,355,264,358,264,360,263,360,261,360,261,360,259,361,258,364,258,367,257,369,256,370,255,373,255,376,254,378,253,379,252,382,251,385,251,386,250,386,248,386,248,386,246,386,245,391,245,394,244,395,243,395,242,395,242,395,240,395,238,395,238,395,237,395,235,395,235,395,234,395,232,395,232,395,230,395,229,395,229,395,227,395,225,395,225,395,224,395,222,395,222,395,221,395,219,395,219,395,217,394,216,391,216
382,238,379,239,378,240,378,242,378,242,378,243,379,244,382,245,386,245,386,243,386,242,386,242,386,240,385,239,382,238
373,229,370,229,369,230,370,231,373,232,376,231,378,230,376,229,373,229
302,264,299,265,298,266,299,267,302,268,305,267,307,266,305,265,302,264
382,238,379,239,378,240,378,242,378,242,378,243,379,244,382,245,386,245,386,243,386,242,386,242,386,240,385,239,382,238
373,229,370,229,369,230,370,231,373,232,376,231,378,230,376,229,373,229
382,238,379,239,378,240,378,242,378,242,378,243,379,244,382,245,386,245,386,243,386,242,386,242,386,240,385,239,382,238
373,229,370,229,369,230,370,231,373,232,376,231,378,230,376,229,373,229
453,144,450,144,448,143,448,141,448,141,448,140,448,138,448,138,448,136,447,135,444,135,441,134,440,133,438,132,435,131,431,131,431,131,426,131,423,132,422,133,420,134,417,135,414,135,413,136,412,137,409,138,406,139,404,140,404,141,404,141,404,143,406,144,409,144,413,144,413,144,417,144,422,144,422,144,426,144,429,145,431,146,432,147,435,148,438,148,440,149,441,150,444,151,448,151,448,151,453,151,456,150,457,149,457,148,457,148,457,146,456,145,453,144
435,394,432,393,431,392,431,391,431,391,431,389,429,388,426,387,423,387,422,386,422,384,422,384,422,383,420,381,417,381,413,381,413,381,409,381,406,380,404,379,403,378,400,378,397,377,395,376,394,375,391,374,386,374,386,374,382,374,379,374,378,373,376,372,373,371,369,371,369,371,364,371,360,371,360,371,355,371,352,371,351,370,350,369,347,368,342,368,342,368,338,368,333,368,333,368,329,368,324,368,324,368,320,368,316,368,316,368,311,368,307,368,307,368,302,368,298,368,298,368,293,368,289,368,289,368,285,368,280,368,280,368,276,368,271,368,271,368,267,368,262,368,262,368,258,368,254,368,254,368,249,368,246,369,245,370,243,371,240,371,236,371,236,371,231,371,227,371,227,371,223,371,220,372,218,373,217,374,214,374,211,375,209,376,208,377,205,378,202,378,200,379,199,380,196,381,192,381,192,381,187,381,184,381,183,383,181,384,178,384,175,385,174,386,172,387,169,387,166,388,165,389,165,391,165,391,165,392,165,394,165,394,165,395,165,397,165,397,165,399,165,400,165,400,165,402,166,403,169,404,172,404,174,405,175,406,178,407,183,407,183,407,187,407,192,407,192,407,196,407,200,407,200,407,205,407,208,406,209,405,211,404,214,404,217,403,218,402,220,401,223,400,227,400,227,400,231,400,234,400,236,399,237,398,240,397,243,397,245,395,246,394,249,394,254,394,254,394,258,394,261,393,262,392,264,391,267,391,270,390,271,389,273,388,276,387,280,387,280,387,285,387,289,387,289,387,293,387,298,387,298,387,302,387,307,387,307,387,311,387,316,387,316,387,320,387,324,387,324,387,329,387,333,387,333,387,338,387,342,387,342,387,347,387,351,387,351,387,355,387,360,387,360,387,364,387,367,388,369,389,370,390,373,391,378,391,378,391,382,391,385,391,386,392,388,393,391,394,394,394,395,395,395,397,395,397,395,399,397,400,400,400,403,401,404,402,406,403,409,404,413,404,413,404,417,404,420,404,422,405,423,406,426,407,431,407,431,407,435,407,438,406,440,405,440,404,440,404,440,402,440,400,440,400,440,399,440,397,440,397,440,395,438,394,435,394
329,410,324,410,324,410,320,410,316,410,316,410,311,410,308,411,307,412,305,413,302,413,299,414,298,415,299,416,302,417,307,417,307,417,311,417,316,417,316,417,320,417,323,416,324,415,326,414,329,413,332,413,333,412,332,411,329,410
320,459,317,459,316,460,317,461,320,462,324,462,324,460,323,459,320,459
258,413,255,414,254,415,254,417,258,417,261,416,262,415,261,414,258,413
249,417,245,417,245,417,240,417,237,417,236,418,234,419,231,420,228,420,227,421,226,422,223,423,220,424,218,425,217,426,214,426,209,426,209,426,205,426,202,427,200,428,202,429,205,430,209,430,209,430,214,430,218,430,218,430,223,430,227,430,227,430,231,430,234,429,236,428,237,427,240,426,243,426,245,425,245,423,245,423,245,421,246,420,249,420,252,419,254,418,254,417,249,417
116,261,112,261,112,261,107,261,104,261,103,259,103,258,103,258,103,256,102,255,99,255,96,254,94,253,93,252,90,251,85,251,85,251,81,251,78,252,76,253,75,254,72,255,69,255,68,256,68,258,68,258,68,259,66,261,63,261,60,261,59,259,59,258,59,258,59,256,57,255,54,255,51,254,50,253,48,252,45,251,42,252,41,253,41,255,41,255,41,256,41,258,41,258,41,259,42,261,45,261,48,262,50,263,50,264,50,264,50,266,51,267,54,268,57,268,59,269,60,270,63,271,66,271,68,272,68,274,68,274,68,276,66,277,63,277,60,278,59,279,60,280,63,280,66,281,68,282,69,283,72,284,76,284,76,284,81,284,84,284,85,285,87,286,90,287,93,286,94,285,96,284,99,284,102,283,103,282,103,280,103,280,103,279,104,278,107,277,110,277,112,276,112,274,112,274,112,272,112,271,112,271,112,269,113,268,116,268,119,267,121,266,121,264,121,264,121,263,119,262,116,261
116,284,113,284,112,285,112,287,112,287,112,289,110,290,107,290,104,291,103,292,103,293,107,293,112,293,112,293,116,293,121,293,121,292,121,290,121,290,121,289,121,287,121,287,121,285,119,284,116,284
107,222,103,222,103,224,103,225,103,225,103,227,104,228,107,229,112,229,112,227,112,225,112,225,112,224,112,222,107,222
99,216,94,216,94,217,94,219,94,219,94,221,96,222,99,222,103,222,103,221,103,219,103,219,103,217,103,216,99,216
90,212,87,213,85,214,87,215,90,216,94,216,94,214,93,213,90,212
81,190,78,190,76,191,78,192,81,193,85,193,85,191,84,190,81,190
72,180,69,181,68,182,68,183,68,183,68,185,69,186,72,187,75,186,76,185,76,183,76,183,76,182,75,181,72,180
