608,10,609,11,612,12,615,12,617,13,618,14,621,15,626,15,626,15,630,15,630,12,630,10,608,10
316,10,316,12,316,12,316,13,316,15,316,15,316,16,316,18,320,18,323,19,324,20,326,21,329,21,332,22,333,23,333,25,333,25,333,26,332,27,329,28,326,27,324,26,323,25,320,25,317,24,316,23,316,21,316,21,316,20,316,18,311,18,307,18,307,18,302,18,298,18,298,18,293,18,289,18,289,18,285,18,282,18,280,16,279,15,276,15,271,15,271,15,267,15,264,14,262,13,261,12,258,12,254,12,254,12,249,12,246,11,245,10,209,10,209,12,214,12,217,12,218,13,217,14,214,15,211,14,209,13,209,12,205,12,202,12,200,13,199,14,196,15,192,15,192,15,187,15,184,14,183,13,181,12,178,12,174,12,174,12,169,12,166,12,165,13,166,14,169,15,172,15,174,16,172,18,169,18,165,18,165,18,161,18,158,18,156,16,155,15,152,15,149,14,147,13,147,12,147,12,147,10,59,10,57,11,54,12,50,12,50,12,45,12,41,12,41,12,37,12,32,12,32,12,28,12,23,12,23,12,19,12,16,11,14,10,12,10,10,10,10,115,14,115,14,115,19,115,23,115,23,115,28,115,31,116,32,117,31,118,28,119,25,119,23,120,25,121,28,122,31,122,32,123,34,124,37,125,40,126,41,127,41,128,41,128,41,130,42,131,45,131,48,132,50,133,51,134,54,135,57,135,59,136,59,138,59,138,59,140,60,141,63,141,68,141,68,141,72,141,76,141,76,141,81,141,84,142,85,143,87,144,90,144,94,144,94,144,99,144,103,144,103,144,107,144,112,144,112,144,116,144,121,144,121,144,125,144,130,144,130,144,134,144,137,145,138,146,140,147,143,148,147,148,147,148,152,148,156,148,156,148,161,148,164,148,165,149,166,150,169,151,174,151,174,151,178,151,183,151,183,151,187,151,192,151,192,151,196,151,200,151,200,151,205,151,209,151,209,151,214,151,218,151,218,151,223,151,227,151,227,151,231,151,234,150,236,149,237,148,240,148,245,148,245,148,249,148,254,148,254,148,258,148,262,148,262,148,267,148,271,148,271,148,276,148,280,148,280,148,285,148,288,148,289,149,290,150,293,151,296,150,298,149,299,148,302,148,307,148,307,148,311,148,316,148,316,148,320,148,323,147,324,146,324,144,324,144,324,143,326,142,329,141,332,141,333,140,335,138,338,138,341,137,342,136,344,135,347,135,350,134,351,133,352,132,355,131,358,131,360,130,360,128,360,128,360,127,360,125,360,125,360,123,360,122,360,122,360,120,360,119,360,119,360,117,358,116,355,115,352,115,351,114,350,113,347,112,344,112,342,110,344,109,347,109,351,109,351,109,355,109,360,109,360,109,364,109,369,109,369,107,369,106,369,106,369,104,369,102,369,102,369,101,369,99,369,99,369,97,369,96,369,96,369,94,370,93,373,93,376,92,378,91,376,90,373,89,370,89,369,88,370,87,373,86,378,86,378,86,382,86,385,86,386,85,388,83,391,83,394,82,395,81,395,80,395,80,395,78,397,77,400,76,403,76,404,75,406,74,409,73,412,73,413,72,413,70,413,70,413,68,412,67,409,67,406,66,404,65,403,64,400,63,397,63,395,62,395,60,395,60,395,59,395,57,395,57,395,55,397,54,400,54,403,53,404,52,404,50,404,50,404,49,403,48,400,47,397,47,395,46,394,45,391,44,386,44,386,44,382,44,378,44,378,44,373,44,370,43,369,42,367,41,364,41,361,40,360,39,360,38,360,38,360,36,361,35,364,34,367,34,369,33,369,31,369,31,369,29,369,28,369,28,369,26,367,25,364,25,361,25,360,26,358,27,355,28,352,27,351,26,351,25,351,25,351,23,351,21,351,21,351,20,352,19,355,18,358,18,360,16,360,15,355,15,351,15,351,15,347,15,342,15,342,15,338,15,333,15,333,15,329,15,326,14,324,13,326,12,329,12,333,12,333,12,338,12,342,12,342,12,347,12,351,12,351,12,355,12,358,12,360,13,360,15,364,15,367,14,369,13,370,12,373,12,376,11,378,10,316,10
364,57,361,56,360,55,358,54,355,54,352,54,351,55,351,57,351,57,351,59,352,60,355,60,360,60,360,60,364,60,367,60,369,59,367,58,364,57
329,34,326,35,324,36,324,38,324,38,324,39,324,41,324,41,324,42,323,43,320,44,317,45,316,46,316,47,316,47,316,49,314,50,311,50,308,50,307,49,305,48,302,47,299,48,298,49,296,50,293,50,290,51,289,52,289,54,289,54,289,55,289,57,289,57,289,59,288,60,285,60,282,61,280,62,279,63,276,63,273,64,271,65,271,67,271,67,271,68,273,69,276,70,279,69,280,68,282,67,285,67,289,67,289,67,293,67,298,67,298,67,302,67,305,67,307,68,308,69,311,70,316,70,316,70,320,70,323,69,324,68,323,67,320,67,317,66,316,65,316,63,316,63,316,62,316,60,316,60,316,59,316,57,316,57,316,55,317,54,320,54,323,53,324,52,326,51,329,50,332,50,333,49,333,47,333,47,333,46,333,44,333,44,333,42,333,41,333,41,333,39,333,38,333,38,333,36,332,35,329,34
293,34,290,35,289,36,290,37,293,38,296,37,298,36,296,35,293,34
240,15,237,15,236,16,237,18,240,18,243,18,245,16,243,15,240,15
240,21,236,21,236,21,231,21,227,21,227,21,223,21,220,22,218,23,217,24,214,25,209,25,209,23,208,22,205,21,202,22,200,23,202,24,205,25,209,25,209,26,209,28,209,28,209,29,208,31,205,31,200,31,200,31,196,31,193,31,192,29,190,28,187,28,183,28,183,26,183,25,183,25,183,23,181,22,178,21,175,22,174,23,174,25,174,25,174,26,175,27,178,28,183,28,183,29,183,31,183,31,183,33,184,34,187,34,192,34,192,34,196,34,200,34,200,34,205,34,208,35,209,36,211,37,214,38,217,37,218,36,220,35,223,34,227,34,227,34,231,34,236,34,236,34,240,34,243,34,245,33,245,31,245,31,245,29,245,28,245,28,245,26,245,25,245,25,245,23,243,22,240,21
289,10,290,11,293,12,296,11,298,10,289,10
85,470,85,468,85,468,85,467,84,466,81,465,78,465,76,464,75,462,72,462,68,462,68,462,63,462,60,461,59,460,57,459,54,459,51,459,50,460,50,462,50,462,50,464,50,465,50,465,50,467,48,468,45,468,41,468,41,470,85,470
218,470,218,468,218,468,218,467,218,465,218,465,218,464,217,462,214,462,211,461,209,460,208,459,205,459,202,458,200,457,202,456,205,455,208,455,209,454,208,453,205,452,202,452,200,451,200,449,200,449,200,447,199,446,196,446,193,446,192,447,192,449,192,449,192,451,190,452,187,452,184,453,183,454,183,455,183,455,183,457,184,458,187,459,190,459,192,460,192,462,192,462,192,464,192,465,192,465,192,467,192,468,192,468,192,470,218,470
360,470,360,468,360,468,360,467,360,465,360,465,360,464,360,462,360,462,360,460,361,459,364,459,367,458,369,457,370,456,373,455,378,455,378,454,378,452,378,452,378,451,378,449,378,449,378,447,376,446,373,446,370,445,369,444,367,443,364,442,361,442,360,441,360,439,360,439,360,438,360,436,360,436,360,434,358,433,355,433,352,432,351,431,351,430,351,430,351,428,350,427,347,426,344,426,342,425,344,424,347,423,350,422,351,421,350,420,347,420,342,420,342,420,338,420,335,419,333,418,333,417,333,417,333,415,332,414,329,413,326,414,324,415,323,416,320,417,317,416,316,415,314,414,311,413,308,414,307,415,307,417,307,417,307,418,305,419,302,420,299,419,298,418,298,417,298,417,298,415,296,414,293,413,289,413,289,413,285,413,282,414,280,415,280,417,280,417,280,418,280,420,280,420,280,421,280,423,280,423,280,425,280,426,280,426,280,428,280,430,285,430,288,430,289,431,288,432,285,433,280,433,280,434,282,435,285,436,288,437,289,438,289,439,289,439,289,441,289,442,289,442,289,444,289,446,289,446,289,447,289,449,289,449,289,451,290,452,293,452,296,453,298,454,298,455,298,455,298,457,299,458,302,459,305,459,307,460,308,461,311,462,314,462,316,464,316,465,316,465,316,467,317,468,320,468,323,469,324,470,360,470
630,290,627,290,626,289,626,287,626,287,626,285,624,284,621,284,618,283,617,282,617,280,617,280,617,279,617,277,617,277,617,276,617,274,617,274,617,272,617,271,617,271,617,269,617,268,617,268,617,266,618,265,621,264,624,264,626,263,626,261,626,261,626,259,626,258,626,258,626,256,626,255,626,255,626,253,626,251,626,251,626,250,626,248,626,248,626,246,626,245,626,245,626,243,626,242,626,242,626,240,627,239,630,238,630,216,626,216,626,216,621,216,618,216,617,217,615,218,612,219,609,219,608,221,606,222,603,222,600,223,599,224,599,225,599,225,599,227,599,229,599,229,599,230,598,231,595,232,592,232,590,234,590,235,590,235,590,237,590,238,590,238,590,240,590,242,590,242,590,243,590,245,590,245,590,246,590,248,590,248,590,250,590,251,590,251,590,253,590,255,590,255,590,256,590,258,590,258,590,259,590,261,590,261,590,263,590,264,590,264,590,266,590,268,590,268,590,269,590,271,590,271,590,272,589,273,586,274,583,275,581,276,581,277,581,277,581,279,581,280,581,280,581,282,581,284,581,284,581,285,581,287,581,287,581,289,581,290,581,290,581,292,581,293,581,293,581,295,581,297,581,297,581,298,581,300,581,300,581,302,581,303,581,303,581,305,581,306,581,306,581,308,581,310,581,310,581,311,581,313,581,313,581,315,581,316,581,316,581,318,581,319,581,319,581,321,580,322,577,323,574,323,572,324,572,326,572,326,572,327,572,329,572,329,572,331,572,332,572,332,572,334,572,336,572,336,572,337,572,339,572,339,572,340,572,342,572,342,572,344,572,345,572,345,572,347,572,349,572,349,572,350,572,352,572,352,572,353,572,355,572,355,572,357,572,358,572,358,572,360,572,361,572,361,572,363,572,365,572,365,572,366,571,367,568,368,565,369,564,370,564,371,564,371,564,373,564,374,564,374,564,376,562,377,559,378,556,378,555,379,555,381,555,381,555,383,555,384,555,384,555,386,555,387,555,387,555,389,555,391,555,391,555,392,555,394,555,394,555,395,555,397,555,397,555,399,555,400,555,400,555,402,555,404,555,404,555,405,555,407,555,407,555,408,555,410,555,410,555,412,555,413,555,413,555,415,556,416,559,417,562,417,564,418,564,420,564,420,564,421,564,423,564,423,564,425,564,426,564,426,564,428,565,429,568,430,571,430,572,431,572,433,572,433,572,434,574,435,577,436,580,437,581,438,581,439,581,439,581,441,581,442,581,442,581,444,581,446,581,446,581,447,581,449,581,449,581,451,581,452,581,452,581,454,581,455,581,455,581,457,581,459,581,459,581,460,583,461,586,462,589,462,590,464,590,465,590,465,590,467,590,468,590,468,590,470,610,470,630,470,630,290
533,212,530,212,528,211,528,209,528,209,528,208,528,206,528,206,528,204,528,203,528,203,528,201,528,200,528,200,528,198,527,197,524,196,521,196,519,195,518,194,515,193,510,193,510,193,506,193,503,192,502,191,502,190,502,190,502,188,500,187,497,187,494,186,493,185,493,183,493,183,493,182,491,181,488,180,484,180,484,180,479,180,476,180,475,178,474,177,471,177,466,177,466,177,462,177,457,177,457,177,453,177,450,177,448,178,448,180,448,180,448,182,447,183,444,183,440,183,440,183,435,183,432,184,431,185,429,186,426,187,423,186,422,185,422,183,422,183,422,182,420,181,417,180,414,180,413,178,412,177,409,177,404,177,404,177,400,177,397,176,395,175,394,174,391,174,388,173,386,172,385,171,382,170,378,170,378,170,373,170,369,170,369,170,364,170,360,170,360,170,355,170,352,171,351,172,350,173,347,174,344,174,342,175,341,176,338,177,335,177,333,178,332,180,329,180,324,180,324,180,320,180,316,180,316,180,311,180,307,180,307,180,302,180,298,180,298,180,293,180,289,180,289,180,285,180,280,180,280,180,276,180,271,180,271,180,267,180,264,181,262,182,261,183,258,183,254,183,254,183,249,183,245,183,245,183,240,183,237,184,236,185,234,186,231,187,227,187,227,187,223,187,220,187,218,188,217,189,214,190,211,190,209,191,208,192,205,193,202,194,200,195,199,196,196,196,192,196,192,196,187,196,184,197,183,198,181,199,178,200,175,200,174,201,172,202,169,203,166,203,165,204,165,206,165,206,165,208,165,209,165,209,165,211,164,212,161,212,158,213,156,214,156,216,156,216,156,217,155,218,152,219,149,219,147,221,146,222,143,222,140,223,138,224,138,225,138,225,138,227,137,228,134,229,131,229,130,230,128,231,125,232,122,232,121,234,121,235,121,235,121,237,119,238,116,238,113,239,112,240,112,242,112,242,112,243,112,245,112,245,112,246,110,248,107,248,104,249,103,250,103,251,103,251,103,253,103,255,103,255,103,256,103,258,103,258,103,259,103,261,103,261,103,263,103,264,103,264,103,266,104,267,107,268,110,268,112,269,110,270,107,271,104,271,103,272,103,274,103,274,103,276,104,277,107,277,110,278,112,279,113,280,116,280,119,281,121,282,121,284,121,284,121,285,122,286,125,287,128,288,130,289,131,290,134,290,137,291,138,292,138,293,138,293,138,295,140,296,143,297,146,297,147,298,147,300,147,300,147,302,149,303,152,303,155,304,156,305,158,306,161,306,164,307,165,308,166,309,169,310,172,310,174,311,175,312,178,313,183,313,183,313,187,313,192,313,192,313,196,313,200,313,200,313,205,313,209,313,209,313,214,313,218,313,218,313,223,313,226,313,227,315,226,316,223,316,218,316,218,316,214,316,211,317,209,318,208,319,205,319,200,319,200,319,196,319,192,319,192,319,187,319,183,319,183,319,178,319,175,319,174,318,172,317,169,316,165,316,165,316,161,316,158,316,156,315,155,313,152,313,149,312,147,311,146,310,143,310,138,310,138,310,134,310,131,309,130,308,128,307,125,306,122,306,121,305,119,304,116,303,112,303,112,303,107,303,104,303,103,302,102,300,99,300,96,300,94,302,94,303,94,303,94,305,93,306,90,306,87,306,85,305,84,304,81,303,78,304,76,305,76,306,76,306,76,308,78,309,81,310,85,310,85,310,90,310,93,310,94,311,94,313,94,313,94,315,96,316,99,316,102,317,103,318,104,319,107,319,112,319,112,319,116,319,121,319,121,319,125,319,128,320,130,321,130,323,130,323,130,324,131,325,134,326,137,326,138,327,140,329,143,329,147,329,147,329,152,329,156,329,156,329,161,329,165,329,165,327,166,326,169,326,172,326,174,327,172,329,169,329,165,329,165,331,164,332,161,332,156,332,156,332,152,332,149,333,147,334,146,335,143,336,138,336,138,336,134,336,130,336,130,336,125,336,121,336,121,336,116,336,112,336,112,336,107,336,104,336,103,337,104,338,107,339,110,339,112,340,113,341,116,342,121,342,121,342,125,342,128,343,130,344,131,345,134,345,138,345,138,345,143,345,147,345,147,345,152,345,155,346,156,347,158,348,161,349,165,349,165,349,169,349,172,349,174,350,175,351,178,352,183,352,183,352,187,352,190,352,192,353,193,354,196,355,200,355,200,355,205,355,209,355,209,355,214,355,218,355,218,355,223,355,227,355,227,355,231,355,236,355,236,355,240,355,243,356,245,357,246,358,249,358,254,358,254,358,258,358,262,358,262,358,267,358,271,358,271,358,276,358,279,359,280,360,282,361,285,361,289,361,289,361,293,361,296,362,298,363,298,365,298,365,298,366,296,367,293,368,290,369,289,370,290,371,293,371,296,372,298,373,299,374,302,374,307,374,307,374,311,374,316,374,316,374,320,374,324,374,324,374,329,374,333,374,333,374,338,374,342,374,342,374,347,374,351,374,351,374,355,374,360,374,360,374,364,374,369,374,369,374,373,374,376,375,378,376,378,378,378,378,378,379,376,380,373,381,369,381,369,381,364,381,360,381,360,381,355,381,351,381,351,381,347,381,344,380,342,379,341,378,338,378,333,378,333,378,329,378,324,378,324,378,320,378,316,378,316,378,311,378,307,378,307,378,302,378,299,378,298,379,296,380,293,381,289,381,289,381,285,381,282,381,280,383,279,384,276,384,273,385,271,386,273,387,276,387,280,387,280,387,285,387,288,388,289,389,290,390,293,391,296,390,298,389,299,388,302,387,307,387,307,387,311,387,316,387,316,387,320,387,324,387,324,387,329,387,333,387,333,387,338,387,342,387,342,387,347,387,351,387,351,387,355,387,360,387,360,387,364,387,369,387,369,387,373,387,378,387,378,387,382,387,386,387,386,387,391,387,394,387,395,386,397,385,400,384,403,384,404,383,406,381,409,381,413,381,413,381,417,381,422,381,422,381,426,381,429,380,431,379,432,378,435,378,438,378,440,379,440,381,440,381,440,383,440,384,440,384,440,386,441,387,444,387,447,388,448,389,448,391,448,391,448,392,448,394,448,394,448,395,448,397,448,397,448,399,448,400,448,400,448,402,448,404,448,404,448,405,450,406,453,407,457,407,457,407,462,407,465,406,466,405,466,404,466,404,466,402,466,400,466,400,466,399,466,397,466,397,466,395,468,394,471,394,474,393,475,392,475,391,475,391,475,389,475,387,475,387,475,386,476,385,479,384,482,384,484,383,484,381,484,381,484,379,484,378,484,378,484,376,484,374,484,374,484,373,484,371,484,371,484,370,484,368,484,368,484,366,482,365,479,365,476,364,475,363,475,361,475,361,475,360,475,358,475,358,475,357,475,355,475,355,475,353,474,352,471,352,468,351,466,350,466,349,466,349,466,347,466,345,466,345,466,344,468,343,471,342,474,341,475,340,475,339,475,339,475,337,476,336,479,336,482,335,484,334,484,332,484,332,484,331,484,329,484,329,484,327,484,326,484,326,484,324,484,323,484,323,484,321,485,320,488,319,491,319,493,318,493,316,493,316,493,315,493,313,493,313,493,311,491,310,488,310,485,309,484,308,484,306,484,306,484,305,485,304,488,303,491,303,493,302,494,300,497,300,500,299,502,298,502,297,502,297,502,295,502,293,502,293,502,292,502,290,502,290,502,289,502,287,502,287,502,285,502,284,502,284,502,282,502,280,502,280,502,279,502,277,502,277,502,276,502,274,502,274,502,272,503,271,506,271,509,271,510,272,510,274,510,274,510,276,512,277,515,277,518,278,519,279,519,280,519,280,519,282,521,283,524,284,527,283,528,282,528,280,528,280,528,279,530,278,533,277,536,277,537,276,537,274,537,274,537,272,537,271,537,271,537,269,537,268,537,268,537,266,537,264,537,264,537,263,537,261,537,261,537,259,537,258,537,258,537,256,537,255,537,255,537,253,537,251,537,251,537,250,537,248,537,248,537,246,537,245,537,245,537,243,537,242,537,242,537,240,537,238,537,238,537,237,537,235,537,235,537,234,537,232,537,232,537,230,537,229,537,229,537,227,537,225,537,225,537,224,537,222,537,222,537,221,537,219,537,219,537,217,537,216,537,216,537,214,536,213,533,212
426,222,423,222,422,221,420,219,417,219,413,219,413,219,409,219,406,218,404,217,403,216,400,216,395,216,395,216,391,216,386,216,386,216,382,216,378,216,378,216,373,216,369,216,369,216,364,216,360,216,360,216,355,216,351,216,351,216,347,216,342,216,342,216,338,216,333,216,333,216,329,216,326,216,324,217,324,219,324,219,324,221,323,222,320,222,317,223,316,224,316,225,316,225,316,227,314,228,311,229,308,229,307,230,308,231,311,232,314,232,316,234,317,235,320,235,323,236,324,237,326,238,329,238,333,238,333,238,338,238,342,238,342,238,347,238,350,239,351,240,351,242,351,242,351,243,351,245,351,245,351,246,352,248,355,248,358,249,360,250,360,251,360,251,360,253,358,254,355,255,351,255,351,255,347,255,342,255,342,255,338,255,333,255,333,255,329,255,324,255,324,255,320,255,316,255,316,255,311,255,307,255,307,255,302,255,299,255,298,256,296,257,293,258,289,258,289,258,285,258,280,258,280,258,276,258,273,258,271,259,270,261,267,261,264,262,262,263,264,264,267,264,270,265,271,266,271,268,271,268,271,269,271,271,271,271,271,272,271,274,271,274,271,276,271,277,271,277,271,279,271,280,271,280,271,282,273,283,276,284,279,284,280,285,282,286,285,287,288,288,289,289,289,290,289,290,289,292,288,293,285,293,282,294,280,295,280,297,280,297,280,298,282,299,285,300,289,300,289,300,293,300,298,300,298,300,302,300,305,300,307,302,307,303,307,303,307,305,305,306,302,306,299,307,298,308,298,310,298,310,298,311,299,312,302,313,305,312,307,311,308,310,311,310,314,309,316,308,317,307,320,306,323,306,324,305,326,304,329,303,332,303,333,302,335,300,338,300,341,299,342,298,344,297,347,297,350,296,351,295,352,294,355,293,360,293,360,293,364,293,367,293,369,292,370,291,373,290,376,290,378,289,379,288,382,287,385,286,386,285,386,284,386,284,386,282,388,281,391,280,394,280,395,279,395,277,395,277,395,276,397,275,400,274,403,273,404,272,404,271,404,271,404,269,406,268,409,268,412,267,413,266,413,264,413,264,413,263,413,261,413,261,413,259,413,258,413,258,413,256,414,255,417,255,420,254,422,253,422,251,422,251,422,250,422,248,422,248,422,246,422,245,422,245,422,243,422,242,422,242,422,240,422,238,422,238,422,237,422,235,422,235,422,234,422,232,422,232,422,230,423,229,426,229,429,228,431,227,431,225,431,225,431,224,429,223,426,222
426,368,423,368,422,370,423,371,426,371,429,371,431,370,429,368,426,368
409,183,406,183,404,182,403,181,400,180,395,180,395,180,391,180,388,181,386,182,386,183,386,183,386,185,388,186,391,187,395,187,395,187,400,187,404,187,404,187,409,187,412,186,413,185,412,184,409,183
409,345,406,345,404,344,404,342,404,342,404,340,403,339,400,339,395,339,395,339,391,339,388,339,386,340,385,341,382,342,379,343,378,344,376,345,373,345,369,345,369,345,364,345,361,346,360,347,358,348,355,349,352,349,351,350,351,352,351,352,351,353,350,354,347,355,344,356,342,357,344,358,347,358,351,358,351,358,355,358,360,358,360,358,364,358,369,358,369,358,373,358,376,358,378,357,379,356,382,355,386,355,386,355,391,355,395,355,395,355,400,355,403,354,404,353,406,352,409,352,412,351,413,350,413,349,413,349,413,347,412,346,409,345
285,313,282,313,280,315,280,316,276,316,271,316,271,316,267,316,262,316,262,316,258,316,254,316,254,316,249,316,246,317,245,318,246,319,249,319,254,319,254,319,258,319,262,319,262,319,267,319,271,319,271,319,276,319,279,319,280,318,280,316,285,316,288,316,289,315,288,313,285,313
462,423,459,424,457,425,457,426,457,426,457,428,459,429,462,430,465,429,466,428,466,426,466,426,466,425,465,424,462,423
444,96,441,96,440,97,440,99,440,99,440,101,440,102,440,102,440,104,441,105,444,106,447,105,448,104,448,102,448,102,448,101,448,99,448,99,448,97,447,96,444,96
444,135,441,135,440,136,440,138,440,138,440,140,440,141,440,141,440,143,441,144,444,144,447,144,448,143,448,141,448,141,448,140,448,138,448,138,448,136,447,135,444,135
435,119,432,118,431,117,429,116,426,115,423,115,422,114,422,112,422,112,422,110,422,109,422,109,422,107,420,106,417,106,414,106,413,107,413,109,413,109,413,110,412,112,409,112,406,113,404,114,404,115,404,115,404,117,404,119,404,119,404,120,404,122,404,122,404,123,404,125,404,125,404,127,404,128,404,128,404,130,406,131,409,131,412,132,413,133,414,134,417,135,422,135,422,135,426,135,429,134,431,133,431,131,431,131,431,130,431,128,431,128,431,127,432,126,435,125,438,124,440,123,440,122,440,122,440,120,438,119,435,119
426,83,423,83,422,85,423,86,426,86,429,86,431,85,429,83,426,83
391,93,388,93,386,94,388,95,391,96,394,95,395,94,394,93,391,93
382,455,378,455,378,457,379,458,382,459,385,458,386,457,385,456,382,455
373,109,369,109,369,110,370,111,373,112,376,111,378,110,376,109,373,109
276,430,273,430,271,431,273,432,276,433,280,433,280,431,280,430,276,430
249,394,245,394,245,394,240,394,236,394,236,394,231,394,228,394,227,395,226,397,223,397,220,398,218,399,217,400,214,400,211,401,209,402,208,403,205,404,202,404,200,405,199,406,196,407,193,407,192,408,192,410,192,410,192,412,192,413,192,413,192,415,192,417,192,417,192,418,193,419,196,420,200,420,200,420,205,420,208,419,209,418,211,417,214,417,217,416,218,415,218,413,218,413,218,412,220,411,223,410,226,410,227,408,227,407,227,407,227,405,228,404,231,404,234,403,236,402,237,401,240,400,243,400,245,399,246,398,249,397,252,397,254,395,252,394,249,394
37,465,32,465,32,467,34,468,37,468,41,468,41,467,40,466,37,465
28,462,25,462,23,464,25,465,28,465,32,465,32,464,31,462,28,462
