360,10,361,11,364,12,367,11,369,10,360,10
10,131,13,132,14,133,14,135,14,135,14,136,16,137,19,138,22,138,23,140,23,141,23,141,23,143,23,144,23,144,23,146,25,147,28,148,32,148,32,148,37,148,40,147,41,146,41,144,41,144,41,143,41,141,41,141,41,140,41,138,41,138,41,136,40,135,37,135,34,134,32,133,32,131,32,131,32,130,32,128,32,128,32,127,32,125,32,125,32,123,32,122,32,122,32,120,32,119,32,119,32,117,31,116,28,115,25,115,23,114,23,112,23,112,23,110,25,109,28,109,31,108,32,107,32,106,32,106,32,104,32,102,32,102,32,101,31,100,28,99,25,99,23,97,23,96,23,96,23,94,25,93,28,93,31,92,32,91,32,89,32,89,32,88,32,86,32,86,32,85,32,83,32,83,32,81,32,80,32,80,32,78,32,76,32,76,32,75,32,73,32,73,32,72,32,70,32,70,32,68,32,67,32,67,32,65,31,64,28,63,25,64,23,65,22,66,19,67,16,67,14,68,13,69,10,70,10,131
10,200,13,200,14,201,14,203,14,203,14,204,16,205,19,206,22,205,23,204,23,203,23,203,23,201,23,200,23,200,23,198,25,197,28,196,32,196,32,196,37,196,40,196,41,195,42,194,45,193,48,192,50,191,50,190,50,190,50,188,50,187,50,187,50,185,50,183,50,183,50,182,48,181,45,180,42,180,41,178,41,177,41,177,41,175,40,174,37,174,34,173,32,172,31,171,28,170,25,171,23,172,23,174,23,174,23,175,23,177,23,177,23,178,23,180,23,180,23,182,23,183,23,183,23,185,22,186,19,187,16,186,14,185,13,184,10,183,10,200
10,407,14,407,14,407,19,407,22,407,23,408,25,410,28,410,31,411,32,412,34,413,37,413,40,414,41,415,42,416,45,417,50,417,50,417,54,417,57,417,59,418,60,419,63,420,66,420,68,421,69,422,72,423,75,422,76,421,78,420,81,420,85,420,85,420,90,420,93,419,94,418,94,417,94,417,94,415,93,414,90,413,87,413,85,412,85,410,85,410,85,408,84,407,81,407,78,406,76,405,76,404,76,404,76,402,76,400,76,400,76,399,75,398,72,397,69,397,68,395,68,394,68,394,68,392,68,391,68,391,68,389,66,388,63,387,60,387,59,386,57,385,54,384,51,384,50,383,48,381,45,381,42,380,41,379,40,378,37,378,34,378,32,379,32,381,32,381,32,383,31,384,28,384,25,384,23,383,22,381,19,381,14,381,14,381,10,381,10,407
72,413,69,414,68,415,69,416,72,417,75,416,76,415,75,414,72,413
10,436,13,437,14,438,16,439,19,439,23,439,23,439,28,439,31,440,32,441,34,442,37,442,40,443,41,444,42,445,45,446,50,446,50,446,54,446,57,446,59,447,59,449,59,449,59,451,57,452,54,452,51,453,50,454,50,455,50,455,50,457,50,459,50,459,50,460,50,462,50,462,50,464,50,465,50,465,50,467,48,468,45,468,41,468,41,468,37,468,34,468,32,467,32,465,32,465,32,464,32,462,32,462,32,460,31,459,28,459,25,458,23,457,23,455,23,455,23,454,23,452,23,452,23,451,23,449,23,449,23,447,22,446,19,446,16,446,14,447,14,449,14,449,14,451,14,452,14,452,14,454,13,455,10,455,10,465,13,466,14,467,13,468,10,468,10,469,10,470,59,470,59,468,59,468,59,467,60,466,63,465,68,465,68,465,72,465,76,465,76,465,81,465,85,465,85,465,90,465,93,466,94,467,96,468,99,468,103,468,103,468,107,468,112,468,112,468,116,468,121,468,121,468,125,468,130,468,130,468,134,468,137,469,138,470,147,470,147,468,147,468,147,467,149,466,152,465,155,465,156,464,156,462,156,462,156,460,156,459,156,459,156,457,155,456,152,455,149,455,147,454,147,452,147,452,147,451,146,449,143,449,140,448,138,447,138,446,138,446,138,444,138,442,138,442,138,441,138,439,138,439,138,438,137,437,134,436,130,436,130,436,125,436,122,435,121,434,121,433,121,433,121,431,119,430,116,430,113,429,112,428,110,427,107,426,103,426,103,426,99,426,94,426,94,426,90,426,87,427,85,428,84,429,81,430,78,429,76,428,75,427,72,426,68,426,68,426,63,426,60,426,59,425,57,424,54,423,51,422,50,421,48,420,45,420,41,420,41,420,37,420,34,419,32,418,31,417,28,417,25,416,23,415,22,414,19,413,16,413,14,412,13,411,10,410,10,436
63,430,60,430,59,431,60,432,63,433,66,432,68,431,66,430,63,430
254,470,255,469,258,468,262,468,262,467,261,466,258,465,254,465,254,465,249,465,245,465,245,465,240,465,236,465,236,465,231,465,228,466,227,467,226,468,223,468,218,468,218,468,214,468,209,468,209,468,205,468,200,468,200,468,196,468,193,469,192,470,254,470
271,470,270,469,267,468,262,468,262,470,271,470
307,470,305,469,302,468,299,468,298,467,296,466,293,465,289,465,289,465,285,465,282,466,280,467,280,468,280,468,280,470,307,470
630,374,626,374,626,374,621,374,617,374,617,374,612,374,609,374,608,373,606,372,603,371,600,372,599,373,598,374,595,374,592,375,590,376,589,377,586,378,581,378,581,378,577,378,572,378,572,378,568,378,564,378,564,378,559,378,556,377,555,376,553,375,550,374,546,374,546,374,541,374,537,374,537,374,533,374,528,374,528,374,524,374,519,374,519,374,515,374,510,374,510,374,506,374,502,374,502,374,497,374,494,375,493,376,491,377,488,378,485,378,484,379,482,380,479,381,476,381,475,383,474,384,471,384,466,384,466,384,462,384,457,384,457,384,453,384,450,384,448,383,447,381,444,381,441,380,440,379,438,378,435,378,432,377,431,376,431,374,431,374,431,373,429,372,426,371,423,371,422,370,422,368,422,368,422,366,420,365,417,365,414,364,413,363,413,361,413,361,413,360,412,359,409,358,406,358,404,357,403,356,400,355,397,354,395,353,395,352,395,352,395,350,394,349,391,349,388,348,386,347,386,345,386,345,386,344,388,343,391,342,394,341,395,340,397,339,400,339,403,338,404,337,404,336,404,336,404,334,403,333,400,332,397,332,395,331,397,330,400,329,404,329,404,329,409,329,413,329,413,329,417,329,422,329,422,329,426,329,429,329,431,327,432,326,435,326,440,326,440,326,444,326,448,326,448,326,453,326,457,326,457,326,462,326,465,325,466,324,468,323,471,323,474,322,475,321,476,320,479,319,484,319,484,319,488,319,493,319,493,319,497,319,500,319,502,318,503,317,506,316,509,316,510,315,512,313,515,313,519,313,519,313,524,313,528,313,528,313,533,313,536,313,537,315,538,316,541,316,546,316,546,316,550,316,553,317,555,318,556,319,559,319,564,319,564,319,568,319,571,319,572,318,572,316,572,316,572,315,574,313,577,313,580,312,581,311,581,310,581,310,581,308,581,306,581,306,581,305,583,304,586,303,589,303,590,302,590,300,590,300,590,298,590,297,590,297,590,295,590,293,590,293,590,292,590,290,590,290,590,289,589,288,586,287,583,286,581,285,583,284,586,284,589,283,590,282,590,280,590,280,590,279,590,277,590,277,590,276,589,275,586,274,581,274,581,274,577,274,574,273,572,272,571,271,568,271,565,270,564,269,564,268,564,268,564,266,562,265,559,264,556,264,555,263,553,262,550,261,547,261,546,259,544,258,541,258,537,258,537,258,533,258,530,257,528,256,527,255,524,255,519,255,519,255,515,255,510,255,510,255,506,255,503,254,502,253,500,252,497,251,493,251,493,251,488,251,484,251,484,251,479,251,476,251,475,250,475,248,475,248,475,246,476,245,479,245,482,244,484,243,485,242,488,242,491,241,493,240,494,239,497,238,502,238,502,238,506,238,509,238,510,237,512,236,515,235,519,235,519,235,524,235,528,235,528,235,533,235,536,236,537,237,538,238,541,238,546,238,546,238,550,238,555,238,555,238,559,238,562,239,564,240,565,241,568,242,571,242,572,243,574,244,577,245,580,245,581,246,583,248,586,248,589,249,590,250,592,251,595,251,598,252,599,253,599,255,599,255,599,256,600,257,603,258,606,258,608,259,609,261,612,261,615,262,617,263,618,264,621,264,624,265,626,266,627,267,630,268,630,248,627,248,626,246,624,245,621,245,618,244,617,243,615,242,612,242,609,241,608,240,608,238,608,238,608,237,609,236,612,235,615,235,617,234,618,232,621,232,624,231,626,230,627,229,630,229,630,157,626,157,626,157,621,157,617,157,617,157,612,157,608,157,608,157,603,157,599,157,599,157,595,157,590,157,590,157,586,157,581,157,581,157,577,157,572,157,572,157,568,157,565,158,564,159,562,160,559,161,555,161,555,161,550,161,547,161,546,162,544,163,541,164,537,164,537,164,533,164,528,164,528,164,524,164,521,164,519,165,519,167,519,167,519,169,518,170,515,170,510,170,510,170,506,170,502,170,502,170,497,170,494,171,493,172,491,173,488,174,484,174,484,174,479,174,476,174,475,175,474,176,471,177,468,177,466,178,465,180,462,180,459,181,457,182,456,183,453,183,450,184,448,185,447,186,444,187,440,187,440,187,435,187,432,187,431,188,429,189,426,190,422,190,422,190,417,190,414,190,413,191,412,192,409,193,406,194,404,195,403,196,400,196,397,197,395,198,394,199,391,200,388,200,386,201,385,202,382,203,379,203,378,204,376,205,373,206,370,207,369,208,367,209,364,209,360,209,360,209,355,209,352,210,351,211,350,212,347,212,344,213,342,214,341,215,338,216,335,215,333,214,333,212,333,212,333,211,332,210,329,209,324,209,324,209,320,209,317,209,316,208,316,206,316,206,316,204,317,203,320,203,323,203,324,204,326,205,329,206,333,206,333,206,338,206,342,206,342,206,347,206,350,205,351,204,351,203,351,203,351,201,352,200,355,200,358,199,360,198,360,196,360,196,360,195,360,193,360,193,360,191,361,190,364,190,369,190,369,190,373,190,376,189,378,188,376,187,373,187,370,186,369,185,369,183,369,183,369,182,370,181,373,180,376,180,378,178,379,177,382,177,386,177,386,177,391,177,394,176,395,175,395,174,395,174,395,172,397,171,400,170,403,170,404,169,404,167,404,167,404,165,404,164,404,164,404,162,404,161,404,161,404,159,403,158,400,157,397,157,395,156,394,155,391,154,388,155,386,156,385,157,382,157,379,158,378,159,376,160,373,161,369,161,369,161,364,161,361,161,360,162,358,163,355,164,351,164,351,164,347,164,342,164,342,164,338,164,335,164,333,165,332,167,329,167,324,167,324,167,320,167,316,167,316,167,311,167,307,167,307,167,302,167,298,167,298,167,293,167,289,167,289,167,285,167,280,167,280,167,276,167,271,167,271,167,267,167,262,167,262,167,258,167,254,167,254,167,249,167,246,168,245,169,243,170,240,170,237,171,236,172,234,173,231,174,227,174,227,174,223,174,220,174,218,175,217,176,214,177,209,177,209,177,205,177,202,177,200,178,199,180,196,180,193,181,192,182,192,183,192,183,192,185,190,186,187,187,184,187,183,188,183,190,183,190,183,191,183,193,183,193,183,195,183,196,183,196,183,198,181,199,178,200,174,200,174,200,169,200,166,200,165,201,165,203,165,203,165,204,166,205,169,206,172,207,174,208,174,209,174,209,174,211,174,212,174,212,174,214,174,216,174,216,174,217,175,218,178,219,181,219,183,221,183,222,183,222,183,224,181,225,178,225,175,226,174,227,174,229,174,229,174,230,175,231,178,232,181,232,183,234,183,235,183,235,183,237,183,238,183,238,183,240,183,242,183,242,183,243,184,244,187,245,190,245,192,246,192,248,192,248,192,250,192,251,192,251,192,253,193,254,196,255,199,255,200,256,202,257,205,258,208,258,209,259,211,261,214,261,217,262,218,263,218,264,218,264,218,266,220,267,223,268,226,268,227,269,228,270,231,271,236,271,236,271,240,271,243,271,245,272,246,273,249,274,254,274,254,274,258,274,262,274,262,274,267,274,271,274,271,274,276,274,279,273,280,272,282,271,285,271,288,270,289,269,289,268,289,268,289,266,289,264,289,264,289,263,289,261,289,261,289,259,289,258,289,258,289,256,288,255,285,255,282,254,280,253,280,251,280,251,280,250,280,248,280,248,280,246,280,245,280,245,280,243,280,242,280,242,280,240,279,239,276,238,273,238,271,237,273,236,276,235,280,235,280,235,285,235,288,236,289,237,290,238,293,238,296,239,298,240,299,241,302,242,305,242,307,243,307,245,307,245,307,246,308,248,311,248,314,249,316,250,316,251,316,251,316,253,316,255,316,255,316,256,316,258,316,258,316,259,314,261,311,261,308,262,307,263,307,264,307,264,307,266,307,268,307,268,307,269,305,270,302,271,299,271,298,272,299,273,302,274,305,275,307,276,307,277,307,277,307,279,307,280,307,280,307,282,307,284,307,284,307,285,308,286,311,287,314,288,316,289,316,290,316,290,316,292,316,293,316,293,316,295,317,296,320,297,323,297,324,298,324,300,324,300,324,302,324,303,324,303,324,305,324,306,324,306,324,308,326,309,329,310,332,310,333,311,333,313,333,313,333,315,335,316,338,316,341,317,342,318,344,319,347,319,351,319,351,319,355,319,360,319,360,319,364,319,367,319,369,318,370,317,373,316,376,317,378,318,378,319,378,319,378,321,378,323,378,323,378,324,378,326,378,326,378,327,376,329,373,329,370,330,369,331,367,332,364,332,361,332,360,331,358,330,355,329,351,329,351,329,347,329,344,330,342,331,341,332,338,332,335,333,333,334,333,336,333,336,333,337,333,339,333,339,333,340,335,341,338,342,341,343,342,344,341,345,338,345,333,345,333,345,329,345,326,345,324,344,323,343,320,342,317,343,316,344,314,345,311,345,308,345,307,344,305,343,302,342,299,343,298,344,296,345,293,345,289,345,289,345,285,345,282,345,280,344,279,343,276,342,273,342,271,340,270,339,267,339,264,338,262,337,261,336,258,336,255,335,254,334,252,333,249,332,246,332,245,331,245,329,245,329,245,327,243,326,240,326,237,325,236,324,234,323,231,323,228,322,227,321,226,320,223,319,220,319,218,318,217,317,214,316,211,316,209,315,208,313,205,313,200,313,200,313,196,313,193,312,192,311,190,310,187,310,184,309,183,308,181,307,178,306,175,306,174,305,172,304,169,303,166,303,165,302,164,300,161,300,156,300,156,300,152,300,149,299,147,298,146,297,143,297,138,297,138,297,134,297,131,297,130,298,130,300,130,300,130,302,131,303,134,303,137,304,138,305,138,306,138,306,138,308,140,309,143,310,146,310,147,311,147,313,147,313,147,315,149,316,152,316,155,317,156,318,156,319,156,319,156,321,158,322,161,323,164,323,165,324,165,326,165,326,165,327,166,329,169,329,172,330,174,331,174,332,174,332,174,334,175,335,178,336,181,336,183,337,183,339,183,339,183,340,184,341,187,342,192,342,192,342,196,342,199,343,200,344,200,345,200,345,200,347,202,348,205,349,208,349,209,350,209,352,209,352,209,353,211,354,214,355,217,356,218,357,220,358,223,358,226,359,227,360,228,361,231,361,234,362,236,363,236,365,236,365,236,366,237,367,240,368,243,368,245,370,246,371,249,371,252,372,254,373,254,374,254,374,254,376,255,377,258,378,261,378,262,379,264,380,267,381,270,381,271,383,273,384,276,384,279,385,280,386,282,387,285,387,288,388,289,389,289,391,289,391,289,392,290,393,293,394,296,394,298,395,299,397,302,397,305,398,307,399,308,400,311,400,314,401,316,402,317,403,320,404,323,404,324,405,326,406,329,407,332,407,333,408,335,410,338,410,342,410,342,410,347,410,350,411,351,412,352,413,355,413,358,414,360,415,358,416,355,417,352,417,351,418,351,420,351,420,351,421,352,422,355,423,358,424,360,425,361,426,364,426,367,427,369,428,370,429,373,430,376,430,378,431,379,432,382,433,386,433,386,433,391,433,394,433,395,434,397,435,400,436,404,436,404,436,409,436,413,436,413,436,417,436,422,436,422,436,426,436,431,436,431,436,435,436,440,436,440,436,444,436,448,436,448,436,453,436,457,436,457,436,462,436,465,437,466,438,466,439,466,439,466,441,468,442,471,442,475,442,475,442,479,442,482,443,484,444,485,445,488,446,491,446,493,447,491,448,488,449,485,449,484,451,484,452,484,452,484,454,484,455,484,455,484,457,484,459,484,459,484,460,484,462,484,462,484,464,485,465,488,465,491,465,493,464,494,462,497,462,502,462,502,462,506,462,510,462,510,462,515,462,519,462,519,462,524,462,527,461,528,460,530,459,533,459,536,459,537,460,538,461,541,462,546,462,546,462,550,462,553,462,555,464,556,465,559,465,562,466,564,467,565,468,568,468,571,469,572,470,601,470,630,470,630,374
285,183,282,184,280,185,280,187,280,187,280,188,282,189,285,190,288,189,289,188,289,187,289,187,289,185,288,184,285,183
453,144,450,145,448,146,450,147,453,148,456,147,457,146,456,145,453,144
285,67,280,67,280,67,276,67,273,67,271,68,271,70,271,70,271,72,273,73,276,73,279,73,280,72,282,70,285,70,288,69,289,68,288,67,285,67
285,316,280,316,280,316,276,316,271,316,271,318,270,319,267,319,264,320,262,321,262,323,262,323,262,324,264,325,267,326,270,326,271,327,273,329,276,329,279,329,280,327,282,326,285,326,288,325,289,324,289,323,289,323,289,321,289,319,289,319,289,318,288,317,285,316
276,280,273,281,271,282,271,284,271,284,271,285,273,286,276,287,279,286,280,285,280,284,280,284,280,282,279,281,276,280
267,313,264,313,262,315,264,316,267,316,271,316,271,315,270,313,267,313
240,47,237,47,236,46,234,45,231,44,228,43,227,42,226,41,223,41,218,41,218,41,214,41,209,41,209,41,205,41,202,40,200,39,199,38,196,38,192,38,192,38,187,38,184,38,183,39,183,41,183,41,183,42,183,44,183,44,183,46,183,47,183,47,183,49,183,50,183,50,183,52,183,54,183,54,183,55,183,57,183,57,183,59,184,60,187,60,190,61,192,62,192,63,192,63,192,65,193,66,196,67,199,67,200,68,200,70,200,70,200,72,202,73,205,73,208,74,209,75,211,76,214,76,218,76,218,76,223,76,227,76,227,76,231,76,234,76,236,75,236,73,236,73,236,72,234,70,231,70,228,69,227,68,227,67,223,67,220,66,218,65,218,63,214,63,211,63,209,62,209,60,205,60,202,60,200,59,202,58,205,57,208,58,209,59,209,60,214,60,217,61,218,62,218,63,223,63,226,64,227,65,227,67,231,67,234,66,236,65,236,63,236,63,236,62,236,60,236,60,236,59,236,57,236,57,236,55,236,54,236,54,236,52,237,51,240,50,243,50,245,49,243,48,240,47
37,154,34,155,32,156,32,157,32,157,32,159,34,160,37,161,40,160,41,159,41,157,41,157,41,156,40,155,37,154
603,332,600,333,599,334,599,336,599,336,599,337,599,339,599,339,599,340,600,341,603,342,606,341,608,340,608,339,608,339,608,337,608,336,608,336,608,334,606,333,603,332
