360,10,361,11,364,12,367,11,369,10,360,10
10,131,13,132,14,133,14,135,14,135,14,136,16,137,19,138,22,138,23,140,23,141,23,141,23,143,23,144,23,144,23,146,23,148,23,148,23,149,25,150,28,151,31,150,32,149,34,148,37,148,40,147,41,146,41,144,41,144,41,143,41,141,41,141,41,140,41,138,41,138,41,136,40,135,37,135,34,134,32,133,32,131,32,131,32,130,32,128,32,128,32,127,32,125,32,125,32,123,32,122,32,122,32,120,32,119,32,119,32,117,31,116,28,115,25,115,23,114,23,112,23,112,23,110,23,109,23,109,23,107,25,106,28,106,31,105,32,104,31,103,28,102,25,102,23,101,23,99,23,99,23,97,23,96,23,96,23,94,23,93,23,93,23,91,25,90,28,89,31,89,32,88,32,86,32,86,32,85,32,83,32,83,32,81,32,80,32,80,32,78,32,76,32,76,32,75,32,73,32,73,32,72,32,70,32,70,32,68,32,67,32,67,32,65,31,64,28,63,25,63,23,62,22,61,19,60,16,61,14,62,14,63,14,63,14,65,13,66,10,67,10,131
10,203,13,203,14,204,14,206,14,206,14,208,16,209,19,209,22,210,23,211,25,212,28,212,31,212,32,211,32,209,32,209,32,208,32,206,32,206,32,204,32,203,32,203,32,201,32,200,32,200,32,198,34,197,37,196,40,196,41,195,41,193,41,193,41,191,42,190,45,190,48,189,50,188,50,187,50,187,50,185,50,183,50,183,50,182,48,181,45,180,42,180,41,178,41,177,41,177,41,175,41,174,41,174,41,172,40,171,37,170,34,170,32,169,31,168,28,167,25,168,23,169,22,170,19,170,16,171,14,172,14,174,14,174,14,175,14,177,14,177,14,178,14,180,14,180,14,182,13,183,10,183,10,203
10,407,14,407,14,407,19,407,22,407,23,408,25,410,28,410,31,411,32,412,34,413,37,413,41,413,41,413,45,413,48,414,50,415,51,416,54,417,57,417,59,418,60,419,63,420,66,420,68,421,69,422,72,423,76,423,76,423,81,423,84,422,85,421,87,420,90,420,93,419,94,418,94,417,94,417,94,415,93,414,90,413,87,413,85,412,85,410,85,410,85,408,84,407,81,407,78,406,76,405,76,404,76,404,76,402,76,400,76,400,76,399,76,397,76,397,76,395,75,394,72,394,69,393,68,392,68,391,68,391,68,389,66,388,63,387,60,387,59,386,57,385,54,384,51,384,50,383,50,381,50,381,50,379,48,378,45,378,41,378,41,378,37,378,34,377,32,376,31,375,28,374,23,374,23,374,19,374,16,374,14,373,13,372,10,371,10,407
72,413,69,414,68,415,69,416,72,417,75,416,76,415,75,414,72,413
10,436,13,437,14,438,16,439,19,439,23,439,23,439,28,439,31,440,32,441,34,442,37,442,40,443,41,444,42,445,45,446,50,446,50,446,54,446,57,446,59,447,59,449,59,449,59,451,57,452,54,452,51,453,50,454,50,455,50,455,50,457,50,459,50,459,50,460,50,462,50,462,50,464,50,465,50,465,50,467,50,468,50,468,50,470,59,470,59,468,59,468,59,467,60,466,63,465,68,465,68,465,72,465,76,465,76,465,81,465,85,465,85,465,90,465,93,466,94,467,96,468,99,468,103,468,103,468,107,468,112,468,112,468,116,468,121,468,121,468,125,468,130,468,130,468,134,468,137,469,138,470,147,470,147,468,147,468,147,467,149,466,152,465,155,465,156,464,156,462,156,462,156,460,156,459,156,459,156,457,156,455,156,455,156,454,155,453,152,452,149,452,147,451,146,449,143,449,140,448,138,447,138,446,138,446,138,444,138,442,138,442,138,441,138,439,138,439,138,438,137,437,134,436,131,435,130,434,128,433,125,433,122,432,121,431,121,430,121,430,121,428,119,427,116,426,112,426,112,426,107,426,103,426,103,426,99,426,94,426,94,426,90,426,85,426,85,426,81,426,76,426,76,426,72,426,68,426,68,426,63,426,60,426,59,425,57,424,54,423,51,422,50,421,48,420,45,420,41,420,41,420,37,420,34,419,32,418,31,417,28,417,25,416,23,415,22,414,19,413,16,413,14,412,13,411,10,410,10,436
63,430,60,430,59,431,60,432,63,433,66,432,68,431,66,430,63,430
32,470,32,468,32,468,32,467,32,465,32,465,32,464,32,462,32,462,32,460,31,459,28,459,25,458,23,457,23,455,23,455,23,454,23,452,23,452,23,451,22,449,19,449,16,449,14,451,14,452,14,452,14,454,14,455,14,455,14,457,14,459,14,459,14,460,14,462,14,462,14,464,14,465,14,465,14,467,16,468,19,468,22,469,23,470,32,470
254,470,255,469,258,468,261,468,262,467,261,466,258,465,254,465,254,465,249,465,245,465,245,465,240,465,236,465,236,465,231,465,228,466,227,467,226,468,223,468,218,468,218,468,214,468,211,468,209,467,208,466,205,465,202,466,200,467,199,468,196,468,193,469,192,470,254,470
307,470,305,469,302,468,298,468,298,468,293,468,289,468,289,468,285,468,282,469,280,470,307,470
630,378,626,378,626,378,621,378,617,378,617,378,612,378,608,378,608,378,603,378,599,378,599,378,595,378,592,378,590,379,589,380,586,381,581,381,581,381,577,381,574,380,572,379,571,378,568,378,564,378,564,378,559,378,555,378,555,378,550,378,547,377,546,376,544,375,541,374,537,374,537,374,533,374,528,374,528,374,524,374,521,375,519,376,518,377,515,378,510,378,510,378,506,378,503,377,502,376,500,375,497,374,494,375,493,376,491,377,488,378,485,378,484,379,482,380,479,381,476,381,475,383,474,384,471,384,466,384,466,384,462,384,457,384,457,384,453,384,450,384,448,383,447,381,444,381,441,380,440,379,440,378,440,378,440,376,438,375,435,374,432,374,431,373,431,371,431,371,431,370,429,369,426,368,423,367,422,366,420,365,417,365,414,364,413,363,413,361,413,361,413,360,412,359,409,358,406,358,404,357,403,356,400,355,397,354,395,353,395,352,395,352,395,350,394,349,391,349,388,348,386,347,386,345,386,345,386,344,388,343,391,342,394,341,395,340,397,339,400,339,403,338,404,337,406,336,409,336,412,335,413,334,412,333,409,332,406,332,404,331,406,330,409,329,413,329,413,329,417,329,422,329,422,329,426,329,431,329,431,329,435,329,438,329,440,327,441,326,444,326,448,326,448,326,453,326,457,326,457,326,462,326,466,326,466,326,471,326,474,325,475,324,476,323,479,323,482,322,484,321,485,320,488,319,493,319,493,319,497,319,500,319,502,318,503,317,506,316,509,316,510,315,512,313,515,313,518,312,519,311,521,310,524,310,527,310,528,311,530,312,533,313,537,313,537,313,541,313,544,312,546,311,547,310,550,310,555,310,555,310,559,310,562,310,564,311,564,313,564,313,564,315,564,316,564,316,564,318,565,319,568,319,571,319,572,318,572,316,572,316,572,315,574,313,577,313,580,312,581,311,581,310,581,310,581,308,581,306,581,306,581,305,581,303,581,303,581,302,583,300,586,300,589,299,590,298,590,297,590,297,590,295,590,293,590,293,590,292,589,291,586,290,583,290,581,289,581,287,581,287,581,285,583,284,586,284,590,284,590,282,590,280,590,280,590,279,590,277,590,277,590,276,589,275,586,274,581,274,581,274,577,274,574,273,572,272,571,271,568,271,565,270,564,269,562,268,559,268,556,267,555,266,555,264,555,264,555,263,553,262,550,261,547,261,546,259,544,258,541,258,537,258,537,258,533,258,530,257,528,256,527,255,524,255,519,255,519,255,515,255,512,255,510,256,509,257,506,258,503,258,502,259,500,261,497,261,493,261,493,261,488,261,485,261,484,259,482,258,479,258,476,257,475,256,476,255,479,255,484,255,484,255,488,255,491,254,493,253,491,252,488,251,484,251,484,251,479,251,476,251,475,250,475,248,475,248,475,246,476,245,479,245,482,244,484,243,485,242,488,242,491,241,493,240,494,239,497,238,502,238,502,238,506,238,510,238,510,238,515,238,519,238,519,238,524,238,528,238,528,238,533,238,537,238,537,238,541,238,546,238,546,238,550,238,555,238,555,238,559,238,562,239,564,240,565,241,568,242,571,242,572,243,574,244,577,245,580,245,581,246,583,248,586,248,589,249,590,250,592,251,595,251,598,252,599,253,599,255,599,255,599,256,600,257,603,258,606,258,608,259,609,261,612,261,615,262,617,263,618,264,621,264,624,265,626,266,627,267,630,268,630,248,627,248,626,246,624,245,621,245,618,244,617,243,615,242,612,242,609,241,608,240,608,238,608,238,608,237,609,236,612,235,615,235,617,234,618,232,621,232,624,231,626,230,627,229,630,229,630,161,626,161,626,161,621,161,618,160,617,159,615,158,612,157,608,157,608,157,603,157,599,157,599,157,595,157,590,157,590,157,586,157,583,158,581,159,580,160,577,161,572,161,572,161,568,161,564,161,564,161,559,161,555,161,555,161,550,161,547,161,546,162,544,163,541,164,537,164,537,164,533,164,530,164,528,165,527,167,524,167,521,168,519,169,518,170,515,170,510,170,510,170,506,170,502,170,502,170,497,170,494,171,493,172,491,173,488,174,485,174,484,175,482,176,479,177,475,177,475,177,471,177,468,177,466,178,465,180,462,180,459,181,457,182,456,183,453,183,450,184,448,185,447,186,444,187,440,187,440,187,435,187,432,187,431,188,429,189,426,190,422,190,422,190,417,190,414,190,413,191,412,192,409,193,406,194,404,195,403,196,400,196,397,197,395,198,394,199,391,200,388,200,386,201,385,202,382,203,379,203,378,204,376,205,373,206,370,207,369,208,367,209,364,209,361,210,360,211,358,212,355,212,351,212,351,212,347,212,344,213,342,214,341,215,338,216,335,215,333,214,332,213,329,212,326,212,324,211,323,210,320,209,317,209,316,208,316,206,316,206,316,204,317,203,320,203,323,203,324,204,326,205,329,206,333,206,333,206,338,206,341,205,342,204,344,203,347,203,350,202,351,201,351,200,351,200,351,198,352,197,355,196,358,196,360,195,360,193,360,193,360,191,361,190,364,190,367,189,369,188,369,187,369,187,369,185,369,183,369,183,369,182,370,181,373,180,376,180,378,178,378,177,378,177,378,175,379,174,382,174,386,174,386,174,391,174,394,173,395,172,397,171,400,170,403,170,404,169,404,167,404,167,404,165,404,164,404,164,404,162,403,161,400,161,397,160,395,159,394,158,391,157,388,158,386,159,385,160,382,161,379,161,378,162,376,163,373,164,369,164,369,164,364,164,360,164,360,164,355,164,351,164,351,164,347,164,342,164,342,164,338,164,335,164,333,165,332,167,329,167,324,167,324,167,320,167,316,167,316,167,311,167,307,167,307,167,302,167,299,168,298,169,296,170,293,170,289,170,289,170,285,170,280,170,280,170,276,170,271,170,271,170,267,170,262,170,262,170,258,170,254,170,254,170,249,170,246,171,245,172,243,173,240,174,237,174,236,175,234,176,231,177,228,177,227,178,226,180,223,180,220,181,218,182,217,183,214,183,209,183,209,183,205,183,202,184,200,185,199,186,196,187,193,187,192,188,190,189,187,190,184,190,183,191,183,193,183,193,183,195,183,196,183,196,183,198,183,200,183,200,183,201,181,202,178,203,175,202,174,201,172,200,169,200,166,200,165,201,165,203,165,203,165,204,166,205,169,206,172,207,174,208,174,209,174,209,174,211,174,212,174,212,174,214,174,216,174,216,174,217,175,218,178,219,181,219,183,221,183,222,183,222,183,224,181,225,178,225,175,226,174,227,174,229,174,229,174,230,174,232,174,232,174,234,175,235,178,235,181,236,183,237,183,238,183,238,183,240,183,242,183,242,183,243,183,245,183,245,183,246,184,248,187,248,190,249,192,250,192,251,192,251,192,253,192,255,192,255,192,256,193,257,196,258,199,258,200,259,202,261,205,261,208,262,209,263,211,264,214,264,217,265,218,266,218,268,218,268,218,269,220,270,223,271,226,271,227,272,228,273,231,274,236,274,236,274,240,274,243,275,245,276,246,277,249,277,252,278,254,279,255,280,258,280,261,281,262,282,262,284,262,284,262,285,262,287,262,287,262,289,264,290,267,290,270,291,271,292,273,293,276,293,280,293,280,293,285,293,288,293,289,292,289,290,289,290,289,289,290,288,293,287,296,288,298,289,299,290,302,290,307,290,307,290,311,290,314,291,316,292,317,293,320,293,323,294,324,295,324,297,324,297,324,298,324,300,324,300,324,302,324,303,324,303,324,305,326,306,329,306,332,307,333,308,333,310,333,310,333,311,333,313,333,313,333,315,335,316,338,316,341,317,342,318,342,319,342,319,342,321,344,322,347,323,351,323,351,323,355,323,360,323,360,323,364,323,367,323,369,324,369,326,369,326,369,327,367,329,364,329,360,329,360,329,355,329,352,330,351,331,351,332,351,332,351,334,350,335,347,336,344,336,342,337,344,338,347,339,350,339,351,340,351,342,351,342,351,344,351,345,351,345,351,347,350,348,347,349,342,349,342,349,338,349,335,348,333,347,332,346,329,345,324,345,324,345,320,345,316,345,316,345,311,345,307,345,307,345,302,345,299,346,298,347,296,348,293,349,290,348,289,347,288,346,285,345,282,345,280,344,279,343,276,342,273,342,271,340,270,339,267,339,264,338,262,337,261,336,258,336,255,335,254,334,252,333,249,332,246,332,245,331,245,329,245,329,245,327,243,326,240,326,237,325,236,324,234,323,231,323,228,322,227,321,226,320,223,319,220,319,218,318,217,317,214,316,211,316,209,315,208,313,205,313,200,313,200,313,196,313,193,312,192,311,190,310,187,310,184,309,183,308,181,307,178,306,175,306,174,305,172,304,169,303,165,303,165,303,161,303,156,303,156,303,152,303,149,303,147,302,146,300,143,300,140,300,138,302,138,303,138,303,138,305,138,306,138,306,138,308,140,309,143,310,146,310,147,311,147,313,147,313,147,315,149,316,152,316,155,317,156,318,156,319,156,319,156,321,158,322,161,323,164,323,165,324,165,326,165,326,165,327,166,329,169,329,172,330,174,331,174,332,174,332,174,334,175,335,178,336,181,336,183,337,184,338,187,339,190,339,192,340,193,341,196,342,199,343,200,344,200,345,200,345,200,347,202,348,205,349,208,349,209,350,209,352,209,352,209,353,211,354,214,355,217,356,218,357,220,358,223,358,226,359,227,360,228,361,231,361,234,362,236,363,236,365,236,365,236,366,237,367,240,368,243,368,245,370,246,371,249,371,252,372,254,373,255,374,258,374,261,375,262,376,262,378,262,378,262,379,264,380,267,381,270,381,271,383,273,384,276,384,279,385,280,386,282,387,285,387,288,388,289,389,289,391,289,391,289,392,290,393,293,394,296,394,298,395,299,397,302,397,305,398,307,399,308,400,311,400,314,401,316,402,317,403,320,404,323,404,324,405,326,406,329,407,332,407,333,408,335,410,338,410,341,411,342,412,344,413,347,413,350,414,351,415,351,417,351,417,351,418,351,420,351,420,351,421,352,422,355,423,358,424,360,425,360,426,360,426,360,428,361,429,364,430,367,430,369,431,370,432,373,433,376,433,378,434,379,435,382,436,386,436,386,436,391,436,394,437,395,438,397,439,400,439,404,439,404,439,409,439,413,439,413,439,417,439,422,439,422,439,426,439,431,439,431,439,435,439,440,439,440,439,444,439,448,439,448,439,453,439,456,440,457,441,459,442,462,442,465,443,466,444,468,445,471,446,475,446,475,446,479,446,482,446,484,447,484,449,484,449,484,451,482,452,479,452,476,453,475,454,475,455,475,455,475,457,476,458,479,459,482,459,484,460,484,462,484,462,484,464,485,465,488,465,491,465,493,464,494,462,497,462,502,462,502,462,506,462,510,462,510,462,515,462,519,462,519,462,524,462,528,462,528,462,533,462,537,462,537,462,541,462,544,462,546,464,547,465,550,465,555,465,555,465,559,465,562,466,564,467,565,468,568,468,571,469,572,470,601,470,630,470,630,378
320,274,317,275,316,276,317,277,320,277,323,277,324,276,323,275,320,274
302,245,299,244,298,243,298,242,298,242,298,240,296,239,293,238,289,238,289,238,285,238,282,239,280,240,280,242,280,242,280,243,280,245,280,245,280,246,280,248,280,248,280,250,282,251,285,251,288,252,289,253,289,255,289,255,289,256,290,257,293,258,296,257,298,256,298,255,298,255,298,253,299,252,302,251,305,251,307,250,307,248,307,248,307,246,305,245,302,245
302,268,298,268,298,266,296,265,293,264,290,265,289,266,290,267,293,268,298,268,298,269,299,270,302,271,305,270,307,269,305,268,302,268
285,183,282,184,280,185,282,186,285,187,288,186,289,185,288,184,285,183
276,323,271,323,271,323,267,323,264,323,262,324,264,325,267,326,270,326,271,327,273,329,276,329,279,329,280,327,280,326,280,326,280,324,279,323,276,323
240,44,237,43,236,42,234,41,231,41,227,41,227,41,223,41,218,41,218,41,214,41,209,41,209,41,205,41,202,40,200,39,199,38,196,38,192,38,192,38,187,38,183,38,183,38,178,38,175,38,174,39,175,40,178,41,181,41,183,42,181,43,178,44,175,45,174,46,175,47,178,47,181,48,183,49,183,50,183,50,183,52,183,54,183,54,183,55,183,57,183,57,183,59,184,60,187,60,190,61,192,62,192,63,192,63,192,65,193,66,196,67,199,67,200,68,200,70,200,70,200,72,202,73,205,73,208,74,209,75,211,76,214,76,217,77,218,78,218,80,218,80,218,81,220,82,223,83,226,82,227,81,228,80,231,80,234,79,236,78,236,76,236,76,236,75,236,73,236,73,236,72,236,70,236,70,236,68,236,67,236,67,236,65,236,63,236,63,236,62,236,60,236,60,236,59,236,57,236,57,236,55,237,54,240,54,243,53,245,52,245,50,245,50,245,49,245,47,245,47,245,46,243,45,240,44
37,154,34,155,32,156,32,157,32,157,32,159,34,160,37,161,40,160,41,159,41,157,41,157,41,156,40,155,37,154
595,284,590,284,590,285,592,286,595,287,598,286,599,285,598,284,595,284
444,342,440,342,440,342,435,342,432,343,431,344,432,345,435,345,440,345,440,345,444,345,447,345,448,344,447,343,444,342
