599,10,599,12,599,12,599,13,599,15,603,15,606,15,608,16,606,18,603,18,600,18,599,16,599,15,595,15,592,14,590,13,589,12,586,12,583,11,581,10,475,10,475,12,475,12,475,13,476,14,479,15,484,15,484,15,488,15,491,15,493,16,494,18,497,18,500,19,502,20,502,21,502,21,502,23,500,24,497,25,494,25,493,26,494,27,497,28,500,28,502,29,502,31,502,31,502,33,502,34,502,34,502,36,503,37,506,38,509,38,510,39,510,41,510,41,510,42,512,43,515,44,519,44,519,42,519,41,519,41,519,39,519,38,519,38,519,36,519,34,515,34,512,34,510,33,512,32,515,31,519,31,519,29,521,28,524,28,528,28,528,28,533,28,536,28,537,29,536,31,533,31,528,31,528,31,524,31,519,31,519,33,519,34,524,34,527,35,528,36,528,38,528,38,528,39,528,41,528,41,528,42,527,43,524,44,519,44,519,46,519,47,519,47,519,49,518,50,515,50,510,50,510,50,506,50,503,51,502,52,503,53,506,54,509,54,510,55,510,57,510,57,510,59,512,60,515,60,518,60,519,59,519,57,519,57,519,55,521,54,524,54,527,54,528,55,528,57,528,57,528,59,528,60,528,60,528,62,527,63,524,63,521,64,519,65,518,66,515,67,512,66,510,65,509,64,506,63,503,64,502,65,502,67,502,67,502,68,500,69,497,70,494,69,493,68,493,67,493,67,493,65,493,63,493,63,493,62,494,61,497,60,500,60,502,59,500,58,497,57,493,57,493,57,488,57,485,56,484,55,484,54,479,54,476,53,475,52,475,50,475,50,475,49,474,48,471,47,468,47,466,46,466,44,466,44,466,42,465,41,462,41,459,41,457,42,456,43,453,44,450,43,448,42,448,41,448,41,448,39,448,38,448,38,448,36,450,35,453,34,456,35,457,36,459,37,462,38,465,37,466,36,468,35,471,34,474,34,475,33,475,31,475,31,475,29,475,28,475,28,475,26,475,25,475,25,475,23,475,21,475,21,475,20,474,19,471,18,468,18,466,16,466,15,466,15,466,13,466,12,466,12,466,10,280,10,280,12,280,12,280,13,280,15,280,15,280,16,280,18,285,18,288,19,289,20,290,21,293,21,296,22,298,23,299,24,302,25,305,25,307,26,307,28,307,28,307,29,307,31,307,31,307,33,308,34,311,34,314,35,316,36,317,37,320,38,324,38,324,38,329,38,333,38,333,38,338,38,342,38,342,38,347,38,350,37,351,36,351,34,351,34,351,33,351,31,351,31,351,29,352,28,355,28,358,28,360,29,360,31,360,31,360,33,360,34,360,34,360,36,360,38,360,38,360,39,361,40,364,41,369,41,369,41,373,41,376,41,378,42,379,43,382,44,385,45,386,46,388,47,391,47,394,48,395,49,394,50,391,50,388,51,386,52,386,54,386,54,386,55,386,57,391,57,395,57,395,57,400,57,403,56,404,55,404,54,404,54,404,52,406,51,409,50,413,50,413,50,417,50,422,50,422,50,426,50,429,51,431,52,429,53,426,54,423,54,422,55,420,56,417,57,414,58,413,59,412,60,409,60,406,61,404,62,403,63,400,63,397,64,395,65,395,67,395,67,395,68,397,69,400,70,403,69,404,68,406,67,409,67,412,67,413,68,413,70,413,70,413,72,414,73,417,73,420,73,422,72,423,70,426,70,431,70,431,70,435,70,438,69,440,68,441,67,444,67,447,66,448,65,450,64,453,63,456,64,457,65,457,67,457,67,457,68,456,69,453,70,450,70,448,72,448,73,448,73,448,75,448,76,448,76,448,78,448,80,448,80,448,81,450,82,453,83,456,83,457,85,457,86,457,86,457,88,459,89,462,89,465,90,466,91,466,93,466,93,466,94,468,95,471,96,474,95,475,94,476,93,479,93,482,92,484,91,484,89,484,89,484,88,482,87,479,86,476,86,475,85,475,83,475,83,475,81,476,80,479,80,484,80,484,78,482,77,479,76,476,76,475,75,475,73,471,73,468,73,466,72,468,70,471,70,474,70,475,72,475,73,479,73,484,73,484,73,488,73,491,74,493,75,493,76,493,76,493,78,491,79,488,80,484,80,484,81,485,82,488,83,491,83,493,85,493,86,493,86,493,88,493,89,493,89,493,91,493,93,493,93,493,94,493,96,497,96,502,96,502,96,506,96,509,96,510,97,509,99,506,99,503,100,502,101,502,102,502,102,502,104,503,105,506,106,509,106,510,107,510,109,510,109,510,110,510,112,510,112,510,114,512,115,515,115,518,116,519,117,519,119,519,119,519,120,519,122,519,122,519,123,519,125,519,125,519,127,519,128,519,128,519,130,521,131,524,131,527,132,528,133,528,135,528,135,528,136,530,137,533,138,536,137,537,136,538,135,541,135,544,134,546,133,546,131,546,131,546,130,544,129,541,128,538,128,537,127,537,125,537,125,537,123,538,122,541,122,544,121,546,120,547,119,550,119,555,119,555,119,559,119,564,119,564,119,568,119,571,119,572,120,574,121,577,122,580,121,581,120,583,119,586,119,589,118,590,117,590,115,590,115,590,114,589,113,586,112,581,112,581,112,577,112,574,112,572,110,571,109,568,109,565,109,564,110,562,112,559,112,556,112,555,110,553,109,550,109,547,108,546,107,547,106,550,106,553,105,555,104,555,102,555,102,555,101,556,100,559,99,562,100,564,101,565,102,568,102,571,102,572,101,572,99,572,99,572,97,572,96,572,96,572,94,574,93,577,93,580,93,581,94,581,96,581,96,581,97,581,99,581,99,581,101,581,102,581,102,581,104,583,105,586,106,590,106,590,106,595,106,598,106,599,107,600,108,603,109,606,109,608,110,609,111,612,112,617,112,617,112,621,112,624,113,626,114,626,115,626,115,626,117,624,118,621,119,618,119,617,120,615,121,612,122,609,122,608,123,608,125,608,125,608,127,609,128,612,128,615,128,617,127,618,126,621,125,626,125,626,125,630,125,630,67,630,10,599,10
612,63,609,64,608,65,609,66,612,67,615,66,617,65,615,64,612,63
603,76,600,77,599,78,600,79,603,80,606,79,608,78,606,77,603,76
586,73,583,74,581,75,581,76,581,76,581,78,583,79,586,80,589,79,590,78,590,76,590,76,590,75,589,74,586,73
568,83,565,83,564,85,565,86,568,86,571,86,572,85,571,83,568,83
524,21,521,21,519,20,518,19,515,18,512,19,510,20,510,21,510,21,510,23,512,24,515,25,519,25,519,25,524,25,527,24,528,23,527,22,524,21
479,60,476,61,475,62,476,63,479,63,482,63,484,62,482,61,479,60
453,47,450,48,448,49,450,50,453,50,456,50,457,49,456,48,453,47
453,54,450,54,448,55,450,56,453,57,456,56,457,55,456,54,453,54
435,60,432,61,431,62,432,63,435,63,438,63,440,62,438,61,435,60
10,216,13,216,14,217,14,219,14,219,14,221,16,222,19,222,22,223,23,224,25,225,28,225,31,226,32,227,32,229,32,229,32,230,34,231,37,232,40,232,41,234,42,235,45,235,48,236,50,237,50,238,50,238,50,240,51,241,54,242,57,242,59,243,59,245,59,245,59,246,60,248,63,248,66,249,68,250,68,251,68,251,68,253,69,254,72,255,75,255,76,256,78,257,81,258,84,258,85,259,85,261,85,261,85,263,85,264,90,264,93,265,94,266,94,268,99,268,102,268,103,269,102,270,99,271,96,270,94,269,94,268,90,268,87,267,85,266,85,264,81,264,78,264,76,263,75,262,72,261,69,261,68,259,66,258,63,258,60,257,59,256,59,255,59,255,59,253,57,252,54,251,51,251,50,250,48,249,45,248,42,248,41,246,40,245,37,245,34,244,32,243,31,242,28,242,25,241,23,240,22,239,19,238,16,239,14,240,14,242,14,242,14,243,16,244,19,245,22,245,23,246,23,248,23,248,23,250,25,251,28,251,31,252,32,253,31,254,28,255,23,255,23,255,19,255,16,255,14,256,16,257,19,258,22,258,23,259,25,261,28,261,31,262,32,263,32,264,32,264,32,266,32,268,32,268,32,269,32,271,32,271,32,272,34,273,37,274,40,275,41,276,41,277,41,277,41,279,42,280,45,280,48,281,50,282,50,284,50,284,50,285,48,286,45,287,42,288,41,289,40,290,37,290,32,290,32,290,28,290,25,290,23,289,22,288,19,287,16,286,14,285,14,284,14,284,14,282,14,280,14,280,14,279,13,278,10,277,10,374,10,470,85,470,87,469,90,468,93,469,94,470,360,470,361,469,364,468,367,468,369,467,369,465,369,465,369,464,369,462,369,462,369,460,367,459,364,459,360,459,360,459,355,459,351,459,351,459,347,459,344,458,342,457,341,456,338,455,333,455,333,455,329,455,324,455,324,455,320,455,317,455,316,454,314,453,311,452,307,452,307,452,302,452,299,452,298,451,296,449,293,449,289,449,289,449,285,449,282,448,280,447,279,446,276,446,273,445,271,444,271,442,271,442,271,441,270,440,267,439,262,439,262,439,258,439,254,439,254,439,249,439,246,439,245,438,243,437,240,436,237,435,236,434,234,433,231,433,228,432,227,431,226,430,223,430,218,430,218,430,214,430,211,429,209,428,208,427,205,426,200,426,200,426,196,426,193,426,192,425,190,424,187,423,184,422,183,421,183,420,183,420,183,418,181,417,178,417,175,416,174,415,174,413,174,413,174,412,172,411,169,410,166,410,165,408,165,407,165,407,165,405,164,404,161,404,158,403,156,402,158,401,161,400,165,400,165,400,169,400,172,400,174,399,172,398,169,397,166,397,165,395,166,394,169,394,172,393,174,392,175,391,178,391,181,391,183,392,184,393,187,394,192,394,192,394,196,394,200,394,200,392,199,391,196,391,193,390,192,389,190,388,187,387,183,387,183,387,178,387,174,387,174,387,169,387,166,387,165,386,164,385,161,384,156,384,156,384,152,384,149,384,147,383,147,381,147,381,147,379,146,378,143,378,140,377,138,376,137,375,134,374,131,374,130,373,128,372,125,371,122,371,121,370,119,369,116,368,113,367,112,366,112,365,112,365,112,363,113,362,116,361,119,361,121,360,119,359,116,358,113,358,112,357,110,356,107,355,104,354,103,353,103,352,103,352,103,350,103,349,103,349,103,347,102,346,99,345,96,345,94,344,96,343,99,342,103,342,103,342,107,342,110,343,112,344,113,345,116,345,121,345,121,345,125,345,128,346,130,347,131,348,134,349,137,349,138,350,140,351,143,352,146,352,147,353,147,355,147,355,147,357,149,358,152,358,155,359,156,360,158,361,161,361,164,362,165,363,165,365,165,365,165,366,166,367,169,368,172,368,174,370,175,371,178,371,181,372,183,373,183,374,183,374,183,376,184,377,187,378,192,378,192,378,196,378,199,378,200,379,202,380,205,381,208,381,209,383,209,384,209,384,209,386,209,387,209,387,209,389,209,391,209,391,209,392,208,393,205,394,200,394,200,395,199,397,196,397,193,398,192,399,192,400,192,400,192,402,192,404,192,404,192,405,192,407,192,407,192,408,193,410,196,410,200,410,200,410,205,410,208,411,209,412,211,413,214,413,218,413,218,413,223,413,227,413,227,413,231,413,236,413,236,413,240,413,245,413,245,413,249,413,254,413,254,413,258,413,262,413,262,413,267,413,270,414,271,415,271,417,271,417,271,418,271,420,271,420,271,421,273,422,276,423,279,424,280,425,282,426,285,426,288,427,289,428,290,429,293,430,296,430,298,431,299,432,302,433,307,433,307,433,311,433,314,433,316,434,317,435,320,436,323,437,324,438,326,439,329,439,333,439,333,439,338,439,341,440,342,441,344,442,347,442,350,443,351,444,352,445,355,446,360,446,360,446,364,446,367,446,369,447,370,448,373,449,378,449,378,449,382,449,386,449,386,449,391,449,395,449,395,449,400,449,403,449,404,451,406,452,409,452,413,452,413,452,417,452,420,453,422,454,422,455,422,455,422,457,420,458,417,459,414,459,413,460,413,462,413,462,413,464,413,465,413,465,413,467,413,468,413,468,413,470,510,470,512,469,515,468,519,468,519,468,524,468,527,469,528,470,579,470,630,470,630,274,627,273,626,272,626,271,621,271,618,270,617,269,618,268,621,268,624,268,626,269,626,271,630,271,630,245,627,244,626,243,626,242,626,242,626,240,627,239,630,238,630,135,627,135,626,136,624,137,621,138,617,138,617,138,612,138,608,138,608,138,603,138,600,139,599,140,598,141,595,141,590,141,590,141,586,141,583,142,581,143,580,144,577,144,572,144,572,144,568,144,565,145,564,146,562,147,559,148,555,148,555,148,550,148,546,148,546,148,541,148,537,148,537,148,533,148,530,148,528,149,527,150,524,151,521,150,519,149,518,148,515,148,512,148,510,149,510,151,510,151,510,153,509,154,506,154,503,154,502,153,500,151,497,151,494,151,493,153,491,154,488,154,485,155,484,156,482,157,479,157,476,157,475,156,474,155,471,154,468,154,466,153,466,151,466,151,466,149,465,148,462,148,459,147,457,146,457,144,457,144,457,143,459,142,462,141,465,141,466,140,466,138,466,138,466,136,465,135,462,135,459,134,457,133,457,131,457,131,457,130,457,128,457,128,457,127,457,125,457,125,457,123,457,122,457,122,457,120,457,119,457,119,457,117,457,115,457,115,457,114,457,112,457,112,457,110,456,109,453,109,450,108,448,107,450,106,453,106,456,105,457,104,456,103,453,102,450,102,448,101,448,99,448,99,448,97,447,96,444,96,440,96,440,97,440,99,440,99,440,101,440,102,440,102,440,104,440,106,440,106,440,107,440,109,440,109,440,110,438,112,435,112,431,112,431,112,426,112,423,112,422,110,423,109,426,109,429,108,431,107,431,106,431,106,431,104,429,103,426,102,422,102,422,102,417,102,414,103,413,104,413,106,413,106,413,107,413,109,413,109,413,110,412,112,409,112,406,112,404,110,403,109,400,109,397,108,395,107,395,106,395,106,395,104,395,102,395,102,395,101,394,100,391,99,388,99,386,97,388,96,391,96,394,95,395,94,397,93,400,93,404,93,404,91,404,89,404,89,404,88,403,87,400,86,395,86,395,86,391,86,388,86,386,85,386,83,386,83,386,81,385,80,382,80,379,79,378,78,378,76,373,76,369,76,369,78,369,80,369,80,369,81,367,82,364,83,361,83,360,85,358,86,355,86,352,86,351,85,350,83,347,83,344,82,342,81,342,80,342,80,342,78,341,77,338,76,335,76,333,75,332,74,329,73,326,73,324,72,323,70,320,70,317,69,316,68,317,67,320,67,323,66,324,65,323,64,320,63,316,63,316,63,311,63,307,63,307,63,302,63,299,63,298,62,298,60,298,60,298,59,296,58,293,57,290,56,289,55,289,54,289,54,289,52,288,51,285,50,280,50,280,50,276,50,273,50,271,49,270,48,267,47,264,47,262,46,261,45,258,44,254,44,254,44,249,44,246,43,245,42,243,41,240,41,237,40,236,39,236,38,236,38,236,36,234,35,231,34,228,34,227,33,227,31,227,31,227,29,227,28,227,28,227,26,228,25,231,25,234,24,236,23,236,21,236,21,236,20,236,18,236,18,236,16,236,15,236,15,236,13,237,12,240,12,243,12,245,13,246,14,249,15,254,15,254,15,258,15,261,14,262,13,262,12,262,12,262,10,136,10,10,10,10,216
524,154,521,155,519,156,521,157,524,157,527,157,528,156,527,155,524,154
515,242,510,242,510,242,506,242,502,242,502,242,497,242,494,242,493,243,493,245,493,245,493,246,494,248,497,248,500,249,502,250,503,251,506,251,510,251,510,251,515,251,518,251,519,250,519,248,519,248,519,246,519,245,519,245,519,243,518,242,515,242
479,342,476,341,475,340,474,339,471,339,468,338,466,337,465,336,462,336,457,336,457,336,453,336,450,336,448,337,448,339,448,339,448,340,450,342,453,342,457,342,457,342,462,342,465,343,466,344,468,345,471,345,474,346,475,347,476,348,479,349,482,348,484,347,484,345,484,345,484,344,482,343,479,342
444,119,441,119,440,120,441,121,444,122,447,121,448,120,447,119,444,119
435,355,432,354,431,353,429,352,426,352,423,351,422,350,420,349,417,349,414,348,413,347,412,346,409,345,406,346,404,347,404,349,404,349,404,350,404,352,404,352,404,353,406,354,409,355,413,355,413,355,417,355,420,356,422,357,423,358,426,358,429,359,431,360,432,361,435,361,438,361,440,360,440,358,440,358,440,357,438,356,435,355
417,148,414,148,413,149,414,150,417,151,420,150,422,149,420,148,417,148
409,183,406,183,404,182,403,181,400,180,397,181,395,182,395,183,395,183,395,185,397,186,400,187,404,187,404,187,409,187,412,186,413,185,412,184,409,183
400,138,397,137,395,136,395,135,395,135,395,133,394,132,391,131,386,131,386,131,382,131,379,131,378,130,378,128,378,128,378,127,378,125,378,125,378,123,378,122,378,122,378,120,379,119,382,119,385,118,386,117,386,115,386,115,386,114,385,113,382,112,379,113,378,114,376,115,373,115,370,115,369,114,369,112,369,112,369,110,367,109,364,109,361,108,360,107,358,106,355,106,351,106,351,106,347,106,344,106,342,107,344,108,347,109,350,109,351,110,352,112,355,112,358,113,360,114,360,115,360,115,360,117,361,118,364,119,367,119,369,120,369,122,369,122,369,123,369,125,369,125,369,127,369,128,369,128,369,130,369,131,369,131,369,133,367,134,364,135,361,135,360,136,361,137,364,138,369,138,369,138,373,138,378,138,378,140,376,141,373,141,370,142,369,143,367,144,364,144,361,145,360,146,360,148,360,148,360,149,361,150,364,151,367,150,369,149,370,148,373,148,376,147,378,146,379,145,382,144,385,144,386,143,388,142,391,141,395,141,395,141,400,141,403,141,404,140,403,138,400,138
391,125,388,126,386,127,388,128,391,128,394,128,395,127,394,126,391,125
391,190,388,190,386,191,388,192,391,193,394,192,395,191,394,190,391,190
364,93,361,93,360,94,361,95,364,96,367,95,369,94,367,93,364,93
311,135,308,134,307,133,305,132,302,131,299,131,298,130,296,129,293,128,289,128,289,128,285,128,280,128,280,128,276,128,273,128,271,127,270,126,267,125,264,124,262,123,261,122,258,122,255,121,254,120,252,119,249,119,246,118,245,117,245,115,245,115,245,114,245,112,245,112,245,110,243,109,240,109,237,108,236,107,236,106,236,106,236,104,236,102,236,102,236,101,236,99,236,99,236,97,234,96,231,96,227,96,227,96,223,96,218,96,218,96,214,96,209,96,209,96,205,96,200,96,200,96,196,96,193,95,192,94,190,93,187,93,183,93,183,93,178,93,175,93,174,94,174,96,174,96,174,97,174,99,174,99,174,101,174,102,174,102,174,104,172,105,169,106,166,106,165,107,165,109,165,109,165,110,166,112,169,112,172,113,174,114,174,115,169,115,166,116,165,117,165,119,165,119,165,120,166,121,169,122,172,121,174,120,174,119,174,119,174,117,174,115,178,115,181,116,183,117,184,118,187,119,190,119,192,120,192,122,192,122,192,123,193,124,196,125,199,126,200,127,202,128,205,128,209,128,209,128,214,128,217,129,218,130,220,131,223,131,227,131,227,131,231,131,234,132,236,133,237,134,240,135,245,135,245,135,249,135,254,135,254,135,258,135,261,135,262,136,264,137,267,138,271,138,271,138,276,138,279,139,280,140,282,141,285,141,288,142,289,143,290,144,293,144,298,144,298,144,302,144,305,144,307,143,308,142,311,141,314,141,316,140,316,138,316,138,316,136,314,135,311,135
285,245,282,245,280,246,282,248,285,248,288,248,289,246,288,245,285,245
240,86,237,87,236,88,236,89,236,89,236,91,237,92,240,93,243,92,245,91,245,89,245,89,245,88,243,87,240,86
240,316,237,317,236,318,237,319,240,319,243,319,245,318,243,317,240,316
214,310,209,310,209,308,208,307,205,306,202,307,200,308,202,309,205,310,209,310,209,311,211,312,214,313,217,312,218,311,217,310,214,310
169,284,166,283,165,282,165,280,165,280,165,279,164,278,161,277,158,277,156,276,155,275,152,274,149,275,147,276,147,277,147,277,147,279,147,280,147,280,147,282,147,284,147,284,147,285,149,286,152,287,155,288,156,289,156,290,156,290,156,292,158,293,161,293,164,294,165,295,166,296,169,297,172,296,174,295,174,293,174,293,174,292,174,290,174,290,174,289,174,287,174,287,174,285,172,284,169,284
161,76,158,76,156,75,156,73,156,73,156,72,156,70,156,70,156,68,156,67,156,67,156,65,155,64,152,63,149,63,147,62,146,61,143,60,138,60,138,60,134,60,131,61,130,62,130,63,130,63,130,65,130,67,130,67,130,68,130,70,130,70,130,72,130,73,130,73,130,75,130,76,130,76,130,78,130,80,130,80,130,81,130,83,130,83,130,85,130,86,130,86,130,88,130,89,130,89,130,91,130,93,130,93,130,94,130,96,130,96,130,97,130,99,130,99,130,101,130,102,130,102,130,104,130,106,130,106,130,107,130,109,130,109,130,110,130,112,130,112,130,114,130,115,130,115,130,117,130,119,130,119,130,120,131,121,134,122,137,122,138,123,138,125,138,125,138,127,138,128,138,128,138,130,138,131,138,131,138,133,138,135,138,135,138,136,140,137,143,138,147,138,147,138,152,138,155,137,156,136,156,135,156,135,156,133,156,131,156,131,156,130,156,128,156,128,156,127,156,125,156,125,156,123,156,122,156,122,156,120,156,119,156,119,156,117,156,115,156,115,156,114,156,112,156,112,156,110,156,109,156,109,156,107,155,106,152,106,149,105,147,104,147,102,147,102,147,101,147,99,147,99,147,97,147,96,147,96,147,94,147,93,147,93,147,91,147,89,147,89,147,88,149,87,152,86,156,86,156,86,161,86,164,86,165,85,165,83,165,83,165,81,165,80,165,80,165,78,164,77,161,76
143,420,140,420,138,421,140,422,143,423,146,422,147,421,146,420,143,420
107,261,104,262,103,263,104,264,107,264,110,264,112,263,110,262,107,261
72,423,69,424,68,425,69,426,72,426,75,426,76,425,75,424,72,423
488,47,485,48,484,49,484,50,484,50,484,52,484,54,488,54,491,53,493,52,493,50,493,50,493,49,491,48,488,47
595,128,592,129,590,130,590,131,595,131,598,131,599,130,598,129,595,128
586,131,583,132,581,133,583,134,586,135,589,134,590,133,590,131,586,131
568,128,565,129,564,130,564,131,564,131,564,133,562,134,559,135,556,135,555,136,556,137,559,138,564,138,564,138,568,138,571,137,572,136,572,135,572,135,572,133,572,131,572,131,572,130,571,129,568,128
533,141,530,142,528,143,530,144,533,144,536,144,537,143,536,142,533,141
506,138,503,139,502,140,502,141,502,141,502,143,503,144,506,144,509,144,510,143,510,141,510,141,510,140,509,139,506,138
488,96,485,96,484,97,485,99,488,99,491,99,493,97,493,96,488,96
488,109,485,109,484,110,484,112,488,112,491,111,493,110,491,109,488,109
488,135,484,135,484,135,479,135,476,135,475,136,475,138,475,138,475,140,476,141,479,141,482,141,484,140,485,138,488,138,491,137,493,136,491,135,488,135
479,112,476,113,475,114,476,115,479,115,482,115,484,114,484,112,479,112
471,125,468,126,466,127,468,128,471,128,474,128,475,127,474,126,471,125
435,80,432,80,431,81,432,82,435,83,438,82,440,81,438,80,435,80
435,86,432,87,431,88,431,89,431,89,431,91,431,93,431,93,431,94,431,96,435,96,440,96,440,94,440,93,440,93,440,91,440,89,440,89,440,88,438,87,435,86
426,96,423,96,422,97,423,99,426,99,429,99,431,97,431,96,426,96
417,86,414,87,413,88,414,89,417,89,420,89,422,88,420,87,417,86
409,93,404,93,404,94,406,95,409,96,412,95,413,94,412,93,409,93
391,73,388,73,386,72,385,70,382,70,379,69,378,68,376,67,373,67,369,67,369,68,369,70,369,70,369,72,369,73,373,73,376,74,378,75,378,76,382,76,386,76,386,76,391,76,394,76,395,75,394,74,391,73
382,57,379,56,378,55,376,54,373,54,370,54,369,55,369,57,369,57,369,59,370,60,373,60,376,61,378,62,379,63,382,63,385,63,386,62,386,60,386,60,386,59,386,57,382,57
364,63,361,64,360,65,361,66,364,67,369,67,369,65,367,64,364,63
364,73,361,74,360,75,361,76,364,76,369,76,369,75,369,73,364,73
320,44,317,45,316,46,317,47,320,47,323,47,324,46,323,45,320,44
276,18,273,19,271,20,271,21,271,21,271,23,273,24,276,25,279,24,280,23,280,21,280,21,280,20,280,18,276,18
382,135,379,135,378,136,378,138,382,138,385,137,386,136,385,135,382,135
