599,10,599,12,599,12,599,13,598,14,595,15,592,14,590,13,590,12,590,12,590,10,484,10,482,11,479,12,476,12,475,13,476,14,479,15,482,15,484,16,485,18,488,18,493,18,493,18,497,18,500,19,502,20,500,21,497,21,494,22,493,23,493,25,493,25,493,26,494,27,497,28,500,27,502,26,503,25,506,25,509,24,510,23,510,21,510,21,510,20,510,18,510,18,510,16,512,15,515,15,518,15,519,16,521,18,524,18,527,18,528,16,530,15,533,15,536,15,537,16,537,18,537,18,537,20,536,21,533,21,530,22,528,23,530,24,533,25,536,25,537,26,537,28,537,28,537,29,536,31,533,31,528,31,528,31,524,31,519,31,519,33,519,34,524,34,527,35,528,36,528,38,528,38,528,39,528,41,528,41,528,42,527,43,524,44,519,44,519,46,519,47,519,47,519,49,518,50,515,50,510,50,510,50,506,50,503,51,502,52,503,53,506,54,509,54,510,55,510,57,510,57,510,59,510,60,510,60,510,62,509,63,506,63,503,64,502,65,500,66,497,67,494,66,493,65,493,63,493,63,493,62,494,61,497,60,500,60,502,59,500,58,497,57,493,57,493,57,488,57,485,56,484,55,484,54,479,54,476,53,475,52,475,50,475,50,475,49,474,48,471,47,468,47,466,46,466,44,466,44,466,42,466,41,466,41,466,39,466,38,466,38,466,36,468,35,471,34,474,34,475,33,475,31,475,31,475,29,475,28,475,28,475,26,475,25,475,25,475,23,474,22,471,21,468,21,466,20,466,18,466,18,466,16,466,15,466,15,466,13,466,12,466,12,466,10,271,10,271,12,271,12,271,13,273,14,276,15,279,15,280,16,282,18,285,18,288,19,289,20,290,21,293,21,298,21,298,21,302,21,305,22,307,23,307,25,307,25,307,26,307,28,307,28,307,29,307,31,307,31,307,33,307,34,311,34,314,35,316,36,317,37,320,38,323,38,324,39,326,40,329,41,332,40,333,39,335,38,338,38,341,38,342,39,344,40,347,41,350,40,351,39,351,38,351,38,351,36,351,34,351,34,351,33,351,31,351,31,351,29,352,28,355,28,358,28,360,29,360,31,360,31,360,33,360,34,360,34,360,36,360,38,360,38,360,39,361,40,364,41,369,41,369,41,373,41,376,41,378,42,378,44,378,44,378,46,379,47,382,47,385,48,386,49,386,50,386,50,386,52,386,54,386,54,386,55,386,57,391,57,395,57,395,57,400,57,403,58,404,59,404,60,404,60,404,62,403,63,400,63,397,64,395,65,395,67,395,67,395,68,397,69,400,70,403,69,404,68,406,67,409,67,412,67,413,68,413,70,413,70,413,72,413,73,413,73,413,75,414,76,417,76,420,76,422,75,422,73,422,73,422,72,423,70,426,70,429,70,431,72,432,73,435,73,438,73,440,72,440,70,440,70,440,68,441,67,444,67,447,66,448,65,450,64,453,63,456,64,457,65,457,67,457,67,457,68,456,69,453,70,450,70,448,72,448,73,448,73,448,75,448,76,448,76,448,78,448,80,448,80,448,81,450,82,453,83,456,83,457,85,457,86,457,86,457,88,459,89,462,89,465,90,466,91,466,93,466,93,466,94,468,95,471,96,475,96,475,94,476,93,479,93,482,92,484,91,484,89,484,89,484,88,482,87,479,86,476,86,475,85,476,83,479,83,484,83,484,83,488,83,491,83,493,85,493,86,493,86,493,88,493,89,493,89,493,91,493,93,493,93,493,94,493,96,497,96,500,96,502,97,500,99,497,99,494,99,493,97,493,96,488,96,484,96,484,96,479,96,475,96,475,97,475,99,475,99,475,101,475,102,475,102,475,104,476,105,479,106,482,105,484,104,485,103,488,102,493,102,493,102,497,102,500,103,502,104,502,106,502,106,502,107,502,109,502,109,502,110,503,111,506,112,509,113,510,114,512,115,515,115,518,116,519,117,519,119,519,119,519,120,519,122,519,122,519,123,519,125,519,125,519,127,521,128,524,128,527,129,528,130,530,131,533,131,536,132,537,133,537,135,541,135,544,134,546,133,546,131,546,131,546,130,544,129,541,128,538,128,537,127,537,125,537,125,537,123,538,122,541,122,544,121,546,120,547,119,550,119,555,119,555,119,559,119,564,119,564,119,568,119,571,119,572,120,574,121,577,122,580,121,581,120,583,119,586,119,589,118,590,117,590,115,590,115,590,114,589,113,586,112,581,112,581,112,577,112,574,112,572,110,571,109,568,109,565,109,564,110,562,112,559,112,556,112,555,110,553,109,550,109,547,108,546,107,547,106,550,106,553,105,555,104,555,102,555,102,555,101,556,100,559,99,562,100,564,101,565,102,568,102,571,102,572,101,572,99,572,99,572,97,571,96,568,96,565,95,564,94,564,93,559,93,556,92,555,91,556,90,559,89,562,90,564,91,564,93,568,93,571,92,572,91,572,89,572,89,572,88,572,86,568,86,564,86,564,86,559,86,556,86,555,85,556,83,559,83,564,83,564,83,568,83,571,83,572,85,572,86,577,86,580,87,581,88,581,89,581,89,581,91,581,93,581,93,581,94,581,96,581,96,581,97,581,99,581,99,581,101,581,102,581,102,581,104,583,105,586,106,590,106,590,106,595,106,598,106,599,107,600,108,603,109,606,109,608,110,609,111,612,112,617,112,617,112,621,112,624,113,626,114,626,115,626,115,626,117,624,118,621,119,618,119,617,120,615,121,612,122,609,122,608,123,606,124,603,125,599,125,599,125,595,125,592,126,590,127,590,128,590,128,590,130,590,131,595,131,599,131,599,131,603,131,606,131,608,130,609,129,612,128,617,128,617,128,621,128,624,128,626,127,627,126,630,125,630,67,630,10,599,10
612,63,609,64,608,65,609,66,612,67,615,66,617,65,615,64,612,63
612,70,609,70,608,72,609,73,612,73,615,73,617,72,615,70,612,70
603,76,600,77,599,78,600,79,603,80,606,79,608,78,606,77,603,76
586,63,583,64,581,65,581,67,577,67,574,67,572,68,572,70,568,70,565,70,564,72,565,73,568,73,571,73,572,72,572,70,577,70,580,69,581,68,581,67,586,67,589,66,590,65,589,64,586,63
586,73,583,74,581,75,581,76,581,76,581,78,583,79,586,80,589,79,590,78,590,76,590,76,590,75,589,74,586,73
568,38,565,38,564,39,564,41,564,41,564,42,565,43,568,44,571,43,572,42,572,41,572,41,572,39,571,38,568,38
524,54,521,54,519,55,519,57,519,57,519,59,521,60,524,60,527,60,528,59,528,57,528,57,528,55,527,54,524,54
488,73,484,73,484,73,479,73,476,74,475,75,476,76,479,76,484,76,484,76,488,76,491,76,493,75,491,74,488,73
479,60,476,61,475,62,476,63,479,63,482,63,484,62,482,61,479,60
453,38,450,38,448,39,448,41,448,41,448,42,450,43,453,44,456,43,457,42,457,41,457,41,457,39,456,38,453,38
409,50,406,51,404,52,406,53,409,54,412,53,413,52,412,51,409,50
218,10,217,11,214,12,211,11,209,10,41,10,40,11,37,12,34,11,32,10,21,10,10,10,10,216,13,216,14,217,14,219,14,219,14,221,16,222,19,222,22,223,23,224,23,225,23,225,23,227,25,228,28,229,31,229,32,230,32,232,32,232,32,234,34,235,37,235,40,236,41,237,42,238,45,238,48,239,50,240,50,242,50,242,50,243,51,244,54,245,57,245,59,246,59,248,59,248,59,250,60,251,63,251,66,252,68,253,69,254,72,255,75,255,76,256,78,257,81,258,84,258,85,259,85,261,85,261,85,263,87,264,90,264,93,265,94,266,96,267,99,268,102,268,103,269,103,271,103,271,103,272,102,273,99,274,96,273,94,272,93,271,90,271,87,270,85,269,84,268,81,268,78,267,76,266,76,264,76,264,76,263,75,262,72,261,69,261,68,259,66,258,63,258,60,257,59,256,57,255,54,255,51,254,50,253,48,252,45,251,41,251,41,253,40,254,37,255,32,255,32,255,28,255,25,255,23,256,23,258,23,258,23,259,25,261,28,261,31,262,32,263,32,264,32,264,32,266,32,268,32,268,32,269,32,271,32,271,32,272,34,273,37,274,40,275,41,276,41,277,41,277,41,279,42,280,45,280,48,281,50,282,51,283,54,284,57,284,59,285,57,286,54,287,50,287,50,287,45,287,41,287,41,287,37,287,32,287,32,287,28,287,23,287,23,287,19,287,16,286,14,285,14,284,14,284,14,282,14,280,14,280,14,279,13,278,10,277,10,374,10,470,85,470,87,469,90,468,94,468,94,468,99,468,102,469,103,470,351,470,352,469,355,468,358,468,360,467,361,466,364,465,367,465,369,464,367,462,364,462,361,461,360,460,358,459,355,459,351,459,351,459,347,459,342,459,342,459,338,459,335,458,333,457,332,456,329,455,324,455,324,455,320,455,316,455,316,455,311,455,308,455,307,454,305,453,302,452,299,452,298,451,296,449,293,449,289,449,289,449,285,449,282,448,280,447,279,446,276,446,273,445,271,444,270,443,267,442,264,442,262,441,261,440,258,439,254,439,254,439,249,439,246,439,245,438,243,437,240,436,237,435,236,434,234,433,231,433,227,433,227,433,223,433,220,432,218,431,217,430,214,430,211,429,209,428,208,427,205,426,200,426,200,426,196,426,193,426,192,425,192,423,192,423,192,421,190,420,187,420,184,419,183,418,181,417,178,417,175,416,174,415,174,413,174,413,174,412,172,411,169,410,166,410,165,408,165,407,165,407,165,405,164,404,161,404,158,403,156,402,158,401,161,400,165,400,165,400,169,400,172,400,174,399,172,398,169,397,166,397,165,395,166,394,169,394,174,394,174,394,178,394,183,394,183,394,187,394,192,394,192,394,196,394,200,394,200,392,199,391,196,391,193,390,192,389,190,388,187,387,183,387,183,387,178,387,174,387,174,387,169,387,166,387,165,386,164,385,161,384,158,384,156,383,155,381,152,381,149,380,147,379,146,378,143,378,140,377,138,376,137,375,134,374,131,374,130,373,128,372,125,371,122,371,121,370,121,368,121,368,121,366,121,365,121,365,121,363,122,362,125,361,128,361,130,360,128,359,125,358,122,358,121,357,119,356,116,355,113,354,112,353,110,352,107,352,104,351,103,350,103,349,103,349,103,347,102,346,99,345,96,345,94,344,93,343,90,342,87,342,85,340,85,339,85,339,85,337,87,336,90,336,94,336,94,336,99,336,102,336,103,337,103,339,103,339,103,340,104,341,107,342,112,342,112,342,116,342,119,343,121,344,122,345,125,345,128,346,130,347,131,348,134,349,137,349,138,350,140,351,143,352,146,352,147,353,147,355,147,355,147,357,149,358,152,358,155,359,156,360,158,361,161,361,164,362,165,363,165,365,165,365,165,366,166,367,169,368,172,368,174,370,175,371,178,371,181,372,183,373,183,374,183,374,183,376,184,377,187,378,192,378,192,378,196,378,199,378,200,379,202,380,205,381,208,381,209,383,209,384,209,384,209,386,209,387,209,387,209,389,209,391,209,391,209,392,208,393,205,394,200,394,200,395,199,397,196,397,193,398,192,399,192,400,192,400,192,402,190,403,187,404,184,404,183,405,184,406,187,407,190,407,192,408,193,410,196,410,199,411,200,412,202,413,205,413,209,413,209,413,214,413,218,413,218,413,223,413,227,413,227,413,231,413,236,413,236,413,240,413,245,413,245,413,249,413,254,413,254,413,258,413,261,414,262,415,262,417,262,417,262,418,264,419,267,420,270,420,271,421,273,422,276,423,279,424,280,425,280,426,280,426,280,428,282,429,285,430,288,430,289,431,290,432,293,433,296,433,298,434,299,435,302,436,307,436,307,436,311,436,316,436,316,436,320,436,323,437,324,438,326,439,329,439,332,440,333,441,335,442,338,442,342,442,342,442,347,442,350,443,351,444,352,445,355,446,358,446,360,447,361,448,364,449,369,449,369,449,373,449,378,449,378,449,382,449,385,449,386,451,388,452,391,452,395,452,395,452,400,452,404,452,404,452,409,452,412,453,413,454,413,455,413,455,413,457,413,459,413,459,413,460,413,462,413,462,413,464,413,465,413,465,413,467,413,468,413,468,413,470,510,470,512,469,515,468,519,468,519,468,524,468,527,469,528,470,579,470,630,470,630,245,627,244,626,243,626,242,626,242,626,240,626,238,626,238,626,237,627,236,630,235,630,138,626,138,626,138,621,138,618,139,617,140,615,141,612,141,608,141,608,141,603,141,599,141,599,141,595,141,592,142,590,143,589,144,586,144,581,144,581,144,577,144,572,144,572,144,568,144,565,145,564,146,562,147,559,148,556,148,555,149,553,150,550,151,546,151,546,151,541,151,537,151,537,151,533,151,530,151,528,153,528,154,528,154,528,156,527,157,524,157,521,158,519,159,518,160,515,161,510,161,510,161,506,161,503,160,502,159,502,157,502,157,502,156,500,155,497,154,494,155,493,156,491,157,488,157,484,157,484,157,479,157,475,157,475,157,471,157,468,157,466,156,466,154,466,154,466,153,466,151,466,151,466,149,465,148,462,148,459,147,457,146,457,144,457,144,457,143,459,142,462,141,465,141,466,140,466,138,466,138,466,136,465,135,462,135,459,134,457,133,457,131,457,131,457,130,457,128,457,128,457,127,457,125,457,125,457,123,457,122,457,122,457,120,457,119,457,119,457,117,457,115,457,115,457,114,457,112,457,112,457,110,457,109,457,109,457,107,457,106,457,106,457,104,456,103,453,102,450,102,448,101,448,99,448,99,448,97,447,96,444,96,440,96,440,97,440,99,440,99,440,101,440,102,440,102,440,104,440,106,440,106,440,107,440,109,440,109,440,110,438,112,435,112,431,112,431,112,426,112,423,112,422,110,423,109,426,109,429,108,431,107,431,106,431,106,431,104,429,103,426,102,422,102,422,102,417,102,413,102,413,104,413,106,413,106,413,107,412,108,409,109,404,109,404,109,400,109,397,108,395,107,395,106,395,106,395,104,395,102,395,102,395,101,394,100,391,99,388,99,386,97,386,96,386,96,386,94,388,93,391,93,395,93,395,93,400,93,404,93,404,91,404,89,404,89,404,88,404,86,404,86,404,85,403,83,400,83,397,83,395,85,394,86,391,86,386,86,386,86,382,86,379,86,378,85,379,83,382,83,385,82,386,81,385,80,382,80,379,79,378,78,378,76,373,76,369,76,369,78,369,80,369,80,369,81,369,83,369,83,369,85,367,86,364,86,361,87,360,88,360,89,364,89,367,90,369,91,369,93,369,93,369,94,367,95,364,96,361,95,360,94,360,93,360,93,360,91,360,89,355,89,352,89,351,88,351,86,351,86,351,85,350,83,347,83,344,82,342,81,342,80,342,80,342,78,341,77,338,76,335,76,333,75,332,74,329,73,326,73,324,72,323,70,320,70,317,69,316,68,316,67,311,67,308,66,307,65,305,64,302,63,299,63,298,62,298,60,298,60,298,59,296,58,293,57,290,56,289,55,289,54,289,54,289,52,288,51,285,50,280,50,280,50,276,50,273,50,271,49,270,48,267,47,264,47,262,46,261,45,258,44,254,44,254,44,249,44,246,43,245,42,246,41,249,41,252,40,254,39,254,38,254,38,254,36,252,35,249,34,246,35,245,36,243,37,240,38,237,37,236,36,234,35,231,34,228,34,227,33,227,31,227,31,227,29,227,28,227,28,227,26,228,25,231,25,234,24,236,23,236,21,236,21,236,20,236,18,236,18,236,16,236,15,236,15,236,13,237,12,240,12,243,12,245,13,246,14,249,15,254,15,254,15,258,15,261,14,262,13,262,12,262,12,262,10,218,10
621,268,618,268,617,269,618,270,621,271,624,270,626,269,624,268,621,268
515,245,512,244,510,243,509,242,506,242,503,242,502,243,500,244,497,245,494,245,493,246,494,248,497,248,500,249,502,250,503,251,506,251,510,251,510,251,515,251,518,251,519,250,519,248,519,248,519,246,518,245,515,245
515,345,512,346,510,347,510,349,510,349,510,350,512,351,515,352,518,351,519,350,519,349,519,349,519,347,518,346,515,345
479,167,476,167,475,165,474,164,471,164,468,164,466,165,466,167,466,167,466,169,468,170,471,170,475,170,475,170,479,170,482,170,484,169,482,168,479,167
479,342,476,341,475,340,474,339,471,339,468,339,466,340,466,342,466,342,466,344,468,345,471,345,474,346,475,347,476,348,479,349,482,348,484,347,484,345,484,345,484,344,482,343,479,342
444,119,441,119,440,120,441,121,444,122,447,121,448,120,447,119,444,119
435,154,431,154,431,154,426,154,422,154,422,153,422,151,422,151,422,149,420,148,417,148,414,148,413,149,413,151,413,151,413,153,414,154,417,154,422,154,422,156,422,157,422,157,422,159,423,160,426,161,431,161,431,161,435,161,438,160,440,159,440,157,440,157,440,156,438,155,435,154
435,180,432,181,431,182,432,183,435,183,438,183,440,182,438,181,435,180
417,174,414,174,413,175,414,176,417,177,420,176,422,175,420,174,417,174
409,183,406,183,404,182,403,181,400,180,397,181,395,182,395,183,395,183,395,185,395,187,391,187,388,187,386,188,386,190,386,190,386,191,386,193,382,193,379,194,378,195,379,196,382,196,385,196,386,195,386,193,391,193,394,192,395,191,395,190,395,190,395,188,395,187,400,187,404,187,404,187,409,187,412,186,413,185,412,184,409,183
409,345,406,346,404,347,404,349,404,349,404,350,404,352,404,352,404,353,406,354,409,355,412,354,413,353,413,352,413,352,413,350,413,349,413,349,413,347,412,346,409,345
400,138,397,137,395,136,394,135,391,135,388,134,386,133,385,132,382,131,379,131,378,130,378,128,378,128,378,127,378,125,378,125,378,123,378,122,378,122,378,120,378,119,378,119,378,117,378,115,378,115,378,114,376,113,373,112,369,112,369,112,364,112,360,112,360,110,360,109,360,109,360,107,358,106,355,106,351,106,351,106,347,106,344,106,342,107,342,109,342,109,342,110,344,112,347,112,351,112,351,112,355,112,360,112,360,114,360,115,360,115,360,117,361,118,364,119,367,119,369,120,369,122,369,122,369,123,369,125,369,125,369,127,369,128,369,128,369,130,369,131,369,131,369,133,369,135,369,135,369,136,370,137,373,138,376,139,378,140,376,141,373,141,370,142,369,143,367,144,364,144,361,145,360,146,360,148,360,148,360,149,360,151,355,151,352,151,351,153,352,154,355,154,358,154,360,153,360,151,364,151,367,150,369,149,370,148,373,148,376,147,378,146,379,145,382,144,385,144,386,143,388,142,391,141,395,141,395,141,400,141,403,141,404,140,403,138,400,138
391,125,388,126,386,127,388,128,391,128,394,128,395,127,394,126,391,125
311,135,307,135,307,135,302,135,299,134,298,133,296,132,293,131,289,131,289,131,285,131,282,131,280,130,279,129,276,128,271,128,271,128,267,128,264,128,262,127,261,126,258,125,255,124,254,123,252,122,249,122,246,121,245,120,243,119,240,119,237,118,236,117,236,115,236,115,236,114,236,112,236,112,236,110,236,109,236,109,236,107,234,106,231,106,228,105,227,104,228,103,231,102,234,102,236,101,234,100,231,99,227,99,227,99,223,99,218,99,218,99,214,99,211,99,209,97,208,96,205,96,200,96,200,96,196,96,193,95,192,94,190,93,187,93,183,93,183,93,178,93,175,93,174,94,174,96,174,96,174,97,174,99,174,99,174,101,172,102,169,102,166,103,165,104,165,106,165,106,165,107,165,109,165,109,165,110,165,112,165,112,165,114,165,115,165,115,165,117,165,119,165,119,165,120,166,121,169,122,172,121,174,120,175,119,178,119,181,119,183,120,183,122,183,122,183,123,184,124,187,125,190,126,192,127,193,128,196,128,199,129,200,130,202,131,205,131,208,132,209,133,211,134,214,135,218,135,218,135,223,135,227,135,227,135,231,135,234,135,236,136,237,137,240,138,243,139,245,140,246,141,249,141,254,141,254,141,258,141,262,141,262,141,267,141,270,142,271,143,273,144,276,144,280,144,280,144,285,144,289,144,289,144,293,144,298,144,298,144,302,144,305,144,307,143,308,142,311,141,314,141,316,140,316,138,316,138,316,136,314,135,311,135
249,323,245,323,245,321,245,319,245,319,245,318,243,317,240,316,237,316,236,315,234,313,231,313,228,312,227,311,227,310,227,310,227,308,226,307,223,306,220,306,218,305,217,304,214,303,209,303,209,303,205,303,200,303,200,303,196,303,192,303,192,302,190,300,187,300,183,300,183,298,183,297,183,297,183,295,181,294,178,293,175,293,174,292,174,290,174,290,174,289,174,287,174,287,174,285,172,284,169,284,166,283,165,282,165,280,165,280,165,279,164,278,161,277,158,277,156,276,155,275,152,274,149,275,147,276,146,277,143,277,140,278,138,279,140,280,143,280,146,281,147,282,147,284,147,284,147,285,149,286,152,287,155,288,156,289,156,290,156,290,156,292,158,293,161,293,164,294,165,295,166,296,169,297,172,297,174,298,175,299,178,300,183,300,183,302,184,303,187,303,192,303,192,305,193,306,196,306,199,307,200,308,202,309,205,310,208,310,209,311,211,312,214,313,217,313,218,315,220,316,223,316,226,317,227,318,228,319,231,319,234,320,236,321,237,322,240,323,245,323,245,324,246,325,249,326,252,325,254,324,252,323,249,323
161,76,158,76,156,75,156,73,156,73,156,72,156,70,156,70,156,68,155,67,152,67,149,66,147,65,147,63,147,63,147,62,146,61,143,60,138,60,138,60,134,60,131,61,130,62,130,63,130,63,130,65,130,67,130,67,130,68,130,70,130,70,130,72,130,73,130,73,130,75,130,76,130,76,130,78,130,80,130,80,130,81,130,83,130,83,130,85,130,86,130,86,130,88,130,89,130,89,130,91,130,93,130,93,130,94,130,96,130,96,130,97,130,99,130,99,130,101,130,102,130,102,130,104,130,106,130,106,130,107,130,109,130,109,130,110,130,112,130,112,130,114,130,115,130,115,130,117,130,119,130,119,130,120,131,121,134,122,137,122,138,123,138,125,138,125,138,127,138,128,138,128,138,130,138,131,138,131,138,133,138,135,138,135,138,136,140,137,143,138,147,138,147,138,152,138,155,137,156,136,156,135,156,135,156,133,156,131,156,131,156,130,156,128,156,128,156,127,156,125,156,125,156,123,156,122,156,122,156,120,156,119,156,119,156,117,156,115,156,115,156,114,156,112,156,112,156,110,156,109,156,109,156,107,155,106,152,106,149,105,147,104,147,102,147,102,147,101,147,99,147,99,147,97,147,96,147,96,147,94,147,93,147,93,147,91,149,90,152,89,156,89,156,89,161,89,164,89,165,88,165,86,165,86,165,85,165,83,165,83,165,81,165,80,165,80,165,78,164,77,161,76
152,12,149,12,147,13,149,14,152,15,155,14,156,13,155,12,152,12
143,420,140,420,138,421,140,422,143,423,146,422,147,421,146,420,143,420
134,284,131,284,130,285,131,286,134,287,137,286,138,285,137,284,134,284
72,423,69,424,68,425,69,426,72,426,75,426,76,425,75,424,72,423
515,28,512,28,510,29,510,31,515,31,519,31,519,29,518,28,515,28
515,34,512,34,510,33,510,31,506,31,503,32,502,33,502,34,502,34,502,36,503,37,506,38,509,38,510,39,510,41,510,41,510,42,512,43,515,44,519,44,519,42,519,41,519,41,519,39,519,38,519,38,519,36,519,34,515,34
488,47,485,48,484,49,484,50,484,50,484,52,484,54,488,54,491,53,493,52,493,50,493,50,493,49,491,48,488,47
586,131,583,132,581,133,583,134,586,135,589,134,590,133,590,131,586,131
568,128,565,129,564,130,564,131,564,131,564,133,562,134,559,135,556,135,555,136,555,138,555,138,555,140,556,141,559,141,562,141,564,140,565,138,568,138,571,137,572,136,572,135,572,135,572,133,572,131,572,131,572,130,571,129,568,128
533,135,530,135,528,136,530,137,533,138,536,137,537,136,537,135,533,135
515,151,512,151,510,153,512,154,515,154,518,154,519,153,518,151,515,151
488,109,485,109,484,110,484,112,488,112,491,111,493,110,491,109,488,109
479,112,476,113,475,114,476,115,479,115,482,115,484,114,484,112,479,112
435,89,432,90,431,91,431,93,431,93,431,94,431,96,435,96,440,96,440,94,440,93,440,93,440,91,438,90,435,89
426,96,422,96,422,97,423,99,426,99,429,99,431,97,431,96,426,96
417,86,414,87,413,88,413,89,413,89,413,91,412,92,409,93,404,93,404,94,404,96,404,96,404,97,404,99,404,99,404,101,406,102,409,102,413,102,413,101,413,99,413,99,413,97,414,96,417,96,422,96,422,94,422,93,422,93,422,91,422,89,422,89,422,88,420,87,417,86
400,73,395,73,395,73,391,73,386,73,386,73,382,73,378,73,378,75,378,76,382,76,386,76,386,76,391,76,395,76,395,76,400,76,403,76,404,75,403,74,400,73
382,57,379,56,378,55,376,54,373,54,370,54,369,55,369,57,369,57,369,59,370,60,373,60,376,61,378,62,378,63,378,63,378,65,378,67,382,67,385,66,386,65,386,63,386,63,386,62,386,60,386,60,386,59,386,57,382,57
373,67,369,67,369,68,369,70,369,70,369,72,369,73,373,73,378,73,378,72,378,70,378,70,378,68,378,67,373,67
364,63,361,64,360,65,361,66,364,67,369,67,369,65,367,64,364,63
364,73,361,74,360,75,361,76,364,76,369,76,369,75,369,73,364,73
347,44,344,45,342,46,344,47,347,47,350,47,351,46,350,45,347,44
320,44,317,45,316,46,317,47,320,47,323,47,324,46,323,45,320,44
320,63,317,64,316,65,316,67,320,67,323,66,324,65,323,64,320,63
302,34,299,35,298,36,299,37,302,38,305,37,307,36,307,34,302,34
276,21,273,22,271,23,273,24,276,25,279,24,280,23,279,22,276,21
196,99,193,100,192,101,193,102,196,102,199,102,200,101,199,100,196,99
37,248,34,249,32,250,34,251,37,251,41,251,41,250,40,249,37,248
