621,248,618,249,617,250,615,251,612,251,609,252,608,253,608,255,608,255,608,256,608,258,608,258,608,259,608,261,608,261,608,263,608,264,608,264,608,266,609,267,612,268,617,268,617,268,621,268,624,267,626,266,626,264,626,264,626,263,626,261,626,261,626,259,626,258,626,258,626,256,626,255,626,255,626,253,626,251,626,251,626,250,624,249,621,248
462,235,459,235,457,234,457,232,457,232,457,230,457,229,457,229,457,227,457,225,457,225,457,224,457,222,457,222,457,221,456,219,453,219,450,218,448,217,448,216,448,216,448,214,447,213,444,212,441,212,440,211,438,210,435,209,431,209,431,209,426,209,423,210,422,211,420,212,417,212,414,213,413,214,414,215,417,216,420,216,422,217,422,219,422,219,422,221,423,222,426,222,429,223,431,224,431,225,431,225,431,227,431,229,431,229,431,230,431,232,431,232,431,234,431,235,431,235,431,237,431,238,431,238,431,240,431,242,431,242,431,243,431,245,431,245,431,246,431,248,431,248,431,250,431,251,431,251,431,253,431,255,431,255,431,256,431,258,431,258,431,259,431,261,435,261,440,261,440,261,444,261,447,261,448,259,450,258,453,258,456,258,457,259,459,261,462,261,465,261,466,259,466,258,466,258,466,256,466,255,466,255,466,253,466,251,466,251,466,250,466,248,466,248,466,246,466,245,466,245,466,243,466,242,466,242,466,240,466,238,466,238,466,237,465,236,462,235
426,261,423,262,422,263,423,264,426,264,429,264,431,263,431,261,426,261
417,290,414,291,413,292,414,293,417,293,420,293,422,292,420,291,417,290
417,332,414,332,413,331,413,329,413,329,413,327,412,326,409,326,404,326,404,326,400,326,397,325,395,324,395,323,395,323,395,321,395,319,395,319,395,318,394,317,391,316,386,316,386,316,382,316,379,317,378,318,376,319,373,319,370,320,369,321,367,322,364,323,361,323,360,324,358,325,355,326,352,326,351,327,351,329,351,329,351,331,350,332,347,332,344,333,342,334,342,336,342,336,342,337,341,338,338,339,335,339,333,340,332,342,329,342,324,342,324,344,324,345,324,345,324,347,323,348,320,349,316,349,316,349,311,349,308,349,307,350,305,351,302,352,298,352,298,352,293,352,290,352,289,353,288,354,285,355,282,356,280,357,279,358,276,358,271,358,271,358,267,358,264,359,262,360,264,361,267,361,271,361,271,361,276,361,280,361,280,361,285,361,289,361,289,361,293,361,298,361,298,361,302,361,305,362,307,363,305,364,302,365,299,365,298,366,299,367,302,368,307,368,307,368,311,368,314,367,316,366,317,365,320,365,324,365,324,365,329,365,333,365,333,365,338,365,342,365,342,365,347,365,350,364,351,363,352,362,355,361,360,361,360,361,364,361,367,361,369,360,370,359,373,358,378,358,378,358,382,358,385,358,386,357,388,356,391,355,394,354,395,353,397,352,400,352,404,352,404,352,409,352,412,351,413,350,413,349,413,349,413,347,412,346,409,345,406,345,404,344,406,343,409,342,412,341,413,340,414,339,417,339,420,338,422,337,422,336,422,336,422,334,420,333,417,332
400,190,397,190,395,191,395,193,395,193,395,195,397,196,400,196,403,196,404,195,404,193,404,193,404,191,403,190,400,190
364,96,361,95,360,94,360,93,360,93,360,91,358,90,355,89,352,89,351,88,351,86,351,86,351,85,351,83,351,83,351,81,350,80,347,80,344,79,342,78,341,77,338,76,335,77,333,78,333,80,333,80,333,81,333,83,333,83,333,85,333,86,333,86,333,88,333,89,333,89,333,91,333,93,333,93,333,94,332,95,329,96,326,96,324,97,324,99,324,99,324,101,324,102,324,102,324,104,323,105,320,106,317,106,316,107,316,109,316,109,316,110,314,112,311,112,308,113,307,114,307,115,307,115,307,117,305,118,302,119,298,119,298,119,293,119,290,119,289,120,288,121,285,122,282,122,280,123,279,124,276,125,273,126,271,127,270,128,267,128,262,128,262,128,258,128,254,128,254,128,249,128,245,128,245,128,240,128,236,128,236,128,231,128,227,128,227,128,223,128,218,128,218,128,214,128,209,128,209,128,205,128,200,128,200,128,196,128,193,129,192,130,190,131,187,131,183,131,183,131,178,131,174,131,174,131,169,131,166,131,165,130,164,129,161,128,158,128,156,127,155,126,152,125,147,125,147,125,143,125,138,125,138,125,134,125,130,125,130,125,125,125,122,126,121,127,122,128,125,128,128,129,130,130,131,131,134,131,137,132,138,133,140,134,143,135,147,135,147,135,152,135,155,135,156,136,158,137,161,138,164,138,165,140,164,141,161,141,156,141,156,141,152,141,149,142,147,143,146,144,143,144,138,144,138,144,134,144,131,144,130,143,128,142,125,141,121,141,121,141,116,141,112,141,112,141,107,141,104,142,103,143,104,144,107,144,110,145,112,146,113,147,116,148,121,148,121,148,125,148,130,148,130,148,134,148,137,148,138,149,140,150,143,151,146,151,147,153,149,154,152,154,156,154,156,154,161,154,165,154,165,154,169,154,174,154,174,154,178,154,183,154,183,154,187,154,192,154,192,154,196,154,200,154,200,154,205,154,208,155,209,156,211,157,214,157,217,158,218,159,220,160,223,161,226,160,227,159,228,158,231,157,234,158,236,159,237,160,240,161,245,161,245,161,249,161,254,161,254,161,258,161,262,161,262,161,267,161,270,160,271,159,273,158,276,157,280,157,280,157,285,157,289,157,289,157,293,157,296,157,298,156,299,155,302,154,305,154,307,153,308,151,311,151,314,150,316,149,317,148,320,148,324,148,324,148,329,148,332,147,333,146,335,145,338,144,342,144,342,144,347,144,350,144,351,143,352,142,355,141,358,141,360,140,360,138,360,138,360,136,361,135,364,135,367,134,369,133,367,132,364,131,361,131,360,130,360,128,360,128,360,127,360,125,360,125,360,123,360,122,360,122,360,120,360,119,360,119,360,117,358,116,355,115,352,115,351,114,350,113,347,112,344,112,342,110,342,109,342,109,342,107,342,106,342,106,342,104,344,103,347,102,351,102,351,102,355,102,358,103,360,104,360,106,360,106,360,107,361,108,364,109,367,108,369,107,369,106,369,106,369,104,369,102,369,102,369,101,369,99,369,99,369,97,367,96,364,96
214,141,211,142,209,143,211,144,214,144,217,144,218,143,217,142,214,141
347,34,342,34,342,36,344,37,347,38,350,37,351,36,350,35,347,34
338,31,335,32,333,33,335,34,338,34,342,34,342,33,341,32,338,31
320,339,317,339,316,340,316,342,320,342,324,342,324,340,323,339,320,339
311,342,308,343,307,344,308,345,311,345,314,345,316,344,316,342,311,342
258,44,254,44,254,44,249,44,245,44,245,44,240,44,237,43,236,42,237,41,240,41,245,41,245,41,249,41,252,40,254,39,252,38,249,38,245,38,245,38,240,38,236,38,236,38,231,38,228,38,227,39,226,40,223,41,220,41,218,42,217,43,214,44,211,43,209,42,208,41,205,41,200,41,200,41,196,41,193,40,192,39,190,38,187,38,184,37,183,36,183,34,183,34,183,33,181,32,178,31,175,31,174,29,172,28,169,28,166,27,165,26,164,25,161,25,156,25,156,25,152,25,149,24,147,23,146,22,143,21,140,21,138,20,137,19,134,18,130,18,130,18,125,18,122,18,121,16,119,15,116,15,113,15,112,16,110,18,107,18,104,19,103,20,103,21,103,21,103,23,103,25,103,25,103,26,102,27,99,28,96,28,94,29,94,31,94,31,94,33,93,34,90,34,87,35,85,36,85,38,85,38,85,39,85,41,85,41,85,42,85,44,85,44,85,46,85,47,85,47,85,49,85,50,85,50,85,52,85,54,85,54,85,55,85,57,85,57,85,59,85,60,85,60,85,62,85,63,85,63,85,65,85,67,85,67,85,68,87,69,90,70,94,70,94,70,99,70,102,70,103,72,103,73,103,73,103,75,103,76,103,76,103,78,103,80,103,80,103,81,103,83,103,83,103,85,104,86,107,86,110,87,112,88,112,89,112,89,112,91,112,93,112,93,112,94,113,95,116,96,119,96,121,97,121,99,121,99,121,101,122,102,125,102,128,103,130,104,130,106,130,106,130,107,131,108,134,109,137,109,138,110,140,111,143,112,146,113,147,114,149,115,152,115,156,115,156,115,161,115,164,116,165,117,166,118,169,119,174,119,174,119,178,119,183,119,183,119,187,119,190,118,192,117,193,116,196,115,199,115,200,114,200,112,200,112,200,110,200,109,200,109,200,107,200,106,200,106,200,104,199,103,196,102,193,102,192,101,192,99,192,99,192,97,193,96,196,96,199,95,200,94,202,93,205,93,209,93,209,93,214,93,217,92,218,91,220,90,223,89,226,89,227,88,227,86,227,86,227,85,227,83,227,83,227,81,227,80,227,80,227,78,228,77,231,76,234,76,236,75,236,73,236,73,236,72,237,70,240,70,243,69,245,68,246,67,249,67,252,66,254,65,254,63,254,63,254,62,254,60,254,60,254,59,255,58,258,57,261,56,262,55,262,54,262,54,262,52,262,50,262,50,262,49,262,47,262,47,262,46,261,45,258,44
205,122,202,122,200,123,202,124,205,125,208,124,209,123,208,122,205,122
107,122,103,122,103,122,99,122,94,122,94,123,96,124,99,125,103,125,103,125,107,125,110,124,112,123,110,122,107,122
90,119,87,119,85,120,87,121,90,122,94,122,94,120,93,119,90,119
