630,245,627,244,626,243,624,242,621,242,618,241,617,240,617,238,617,238,617,237,615,236,612,235,609,235,608,234,608,232,608,232,608,230,608,229,608,229,608,227,608,225,608,225,608,224,606,223,603,222,600,222,599,221,599,219,599,219,599,217,599,216,599,216,599,214,599,212,599,212,599,211,598,210,595,209,592,209,590,208,590,206,590,206,590,204,589,203,586,203,583,202,581,201,581,200,581,200,581,198,580,197,577,196,574,196,572,195,571,194,568,193,565,192,564,191,564,190,564,190,564,188,564,187,564,187,564,185,564,183,564,183,564,182,565,181,568,180,571,180,572,178,571,177,568,177,565,176,564,175,562,174,559,174,555,174,555,174,550,174,547,174,546,175,546,177,546,177,546,178,544,180,541,180,537,180,537,180,533,180,528,180,528,180,524,180,521,180,519,178,518,177,515,177,512,176,510,175,510,174,510,174,510,172,509,171,506,170,502,170,502,170,497,170,493,170,493,170,488,170,485,171,484,172,482,173,479,174,475,174,475,174,471,174,468,174,466,175,466,177,466,177,466,178,465,180,462,180,459,181,457,182,456,183,453,183,448,183,448,183,444,183,441,184,440,185,438,186,435,187,432,187,431,188,429,189,426,190,422,190,422,190,417,190,414,190,413,191,412,192,409,193,406,194,404,195,403,196,400,196,397,197,395,198,395,200,395,200,395,201,397,202,400,203,403,203,404,204,406,205,409,206,412,205,413,204,414,203,417,203,420,202,422,201,423,200,426,200,431,200,431,200,435,200,438,200,440,201,441,202,444,203,447,202,448,201,450,200,453,200,456,200,457,201,459,202,462,203,466,203,466,203,471,203,474,203,475,204,476,205,479,206,484,206,484,206,488,206,491,207,493,208,494,209,497,209,502,209,502,209,506,209,509,210,510,211,512,212,515,212,518,213,519,214,519,216,519,216,519,217,521,218,524,219,527,218,528,217,530,216,533,216,537,216,537,216,541,216,544,216,546,217,547,218,550,219,553,219,555,221,555,222,555,222,555,224,556,225,559,225,562,226,564,227,564,229,564,229,564,230,565,231,568,232,571,232,572,234,572,235,572,235,572,237,572,238,572,238,572,240,574,241,577,242,580,242,581,243,581,245,581,245,581,246,581,248,581,248,581,250,583,251,586,251,589,252,590,253,590,255,590,255,590,256,592,257,595,258,598,258,599,259,600,261,603,261,606,262,608,263,609,264,612,264,615,265,617,266,618,267,621,268,624,268,626,269,627,270,630,271,630,245
533,157,530,158,528,159,528,161,533,161,536,160,537,159,536,158,533,157
524,161,521,161,519,162,519,164,519,164,519,165,521,167,524,167,527,167,528,165,528,164,528,164,528,162,528,161,524,161
382,203,379,203,378,204,378,206,378,206,378,208,379,209,382,209,385,209,386,208,386,206,386,206,386,204,385,203,382,203
293,316,290,317,289,318,288,319,285,319,282,320,280,321,279,322,276,323,271,323,271,323,267,323,264,323,262,324,262,326,262,326,262,327,264,329,267,329,270,330,271,331,273,332,276,332,280,332,280,332,285,332,289,332,289,332,293,332,296,332,298,331,298,329,298,329,298,327,298,326,298,326,298,324,298,323,298,323,298,321,298,319,298,319,298,318,296,317,293,316
214,284,211,283,209,282,208,281,205,280,200,280,200,280,196,280,193,281,192,282,190,283,187,284,183,284,183,284,178,284,175,284,174,285,175,286,178,287,183,287,183,287,187,287,190,288,192,289,192,290,192,290,192,292,193,293,196,293,200,293,200,293,205,293,208,293,209,292,211,291,214,290,217,290,218,289,218,287,218,287,218,285,217,284,214,284
107,465,103,465,103,465,99,465,96,466,94,467,96,468,99,468,103,468,103,468,107,468,110,468,112,467,110,466,107,465
72,225,68,225,68,227,69,228,72,229,75,228,76,227,75,226,72,225
72,465,69,466,68,467,69,468,72,468,75,468,76,467,75,466,72,465
63,222,60,223,59,224,60,225,63,225,68,225,68,224,66,223,63,222
54,216,51,215,50,214,48,213,45,212,42,212,41,211,40,210,37,209,32,209,32,211,32,212,32,212,32,214,34,215,37,216,40,216,41,217,42,218,45,219,50,219,50,219,54,219,57,218,59,217,57,216,54,216
28,206,23,206,23,208,25,209,28,209,32,209,32,208,31,207,28,206
19,203,16,203,14,204,16,205,19,206,23,206,23,204,22,203,19,203
