541,216,538,215,537,214,537,212,537,212,537,211,536,210,533,209,530,209,528,208,528,206,528,206,528,204,527,203,524,203,521,202,519,201,519,200,519,200,519,198,518,197,515,196,510,196,510,196,506,196,503,196,502,195,500,194,497,193,494,192,493,191,493,190,493,190,493,188,491,187,488,187,485,186,484,185,484,183,484,183,484,182,484,180,484,180,484,178,485,177,488,177,491,176,493,175,491,174,488,174,485,173,484,172,482,171,479,170,476,171,475,172,474,173,471,174,468,173,466,172,465,171,462,170,457,170,457,170,453,170,450,171,448,172,448,174,448,174,448,175,448,177,448,177,448,178,448,180,448,180,448,182,447,183,444,183,441,184,440,185,438,186,435,187,432,187,431,188,431,190,431,190,431,191,432,192,435,193,438,194,440,195,441,196,444,196,448,196,448,196,453,196,457,196,457,196,462,196,465,197,466,198,468,199,471,200,475,200,475,200,479,200,482,200,484,201,485,202,488,203,493,203,493,203,497,203,500,203,502,204,503,205,506,206,509,207,510,208,510,209,510,209,510,211,512,212,515,212,518,213,519,214,521,215,524,216,527,216,528,217,530,218,533,219,536,219,537,221,538,222,541,222,544,222,546,221,546,219,546,219,546,217,544,216,541,216
417,190,414,190,413,191,414,192,417,193,420,192,422,191,420,190,417,190
391,141,388,142,386,143,388,144,391,144,394,144,395,143,394,142,391,141
320,238,317,238,316,237,314,236,311,235,307,235,307,235,302,235,298,235,298,235,293,235,289,235,289,235,285,235,282,236,280,237,282,238,285,238,289,238,289,238,293,238,298,238,298,238,302,238,305,239,307,240,305,241,302,242,298,242,298,242,293,242,290,242,289,243,288,244,285,245,282,245,280,246,282,248,285,248,289,248,289,248,293,248,296,248,298,246,299,245,302,245,307,245,307,245,311,245,316,245,316,245,320,245,323,244,324,243,324,242,324,242,324,240,323,239,320,238
276,209,273,209,271,208,270,207,267,206,264,207,262,208,262,209,262,209,262,211,264,212,267,212,271,212,271,212,276,212,279,212,280,211,279,210,276,209
152,219,149,219,147,221,149,222,152,222,155,222,156,221,155,219,152,219
107,465,104,466,103,467,104,468,107,468,110,468,112,467,110,466,107,465
99,225,96,226,94,227,96,228,99,229,102,228,103,227,102,226,99,225
72,203,69,203,68,204,66,205,63,206,60,207,59,208,60,209,63,209,68,209,68,209,72,209,75,209,76,208,76,206,76,206,76,204,75,203,72,203
72,216,69,216,68,217,69,218,72,219,75,218,76,217,75,216,72,216
