630,355,627,354,626,353,624,352,621,352,618,352,617,353,615,354,612,355,609,356,608,357,608,358,608,358,608,360,608,361,608,361,608,363,608,365,608,365,608,366,608,368,608,368,608,370,606,371,603,371,599,371,599,371,595,371,592,371,590,370,589,369,586,368,583,367,581,366,580,365,577,365,572,365,572,365,568,365,564,365,564,365,559,365,556,364,555,363,553,362,550,361,547,361,546,360,546,358,546,358,546,357,544,356,541,355,538,354,537,353,537,352,537,352,537,350,538,349,541,349,544,348,546,347,544,346,541,345,537,345,537,345,533,345,528,345,528,345,524,345,519,345,519,345,515,345,510,345,510,345,506,345,503,346,502,347,500,348,497,349,494,349,493,350,493,352,493,352,493,353,493,355,493,355,493,357,491,358,488,358,485,359,484,360,484,361,484,361,484,363,484,365,484,365,484,366,482,367,479,368,476,369,475,370,474,371,471,371,468,372,466,373,465,374,462,374,459,375,457,376,457,378,457,378,457,379,459,380,462,381,465,381,466,383,466,384,466,384,466,386,468,387,471,387,474,388,475,389,475,391,475,391,475,392,476,393,479,394,484,394,484,394,488,394,491,394,493,395,494,397,497,397,500,398,502,399,503,400,506,400,509,401,510,402,512,403,515,404,518,404,519,405,521,406,524,407,527,407,528,408,527,410,524,410,521,411,519,412,518,413,515,413,512,414,510,415,509,416,506,417,503,417,502,418,503,419,506,420,509,420,510,421,512,422,515,423,518,424,519,425,519,426,519,426,519,428,519,430,519,430,519,431,521,432,524,433,528,433,528,433,533,433,536,433,537,434,537,436,537,436,537,438,538,439,541,439,544,440,546,441,547,442,550,442,553,443,555,444,556,445,559,446,562,446,564,447,565,448,568,449,572,449,572,449,577,449,580,449,581,451,583,452,586,452,589,453,590,454,592,455,595,455,598,456,599,457,600,458,603,459,606,459,608,460,609,461,612,462,617,462,617,462,621,462,624,462,626,464,627,465,630,465,630,355
630,170,627,171,626,172,624,173,621,174,618,174,617,175,615,176,612,177,608,177,608,177,603,177,600,177,599,178,598,180,595,180,592,181,590,182,589,183,586,183,581,183,581,183,577,183,572,183,572,183,568,183,564,183,564,183,559,183,556,183,555,182,553,181,550,180,547,181,546,182,544,183,541,183,538,184,537,185,536,186,533,187,530,187,528,188,528,190,533,190,536,190,537,191,536,192,533,193,528,193,528,195,527,196,524,196,519,196,519,196,515,196,512,197,510,198,509,199,506,200,503,200,502,201,502,203,502,203,502,204,500,205,497,206,494,207,493,208,491,209,488,209,485,210,484,211,484,212,484,212,484,214,484,216,484,216,484,217,482,218,479,219,476,219,475,221,475,222,475,222,475,224,474,225,471,225,468,226,466,227,466,229,466,229,466,230,466,232,466,232,466,234,466,235,466,235,466,237,466,238,466,238,466,240,466,242,466,242,466,243,466,245,466,245,466,246,465,248,462,248,459,248,457,246,456,245,453,245,448,245,448,245,444,245,441,245,440,246,440,248,440,248,440,250,440,251,440,251,440,253,440,255,440,255,440,256,440,258,440,258,440,259,440,261,440,261,440,263,441,264,444,264,448,264,448,264,453,264,456,265,457,266,459,267,462,268,465,268,466,269,466,271,466,271,466,272,468,273,471,274,474,275,475,276,476,277,479,277,482,277,484,276,484,274,484,274,484,272,484,271,484,271,484,269,485,268,488,268,491,267,493,266,493,264,493,264,493,263,491,262,488,261,485,261,484,259,485,258,488,258,491,257,493,256,494,255,497,255,500,254,502,253,503,252,506,251,509,251,510,250,512,249,515,248,518,248,519,246,521,245,524,245,528,245,528,245,533,245,537,245,537,245,541,245,544,244,546,243,547,242,550,242,555,242,555,242,559,242,564,242,564,242,568,242,572,242,572,242,577,242,581,242,581,242,586,242,589,241,590,240,592,239,595,238,598,238,599,237,599,235,599,235,599,234,599,232,599,232,599,230,600,229,603,229,608,229,608,229,612,229,615,228,617,227,618,226,621,225,624,225,626,224,627,223,630,222,630,170
524,190,521,190,519,191,521,192,524,193,528,193,528,191,528,190,524,190
355,119,352,118,351,117,350,116,347,115,342,115,342,115,338,115,335,116,333,117,333,119,333,119,333,120,333,122,333,122,333,123,332,124,329,125,326,126,324,127,323,128,320,128,316,128,316,130,314,131,311,131,308,131,307,130,307,128,302,128,299,129,298,130,298,131,298,131,298,133,296,134,293,135,289,135,289,135,285,135,280,135,280,135,276,135,273,134,271,133,270,132,267,131,262,131,262,131,258,131,255,131,254,130,252,129,249,128,245,128,245,128,240,128,237,128,236,127,234,126,231,125,228,124,227,123,226,122,223,122,220,122,218,123,218,125,218,125,218,127,218,128,218,128,218,130,220,131,223,131,226,132,227,133,227,135,227,135,227,136,227,138,227,138,227,140,228,141,231,141,236,141,236,141,240,141,243,142,245,143,246,144,249,144,252,145,254,146,254,148,254,148,254,149,255,150,258,151,262,151,262,151,267,151,270,151,271,153,273,154,276,154,279,154,280,153,282,151,285,151,289,151,289,151,293,151,296,150,298,149,299,148,302,148,305,147,307,146,307,144,307,144,307,143,308,142,311,141,314,141,316,140,317,138,320,138,324,138,324,138,329,138,332,137,333,136,335,135,338,135,342,135,342,135,347,135,350,134,351,133,351,131,351,131,351,130,352,129,355,128,358,128,360,127,360,125,360,125,360,123,360,122,360,122,360,120,358,119,355,119
338,89,335,89,333,88,332,87,329,86,326,87,324,88,323,89,320,89,317,90,316,91,314,92,311,93,308,93,307,94,307,96,307,96,307,97,307,99,307,99,307,101,308,102,311,102,314,103,316,104,317,105,320,106,323,105,324,104,326,103,329,102,332,102,333,101,333,99,333,99,333,97,333,96,333,96,333,94,335,93,338,93,341,92,342,91,341,90,338,89
320,119,317,119,316,120,316,122,320,122,323,121,324,120,323,119,320,119
311,122,308,122,307,123,307,125,307,125,307,127,307,128,311,128,316,128,316,127,316,125,316,125,316,123,316,122,311,122
258,381,254,381,254,383,255,384,258,384,261,384,262,383,261,381,258,381
249,378,245,378,245,379,246,380,249,381,254,381,254,379,252,378,249,378
240,374,237,375,236,376,237,377,240,378,245,378,245,376,243,375,240,374
196,349,192,349,192,350,193,351,196,352,199,351,200,350,199,349,196,349
196,358,192,358,192,360,193,361,196,361,199,361,200,360,199,359,196,358
187,345,184,346,183,347,184,348,187,349,192,349,192,347,190,346,187,345
187,355,184,356,183,357,184,358,187,358,192,358,192,357,190,356,187,355
169,323,165,323,165,323,161,323,158,323,156,324,156,326,156,326,156,327,155,329,152,329,149,330,147,331,149,332,152,332,155,333,156,334,158,335,161,336,165,336,165,336,169,336,172,335,174,334,174,332,174,332,174,331,174,329,174,329,174,327,174,326,174,326,174,324,172,323,169,323
169,345,166,345,165,344,164,343,161,342,158,343,156,344,156,345,156,345,156,347,158,348,161,349,165,349,165,349,169,349,172,348,174,347,172,346,169,345
134,323,131,322,130,321,128,320,125,319,121,319,121,319,116,319,113,320,112,321,113,322,116,323,119,323,121,324,122,325,125,326,130,326,130,326,134,326,137,325,138,324,137,323,134,323
