630,387,627,388,626,389,626,391,626,391,626,392,626,394,626,394,626,395,627,397,630,397,630,387
630,209,627,210,626,211,626,212,626,212,626,214,626,216,626,216,626,217,627,218,630,219,630,209
595,404,590,404,590,405,592,406,595,407,598,406,599,405,598,404,595,404
586,400,583,401,581,402,583,403,586,404,590,404,590,402,589,401,586,400
550,426,547,426,546,425,544,424,541,423,538,424,537,425,537,426,537,426,537,428,538,429,541,430,544,430,546,431,547,432,550,433,553,432,555,431,555,430,555,430,555,428,553,427,550,426
541,303,538,303,537,302,537,300,537,300,537,298,536,297,533,297,528,297,528,297,524,297,521,297,519,298,518,299,515,300,512,300,510,302,510,303,510,303,510,305,510,306,510,306,510,308,510,310,510,310,510,311,510,313,510,313,510,315,512,316,515,316,518,317,519,318,521,319,524,319,527,319,528,318,530,317,533,316,537,316,537,316,541,316,544,316,546,315,546,313,546,313,546,311,546,310,546,310,546,308,546,306,546,306,546,305,544,304,541,303
524,436,521,435,519,434,519,433,519,433,519,431,519,430,519,430,519,428,518,427,515,426,510,426,510,426,506,426,503,426,502,425,500,424,497,423,493,423,493,423,488,423,485,422,484,421,482,420,479,420,475,420,475,420,471,420,468,419,466,418,465,417,462,417,457,417,457,417,453,417,450,416,448,415,447,414,444,413,441,413,440,412,438,411,435,410,432,410,431,408,429,407,426,407,423,406,422,405,420,404,417,404,413,404,413,404,409,404,404,404,404,405,406,406,409,407,412,407,413,408,414,410,417,410,420,411,422,412,423,413,426,413,429,414,431,415,432,416,435,417,438,417,440,418,441,419,444,420,447,420,448,421,450,422,453,423,456,424,457,425,457,426,457,426,457,428,459,429,462,430,465,430,466,431,468,432,471,433,474,433,475,434,476,435,479,436,484,436,484,436,488,436,491,437,493,438,494,439,497,439,502,439,502,439,506,439,510,439,510,439,515,439,518,440,519,441,521,442,524,442,527,442,528,441,528,439,528,439,528,438,527,437,524,436
400,400,397,401,395,402,397,403,400,404,404,404,404,402,403,401,400,400
391,157,388,157,386,156,386,154,386,154,386,153,385,151,382,151,379,151,378,153,376,154,373,154,370,155,369,156,369,157,369,157,369,159,369,161,369,161,369,162,369,164,369,164,369,165,369,167,369,167,369,169,369,170,369,170,369,172,369,174,369,174,369,175,370,176,373,177,376,177,378,178,378,180,378,180,378,182,378,183,378,183,378,185,378,187,378,187,378,188,379,189,382,190,386,190,386,190,391,190,394,189,395,188,395,187,395,187,395,185,395,183,395,183,395,182,395,180,395,180,395,178,395,177,395,177,395,175,395,174,395,174,395,172,395,170,395,170,395,169,395,167,395,167,395,165,395,164,395,164,395,162,395,161,395,161,395,159,394,158,391,157
355,209,352,209,351,208,350,207,347,206,344,207,342,208,342,209,342,209,342,211,341,212,338,212,335,213,333,214,333,216,333,216,333,217,332,218,329,219,326,219,324,221,323,222,320,222,317,223,316,224,314,225,311,225,308,225,307,224,305,223,302,222,299,223,298,224,296,225,293,225,289,225,289,225,285,225,280,225,280,225,276,225,271,225,271,225,267,225,262,225,262,225,258,225,255,225,254,224,252,223,249,222,245,222,245,222,240,222,236,222,236,222,231,222,227,222,227,222,223,222,220,222,218,221,217,219,214,219,209,219,209,219,205,219,202,219,200,221,199,222,196,222,193,223,192,224,192,225,196,225,199,226,200,227,200,229,205,229,209,229,209,229,214,229,217,229,218,230,218,232,218,232,218,234,220,235,223,235,227,235,227,235,231,235,234,236,236,237,236,238,236,238,236,240,237,241,240,242,243,242,245,243,246,244,249,245,254,245,254,245,258,245,262,245,262,245,267,245,271,245,271,245,276,245,279,244,280,243,282,242,285,242,288,241,289,240,290,239,293,238,298,238,298,238,302,238,307,238,307,238,311,238,314,239,316,240,317,241,320,242,323,241,324,240,326,239,329,238,332,238,333,237,335,236,338,235,341,235,342,234,342,232,342,232,342,230,342,229,342,229,342,227,344,226,347,225,351,225,351,225,355,225,358,225,360,224,360,222,360,222,360,221,360,219,360,219,360,217,360,216,360,216,360,214,360,212,360,212,360,211,358,210,355,209
355,394,351,394,351,394,347,394,344,394,342,395,344,397,347,397,351,397,351,397,355,397,358,397,360,395,358,394,355,394
311,115,308,115,307,114,305,113,302,112,298,112,298,112,293,112,290,112,289,110,288,109,285,109,282,108,280,107,279,106,276,106,271,106,271,106,267,106,264,105,262,104,261,103,258,102,254,102,254,102,249,102,245,102,245,102,240,102,237,103,236,104,234,105,231,106,228,105,227,104,226,103,223,102,220,103,218,104,217,105,214,106,211,106,209,107,209,109,209,109,209,110,209,112,209,112,209,114,208,115,205,115,202,116,200,117,200,119,200,119,200,120,199,121,196,122,193,122,192,123,190,124,187,125,184,126,183,127,183,128,183,128,183,130,183,131,183,131,183,133,183,135,183,135,183,136,183,138,183,138,183,140,183,141,183,141,183,143,184,144,187,144,190,145,192,146,192,148,192,148,192,149,190,150,187,151,184,151,183,153,183,154,183,154,183,156,183,157,183,157,183,159,183,161,183,161,183,162,183,164,183,164,183,165,184,167,187,167,190,168,192,169,193,170,196,170,199,171,200,172,202,173,205,174,209,174,209,174,214,174,218,174,218,174,223,174,226,174,227,175,228,176,231,177,236,177,236,177,240,177,243,176,245,175,246,174,249,174,252,173,254,172,254,170,254,170,254,169,254,167,254,167,254,165,255,164,258,164,261,163,262,162,262,161,262,161,262,159,262,157,262,157,262,156,264,155,267,154,270,154,271,153,273,151,276,151,279,150,280,149,280,148,280,148,280,146,282,145,285,144,288,144,289,143,290,142,293,141,296,141,298,140,298,138,298,138,298,136,299,135,302,135,305,134,307,133,308,132,311,131,314,131,316,130,316,128,316,128,316,127,316,125,316,125,316,123,316,122,316,122,316,120,316,119,316,119,316,117,314,116,311,115
302,397,299,398,298,399,296,400,293,400,289,400,289,400,285,400,280,400,280,400,276,400,271,400,271,400,267,400,264,401,262,402,262,404,262,404,262,405,264,406,267,407,271,407,271,407,276,407,280,407,280,407,285,407,289,407,289,407,293,407,296,406,298,405,299,404,302,404,305,403,307,402,307,400,307,400,307,399,305,398,302,397
276,209,271,209,271,209,267,209,262,209,262,209,258,209,254,209,254,211,255,212,258,212,262,212,262,212,267,212,271,212,271,212,276,212,279,212,280,211,279,210,276,209
249,206,245,206,245,206,240,206,237,207,236,208,237,209,240,209,245,209,245,209,249,209,254,209,254,208,252,207,249,206
196,229,193,228,192,227,192,225,187,225,184,226,183,227,181,228,178,229,175,229,174,230,175,231,178,232,183,232,183,232,187,232,192,232,192,232,196,232,199,231,200,230,200,229,196,229
90,255,87,255,85,256,87,257,90,258,93,257,94,256,93,255,90,255
