630,391,627,391,626,392,627,393,630,394,630,391
630,216,627,216,626,217,627,218,630,219,630,216
595,404,590,404,590,405,592,406,595,407,598,406,599,405,598,404,595,404
586,400,583,401,581,402,583,403,586,404,590,404,590,402,589,401,586,400
577,446,572,446,572,446,568,446,564,446,564,446,559,446,556,445,555,444,553,443,550,442,547,442,546,441,544,440,541,439,537,439,537,439,533,439,528,439,528,439,524,439,521,439,519,438,518,437,515,436,510,436,510,436,506,436,502,436,502,438,503,439,506,439,509,440,510,441,512,442,515,442,519,442,519,442,524,442,527,443,528,444,528,446,528,446,528,447,530,448,533,449,536,449,537,451,538,452,541,452,544,453,546,454,547,455,550,455,553,455,555,454,556,453,559,452,564,452,564,452,568,452,572,452,572,452,577,452,580,452,581,451,581,449,581,449,581,447,580,446,577,446
559,339,556,338,555,337,555,336,555,336,555,334,555,332,555,332,555,331,555,329,555,329,555,327,555,326,555,326,555,324,555,323,555,323,555,321,555,319,555,319,555,318,553,317,550,316,547,316,546,315,546,313,546,313,546,311,546,310,546,310,546,308,546,306,546,306,546,305,544,304,541,303,538,303,537,302,536,300,533,300,530,300,528,302,527,303,524,303,521,304,519,305,519,306,519,306,519,308,519,310,519,310,519,311,518,312,515,313,512,313,510,315,510,316,510,316,510,318,510,319,510,319,510,321,512,322,515,323,518,323,519,324,518,325,515,326,512,326,510,327,512,329,515,329,518,330,519,331,519,332,519,332,519,334,519,336,519,336,519,337,519,339,519,339,519,340,521,341,524,342,527,343,528,344,528,345,528,345,528,347,530,348,533,349,536,348,537,347,538,346,541,345,546,345,546,345,550,345,553,345,555,344,556,343,559,342,562,341,564,340,562,339,559,339
559,430,556,429,555,428,555,426,555,426,555,425,553,424,550,423,546,423,546,423,541,423,538,424,537,425,537,426,537,426,537,428,538,429,541,430,544,430,546,431,546,433,546,433,546,434,547,435,550,436,553,435,555,434,556,433,559,433,562,432,564,431,562,430,559,430
497,433,493,433,493,434,494,435,497,436,502,436,502,434,500,433,497,433
488,430,485,430,484,431,485,432,488,433,493,433,493,431,491,430,488,430
400,161,397,160,395,159,394,158,391,157,388,157,386,156,386,154,386,154,386,153,385,151,382,151,379,150,378,149,376,148,373,148,370,148,369,149,367,150,364,151,361,151,360,153,360,154,360,154,360,156,360,157,360,157,360,159,361,160,364,161,367,161,369,162,369,164,369,164,369,165,369,167,369,167,369,169,369,170,369,170,369,172,369,174,369,174,369,175,370,176,373,177,376,177,378,178,378,180,378,180,378,182,378,183,378,183,378,185,378,187,378,187,378,188,378,190,378,190,378,191,378,193,378,193,378,195,376,196,373,196,370,197,369,198,369,200,369,200,369,201,369,203,369,203,369,204,369,206,369,206,369,208,370,209,373,209,376,209,378,208,379,207,382,206,385,205,386,204,386,203,386,203,386,201,388,200,391,200,394,199,395,198,395,196,395,196,395,195,395,193,395,193,395,191,395,190,395,190,395,188,395,187,395,187,395,185,395,183,395,183,395,182,395,180,395,180,395,178,395,177,395,177,395,175,395,174,395,174,395,172,395,170,395,170,395,169,397,168,400,167,403,167,404,165,404,164,404,164,404,162,403,161,400,161
355,229,351,229,351,229,347,229,344,228,342,227,341,226,338,225,335,225,333,224,332,223,329,222,326,223,324,224,324,225,324,225,324,227,323,228,320,229,317,229,316,230,316,232,316,232,316,234,316,235,316,235,316,237,314,238,311,238,308,239,307,240,305,241,302,242,298,242,298,242,293,242,290,241,289,240,290,239,293,238,296,238,298,237,298,235,298,235,298,234,299,232,302,232,305,231,307,230,305,229,302,229,298,229,298,229,293,229,289,229,289,230,288,231,285,232,280,232,280,232,276,232,273,231,271,230,273,229,276,229,280,229,280,229,285,229,289,229,289,227,288,226,285,225,280,225,280,225,276,225,271,225,271,225,267,225,262,225,262,225,258,225,254,225,254,225,249,225,245,225,245,225,240,225,236,225,236,227,234,228,231,229,228,229,227,230,228,231,231,232,234,232,236,234,237,235,240,235,243,236,245,237,246,238,249,238,252,239,254,240,252,241,249,242,245,242,245,242,240,242,236,242,236,242,231,242,227,242,227,242,223,242,218,242,218,242,214,242,211,242,209,243,211,244,214,245,217,245,218,246,218,248,218,248,218,250,220,251,223,251,226,252,227,253,228,254,231,255,234,255,236,256,237,257,240,258,243,258,245,259,246,261,249,261,252,262,254,263,255,264,258,264,262,264,262,264,267,264,270,264,271,263,273,262,276,261,280,261,280,261,285,261,288,261,289,259,290,258,293,258,296,257,298,256,299,255,302,255,305,254,307,253,308,252,311,251,316,251,316,251,320,251,324,251,324,251,329,251,333,251,333,251,338,251,341,251,342,250,342,248,342,248,342,246,344,245,347,245,350,244,351,243,351,242,351,242,351,240,351,238,351,238,351,237,352,236,355,235,358,235,360,234,360,232,360,232,360,230,358,229,355,229
347,212,344,213,342,214,344,215,347,216,350,215,351,214,350,213,347,212
311,125,308,124,307,123,307,122,307,122,307,120,307,119,307,119,307,117,305,116,302,115,299,115,298,114,296,113,293,112,290,112,289,110,288,109,285,109,280,109,280,109,276,109,271,109,271,109,267,109,262,109,262,109,258,109,255,108,254,107,254,106,254,106,254,104,252,103,249,102,245,102,245,102,240,102,237,103,236,104,234,105,231,106,228,106,227,107,226,108,223,109,220,109,218,110,217,112,214,112,211,113,209,114,208,115,205,115,202,116,200,117,199,118,196,119,193,119,192,120,192,122,192,122,192,123,190,124,187,125,184,126,183,127,183,128,183,128,183,130,183,131,183,131,183,133,181,134,178,135,175,135,174,136,174,138,174,138,174,140,174,141,174,141,174,143,174,144,174,144,174,146,174,148,174,148,174,149,174,151,174,151,174,153,174,154,174,154,174,156,174,157,174,157,174,159,174,161,174,161,174,162,175,163,178,164,181,164,183,165,183,167,183,167,183,169,183,170,183,170,183,172,184,173,187,174,190,174,192,175,192,177,192,177,192,178,192,180,192,180,192,182,193,183,196,183,200,183,200,183,205,183,208,184,209,185,211,186,214,187,218,187,218,187,223,187,226,186,227,185,228,184,231,183,234,184,236,185,237,186,240,187,243,186,245,185,245,183,245,183,245,182,245,180,245,180,245,178,246,177,249,177,252,176,254,175,255,174,258,174,261,173,262,172,262,170,262,170,262,169,262,167,262,167,262,165,262,164,262,164,262,162,264,161,267,161,270,160,271,159,271,157,271,157,271,156,273,155,276,154,279,154,280,153,280,151,280,151,280,149,282,148,285,148,288,147,289,146,289,144,289,144,289,143,290,142,293,141,296,141,298,140,298,138,298,138,298,136,299,135,302,135,305,134,307,133,307,131,307,131,307,130,308,129,311,128,314,128,316,127,314,126,311,125
267,371,264,371,262,370,261,369,258,368,255,369,254,370,252,371,249,371,245,371,245,371,240,371,237,372,236,373,236,374,236,374,236,376,237,377,240,378,245,378,245,378,249,378,252,377,254,376,255,375,258,374,262,374,262,374,267,374,270,374,271,373,270,372,267,371
231,222,228,223,227,224,228,225,231,225,236,225,236,224,234,223,231,222
90,255,87,255,85,256,87,257,90,258,93,257,94,256,93,255,90,255
