630,361,627,362,626,363,624,364,621,365,617,365,617,365,612,365,609,365,608,366,608,368,608,368,608,370,608,371,612,371,617,371,617,371,621,371,624,371,626,370,627,368,630,368,630,361
630,203,626,203,626,203,621,203,618,203,617,204,617,206,617,206,617,208,617,209,617,209,617,211,617,212,617,212,617,214,617,216,617,216,617,217,617,219,617,219,617,221,618,222,621,222,624,222,626,221,627,219,630,219,630,203
603,371,600,371,599,370,598,369,595,368,592,369,590,370,590,371,590,371,590,373,592,374,595,374,598,375,599,376,600,377,603,378,606,377,608,376,608,374,608,374,608,373,608,371,603,371
541,255,538,255,537,256,538,257,541,258,544,257,546,256,544,255,541,255
541,264,538,265,537,266,537,268,537,268,537,269,538,270,541,271,544,270,546,269,546,268,546,268,546,266,544,265,541,264
453,413,448,413,448,413,444,413,440,413,440,413,435,413,431,413,431,413,426,413,422,413,422,413,417,413,413,413,413,415,414,416,417,417,420,417,422,418,423,419,426,420,429,420,431,421,431,423,431,423,431,425,432,426,435,426,440,426,440,426,444,426,448,426,448,426,453,426,456,426,457,425,457,423,457,423,457,421,457,420,457,420,457,418,457,417,457,417,457,415,456,414,453,413
409,407,406,406,404,405,403,404,400,404,397,403,395,402,394,401,391,400,386,400,386,400,382,400,379,400,378,399,376,398,373,397,370,397,369,395,367,394,364,394,360,394,360,394,355,394,352,393,351,392,351,391,351,391,351,389,350,388,347,387,344,387,342,386,341,385,338,384,333,384,333,384,329,384,324,384,324,384,320,384,316,384,316,384,311,384,307,384,307,384,302,384,299,385,298,386,296,387,293,387,289,387,289,387,285,387,280,387,280,387,276,387,271,387,271,387,267,387,264,388,262,389,261,390,258,391,254,391,254,391,249,391,245,391,245,391,240,391,236,391,236,391,231,391,228,391,227,392,226,393,223,394,220,393,218,392,217,391,214,391,209,391,209,391,205,391,200,391,200,391,196,391,192,391,192,391,187,391,183,391,183,392,184,393,187,394,192,394,192,394,196,394,199,394,200,395,202,397,205,397,209,397,209,397,214,397,218,397,218,397,223,397,226,398,227,399,228,400,231,400,236,400,236,400,240,400,245,400,245,400,249,400,254,400,254,400,258,400,262,400,262,400,267,400,271,400,271,400,276,400,280,400,280,400,285,400,288,400,289,399,290,398,293,397,298,397,298,397,302,397,307,397,307,397,311,397,316,397,316,397,320,397,324,397,324,397,329,397,333,397,333,397,338,397,341,398,342,399,342,400,342,400,342,402,344,403,347,404,350,404,351,405,352,406,355,407,360,407,360,407,364,407,369,407,369,407,373,407,376,407,378,408,379,410,382,410,386,410,386,410,391,410,395,410,395,410,400,410,403,411,404,412,406,413,409,413,413,413,413,412,413,410,413,410,413,408,412,407,409,407
382,167,379,168,378,169,376,170,373,170,370,171,369,172,369,174,369,174,369,175,367,176,364,177,361,177,360,178,360,180,360,180,360,182,361,183,364,183,369,183,369,183,373,183,376,183,378,182,379,181,382,180,385,180,386,178,386,177,386,177,386,175,386,174,386,174,386,172,386,170,386,170,386,169,385,168,382,167
329,203,326,203,324,204,323,205,320,206,317,207,316,208,317,209,320,209,324,209,324,209,329,209,332,209,333,208,333,206,333,206,333,204,332,203,329,203
320,119,317,118,316,117,314,116,311,115,307,115,307,115,302,115,298,115,298,115,293,115,290,115,289,114,289,112,289,112,289,110,288,109,285,109,282,108,280,107,279,106,276,106,271,106,271,106,267,106,264,105,262,104,261,103,258,102,254,102,254,102,249,102,246,103,245,104,243,105,240,106,237,106,236,107,236,109,236,109,236,110,234,112,231,112,227,112,227,112,223,112,220,113,218,114,220,115,223,115,226,116,227,117,227,119,227,119,227,120,226,121,223,122,220,122,218,123,217,124,214,125,211,126,209,127,208,128,205,128,202,129,200,130,199,131,196,131,193,132,192,133,193,134,196,135,199,135,200,136,202,137,205,138,208,138,209,140,211,141,214,141,217,142,218,143,220,144,223,144,226,145,227,146,228,147,231,148,234,147,236,146,237,145,240,144,243,145,245,146,246,147,249,148,254,148,254,148,258,148,262,148,262,148,267,148,270,147,271,146,271,144,271,144,271,143,273,142,276,141,279,141,280,140,282,138,285,138,288,137,289,136,290,135,293,135,296,134,298,133,299,132,302,131,305,131,307,130,307,128,307,128,307,127,308,126,311,125,316,125,316,125,320,125,323,124,324,123,324,122,324,122,324,120,323,119,320,119
302,209,298,209,298,209,293,209,289,209,289,209,285,209,282,209,280,208,279,207,276,206,271,206,271,206,267,206,262,206,262,206,258,206,254,206,254,206,249,206,245,206,245,206,240,206,237,205,236,204,234,203,231,203,227,203,227,203,223,203,218,203,218,203,214,203,209,203,209,203,205,203,202,203,200,204,199,205,196,206,193,207,192,208,192,209,192,209,192,211,193,212,196,212,199,213,200,214,202,215,205,216,209,216,209,216,214,216,217,216,218,217,220,218,223,219,226,219,227,221,228,222,231,222,234,223,236,224,237,225,240,225,245,225,245,225,249,225,254,225,254,225,258,225,262,225,262,225,267,225,270,225,271,224,273,223,276,222,280,222,280,222,285,222,288,223,289,224,290,225,293,225,298,225,298,225,302,225,305,225,307,224,307,222,307,222,307,221,307,219,307,219,307,217,307,216,307,216,307,214,307,212,307,212,307,211,305,210,302,209
240,345,237,346,236,347,236,349,240,349,243,348,245,347,243,346,240,345
231,187,227,187,227,187,223,187,220,187,218,188,220,189,223,190,227,190,227,190,231,190,234,189,236,188,234,187,231,187
231,349,228,349,227,350,227,352,231,352,234,351,236,350,236,349,231,349
223,352,220,352,218,353,217,354,214,355,211,356,209,357,209,358,209,358,209,360,209,361,209,361,209,363,211,364,214,365,217,364,218,363,218,361,218,361,218,360,220,359,223,358,226,358,227,357,227,355,227,355,227,353,227,352,223,352
223,378,218,378,218,378,214,378,209,378,209,378,205,378,202,378,200,379,202,380,205,381,209,381,209,381,214,381,218,381,218,381,223,381,226,380,227,379,226,378,223,378
178,387,175,388,174,389,175,390,178,391,183,391,183,389,181,388,178,387
