630,358,627,359,626,360,626,361,626,361,626,363,624,364,621,365,617,365,617,365,612,365,608,365,608,365,603,365,599,365,599,365,595,365,592,365,590,366,590,368,590,368,590,370,589,371,586,371,581,371,581,371,577,371,572,371,572,371,568,371,565,372,564,373,562,374,559,374,556,375,555,376,553,377,550,378,547,378,546,379,546,381,546,381,546,383,547,384,550,384,555,384,555,384,559,384,562,384,564,383,565,381,568,381,571,380,572,379,574,378,577,378,580,378,581,379,581,381,581,381,581,383,580,384,577,384,574,385,572,386,574,387,577,387,581,387,581,387,586,387,589,387,590,386,590,384,590,384,590,383,592,381,595,381,599,381,599,381,603,381,608,381,608,381,612,381,615,380,617,379,617,378,617,378,617,376,618,375,621,374,624,374,626,373,627,372,630,371,630,358
630,212,626,212,626,214,626,216,626,216,626,217,627,218,630,219,630,212
621,206,618,207,617,208,617,209,617,209,617,211,618,212,621,212,626,212,626,211,626,209,626,209,626,208,624,207,621,206
541,268,538,268,537,269,536,270,533,271,530,271,528,272,527,273,524,274,521,275,519,276,518,277,515,277,512,278,510,279,510,280,510,280,510,282,510,284,510,284,510,285,509,286,506,287,503,288,502,289,503,290,506,290,510,290,510,290,515,290,518,290,519,289,521,288,524,287,528,287,528,287,533,287,536,286,537,285,537,284,537,284,537,282,537,280,537,280,537,279,538,278,541,277,544,277,546,276,546,274,546,274,546,272,546,271,546,271,546,269,544,268,541,268
506,426,503,426,502,425,502,423,502,423,502,421,500,420,497,420,493,420,493,420,488,420,485,419,484,418,482,417,479,417,475,417,475,417,471,417,468,416,466,415,465,414,462,413,457,413,457,413,453,413,450,413,448,412,447,411,444,410,441,410,440,408,438,407,435,407,432,406,431,405,429,404,426,404,422,404,422,404,417,404,414,403,413,402,412,401,409,400,404,400,404,400,400,400,397,400,395,399,394,398,391,397,388,397,386,395,385,394,382,394,379,393,378,392,376,391,373,391,369,391,369,391,364,391,361,390,360,389,358,388,355,387,352,387,351,386,350,385,347,384,342,384,342,384,338,384,335,385,333,386,332,387,329,387,326,387,324,386,323,385,320,384,316,384,316,384,311,384,308,385,307,386,305,387,302,387,298,387,298,387,293,387,289,387,289,387,285,387,280,387,280,387,276,387,271,387,271,387,267,387,264,388,262,389,261,390,258,391,254,391,254,391,249,391,245,391,245,391,240,391,236,391,236,391,231,391,227,391,227,391,223,391,218,391,218,391,214,391,209,391,209,391,205,391,200,391,200,391,196,391,192,391,192,391,187,391,183,391,183,392,184,393,187,394,190,394,192,395,193,397,196,397,200,397,200,397,205,397,209,397,209,397,214,397,217,398,218,399,220,400,223,400,227,400,227,400,231,400,236,400,236,400,240,400,245,400,245,400,249,400,254,400,254,400,258,400,262,400,262,400,267,400,270,401,271,402,273,403,276,404,280,404,280,404,285,404,288,403,289,402,289,400,289,400,289,399,290,398,293,397,298,397,298,397,302,397,307,397,307,397,311,397,316,397,316,397,320,397,323,397,324,395,326,394,329,394,332,394,333,395,335,397,338,397,342,397,342,397,347,397,351,397,351,397,355,397,360,397,360,397,364,397,369,397,369,397,373,397,376,398,378,399,378,400,382,400,385,401,386,402,386,404,386,404,386,405,388,406,391,407,394,407,395,408,397,410,400,410,403,411,404,412,406,413,409,413,412,414,413,415,413,417,413,417,413,418,414,419,417,420,420,420,422,421,423,422,426,423,429,424,431,425,432,426,435,426,438,427,440,428,441,429,444,430,448,430,448,430,453,430,456,430,457,431,459,432,462,433,466,433,466,433,471,433,475,433,475,433,479,433,484,433,484,433,488,433,493,433,493,433,497,433,500,432,502,431,503,430,506,430,509,429,510,428,509,427,506,426
391,167,388,167,386,165,385,164,382,164,379,164,378,165,376,167,373,167,370,168,369,169,369,170,369,170,369,172,367,173,364,174,361,174,360,175,360,177,360,177,360,178,360,180,360,180,360,182,360,183,360,183,360,185,360,187,360,187,360,188,360,190,360,190,360,191,360,193,360,193,360,195,361,196,364,196,367,196,369,195,370,194,373,193,376,192,378,191,379,190,382,190,385,189,386,188,388,187,391,187,394,186,395,185,395,183,395,183,395,182,395,180,395,180,395,178,395,177,395,177,395,175,395,174,395,174,395,172,395,170,395,170,395,169,394,168,391,167
382,154,379,155,378,156,378,157,378,157,378,159,379,160,382,161,385,160,386,159,386,157,386,157,386,156,385,155,382,154
373,400,370,401,369,402,370,403,373,404,376,403,378,402,378,400,373,400
347,203,342,203,342,203,338,203,333,203,333,203,329,203,324,203,324,203,320,203,317,203,316,204,314,205,311,206,308,207,307,208,305,209,302,209,298,209,298,209,293,209,289,209,289,209,285,209,282,209,280,208,279,207,276,206,271,206,271,206,267,206,262,206,262,206,258,206,254,206,254,206,249,206,245,206,245,206,240,206,236,206,236,206,231,206,228,205,227,204,226,203,223,203,220,203,218,204,217,205,214,206,211,205,209,204,208,203,205,203,202,203,200,204,199,205,196,206,192,206,192,206,187,206,184,207,183,208,183,209,183,209,183,211,184,212,187,212,192,212,192,212,196,212,199,213,200,214,200,216,200,216,200,217,200,219,200,219,200,221,200,222,200,222,200,224,202,225,205,225,209,225,209,225,214,225,218,225,218,225,223,225,226,226,227,227,228,228,231,229,236,229,236,229,240,229,245,229,245,229,249,229,252,229,254,230,255,231,258,232,262,232,262,232,267,232,271,232,271,232,276,232,280,232,280,232,285,232,288,231,289,230,290,229,293,229,298,229,298,229,302,229,305,229,307,230,308,231,311,232,314,231,316,230,316,229,316,229,316,227,316,225,316,225,316,224,316,222,316,222,316,221,314,219,311,219,308,218,307,217,307,216,307,216,307,214,308,213,311,212,314,213,316,214,317,215,320,216,324,216,324,216,329,216,332,215,333,214,335,213,338,212,342,212,342,212,347,212,350,212,351,211,351,209,351,209,351,208,351,206,351,206,351,204,350,203,347,203
329,219,326,219,324,221,326,222,329,222,332,222,333,221,332,219,329,219
320,119,317,118,316,117,316,115,316,115,316,114,314,113,311,112,307,112,307,112,302,112,299,113,298,114,296,115,293,115,290,115,289,114,289,112,289,112,289,110,288,109,285,109,282,108,280,107,279,106,276,106,271,106,271,106,267,106,262,106,262,106,258,106,254,106,254,106,249,106,246,106,245,107,243,108,240,109,237,109,236,110,234,112,231,112,227,112,227,112,223,112,220,113,218,114,217,115,214,115,211,116,209,117,209,119,209,119,209,120,211,121,214,122,217,122,218,123,217,124,214,125,211,126,209,127,208,128,205,128,200,128,200,128,196,128,193,129,192,130,190,131,187,131,184,132,183,133,184,134,187,135,190,135,192,136,192,138,192,138,192,140,193,141,196,141,200,141,200,141,205,141,208,142,209,143,211,144,214,144,217,145,218,146,218,148,218,148,218,149,218,151,218,151,218,153,218,154,223,154,227,154,227,154,231,154,234,155,236,156,236,157,236,157,236,159,234,160,231,161,228,160,227,159,226,158,223,157,220,157,218,156,218,154,214,154,211,154,209,153,208,151,205,151,202,151,200,153,200,154,200,154,200,156,200,157,200,157,200,159,200,161,200,161,200,162,200,164,200,164,200,165,202,167,205,167,209,167,209,167,214,167,218,167,218,167,223,167,226,168,227,169,227,170,227,170,227,172,228,173,231,174,236,174,236,174,240,174,243,173,245,172,245,170,245,170,245,169,243,168,240,167,237,167,236,165,237,164,240,164,245,164,245,164,249,164,252,163,254,162,254,161,254,161,254,159,254,157,254,157,254,156,252,155,249,154,246,154,245,153,245,151,240,151,237,150,236,149,237,148,240,148,243,148,245,149,245,151,249,151,254,151,254,151,258,151,262,151,262,151,267,151,270,150,271,149,271,148,271,148,271,146,273,145,276,144,280,144,280,144,285,144,288,144,289,143,289,141,289,141,289,140,290,138,293,138,296,137,298,136,298,135,298,135,298,133,299,132,302,131,305,131,307,130,308,129,311,128,314,128,316,127,317,126,320,125,323,124,324,123,324,122,324,122,324,120,323,119,320,119
276,361,271,361,271,361,267,361,264,362,262,363,264,364,267,365,271,365,271,365,276,365,279,364,280,363,279,362,276,361
223,352,220,352,218,353,217,354,214,355,211,356,209,357,209,358,209,358,209,360,209,361,209,361,209,363,209,365,209,365,209,366,211,367,214,368,217,367,218,366,218,365,218,365,218,363,220,362,223,361,226,361,227,360,227,358,227,358,227,357,227,355,227,355,227,353,226,352,223,352
178,387,174,387,174,387,169,387,165,387,165,389,166,390,169,391,174,391,174,391,178,391,183,391,183,389,181,388,178,387
161,384,158,385,156,386,158,387,161,387,165,387,165,386,164,385,161,384
