630,387,627,388,626,389,626,391,626,391,626,392,626,394,626,394,626,395,627,397,630,397,630,387
630,209,627,210,626,211,626,212,626,212,626,214,626,216,626,216,626,217,627,218,630,219,630,209
515,430,512,429,510,428,509,427,506,426,503,426,502,425,500,424,497,423,493,423,493,423,488,423,485,422,484,421,482,420,479,420,475,420,475,420,471,420,468,419,466,418,465,417,462,417,459,416,457,415,456,414,453,413,448,413,448,413,444,413,441,413,440,412,438,411,435,410,432,410,431,408,429,407,426,407,423,406,422,405,420,404,417,404,413,404,413,404,409,404,404,404,404,405,406,406,409,407,412,407,413,408,413,410,413,410,413,412,414,413,417,413,420,414,422,415,423,416,426,417,429,417,431,418,432,419,435,420,438,420,440,421,441,422,444,423,447,424,448,425,450,426,453,426,456,427,457,428,459,429,462,430,465,430,466,431,468,432,471,433,474,433,475,434,476,435,479,436,484,436,484,436,488,436,491,437,493,438,494,439,497,439,500,439,502,438,503,437,506,436,510,436,510,436,515,436,518,435,519,434,519,433,519,433,519,431,518,430,515,430
400,400,397,401,395,402,397,403,400,404,404,404,404,402,403,401,400,400
391,157,388,157,386,156,386,154,386,154,386,153,385,151,382,151,379,151,378,153,376,154,373,154,370,155,369,156,369,157,369,157,369,159,370,160,373,161,376,161,378,162,376,163,373,164,370,164,369,165,369,167,369,167,369,169,369,170,369,170,369,172,369,174,369,174,369,175,369,177,369,177,369,178,370,180,373,180,376,181,378,182,378,183,378,183,378,185,378,187,378,187,378,188,379,189,382,190,385,189,386,188,388,187,391,187,394,186,395,185,395,183,395,183,395,182,395,180,395,180,395,178,395,177,395,177,395,175,395,174,395,174,395,172,395,170,395,170,395,169,395,167,395,167,395,165,395,164,395,164,395,162,395,161,395,161,395,159,394,158,391,157
355,209,352,209,351,208,350,207,347,206,344,207,342,208,341,209,338,209,335,210,333,211,333,212,333,212,333,214,333,216,333,216,333,217,332,218,329,219,326,219,324,221,323,222,320,222,316,222,316,222,311,222,307,222,307,222,302,222,298,222,298,222,293,222,289,222,289,222,285,222,282,223,280,224,279,225,276,225,271,225,271,225,267,225,262,225,262,225,258,225,255,225,254,224,252,223,249,222,245,222,245,222,240,222,236,222,236,222,231,222,227,222,227,222,223,222,220,222,218,221,217,219,214,219,209,219,209,219,205,219,202,219,200,221,200,222,200,222,200,224,202,225,205,225,208,226,209,227,211,228,214,229,217,229,218,230,220,231,223,232,226,232,227,234,228,235,231,235,236,235,236,235,240,235,243,236,245,237,246,238,249,238,252,239,254,240,255,241,258,242,262,242,262,242,267,242,271,242,271,242,276,242,279,241,280,240,282,239,285,238,289,238,289,238,293,238,296,238,298,237,299,236,302,235,307,235,307,235,311,235,314,236,316,237,317,238,320,238,324,238,324,238,329,238,332,238,333,237,335,236,338,235,341,235,342,234,342,232,342,232,342,230,342,229,342,229,342,227,342,225,342,225,342,224,342,222,342,222,342,221,344,219,347,219,350,218,351,217,352,216,355,216,358,215,360,214,360,212,360,212,360,211,358,210,355,209
355,394,351,394,351,394,347,394,344,394,342,395,344,397,347,397,351,397,351,397,355,397,358,397,360,395,358,394,355,394
320,119,317,118,316,117,314,116,311,115,308,115,307,114,305,113,302,112,298,112,298,112,293,112,290,112,289,110,288,109,285,109,282,108,280,107,279,106,276,106,271,106,271,106,267,106,264,105,262,104,261,103,258,102,254,102,254,102,249,102,245,102,245,102,240,102,237,103,236,104,234,105,231,106,227,106,227,106,223,106,220,106,218,107,217,108,214,109,211,109,209,110,209,112,209,112,209,114,208,115,205,115,202,116,200,117,200,119,200,119,200,120,200,122,200,122,200,123,199,124,196,125,193,126,192,127,190,128,187,128,184,129,183,130,183,131,183,131,183,133,183,135,183,135,183,136,184,137,187,138,190,138,192,140,192,141,192,141,192,143,192,144,192,144,192,146,192,148,192,148,192,149,192,151,192,151,192,153,190,154,187,154,184,155,183,156,183,157,183,157,183,159,184,160,187,161,190,161,192,162,192,164,192,164,192,165,193,167,196,167,199,168,200,169,202,170,205,170,209,170,209,170,214,170,217,171,218,172,220,173,223,174,227,174,227,174,231,174,234,174,236,175,237,176,240,177,243,176,245,175,246,174,249,174,252,173,254,172,254,170,254,170,254,169,254,167,254,167,254,165,255,164,258,164,261,163,262,162,262,161,262,161,262,159,262,157,262,157,262,156,264,155,267,154,270,154,271,153,273,151,276,151,279,150,280,149,280,148,280,148,280,146,282,145,285,144,288,144,289,143,290,142,293,141,296,141,298,140,298,138,298,138,298,136,299,135,302,135,305,134,307,133,307,131,307,131,307,130,308,129,311,128,314,128,316,127,316,125,316,125,316,123,317,122,320,122,323,121,324,120,323,119,320,119
293,400,290,400,289,399,288,398,285,397,282,398,280,399,279,400,276,400,271,400,271,400,267,400,264,401,262,402,262,404,262,404,262,405,264,406,267,407,271,407,271,407,276,407,280,407,280,407,285,407,288,406,289,405,290,404,293,404,296,403,298,402,296,401,293,400
285,209,280,209,280,209,276,209,271,209,271,209,267,209,264,209,262,208,261,207,258,206,254,206,254,206,249,206,245,206,245,206,240,206,236,206,236,206,231,206,228,207,227,208,226,209,223,209,218,209,218,209,214,209,211,210,209,211,211,212,214,212,218,212,218,212,223,212,226,213,227,214,228,215,231,216,236,216,236,216,240,216,245,216,245,216,249,216,254,216,254,216,258,216,262,216,262,216,267,216,271,216,271,216,276,216,279,215,280,214,282,213,285,212,288,212,289,211,288,210,285,209
