630,200,626,200,626,200,621,200,618,200,617,201,615,202,612,203,609,203,608,204,608,206,608,206,608,208,608,209,608,209,608,211,609,212,612,212,615,213,617,214,617,216,617,216,617,217,617,219,617,219,617,221,618,222,621,222,624,222,626,221,627,219,630,219,630,200
612,336,608,336,608,336,603,336,600,336,599,337,599,339,599,339,599,340,598,342,595,342,592,343,590,344,590,345,590,345,590,347,592,348,595,349,599,349,599,349,603,349,606,348,608,347,608,345,608,345,608,344,609,343,612,342,615,341,617,340,617,339,617,339,617,337,615,336,612,336
603,219,599,219,599,219,595,219,592,219,590,221,592,222,595,222,599,222,599,222,603,222,606,222,608,221,606,219,603,219
550,238,547,239,546,240,546,242,546,242,546,243,546,245,550,245,553,244,555,243,555,242,555,242,555,240,553,239,550,238
550,255,547,254,546,253,546,251,546,251,546,250,546,248,546,248,546,246,546,245,541,245,537,245,537,245,533,245,530,245,528,246,528,248,528,248,528,250,528,251,528,251,528,253,528,255,528,255,528,256,528,258,528,258,528,259,528,261,528,261,528,263,530,264,533,264,537,264,537,263,538,262,541,261,544,261,546,259,547,258,550,258,553,257,555,256,553,255,550,255
541,264,537,264,537,266,538,267,541,268,544,267,546,266,544,265,541,264
515,268,512,268,510,269,512,270,515,271,518,270,519,269,518,268,515,268
444,420,440,420,440,420,435,420,432,420,431,421,432,422,435,423,440,423,440,423,444,423,447,422,448,421,447,420,444,420
409,410,404,410,404,412,406,413,409,413,412,413,413,412,412,411,409,410
400,404,397,403,395,402,394,401,391,400,386,400,386,400,382,400,379,400,378,399,376,398,373,397,369,397,369,397,364,397,361,397,360,395,358,394,355,394,352,393,351,392,350,391,347,391,344,390,342,389,342,387,342,387,342,386,341,385,338,384,335,384,333,383,332,381,329,381,326,381,324,383,323,384,320,384,317,384,316,383,314,381,311,381,307,381,307,381,302,381,299,381,298,383,298,384,298,384,298,386,296,387,293,387,289,387,289,387,285,387,280,387,280,387,276,387,271,387,271,387,267,387,264,388,262,389,261,390,258,391,254,391,254,391,249,391,245,391,245,391,240,391,237,391,236,392,236,394,240,394,243,394,245,395,246,397,249,397,252,398,254,399,255,400,258,400,261,400,262,399,264,398,267,397,270,397,271,395,273,394,276,394,279,394,280,395,282,397,285,397,289,397,289,397,293,397,298,397,298,397,302,397,305,398,307,399,308,400,311,400,316,400,316,400,320,400,324,400,324,400,329,400,332,401,333,402,335,403,338,404,341,404,342,405,344,406,347,407,351,407,351,407,355,407,358,407,360,408,361,410,364,410,369,410,369,410,373,410,378,410,378,410,382,410,386,410,386,410,391,410,395,410,395,410,400,410,404,410,404,408,404,407,404,407,404,405,403,404,400,404
320,374,316,374,316,374,311,374,308,375,307,376,308,377,311,378,316,378,316,378,320,378,323,377,324,376,323,375,320,374
311,119,307,119,307,119,302,119,298,119,298,119,293,119,290,118,289,117,289,115,289,115,289,114,289,112,289,112,289,110,288,109,285,109,282,108,280,107,279,106,276,106,271,106,271,106,267,106,264,105,262,104,261,103,258,102,255,102,254,101,252,100,249,99,245,99,245,99,240,99,237,100,236,101,236,102,236,102,236,104,236,106,236,106,236,107,234,108,231,109,228,108,227,107,227,106,227,106,227,104,226,103,223,102,220,103,218,104,217,105,214,106,211,106,209,107,209,109,209,109,209,110,211,111,214,112,218,112,218,112,223,112,226,113,227,114,227,115,227,115,227,117,228,118,231,119,234,119,236,120,234,121,231,122,228,122,227,123,226,124,223,125,218,125,218,125,214,125,211,126,209,127,209,128,209,128,209,130,209,131,209,131,209,133,211,134,214,135,217,135,218,136,218,138,218,138,218,140,220,141,223,141,226,142,227,143,228,144,231,144,236,144,236,144,240,144,245,144,245,144,249,144,254,144,254,144,258,144,261,144,262,143,264,142,267,141,270,141,271,140,271,138,271,138,271,136,273,135,276,135,279,134,280,133,282,132,285,131,289,131,289,131,293,131,298,131,298,131,302,131,305,131,307,130,307,128,307,128,307,127,307,125,307,125,307,123,308,122,311,122,314,121,316,120,314,119,311,119
293,206,289,206,289,206,285,206,282,205,280,204,279,203,276,203,271,203,271,203,267,203,264,203,262,204,261,205,258,206,255,205,254,204,252,203,249,203,245,203,245,203,240,203,236,203,236,203,231,203,227,203,227,203,223,203,220,202,218,201,217,200,214,200,211,199,209,198,208,197,205,196,202,196,200,195,199,194,196,193,193,194,192,195,192,196,192,196,192,198,193,199,196,200,199,200,200,201,200,203,200,203,200,204,200,206,200,206,200,208,200,209,200,209,200,211,202,212,205,212,209,212,209,212,214,212,217,213,218,214,220,215,223,216,227,216,227,216,231,216,236,216,236,216,240,216,245,216,245,216,249,216,252,216,254,217,255,218,258,219,262,219,262,219,267,219,271,219,271,219,276,219,280,219,280,219,285,219,289,219,289,219,293,219,296,218,298,217,298,216,298,216,298,214,298,212,298,212,298,211,298,209,298,209,298,208,296,207,293,206
258,193,255,192,254,191,252,190,249,190,246,189,245,188,243,187,240,187,236,187,236,187,231,187,227,187,227,187,223,187,220,187,218,188,218,190,218,190,218,191,220,192,223,193,227,193,227,191,228,190,231,190,234,190,236,191,234,192,231,193,227,193,227,195,228,196,231,196,236,196,236,196,240,196,245,196,245,196,249,196,252,197,254,198,255,199,258,200,261,199,262,198,262,196,262,196,262,195,261,194,258,193
249,345,245,345,245,345,240,345,236,345,236,345,231,345,228,346,227,347,226,348,223,349,220,349,218,350,218,352,218,352,218,353,217,354,214,355,211,356,209,357,211,358,214,358,218,358,218,358,223,358,226,358,227,357,228,356,231,355,234,354,236,353,236,352,236,352,236,350,237,349,240,349,245,349,245,349,249,349,252,348,254,347,252,346,249,345
249,378,246,378,245,379,243,380,240,381,237,380,236,379,234,378,231,378,227,378,227,378,223,378,218,378,218,378,214,378,209,378,209,378,205,378,202,377,200,376,199,375,196,374,192,374,192,374,187,374,183,374,183,374,178,374,175,375,174,376,175,377,178,378,181,378,183,379,184,380,187,381,190,381,192,383,193,384,196,384,199,385,200,386,202,387,205,387,209,387,209,387,214,387,217,387,218,386,220,385,223,384,227,384,227,384,231,384,236,384,236,384,240,384,245,384,245,384,249,384,252,384,254,383,254,381,254,381,254,379,252,378,249,378
240,76,236,76,236,76,231,76,227,76,227,76,223,76,220,77,218,78,218,80,218,80,218,81,218,83,218,83,218,85,218,86,218,86,218,88,220,89,223,89,226,90,227,91,228,92,231,93,234,92,236,91,236,89,236,89,236,88,237,87,240,86,243,86,245,85,245,83,245,83,245,81,245,80,245,80,245,78,243,77,240,76
231,394,227,394,227,394,223,394,220,394,218,395,220,397,223,397,227,397,227,397,231,397,234,397,236,395,236,394,231,394
