630,355,627,354,626,353,624,352,621,352,618,352,617,353,617,355,617,355,617,357,617,358,617,358,617,360,617,361,617,361,617,363,615,364,612,365,609,365,608,366,608,368,608,368,608,370,608,371,608,371,608,373,606,374,603,374,600,374,599,373,598,372,595,371,592,371,590,370,589,369,586,368,583,367,581,366,580,365,577,365,572,365,572,365,568,365,564,365,564,365,559,365,556,364,555,363,553,362,550,361,547,361,546,360,544,359,541,358,538,359,537,360,536,361,533,361,528,361,528,361,524,361,521,361,519,360,521,359,524,358,527,358,528,357,528,355,528,355,528,353,528,352,528,352,528,350,527,349,524,349,519,349,519,349,515,349,512,349,510,350,509,351,506,352,503,352,502,353,500,354,497,355,494,356,493,357,493,358,493,358,493,360,491,361,488,361,485,362,484,363,484,365,484,365,484,366,484,368,484,368,484,370,484,371,484,371,484,373,482,374,479,374,476,375,475,376,474,377,471,378,468,378,466,379,466,381,466,381,466,383,468,384,471,384,474,385,475,386,476,387,479,387,482,388,484,389,484,391,484,391,484,392,485,393,488,394,493,394,493,394,497,394,500,394,502,395,503,397,506,397,509,398,510,399,512,400,515,400,518,401,519,402,521,403,524,404,527,404,528,405,528,407,528,407,528,408,528,410,528,410,528,412,527,413,524,413,521,414,519,415,519,417,519,417,519,418,521,419,524,420,527,420,528,421,528,423,528,423,528,425,530,426,533,426,536,427,537,428,536,429,533,430,530,430,528,431,528,433,528,433,528,434,530,435,533,436,536,437,537,438,538,439,541,439,544,440,546,441,547,442,550,442,553,443,555,444,556,445,559,446,562,446,564,447,565,448,568,449,572,449,572,449,577,449,580,449,581,451,583,452,586,452,589,453,590,454,592,455,595,455,598,456,599,457,600,458,603,459,606,459,608,460,609,461,612,462,617,462,617,462,621,462,624,462,626,464,627,465,630,465,630,355
630,174,627,174,626,175,624,176,621,177,617,177,617,177,612,177,608,177,608,177,603,177,600,177,599,178,598,180,595,180,592,181,590,182,589,183,586,183,581,183,581,183,577,183,572,183,572,183,568,183,565,184,564,185,562,186,559,187,556,187,555,188,553,189,550,190,547,190,546,191,544,192,541,193,538,194,537,195,536,196,533,196,530,197,528,198,527,199,524,200,521,200,519,201,518,202,515,203,510,203,510,203,506,203,503,203,502,204,502,206,502,206,502,208,500,209,497,209,494,210,493,211,493,212,493,212,493,214,493,216,493,216,493,217,493,219,493,219,493,221,491,222,488,222,485,223,484,224,484,225,484,225,484,227,482,228,479,229,476,229,475,230,474,231,471,232,468,232,466,234,466,235,466,235,466,237,466,238,466,238,466,240,466,242,466,242,466,243,466,245,466,245,466,246,465,248,462,248,459,248,457,246,456,245,453,245,450,245,448,246,447,248,444,248,441,249,440,250,440,251,440,251,440,253,440,255,440,255,440,256,440,258,440,258,440,259,441,261,444,261,447,262,448,263,450,264,453,264,457,264,457,264,462,264,465,265,466,266,466,268,466,268,466,269,468,270,471,271,474,271,475,272,475,274,475,274,475,276,476,277,479,277,482,277,484,276,484,274,484,274,484,272,484,271,484,271,484,269,485,268,488,268,491,267,493,266,493,264,493,264,493,263,491,262,488,261,485,261,484,259,485,258,488,258,491,257,493,256,494,255,497,255,502,255,502,255,506,255,509,254,510,253,512,252,515,251,518,251,519,250,521,249,524,248,527,248,528,246,530,245,533,245,537,245,537,245,541,245,544,244,546,243,547,242,550,242,555,242,555,242,559,242,564,242,564,242,568,242,572,242,572,242,577,242,581,242,581,242,586,242,589,241,590,240,590,238,590,238,590,237,592,236,595,235,598,235,599,234,599,232,599,232,599,230,600,229,603,229,608,229,608,229,612,229,615,228,617,227,618,226,621,225,624,225,626,224,627,223,630,222,630,174
347,115,342,115,342,115,338,115,333,115,333,117,333,119,333,119,333,120,333,122,333,122,333,123,332,124,329,125,326,126,324,127,323,128,320,128,316,128,316,130,316,131,316,131,316,133,316,135,320,135,324,135,324,135,329,135,332,134,333,133,335,132,338,131,342,131,342,131,347,131,350,131,351,130,351,128,351,128,351,127,351,125,351,125,351,123,351,122,351,122,351,120,351,119,351,119,351,117,350,116,347,115
329,89,324,89,324,89,320,89,317,90,316,91,314,92,311,93,308,93,307,94,307,96,307,96,307,97,307,99,307,99,307,101,308,102,311,102,314,103,316,104,317,105,320,106,323,105,324,104,326,103,329,102,332,102,333,101,333,99,333,99,333,97,333,96,333,96,333,94,333,93,333,93,333,91,332,90,329,89
329,109,326,109,324,110,324,112,324,112,324,114,324,115,329,115,333,115,333,114,333,112,333,112,333,110,332,109,329,109
320,115,317,116,316,117,316,119,316,119,316,120,316,122,320,122,323,121,324,120,324,119,324,119,324,117,324,115,320,115
311,122,308,122,307,123,307,125,307,125,307,127,308,128,311,128,316,128,316,127,316,125,316,125,316,123,316,122,311,122
311,135,308,134,307,133,305,132,302,131,299,132,298,133,296,134,293,135,289,135,289,135,285,135,280,135,280,135,276,135,273,134,271,133,270,132,267,131,262,131,262,131,258,131,255,131,254,130,252,129,249,128,245,128,245,128,240,128,237,128,236,127,234,126,231,125,228,126,227,127,227,128,227,128,227,130,227,131,227,131,227,133,228,134,231,135,234,135,236,136,236,138,236,138,236,140,237,141,240,141,245,141,245,141,249,141,252,142,254,143,255,144,258,144,261,145,262,146,264,147,267,148,271,148,271,148,276,148,280,148,280,148,285,148,289,148,289,148,293,148,296,147,298,146,299,145,302,144,305,144,307,143,307,141,307,141,307,140,308,138,311,138,314,137,316,136,316,135,311,135
267,151,264,151,262,153,264,154,267,154,270,154,271,153,270,151,267,151
258,381,254,381,254,383,255,384,258,384,261,384,262,383,261,381,258,381
249,151,246,151,245,153,246,154,249,154,252,154,254,153,252,151,249,151
249,378,245,378,245,379,246,380,249,381,254,381,254,379,252,378,249,378
240,374,237,375,236,376,237,377,240,378,245,378,245,376,243,375,240,374
214,365,209,365,209,366,211,367,214,368,217,367,218,366,217,365,214,365
205,361,200,361,200,363,202,364,205,365,209,365,209,363,208,362,205,361
196,349,192,349,192,349,187,349,183,349,183,349,178,349,175,348,174,347,172,346,169,345,166,345,165,344,164,343,161,342,156,342,156,342,152,342,149,343,147,344,147,345,147,345,147,347,149,348,152,349,156,349,156,349,161,349,164,349,165,350,166,351,169,352,172,352,174,353,174,355,174,355,174,357,175,358,178,358,181,359,183,360,184,361,187,361,192,361,192,361,196,361,200,361,200,360,199,359,196,358,193,358,192,357,193,356,196,355,199,354,200,353,200,352,200,352,200,350,199,349,196,349
169,326,165,326,165,326,161,326,158,326,156,327,155,329,152,329,149,330,147,331,149,332,152,332,156,332,156,332,161,332,165,332,165,332,169,332,172,332,174,331,174,329,174,329,174,327,172,326,169,326
134,323,130,323,130,323,125,323,122,323,121,324,122,325,125,326,130,326,130,326,134,326,137,325,138,324,137,323,134,323
