621,248,618,249,617,250,615,251,612,251,609,252,608,253,608,255,608,255,608,256,608,258,608,258,608,259,608,261,608,261,608,263,608,264,608,264,608,266,609,267,612,268,615,268,617,269,618,270,621,271,624,270,626,269,626,268,626,268,626,266,626,264,626,264,626,263,626,261,626,261,626,259,626,258,626,258,626,256,626,255,626,255,626,253,626,251,626,251,626,250,624,249,621,248
462,235,459,235,457,234,457,232,457,232,457,230,457,229,457,229,457,227,457,225,457,225,457,224,457,222,457,222,457,221,457,219,457,219,457,217,456,216,453,216,450,215,448,214,448,212,448,212,448,211,448,209,448,209,448,208,447,207,444,206,440,206,440,206,435,206,431,206,431,206,426,206,423,207,422,208,422,209,422,209,422,211,420,212,417,212,414,213,413,214,414,215,417,216,420,216,422,217,422,219,422,219,422,221,423,222,426,222,429,223,431,224,431,225,431,225,431,227,431,229,431,229,431,230,431,232,431,232,431,234,431,235,431,235,431,237,431,238,431,238,431,240,431,242,431,242,431,243,431,245,431,245,431,246,431,248,431,248,431,250,431,251,431,251,431,253,431,255,431,255,431,256,431,258,431,258,431,259,431,261,435,261,438,261,440,259,441,258,444,258,448,258,448,258,453,258,457,258,457,258,462,258,465,257,466,256,466,255,466,255,466,253,466,251,466,251,466,250,466,248,466,248,466,246,466,245,466,245,466,243,466,242,466,242,466,240,466,238,466,238,466,237,465,236,462,235
426,261,423,262,422,263,423,264,426,264,429,264,431,263,431,261,426,261
426,284,423,284,422,285,423,286,426,287,429,286,431,285,429,284,426,284
417,290,414,291,413,292,414,293,417,293,420,293,422,292,420,291,417,290
409,345,406,345,404,344,403,343,400,342,397,342,395,340,395,339,395,339,395,337,397,336,400,336,403,335,404,334,404,332,404,332,404,331,403,330,400,329,397,329,395,327,395,326,395,326,395,324,395,323,395,323,395,321,395,319,395,319,395,318,394,317,391,316,388,316,386,315,385,313,382,313,379,313,378,315,376,316,373,316,370,317,369,318,367,319,364,319,361,320,360,321,358,322,355,323,352,323,351,324,351,326,351,326,351,327,350,329,347,329,344,330,342,331,342,332,342,332,342,334,342,336,342,336,342,337,341,338,338,339,335,338,333,337,332,336,329,336,324,336,324,336,320,336,317,336,316,337,314,338,311,339,308,339,307,340,305,342,302,342,299,343,298,344,296,345,293,345,289,345,289,345,285,345,280,345,280,345,276,345,273,346,271,347,273,348,276,349,280,349,280,349,285,349,289,349,289,349,293,349,298,349,298,349,302,349,307,349,307,347,308,346,311,345,314,346,316,347,314,348,311,349,307,349,307,350,305,351,302,352,298,352,298,352,293,352,290,352,289,353,288,354,285,355,282,356,280,357,280,358,280,358,280,360,282,361,285,361,288,361,289,360,290,359,293,358,296,359,298,360,298,361,298,361,298,363,298,365,298,365,298,366,299,367,302,368,307,368,307,368,311,368,314,367,316,366,317,365,320,365,324,365,324,365,329,365,332,364,333,363,335,362,338,361,342,361,342,361,347,361,351,361,351,361,355,361,358,361,360,360,361,359,364,358,369,358,369,358,373,358,376,358,378,357,379,356,382,355,385,354,386,353,388,352,391,352,395,352,395,352,400,352,404,352,404,352,409,352,412,351,413,350,413,349,413,349,413,347,412,346,409,345
400,190,397,190,395,191,397,192,400,193,403,192,404,191,403,190,400,190
364,96,361,95,360,94,360,93,360,93,360,91,358,90,355,89,352,89,351,88,351,86,351,86,351,85,351,83,351,83,351,81,350,80,347,80,344,79,342,78,341,77,338,76,335,77,333,78,333,80,333,80,333,81,333,83,333,83,333,85,333,86,333,86,333,88,333,89,333,89,333,91,333,93,333,93,333,94,332,95,329,96,326,96,324,97,324,99,324,99,324,101,324,102,324,102,324,104,323,105,320,106,317,106,316,107,316,109,316,109,316,110,314,112,311,112,308,113,307,114,305,115,302,115,299,116,298,117,296,118,293,119,289,119,289,119,285,119,282,119,280,120,279,121,276,122,273,122,271,123,270,124,267,125,264,126,262,127,261,128,258,128,254,128,254,128,249,128,245,128,245,128,240,128,236,128,236,128,231,128,227,128,227,128,223,128,218,128,218,128,214,128,209,128,209,128,205,128,200,128,200,128,196,128,193,129,192,130,190,131,187,131,183,131,183,131,178,131,175,131,174,130,172,129,169,128,165,128,165,128,161,128,158,128,156,127,155,126,152,125,147,125,147,125,143,125,138,125,138,125,134,125,130,125,130,125,125,125,122,124,121,123,119,122,116,122,112,122,112,122,107,122,104,121,103,120,102,119,99,119,94,119,94,119,90,119,87,118,85,117,84,116,81,115,78,116,76,117,76,119,76,119,76,120,78,121,81,122,84,122,85,123,87,124,90,125,94,125,94,125,99,125,103,125,103,125,107,125,110,126,112,127,113,128,116,128,119,129,121,130,122,131,125,131,128,132,130,133,131,134,134,135,137,135,138,136,140,137,143,138,146,138,147,140,146,141,143,141,138,141,138,141,134,141,130,141,130,141,125,141,122,142,121,143,121,144,121,144,121,146,122,147,125,148,130,148,130,148,134,148,138,148,138,148,143,148,146,148,147,149,149,150,152,151,156,151,156,151,161,151,165,151,165,151,169,151,172,151,174,153,175,154,178,154,183,154,183,154,187,154,190,154,192,153,193,151,196,151,200,151,200,151,205,151,208,151,209,153,211,154,214,154,217,155,218,156,220,157,223,157,227,157,227,157,231,157,236,157,236,157,240,157,245,157,245,157,249,157,254,157,254,157,258,157,262,157,262,157,267,157,271,157,271,157,276,157,279,157,280,156,282,155,285,154,289,154,289,154,293,154,298,154,298,154,302,154,305,154,307,153,308,151,311,151,314,150,316,149,317,148,320,148,323,147,324,146,326,145,329,144,333,144,333,144,338,144,341,144,342,143,344,142,347,141,350,141,351,140,352,138,355,138,358,137,360,136,361,135,364,135,367,134,369,133,367,132,364,131,361,131,360,130,360,128,360,128,360,127,360,125,360,125,360,123,360,122,360,122,360,120,360,119,360,119,360,117,358,116,355,115,352,115,351,114,350,113,347,112,344,112,342,110,342,109,342,109,342,107,342,106,342,106,342,104,344,103,347,102,351,102,351,102,355,102,358,103,360,104,361,105,364,106,367,105,369,104,369,102,369,102,369,101,369,99,369,99,369,97,367,96,364,96
347,34,342,34,342,36,344,37,347,38,350,37,351,36,350,35,347,34
338,31,335,32,333,33,335,34,338,34,342,34,342,33,341,32,338,31
302,371,299,372,298,373,299,374,302,374,305,374,307,373,305,372,302,371
267,280,264,281,262,282,262,284,267,284,270,283,271,282,270,281,267,280
258,44,254,44,254,44,249,44,245,44,245,44,240,44,237,43,236,42,237,41,240,41,245,41,245,41,249,41,252,40,254,39,252,38,249,38,245,38,245,38,240,38,236,38,236,38,231,38,228,38,227,39,226,40,223,41,220,41,218,42,217,43,214,44,211,43,209,42,208,41,205,41,200,41,200,41,196,41,193,40,192,39,190,38,187,38,184,37,183,36,183,34,183,34,183,33,181,32,178,31,175,31,174,29,172,28,169,28,166,27,165,26,164,25,161,25,158,24,156,23,155,22,152,21,147,21,147,21,143,21,140,21,138,20,137,19,134,18,130,18,130,18,125,18,122,18,121,16,119,15,116,15,113,15,112,16,110,18,107,18,104,19,103,20,103,21,103,21,103,23,103,25,103,25,103,26,103,28,103,28,103,29,102,31,99,31,96,32,94,33,93,34,90,34,87,35,85,36,85,38,85,38,85,39,85,41,85,41,85,42,85,44,85,44,85,46,85,47,85,47,85,49,85,50,85,50,85,52,85,54,85,54,85,55,85,57,85,57,85,59,85,60,85,60,85,62,85,63,85,63,85,65,85,67,85,67,85,68,87,69,90,70,93,70,94,72,94,73,94,73,94,75,96,76,99,76,102,77,103,78,103,80,103,80,103,81,103,83,103,83,103,85,104,86,107,86,110,87,112,88,112,89,112,89,112,91,112,93,112,93,112,94,113,95,116,96,119,96,121,97,122,99,125,99,128,100,130,101,130,102,130,102,130,104,131,105,134,106,137,106,138,107,140,108,143,109,146,109,147,110,149,111,152,112,155,113,156,114,158,115,161,115,165,115,165,115,169,115,172,116,174,117,175,118,178,119,183,119,183,119,187,119,190,118,192,117,193,116,196,115,199,115,200,114,202,113,205,112,208,111,209,110,209,109,209,109,209,107,208,106,205,106,202,105,200,104,199,103,196,102,193,102,192,101,192,99,192,99,192,97,193,96,196,96,199,95,200,94,202,93,205,93,209,93,209,93,214,93,217,92,218,91,220,90,223,89,226,89,227,88,227,86,227,86,227,85,227,83,227,83,227,81,227,80,227,80,227,78,228,77,231,76,234,76,236,75,237,74,240,73,243,73,245,72,246,70,249,70,252,69,254,68,254,67,254,67,254,65,254,63,254,63,254,62,254,60,254,60,254,59,255,58,258,57,261,56,262,55,262,54,262,54,262,52,262,50,262,50,262,49,262,47,262,47,262,46,261,45,258,44
258,284,255,284,254,285,255,286,258,287,261,286,262,285,262,284,258,284
