630,378,626,378,626,378,621,378,617,378,617,378,612,378,609,378,608,379,606,380,603,381,600,380,599,379,598,378,595,378,590,378,590,378,586,378,583,377,581,376,581,374,581,374,581,373,581,371,581,371,581,370,581,368,581,368,581,366,580,365,577,365,572,365,572,365,568,365,565,365,564,366,564,368,564,368,564,370,562,371,559,371,556,372,555,373,553,374,550,374,547,375,546,376,544,377,541,378,538,378,537,379,537,381,537,381,537,383,536,384,533,384,530,385,528,386,528,387,528,387,528,389,528,391,528,391,528,392,528,394,528,394,528,395,528,397,528,397,528,399,528,400,528,400,528,402,530,403,533,404,536,404,537,405,537,407,537,407,537,408,537,410,537,410,537,412,538,413,541,413,544,414,546,415,546,417,546,417,546,418,547,419,550,420,555,420,555,420,559,420,562,420,564,421,565,422,568,423,571,424,572,425,571,426,568,426,565,427,564,428,562,429,559,430,555,430,555,430,550,430,547,430,546,431,544,432,541,433,537,433,537,433,533,433,530,433,528,434,530,435,533,436,536,437,537,438,538,439,541,439,544,440,546,441,547,442,550,442,553,443,555,444,556,445,559,446,562,446,564,447,565,448,568,449,571,449,572,451,574,452,577,452,581,452,581,452,586,452,589,453,590,454,590,455,590,455,590,457,592,458,595,459,599,459,599,459,603,459,606,459,608,460,609,461,612,462,617,462,617,462,621,462,624,462,626,464,627,465,630,465,630,378
630,180,626,180,626,180,621,180,617,180,617,180,612,180,609,181,608,182,606,183,603,183,600,184,599,185,598,186,595,187,590,187,590,187,586,187,583,187,581,188,581,190,581,190,581,191,580,192,577,193,574,194,572,195,571,196,568,196,565,197,564,198,562,199,559,200,556,200,555,201,553,202,550,203,547,203,546,204,544,205,541,206,538,207,537,208,537,209,537,209,537,211,536,212,533,212,530,212,528,211,527,210,524,209,521,210,519,211,519,212,519,212,519,214,518,215,515,216,512,216,510,217,510,219,510,219,510,221,510,222,510,222,510,224,510,225,510,225,510,227,510,229,510,229,510,230,509,231,506,232,503,232,502,234,500,235,497,235,494,236,493,237,491,238,488,238,484,238,484,238,479,238,476,239,475,240,474,241,471,242,468,242,466,243,466,245,466,245,466,246,466,248,466,248,466,250,468,251,471,251,474,252,475,253,476,254,479,255,482,255,484,256,482,257,479,258,476,258,475,259,474,261,471,261,468,262,466,263,466,264,466,264,466,266,468,267,471,268,474,268,475,269,475,271,475,271,475,272,476,273,479,274,484,274,484,274,488,274,491,273,493,272,494,271,497,271,502,271,502,271,506,271,509,270,510,269,512,268,515,268,518,267,519,266,521,265,524,264,527,264,528,263,530,262,533,261,537,261,537,261,541,261,544,261,546,259,547,258,550,258,555,258,555,258,559,258,562,257,564,256,564,255,564,255,564,253,564,251,564,251,564,250,564,248,564,248,564,246,565,245,568,245,571,244,572,243,574,242,577,242,580,241,581,240,583,239,586,238,589,238,590,237,592,236,595,235,598,235,599,234,600,232,603,232,606,231,608,230,609,229,612,229,615,228,617,227,618,226,621,225,624,225,626,224,627,223,630,222,630,180
497,225,494,226,493,227,494,228,497,229,500,228,502,227,500,226,497,225
479,310,476,310,475,311,476,312,479,313,482,312,484,311,482,310,479,310
471,303,468,304,466,305,468,306,471,306,474,306,475,305,474,304,471,303
426,264,423,264,422,263,420,262,417,261,414,262,413,263,413,264,413,264,413,266,414,267,417,268,420,268,422,269,422,271,422,271,422,272,422,274,422,274,422,276,423,277,426,277,429,277,431,276,431,274,431,274,431,272,431,271,431,271,431,269,431,268,431,268,431,266,429,265,426,264
382,119,379,119,378,120,378,122,378,122,378,123,378,125,378,125,378,127,378,128,378,128,378,130,379,131,382,131,385,131,386,130,386,128,386,128,386,127,386,125,386,125,386,123,386,122,386,122,386,120,385,119,382,119
373,135,370,134,369,133,367,132,364,131,361,132,360,133,360,135,360,135,360,136,358,137,355,138,352,139,351,140,351,141,351,141,351,143,350,144,347,144,344,145,342,146,341,147,338,148,333,148,333,148,329,148,326,148,324,149,323,150,320,151,317,151,316,153,314,154,311,154,308,155,307,156,308,157,311,157,314,158,316,159,317,160,320,161,324,161,324,161,329,161,333,161,333,161,338,161,341,160,342,159,342,157,342,157,342,156,344,155,347,154,350,154,351,153,352,151,355,151,360,151,360,151,364,151,367,150,369,149,369,148,369,148,369,146,369,144,369,144,369,143,370,142,373,141,376,141,378,140,378,138,378,138,378,136,376,135,373,135
338,93,335,93,333,94,332,95,329,96,326,95,324,94,323,93,320,93,317,93,316,94,314,95,311,96,308,96,307,97,308,99,311,99,314,100,316,101,316,102,316,102,316,104,316,106,316,106,316,107,316,109,316,109,316,110,316,112,316,112,316,114,314,115,311,115,308,115,307,114,305,113,302,112,299,112,298,110,298,109,298,109,298,107,296,106,293,106,290,105,289,104,288,103,285,102,280,102,280,102,276,102,273,102,271,101,270,100,267,99,262,99,262,99,258,99,255,100,254,101,254,102,254,102,254,104,255,105,258,106,261,106,262,107,262,109,262,109,262,110,264,111,267,112,270,113,271,114,273,115,276,115,280,115,280,115,285,115,289,115,289,115,293,115,296,116,298,117,299,118,302,119,305,119,307,120,307,122,307,122,307,123,308,124,311,125,316,125,316,125,320,125,324,125,324,125,329,125,332,124,333,123,335,122,338,122,341,121,342,120,342,119,342,119,342,117,342,115,342,115,342,114,342,112,342,112,342,110,342,109,342,109,342,107,342,106,342,106,342,104,342,102,342,102,342,101,342,99,342,99,342,97,342,96,342,96,342,94,341,93,338,93
285,154,280,154,280,154,276,154,273,154,271,153,270,151,267,151,262,151,262,151,258,151,254,151,254,151,249,151,245,151,245,151,240,151,237,150,236,149,234,148,231,148,227,148,227,148,223,148,220,148,218,149,218,151,218,151,218,153,218,154,218,154,218,156,220,157,223,157,226,158,227,159,228,160,231,161,234,161,236,162,236,164,236,164,236,165,237,167,240,167,243,168,245,169,246,170,249,170,254,170,254,170,258,170,262,170,262,170,267,170,271,170,271,170,276,170,280,170,280,170,285,170,288,170,289,169,289,167,289,167,289,165,288,164,285,164,282,163,280,162,282,161,285,161,288,160,289,159,289,157,289,157,289,156,288,155,285,154
285,387,282,387,280,386,279,385,276,384,273,384,271,383,270,381,267,381,264,380,262,379,262,378,262,378,262,376,261,375,258,374,254,374,254,374,249,374,246,374,245,373,243,372,240,371,236,371,236,371,231,371,227,371,227,373,228,374,231,374,234,375,236,376,237,377,240,378,243,378,245,379,246,380,249,381,252,381,254,383,255,384,258,384,261,385,262,386,264,387,267,387,270,388,271,389,273,390,276,391,280,391,280,391,285,391,288,390,289,389,288,388,285,387
276,73,273,73,271,72,270,70,267,70,262,70,262,70,258,70,255,69,254,68,254,67,254,67,254,65,252,64,249,63,246,63,245,62,243,61,240,60,236,60,236,60,231,60,228,61,227,62,227,63,227,63,227,65,227,67,227,67,227,68,227,70,227,70,227,72,228,73,231,73,234,74,236,75,237,76,240,76,243,77,245,78,246,79,249,80,252,80,254,81,255,82,258,83,262,83,262,83,267,83,270,82,271,81,273,80,276,80,279,79,280,78,280,76,280,76,280,75,279,74,276,73
240,361,237,361,236,360,234,359,231,358,228,359,227,360,227,361,227,361,227,363,228,364,231,365,236,365,236,365,240,365,243,364,245,363,243,362,240,361
223,368,220,367,218,366,218,365,218,365,218,363,217,362,214,361,211,361,209,360,209,358,209,358,209,357,211,356,214,355,217,354,218,353,218,352,218,352,218,350,218,349,218,349,218,347,218,345,218,345,218,344,217,343,214,342,211,343,209,344,208,345,205,345,202,346,200,347,199,348,196,349,192,349,192,349,187,349,183,349,183,349,178,349,175,348,174,347,172,346,169,345,166,345,165,344,164,343,161,342,156,342,156,342,152,342,149,342,147,340,146,339,143,339,138,339,138,339,134,339,131,338,130,337,128,336,125,336,121,336,121,336,116,336,112,336,112,337,113,338,116,339,119,339,121,340,122,341,125,342,128,343,130,344,130,345,130,345,130,347,131,348,134,349,138,349,138,349,143,349,146,349,147,350,149,351,152,352,155,352,156,353,158,354,161,355,164,356,165,357,166,358,169,358,172,359,174,360,175,361,178,361,183,361,183,361,187,361,190,362,192,363,193,364,196,365,199,365,200,366,202,367,205,368,208,368,209,370,211,371,214,371,218,371,218,371,223,371,227,371,227,370,226,369,223,368
107,332,103,332,103,334,104,335,107,336,112,336,112,334,110,333,107,332
99,329,96,330,94,331,96,332,99,332,103,332,103,331,102,330,99,329
