479,170,475,170,475,170,471,170,466,170,466,170,462,170,457,170,457,170,453,170,450,171,448,172,448,174,448,174,448,175,448,177,448,177,448,178,450,180,453,180,457,180,457,180,462,180,466,180,466,180,471,180,474,180,475,178,476,177,479,177,482,176,484,175,484,174,484,174,484,172,482,171,479,170
435,144,431,144,431,146,432,147,435,148,438,147,440,146,438,145,435,144
426,141,423,141,422,140,420,139,417,138,414,139,413,140,413,141,413,141,413,143,414,144,417,144,422,144,422,144,426,144,431,144,431,143,429,142,426,141
320,138,317,137,316,136,316,135,316,135,316,133,316,131,316,131,316,130,316,128,316,128,316,127,314,126,311,125,308,124,307,123,307,122,307,122,307,120,305,119,302,119,299,118,298,117,296,116,293,115,290,115,289,114,288,113,285,112,282,113,280,114,280,115,280,115,280,117,279,118,276,119,273,119,271,120,271,122,271,122,271,123,271,125,271,125,271,127,271,128,271,128,271,130,271,131,271,131,271,133,273,134,276,135,279,135,280,136,282,137,285,138,288,138,289,140,290,141,293,141,296,142,298,143,299,144,302,144,305,145,307,146,308,147,311,148,316,148,316,148,320,148,323,147,324,146,324,144,324,144,324,143,324,141,324,141,324,140,323,139,320,138
276,203,273,202,271,201,270,200,267,200,262,200,262,200,258,200,255,199,254,198,254,196,254,196,254,195,252,194,249,193,246,192,245,191,243,190,240,190,237,190,236,191,236,193,236,193,236,195,236,196,236,196,236,198,236,200,236,200,236,201,236,203,236,203,236,204,237,205,240,206,245,206,245,206,249,206,252,207,254,208,252,209,249,209,246,210,245,211,246,212,249,212,252,213,254,214,255,215,258,216,261,216,262,217,264,218,267,219,270,218,271,217,271,216,271,216,271,214,270,213,267,212,264,212,262,211,264,210,267,209,271,209,271,209,276,209,279,209,280,208,280,206,280,206,280,204,279,203,276,203
249,109,246,109,245,110,246,111,249,112,252,111,254,110,252,109,249,109
240,102,236,102,236,104,237,105,240,106,243,105,245,104,243,103,240,102
231,99,227,99,227,101,228,102,231,102,236,102,236,101,234,100,231,99
231,177,228,176,227,175,227,174,227,174,227,172,227,170,227,170,227,169,226,168,223,167,220,167,218,165,217,164,214,164,211,163,209,162,209,161,209,161,209,159,209,157,209,157,209,156,208,155,205,154,200,154,200,154,196,154,193,155,192,156,192,157,192,157,192,159,193,160,196,161,199,161,200,162,200,164,200,164,200,165,202,167,205,167,208,168,209,169,209,170,209,170,209,172,211,173,214,174,217,174,218,175,218,177,218,177,218,178,220,180,223,180,226,181,227,182,227,183,227,183,227,185,228,186,231,187,234,186,236,185,236,183,236,183,236,182,236,180,236,180,236,178,234,177,231,177
223,96,220,96,218,97,220,99,223,99,227,99,227,97,226,96,223,96
196,80,193,80,192,81,193,82,196,83,199,82,200,81,199,80,196,80
