630,378,627,378,626,379,624,380,621,381,617,381,617,381,612,381,608,381,608,381,603,381,599,381,599,381,595,381,590,381,590,381,586,381,583,381,581,383,580,384,577,384,574,385,572,386,571,387,568,387,565,388,564,389,562,390,559,391,555,391,555,391,550,391,547,391,546,392,544,393,541,394,538,394,537,395,537,397,537,397,537,399,538,400,541,400,544,401,546,402,547,403,550,404,553,404,555,405,555,407,555,407,555,408,555,410,555,410,555,412,555,413,555,413,555,415,556,416,559,417,562,417,564,418,565,419,568,420,571,420,572,421,572,423,572,423,572,425,572,426,572,426,572,428,572,430,572,430,572,431,571,432,568,433,565,433,564,434,565,435,568,436,571,437,572,438,574,439,577,439,580,440,581,441,583,442,586,442,589,443,590,444,589,445,586,446,583,446,581,447,581,449,581,449,581,451,583,452,586,452,589,453,590,454,590,455,590,455,590,457,592,458,595,459,599,459,599,459,603,459,606,459,608,460,609,461,612,462,615,462,617,464,618,465,621,465,624,466,626,467,627,468,630,468,630,378
630,180,627,181,626,182,624,183,621,183,617,183,617,183,612,183,609,184,608,185,606,186,603,187,599,187,599,187,595,187,592,187,590,188,589,189,586,190,583,190,581,191,581,193,581,193,581,195,580,196,577,196,574,197,572,198,571,199,568,200,565,200,564,201,562,202,559,203,556,203,555,204,553,205,550,206,547,207,546,208,546,209,546,209,546,211,544,212,541,212,538,213,537,214,536,215,533,216,528,216,528,216,524,216,521,216,519,217,519,219,519,219,519,221,518,222,515,222,512,223,510,224,510,225,510,225,510,227,510,229,510,229,510,230,510,232,510,232,510,234,509,235,506,235,503,236,502,237,500,238,497,238,494,239,493,240,491,241,488,242,485,242,484,243,484,245,484,245,484,246,484,248,484,248,484,250,484,251,484,251,484,253,484,255,484,255,484,256,485,257,488,258,491,258,493,259,491,261,488,261,485,262,484,263,482,264,479,264,476,265,475,266,475,268,475,268,475,269,475,271,475,271,475,272,476,273,479,274,484,274,484,274,488,274,493,274,493,274,497,274,500,273,502,272,503,271,506,271,509,270,510,269,512,268,515,268,518,267,519,266,521,265,524,264,528,264,528,264,533,264,536,264,537,263,538,262,541,261,544,261,546,259,547,258,550,258,555,258,555,258,559,258,562,257,564,256,564,255,564,255,564,253,564,251,564,251,564,250,564,248,564,248,564,246,565,245,568,245,571,244,572,243,574,242,577,242,580,241,581,240,583,239,586,238,589,238,590,237,592,236,595,235,598,235,599,234,600,232,603,232,606,231,608,230,609,229,612,229,615,228,617,227,618,226,621,225,624,225,626,224,627,223,630,222,630,180
382,125,379,126,378,127,378,128,378,128,378,130,379,131,382,131,385,131,386,130,386,128,386,128,386,127,385,126,382,125
373,135,370,135,369,136,370,137,373,138,376,137,378,136,376,135,373,135
373,141,370,142,369,143,369,144,373,144,376,144,378,143,376,142,373,141
364,144,361,145,360,146,360,148,360,148,360,149,361,150,364,151,367,150,369,149,369,148,369,148,369,146,369,144,364,144
338,102,333,102,333,102,329,102,326,103,324,104,323,105,320,106,317,106,316,107,316,109,316,109,316,110,316,112,316,112,316,114,316,115,316,115,316,117,316,119,316,119,316,120,317,121,320,122,323,122,324,123,326,124,329,125,332,124,333,123,335,122,338,122,341,121,342,120,342,119,342,119,342,117,342,115,342,115,342,114,342,112,342,112,342,110,342,109,342,109,342,107,342,106,342,106,342,104,341,103,338,102
302,115,298,115,298,117,299,118,302,119,305,118,307,117,305,116,302,115
293,109,290,108,289,107,288,106,285,106,282,105,280,104,279,103,276,102,271,102,271,102,267,102,264,102,262,101,262,99,262,99,262,97,261,96,258,96,255,96,254,97,254,99,254,99,254,101,254,102,254,102,254,104,254,106,254,106,254,107,255,108,258,109,261,109,262,110,264,111,267,112,270,113,271,114,273,115,276,115,280,115,280,115,285,115,289,115,289,115,293,115,298,115,298,114,298,112,298,112,298,110,296,109,293,109
285,387,282,387,280,386,279,385,276,384,273,384,271,383,270,381,267,381,264,380,262,379,262,378,262,378,262,376,261,375,258,374,254,374,254,374,249,374,246,374,245,373,245,371,245,371,245,370,243,369,240,368,236,368,236,368,231,368,228,367,227,366,226,365,223,365,218,365,218,365,214,365,211,364,209,363,208,362,205,361,200,361,200,361,196,361,192,361,192,361,187,361,183,361,183,361,178,361,174,361,174,361,169,361,165,361,165,363,166,364,169,365,172,365,174,366,175,367,178,368,183,368,183,368,187,368,192,368,192,368,196,368,199,368,200,370,202,371,205,371,209,371,209,371,214,371,217,372,218,373,220,374,223,374,226,375,227,376,228,377,231,378,234,378,236,379,237,380,240,381,243,381,245,383,246,384,249,384,252,385,254,386,255,387,258,387,262,387,262,387,267,387,270,388,271,389,273,390,276,391,280,391,280,391,285,391,288,390,289,389,288,388,285,387
276,157,273,157,271,156,270,155,267,154,262,154,262,154,258,154,254,154,254,156,254,157,254,157,254,159,255,160,258,161,261,161,262,162,264,163,267,164,271,164,271,164,276,164,279,163,280,162,280,161,280,161,280,159,279,158,276,157
267,73,262,73,262,73,258,73,255,73,254,72,252,70,249,70,246,69,245,68,245,67,245,67,245,65,243,64,240,63,236,63,236,63,231,63,227,63,227,63,223,63,220,64,218,65,218,67,218,67,218,68,218,70,218,70,218,72,220,73,223,73,226,74,227,75,227,76,227,76,227,78,228,79,231,80,234,80,236,81,236,83,236,83,236,85,237,86,240,86,245,86,245,86,249,86,252,86,254,85,255,83,258,83,261,82,262,81,264,80,267,80,270,79,271,78,271,76,271,76,271,75,270,74,267,73
249,151,246,151,245,153,246,154,249,154,254,154,254,153,252,151,249,151
214,349,209,349,209,349,205,349,202,349,200,350,202,351,205,352,209,352,209,352,214,352,217,351,218,350,217,349,214,349
178,349,175,348,174,347,172,346,169,345,166,345,165,344,164,343,161,342,156,342,156,342,152,342,149,342,147,340,146,339,143,339,138,339,138,339,134,339,131,339,130,340,131,341,134,342,137,343,138,344,140,345,143,345,146,346,147,347,149,348,152,349,155,349,156,350,158,351,161,352,165,352,165,352,169,352,174,352,174,352,178,352,181,351,183,350,181,349,178,349
161,358,158,359,156,360,158,361,161,361,165,361,165,360,164,359,161,358
