497,245,493,245,493,245,488,245,485,244,484,243,484,242,484,242,484,240,482,239,479,238,476,239,475,240,474,241,471,242,468,242,466,243,465,244,462,245,459,245,457,246,459,248,462,248,466,248,466,248,471,248,474,249,475,250,476,251,479,251,484,251,484,251,488,251,491,252,493,253,493,255,493,255,493,256,494,257,497,258,500,257,502,256,502,255,502,255,502,253,502,251,502,251,502,250,502,248,502,248,502,246,500,245,497,245
391,170,388,171,386,172,388,173,391,174,394,173,395,172,394,171,391,170
391,183,388,183,386,182,386,180,386,180,386,178,385,177,382,177,379,176,378,175,378,174,378,174,378,172,378,170,378,170,378,169,379,168,382,167,385,167,386,165,386,164,386,164,386,162,385,161,382,161,379,160,378,159,378,157,378,157,378,156,378,154,378,154,378,153,378,151,378,151,378,149,378,148,378,148,378,146,378,144,378,144,378,143,376,142,373,141,370,141,369,140,369,138,369,138,369,136,369,135,369,135,369,133,367,132,364,131,361,131,360,130,360,128,360,128,360,127,360,125,360,125,360,123,358,122,355,122,352,121,351,120,351,119,351,119,351,117,351,115,351,115,351,114,350,113,347,112,344,112,342,110,342,109,342,109,342,107,341,106,338,106,335,105,333,104,333,102,333,102,333,101,335,100,338,99,341,100,342,101,344,102,347,102,351,102,351,102,355,102,358,102,360,101,360,99,360,99,360,97,358,96,355,96,352,95,351,94,351,93,351,93,351,91,350,90,347,89,344,89,342,88,342,86,342,86,342,85,341,83,338,83,335,82,333,81,332,80,329,80,326,79,324,78,323,77,320,76,316,76,316,76,311,76,307,76,307,76,302,76,299,76,298,75,298,73,298,73,298,72,298,70,298,70,298,68,296,67,293,67,289,67,289,67,285,67,282,66,280,65,279,64,276,63,273,63,271,62,270,61,267,60,262,60,262,60,258,60,255,60,254,59,252,58,249,57,246,56,245,55,243,54,240,54,236,54,236,54,231,54,228,53,227,52,226,51,223,50,220,50,218,49,217,48,214,47,211,48,209,49,208,50,205,50,202,51,200,52,200,54,200,54,200,55,200,57,200,57,200,59,202,60,205,60,208,61,209,62,209,63,209,63,209,65,209,67,209,67,209,68,209,70,209,70,209,72,211,73,214,73,217,74,218,75,218,76,218,76,218,78,218,80,218,80,218,81,218,83,218,83,218,85,217,86,214,86,211,87,209,88,209,89,209,89,209,91,208,92,205,93,200,93,200,93,196,93,193,92,192,91,190,90,187,89,184,89,183,88,183,86,183,86,183,85,181,83,178,83,175,83,174,85,172,86,169,86,166,87,165,88,164,89,161,89,156,89,156,89,152,89,149,89,147,88,146,87,143,86,140,87,138,88,137,89,134,89,131,90,130,91,130,93,130,93,130,94,128,95,125,96,122,96,121,97,119,99,116,99,113,99,112,97,110,96,107,96,103,96,103,96,99,96,96,96,94,97,94,99,94,99,94,101,94,102,94,102,94,104,94,106,94,106,94,107,94,109,94,109,94,110,94,112,94,112,94,114,94,115,94,115,94,117,96,118,99,119,102,119,103,120,103,122,103,122,103,123,103,125,103,125,103,127,103,128,103,128,103,130,104,131,107,131,110,132,112,133,110,134,107,135,104,135,103,136,103,138,103,138,103,140,103,141,103,141,103,143,103,144,103,144,103,146,104,147,107,148,110,148,112,149,113,150,116,151,121,151,121,151,125,151,130,151,130,151,134,151,138,151,138,151,143,151,146,150,147,149,147,148,143,148,138,148,138,148,134,148,131,147,130,146,128,145,125,144,122,144,121,143,122,142,125,141,130,141,130,141,134,141,138,141,138,141,143,141,146,142,147,143,147,144,147,144,147,146,147,148,152,148,156,148,156,148,161,148,165,148,165,148,169,148,172,148,174,149,175,150,178,151,183,151,183,151,187,151,190,150,192,149,193,148,196,148,199,147,200,146,200,144,200,144,200,143,202,142,205,141,208,141,209,140,209,138,209,138,209,136,209,135,209,135,209,133,209,131,209,131,209,130,208,129,205,128,202,128,200,127,200,125,200,125,200,123,199,122,196,122,193,121,192,120,193,119,196,119,199,118,200,117,200,115,200,115,200,114,200,112,200,112,200,110,200,109,200,109,200,107,200,106,200,106,200,104,200,102,200,102,200,101,199,100,196,99,193,99,192,97,193,96,196,96,200,96,200,96,205,96,209,96,209,96,214,96,217,96,218,97,220,99,223,99,227,99,227,99,231,99,234,100,236,101,237,102,240,102,243,103,245,104,246,105,249,106,252,106,254,107,255,108,258,109,262,109,262,109,267,109,270,109,271,110,273,111,276,112,279,113,280,114,280,115,280,115,280,117,280,119,280,119,280,120,282,121,285,122,288,122,289,123,289,125,289,125,289,127,289,128,289,128,289,130,290,131,293,131,296,132,298,133,298,135,298,135,298,136,298,138,298,138,298,140,298,141,298,141,298,143,298,144,298,144,298,146,299,147,302,148,305,148,307,149,307,151,307,151,307,153,308,154,311,154,314,155,316,156,316,157,316,157,316,159,316,161,316,161,316,162,317,163,320,164,323,164,324,165,324,167,324,167,324,169,324,170,324,170,324,172,326,173,329,174,332,174,333,175,333,177,333,177,333,178,335,180,338,180,342,180,342,180,347,180,351,180,351,180,355,180,358,181,360,182,361,183,364,183,369,183,369,183,373,183,376,184,378,185,378,187,378,187,378,188,379,189,382,190,386,190,386,190,391,190,394,189,395,188,395,187,395,187,395,185,394,184,391,183
276,93,273,92,271,91,271,89,271,89,271,88,270,87,267,86,262,86,262,86,258,86,255,87,254,88,254,89,254,89,254,91,255,92,258,93,261,93,262,94,264,95,267,96,271,96,271,96,276,96,279,95,280,94,279,93,276,93
231,83,228,83,227,85,227,86,227,86,227,88,228,89,231,89,234,89,236,88,236,86,236,86,236,85,234,83,231,83
214,235,211,235,209,234,209,232,209,232,209,230,208,229,205,229,200,229,200,229,196,229,192,229,192,229,187,229,184,229,183,230,183,232,183,232,183,234,184,235,187,235,190,236,192,237,192,238,192,238,192,240,192,242,196,242,200,242,200,242,205,242,208,241,209,240,211,239,214,238,217,238,218,237,217,236,214,235
196,73,193,74,192,75,192,76,196,76,199,76,200,75,199,74,196,73
187,76,184,77,183,78,184,79,187,80,190,79,192,78,192,76,187,76
187,242,184,242,183,243,184,244,187,245,190,244,192,243,192,242,187,242
63,180,60,181,59,182,60,183,63,183,66,183,68,182,66,181,63,180
