630,248,627,248,626,246,626,245,626,245,626,243,624,242,621,242,618,241,617,240,617,238,617,238,617,237,615,236,612,235,609,235,608,234,608,232,608,232,608,230,608,229,608,229,608,227,608,225,608,225,608,224,606,223,603,222,600,222,599,221,599,219,599,219,599,217,599,216,599,216,599,214,598,213,595,212,592,212,590,211,589,210,586,209,583,209,581,208,581,206,581,206,581,204,580,203,577,203,574,202,572,201,572,200,572,200,572,198,572,196,572,196,572,195,572,193,572,193,572,191,572,190,572,190,572,188,571,187,568,187,564,187,564,187,559,187,556,186,555,185,553,184,550,183,546,183,546,183,541,183,538,184,537,185,536,186,533,187,528,187,528,187,524,187,521,187,519,188,518,189,515,190,510,190,510,190,506,190,503,189,502,188,502,187,502,187,502,185,502,183,502,183,502,182,500,181,497,180,494,180,493,178,493,177,493,177,493,175,491,174,488,174,484,174,484,174,479,174,476,174,475,175,475,177,475,177,475,178,474,180,471,180,468,181,466,182,465,183,462,183,459,184,457,185,456,186,453,187,450,187,448,188,447,189,444,190,441,189,440,188,438,187,435,187,432,187,431,188,429,189,426,190,422,190,422,190,417,190,414,190,413,191,412,192,409,193,406,194,404,195,404,196,404,196,404,198,406,199,409,200,413,200,413,200,417,200,420,199,422,198,423,197,426,196,429,196,431,195,432,194,435,193,438,194,440,195,441,196,444,196,448,196,448,196,453,196,457,196,457,196,462,196,465,196,466,195,468,194,471,193,474,194,475,195,476,196,479,196,482,197,484,198,484,200,484,200,484,201,484,203,484,203,484,204,485,205,488,206,491,207,493,208,494,209,497,209,500,210,502,211,503,212,506,212,509,213,510,214,512,215,515,216,518,216,519,217,521,218,524,219,527,219,528,221,530,222,533,222,537,222,537,222,541,222,546,222,546,222,550,222,553,223,555,224,555,225,555,225,555,227,556,228,559,229,562,229,564,230,564,232,564,232,564,234,565,235,568,235,571,236,572,237,572,238,572,238,572,240,572,242,572,242,572,243,574,244,577,245,580,245,581,246,581,248,581,248,581,250,581,251,581,251,581,253,583,254,586,255,589,255,590,256,590,258,590,258,590,259,592,261,595,261,598,262,599,263,600,264,603,264,606,265,608,266,608,268,608,268,608,269,609,270,612,271,615,271,617,272,618,273,621,274,624,275,626,276,627,277,630,277,630,248
249,290,245,290,245,290,240,290,236,290,236,290,231,290,228,291,227,292,227,293,227,293,227,295,227,297,227,297,227,298,228,299,231,300,234,300,236,302,237,303,240,303,243,303,245,302,246,300,249,300,252,299,254,298,254,297,254,297,254,295,254,293,254,293,254,292,252,291,249,290
249,306,246,307,245,308,245,310,245,310,245,311,246,312,249,313,252,312,254,311,254,310,254,310,254,308,252,307,249,306
214,287,211,288,209,289,211,290,214,290,217,290,218,289,217,288,214,287
214,297,209,297,209,298,211,299,214,300,217,299,218,298,217,297,214,297
205,293,200,293,200,295,202,296,205,297,209,297,209,295,208,294,205,293
196,290,193,291,192,292,193,293,196,293,200,293,200,292,199,291,196,290
178,264,175,264,174,263,172,262,169,261,166,262,165,263,164,264,161,264,158,265,156,266,158,267,161,268,164,268,165,269,166,270,169,271,172,270,174,269,175,268,178,268,181,267,183,266,181,265,178,264
143,261,140,262,138,263,140,264,143,264,146,264,147,263,146,262,143,261
107,465,104,466,103,467,104,468,107,468,110,468,112,467,110,466,107,465
37,200,34,200,32,201,32,203,37,203,40,202,41,201,40,200,37,200
37,209,34,209,32,208,32,206,32,206,32,204,32,203,28,203,25,203,23,204,23,206,23,206,23,208,23,209,23,209,23,211,25,212,28,212,32,212,32,212,37,212,40,212,41,211,40,210,37,209
28,187,23,187,23,187,19,187,16,187,14,188,16,189,19,190,22,190,23,191,25,192,28,193,31,192,32,191,32,190,32,190,32,188,31,187,28,187
