630,384,626,384,626,384,621,384,618,384,617,383,615,381,612,381,609,381,608,383,606,384,603,384,600,385,599,386,599,387,599,387,599,389,599,391,599,391,599,392,599,394,599,394,599,395,599,397,599,397,599,399,599,400,599,400,599,402,598,403,595,404,592,404,590,405,590,407,590,407,590,408,589,410,586,410,583,411,581,412,581,413,581,413,581,415,581,417,581,417,581,418,581,420,581,420,581,421,581,423,581,423,581,425,581,426,581,426,581,428,583,429,586,430,589,430,590,431,590,433,590,433,590,434,592,435,595,436,598,437,599,438,599,439,599,439,599,441,599,442,599,442,599,444,599,446,599,446,599,447,598,448,595,449,592,449,590,451,590,452,590,452,590,454,590,455,590,455,590,457,592,458,595,459,598,459,599,460,600,461,603,462,606,462,608,464,609,465,612,465,615,466,617,467,618,468,621,468,626,468,626,468,630,468,630,384
630,187,626,187,626,187,621,187,618,187,617,188,615,189,612,190,608,190,608,190,603,190,600,190,599,191,598,192,595,193,592,194,590,195,590,196,590,196,590,198,589,199,586,200,583,200,581,201,580,202,577,203,574,203,572,204,571,205,568,206,565,207,564,208,564,209,564,209,564,211,562,212,559,212,556,213,555,214,553,215,550,216,547,216,546,217,544,218,541,219,538,219,537,221,537,222,537,222,537,224,536,225,533,225,530,226,528,227,527,228,524,229,521,229,519,230,519,232,519,232,519,234,518,235,515,235,512,236,510,237,509,238,506,238,503,239,502,240,502,242,502,242,502,243,500,244,497,245,494,245,493,246,493,248,493,248,493,250,493,251,493,251,493,253,493,255,493,255,493,256,493,258,493,258,493,259,493,261,493,261,493,263,491,264,488,264,485,265,484,266,484,268,484,268,484,269,484,271,484,271,484,272,485,273,488,274,493,274,493,274,497,274,502,274,502,274,506,274,509,273,510,272,512,271,515,271,518,270,519,269,521,268,524,268,527,267,528,266,530,265,533,264,536,264,537,263,538,262,541,261,544,261,546,259,547,258,550,258,555,258,555,258,559,258,562,257,564,256,564,255,564,255,564,253,565,252,568,251,571,251,572,250,572,248,572,248,572,246,574,245,577,245,580,244,581,243,581,242,581,242,581,240,583,239,586,238,589,238,590,237,592,236,595,235,598,235,599,234,599,232,599,232,599,230,600,229,603,229,606,228,608,227,609,226,612,225,617,225,617,225,621,225,624,225,626,224,627,223,630,222,630,187
382,128,379,129,378,130,379,131,382,131,385,131,386,130,385,129,382,128
373,141,370,142,369,143,369,144,369,144,369,146,369,148,373,148,376,147,378,146,378,144,378,144,378,143,376,142,373,141
364,148,361,148,360,149,360,151,360,151,360,153,361,154,364,154,367,154,369,153,369,151,369,151,369,149,369,148,364,148
338,112,333,112,333,112,329,112,326,113,324,114,324,115,324,115,324,117,326,118,329,119,333,119,333,119,338,119,341,118,342,117,342,115,342,115,342,114,341,113,338,112
329,170,326,170,324,169,323,168,320,167,317,168,316,169,314,170,311,170,308,171,307,172,307,174,307,174,307,175,307,177,311,177,316,177,316,177,320,177,323,176,324,175,326,174,329,174,332,173,333,172,332,171,329,170
311,387,308,388,307,389,305,390,302,391,298,391,298,391,293,391,289,391,289,392,290,393,293,394,296,394,298,395,299,397,302,397,307,397,307,397,311,397,314,397,316,395,316,394,316,394,316,392,316,391,316,391,316,389,314,388,311,387
302,119,299,119,298,120,299,121,302,122,305,121,307,120,305,119,302,119
302,177,299,177,298,178,299,180,302,180,305,180,307,178,307,177,302,177
285,177,280,177,280,177,276,177,271,177,271,177,267,177,264,176,262,175,261,174,258,174,254,174,254,174,249,174,246,173,245,172,243,171,240,170,236,170,236,170,231,170,228,171,227,172,228,173,231,174,234,174,236,175,237,176,240,177,243,177,245,178,246,180,249,180,252,181,254,182,254,183,258,183,262,183,262,183,267,183,271,183,271,183,276,183,279,183,280,182,282,181,285,180,288,180,289,178,288,177,285,177
285,378,282,377,280,376,280,374,280,374,280,373,279,372,276,371,273,371,271,370,271,368,271,368,271,366,270,365,267,365,262,365,262,365,258,365,254,365,254,365,249,365,245,365,245,365,240,365,236,365,236,365,231,365,227,365,227,365,223,365,218,365,218,365,214,365,209,365,209,365,205,365,202,364,200,363,199,362,196,361,192,361,192,361,187,361,183,361,183,361,178,361,175,361,174,360,172,359,169,358,165,358,165,358,161,358,158,358,156,357,155,356,152,355,147,355,147,355,143,355,140,354,138,353,137,352,134,352,131,352,130,353,130,355,130,355,130,357,131,358,134,358,137,359,138,360,140,361,143,361,147,361,147,361,152,361,155,362,156,363,158,364,161,365,164,365,165,366,166,367,169,368,172,368,174,370,175,371,178,371,183,371,183,371,187,371,192,371,192,371,196,371,199,372,200,373,202,374,205,374,209,374,209,374,214,374,217,375,218,376,220,377,223,378,226,378,227,379,228,380,231,381,234,381,236,383,237,384,240,384,245,384,245,384,249,384,252,385,254,386,255,387,258,387,261,388,262,389,264,390,267,391,271,391,271,391,276,391,280,391,280,391,285,391,289,391,289,389,288,388,285,387,282,387,280,386,280,384,280,384,280,383,282,381,285,381,288,380,289,379,288,378,285,378
276,109,273,108,271,107,271,106,271,106,271,104,270,103,267,102,264,102,262,101,262,99,262,99,262,97,261,96,258,96,255,95,254,94,252,93,249,93,246,93,245,94,245,96,245,96,245,97,245,99,245,99,245,101,243,102,240,102,237,102,236,101,234,100,231,99,228,99,227,97,226,96,223,96,220,96,218,97,218,99,218,99,218,101,220,102,223,102,226,103,227,104,228,105,231,106,234,106,236,107,236,109,236,109,236,110,236,112,236,112,236,114,236,115,236,115,236,117,237,118,240,119,245,119,245,119,249,119,252,119,254,120,254,122,254,122,254,123,255,124,258,125,261,124,262,123,262,122,262,122,262,120,262,119,262,119,262,117,264,116,267,115,270,115,271,114,273,113,276,112,279,111,280,110,279,109,276,109
258,73,255,73,254,72,252,70,249,70,246,69,245,68,243,67,240,67,237,66,236,65,234,64,231,63,227,63,227,63,223,63,220,64,218,65,218,67,218,67,218,68,218,70,218,70,218,72,218,73,218,73,218,75,218,76,218,76,218,78,220,79,223,80,226,80,227,81,227,83,227,83,227,85,228,86,231,86,234,87,236,88,237,89,240,89,245,89,245,89,249,89,252,89,254,88,254,86,254,86,254,85,255,83,258,83,261,82,262,81,262,80,262,80,262,78,262,76,262,76,262,75,261,74,258,73
249,183,246,184,245,185,246,186,249,187,252,186,254,185,254,183,249,183
