630,442,626,442,626,444,626,446,626,446,626,447,626,449,626,449,626,451,624,452,621,452,617,452,617,452,612,452,609,453,608,454,608,455,608,455,608,457,608,459,608,459,608,460,608,462,608,462,608,464,608,465,608,465,608,467,608,468,608,468,608,470,619,470,630,470,630,442
621,430,618,430,617,431,617,433,617,433,617,434,617,436,617,436,617,438,617,439,617,439,617,441,618,442,621,442,626,442,626,441,626,439,626,439,626,438,626,436,626,436,626,434,626,433,626,433,626,431,624,430,621,430
550,271,547,271,546,272,544,273,541,274,538,273,537,272,536,271,533,271,530,270,528,269,527,268,524,268,521,267,519,266,519,264,519,264,519,263,519,261,519,261,519,259,519,258,519,258,519,256,519,255,519,255,519,253,518,252,515,251,512,251,510,250,509,249,506,248,503,248,502,246,502,245,502,245,502,243,502,242,502,242,502,240,500,239,497,238,494,238,493,237,493,235,493,235,493,234,493,232,493,232,493,230,491,229,488,229,485,228,484,227,484,225,484,225,484,224,482,223,479,222,476,222,475,221,474,219,471,219,468,219,466,221,465,222,462,222,459,223,457,224,457,225,457,225,457,227,456,228,453,229,450,228,448,227,448,225,448,225,448,224,447,223,444,222,441,223,440,224,440,225,440,225,440,227,438,228,435,229,432,229,431,230,431,232,431,232,431,234,431,235,431,235,431,237,431,238,431,238,431,240,431,242,431,242,431,243,431,245,431,245,431,246,431,248,431,248,431,250,431,251,431,251,431,253,431,255,431,255,431,256,431,258,431,258,431,259,432,261,435,261,440,261,440,261,444,261,448,261,448,261,453,261,456,262,457,263,459,264,462,264,465,265,466,266,468,267,471,268,474,268,475,269,476,270,479,271,482,271,484,272,485,273,488,274,491,275,493,276,493,277,497,277,500,278,502,279,503,280,506,280,509,281,510,282,510,284,510,284,510,285,512,286,515,287,518,288,519,289,519,290,519,290,519,292,521,293,524,293,527,294,528,295,530,296,533,297,537,297,537,297,541,297,544,296,546,295,544,294,541,293,538,293,537,292,538,291,541,290,546,290,546,290,550,290,553,290,555,289,555,287,555,287,555,285,555,284,555,284,555,282,555,280,555,280,555,279,555,277,555,277,555,276,555,274,555,274,555,272,553,271,550,271
541,277,537,277,537,277,533,277,530,278,528,279,530,280,533,280,536,281,537,282,537,284,537,284,537,285,538,286,541,287,544,286,546,285,546,284,546,284,546,282,546,280,546,280,546,279,544,278,541,277
541,264,538,265,537,266,538,267,541,268,544,267,546,266,544,265,541,264
488,277,485,278,484,279,485,280,488,280,491,280,493,279,493,277,488,277
417,352,414,352,413,353,414,354,417,355,420,354,422,353,420,352,417,352
409,358,406,359,404,360,406,361,409,361,412,361,413,360,412,359,409,358
400,365,397,365,395,366,394,367,391,368,388,369,386,370,388,371,391,371,395,371,395,371,400,371,403,371,404,370,404,368,404,368,404,366,403,365,400,365
391,141,388,142,386,143,385,144,382,144,379,144,378,143,378,141,378,141,378,140,378,138,378,138,378,136,376,135,373,135,370,134,369,133,369,131,369,131,369,130,367,129,364,128,361,128,360,127,360,125,360,125,360,123,360,122,360,122,360,120,358,119,355,119,352,118,351,117,351,115,351,115,351,114,350,113,347,112,344,112,342,110,342,109,342,109,342,107,342,106,342,106,342,104,342,102,342,102,342,101,344,100,347,99,350,100,351,101,352,102,355,102,358,103,360,104,361,105,364,106,367,105,369,104,369,102,369,102,369,101,367,100,364,99,361,99,360,97,358,96,355,96,352,95,351,94,351,93,351,93,351,91,351,89,351,89,351,88,351,86,351,86,351,85,350,83,347,83,344,82,342,81,342,80,342,80,342,78,341,77,338,76,335,76,333,75,332,74,329,73,324,73,324,73,320,73,316,73,316,73,311,73,307,73,307,73,302,73,298,73,298,75,298,76,298,76,298,78,298,80,298,80,298,81,299,82,302,83,305,83,307,85,307,86,307,86,307,88,307,89,307,89,307,91,307,93,307,93,307,94,307,96,307,96,307,97,307,99,307,99,307,101,307,102,307,102,307,104,308,105,311,106,314,106,316,107,316,109,316,109,316,110,316,112,316,112,316,114,316,115,316,115,316,117,316,119,316,119,316,120,316,122,316,122,316,123,316,125,316,125,316,127,316,128,316,128,316,130,316,131,316,131,316,133,316,135,316,135,316,136,316,138,316,138,316,140,316,141,316,141,316,143,316,144,316,144,316,146,316,148,316,148,316,149,316,151,316,151,316,153,316,154,316,154,316,156,316,157,316,157,316,159,316,161,316,161,316,162,316,164,316,164,316,165,316,167,316,167,316,169,316,170,316,170,316,172,314,173,311,174,308,174,307,175,307,177,307,177,307,178,307,180,307,180,307,182,307,183,307,183,307,185,307,187,307,187,307,188,307,190,311,190,314,189,316,188,317,187,320,187,323,186,324,185,326,184,329,183,333,183,333,183,338,183,341,183,342,182,344,181,347,180,351,180,351,180,355,180,358,181,360,182,361,183,364,183,369,183,369,183,373,183,376,183,378,182,379,181,382,180,385,180,386,178,386,177,386,177,386,175,386,174,386,174,386,172,388,171,391,170,394,170,395,169,395,167,395,167,395,165,395,164,395,164,395,162,395,161,395,161,395,159,395,157,395,157,395,156,395,154,395,154,395,153,395,151,395,151,395,149,395,148,395,148,395,146,395,144,395,144,395,143,394,142,391,141
302,190,299,190,298,191,299,192,302,193,305,192,307,191,307,190,302,190
293,63,290,63,289,62,288,61,285,60,282,60,280,59,279,58,276,57,273,56,271,55,270,54,267,54,262,54,262,54,258,54,254,54,254,54,249,54,245,54,245,54,240,54,236,54,236,54,231,54,227,54,227,54,223,54,220,53,218,52,217,51,214,50,209,50,209,50,205,50,202,50,200,49,200,47,200,47,200,46,199,45,196,44,192,44,192,44,187,44,183,44,183,44,178,44,175,45,174,46,172,47,169,47,165,47,165,47,161,47,158,48,156,49,156,50,156,50,156,52,156,54,156,54,156,55,156,57,156,57,156,59,155,60,152,60,149,61,147,62,147,63,147,63,147,65,147,67,147,67,147,68,146,69,143,70,140,70,138,72,137,73,134,73,131,74,130,75,128,76,125,76,122,77,121,78,119,79,116,80,113,80,112,81,110,82,107,83,103,83,103,83,99,83,96,83,94,85,94,86,94,86,94,88,93,89,90,89,87,90,85,91,85,93,85,93,85,94,84,95,81,96,78,96,76,97,76,99,76,99,76,101,76,102,76,102,76,104,76,106,76,106,76,107,76,109,76,109,76,110,78,111,81,112,84,113,85,114,85,115,85,115,85,117,87,118,90,119,93,119,94,120,94,122,94,122,94,123,96,124,99,125,102,126,103,127,104,128,107,128,110,129,112,130,113,131,116,131,121,131,121,131,125,131,128,132,130,133,131,134,134,135,137,135,138,136,140,137,143,138,146,138,147,140,149,141,152,141,156,141,156,141,161,141,164,142,165,143,166,144,169,144,174,144,174,144,178,144,181,144,183,143,183,141,183,141,183,140,184,138,187,138,190,137,192,136,192,135,192,135,192,133,192,131,192,131,192,130,192,128,192,128,192,127,193,126,196,125,199,124,200,123,200,122,200,122,200,120,200,119,200,119,200,117,200,115,200,115,200,114,200,112,200,112,200,110,200,109,200,109,200,107,202,106,205,106,208,105,209,104,209,102,209,102,209,101,211,100,214,99,217,99,218,97,220,96,223,96,227,96,227,96,231,96,234,95,236,94,236,93,236,93,236,91,236,89,236,89,236,88,236,86,236,86,236,85,234,83,231,83,228,83,227,85,226,86,223,86,220,87,218,88,217,89,214,89,209,89,209,89,205,89,202,89,200,88,200,86,200,86,200,85,200,83,200,83,200,81,202,80,205,80,208,79,209,78,209,76,209,76,209,75,211,74,214,73,217,73,218,72,220,70,223,70,226,70,227,72,228,73,231,73,234,73,236,72,237,70,240,70,245,70,245,70,249,70,254,70,254,70,258,70,262,70,262,70,267,70,270,70,271,72,273,73,276,73,279,73,280,72,282,70,285,70,288,70,289,72,290,73,293,73,298,73,298,72,298,70,298,70,298,68,298,67,298,67,298,65,296,64,293,63
276,200,273,200,271,201,273,202,276,203,279,202,280,201,279,200,276,200
231,203,227,203,227,203,223,203,218,203,218,203,214,203,211,202,209,201,208,200,205,200,200,200,200,200,196,200,192,200,192,200,187,200,183,200,183,200,178,200,174,200,174,200,169,200,166,200,165,201,165,203,165,203,165,204,165,206,165,206,165,208,165,209,165,209,165,211,166,212,169,212,172,213,174,214,174,216,174,216,174,217,174,219,174,219,174,221,174,222,174,222,174,224,175,225,178,225,181,226,183,227,184,228,187,229,190,228,192,227,192,225,192,225,192,224,192,222,192,222,192,221,192,219,192,219,192,217,193,216,196,216,199,215,200,214,202,213,205,212,208,212,209,211,211,210,214,209,218,209,218,209,223,209,226,209,227,208,228,207,231,206,234,205,236,204,234,203,231,203
196,144,193,145,192,146,193,147,196,148,199,147,200,146,199,145,196,144
178,157,175,157,174,156,172,155,169,154,165,154,165,154,161,154,156,154,156,154,152,154,149,155,147,156,149,157,152,157,155,158,156,159,158,160,161,161,165,161,165,161,169,161,174,161,174,161,178,161,181,160,183,159,181,158,178,157
134,203,131,202,130,201,128,200,125,200,121,200,121,200,116,200,113,200,112,201,113,202,116,203,119,203,121,204,122,205,125,206,128,207,130,208,131,209,134,209,137,209,138,208,138,206,138,206,138,204,137,203,134,203
72,170,69,170,68,169,66,168,63,167,60,167,59,165,57,164,54,164,51,164,50,165,50,167,50,167,50,169,51,170,54,170,57,171,59,172,59,174,59,174,59,175,59,177,59,177,59,178,60,180,63,180,68,180,68,180,72,180,75,180,76,178,76,177,76,177,76,175,76,174,76,174,76,172,75,171,72,170
