630,404,627,404,626,405,624,406,621,407,618,407,617,408,615,410,612,410,609,411,608,412,608,413,608,413,608,415,606,416,603,417,600,417,599,418,599,420,599,420,599,421,598,422,595,423,592,424,590,425,590,426,590,426,590,428,592,429,595,430,598,430,599,431,600,432,603,433,606,433,608,434,608,436,608,436,608,438,608,439,608,439,608,441,609,442,612,442,615,443,617,444,617,446,617,446,617,447,617,449,617,449,617,451,617,452,617,452,617,454,617,455,617,455,617,457,617,459,617,459,617,460,617,462,617,462,617,464,618,465,621,465,624,466,626,467,627,468,630,468,630,404
630,190,627,190,626,191,624,192,621,193,617,193,617,193,612,193,608,193,608,193,603,193,600,194,599,195,599,196,599,196,599,198,598,199,595,200,592,200,590,201,589,202,586,203,583,203,581,204,580,205,577,206,572,206,572,206,568,206,565,207,564,208,564,209,564,209,564,211,562,212,559,212,556,213,555,214,555,216,555,216,555,217,555,219,555,219,555,221,553,222,550,222,546,222,546,222,541,222,538,223,537,224,537,225,537,225,537,227,536,228,533,229,530,229,528,230,527,231,524,232,521,232,519,234,518,235,515,235,512,236,510,237,510,238,510,238,510,240,510,242,510,242,510,243,509,244,506,245,503,245,502,246,500,248,497,248,494,249,493,250,493,251,493,251,493,253,493,255,493,255,493,256,493,258,493,258,493,259,493,261,493,261,493,263,491,264,488,264,485,265,484,266,484,268,484,268,484,269,485,270,488,271,491,271,493,272,494,273,497,274,502,274,502,274,506,274,510,274,510,274,515,274,518,273,519,272,519,271,519,271,519,269,521,268,524,268,528,268,528,268,533,268,536,267,537,266,538,265,541,264,544,264,546,263,547,262,550,261,553,261,555,259,556,258,559,258,562,257,564,256,564,255,564,255,564,253,565,252,568,251,571,251,572,250,572,248,572,248,572,246,574,245,577,245,580,244,581,243,581,242,581,242,581,240,583,239,586,238,589,238,590,237,590,235,590,235,590,234,592,232,595,232,598,231,599,230,600,229,603,229,606,228,608,227,609,226,612,225,617,225,617,225,621,225,624,225,626,224,627,223,630,222,630,190
559,326,556,326,555,327,555,329,555,329,555,331,556,332,559,332,562,332,564,331,564,329,564,329,564,327,562,326,559,326
347,397,344,397,342,395,341,394,338,394,333,394,333,394,329,394,326,393,324,392,323,391,320,391,317,390,316,389,314,388,311,387,308,387,307,386,305,385,302,384,299,384,298,383,296,381,293,381,290,380,289,379,289,378,289,378,289,376,288,375,285,374,282,374,280,373,279,372,276,371,273,371,271,370,271,368,271,368,271,366,270,365,267,365,262,365,262,365,258,365,254,365,254,365,249,365,245,365,245,365,240,365,236,365,236,365,231,365,227,365,227,365,223,365,218,365,218,365,214,365,209,365,209,365,205,365,200,365,200,365,196,365,193,364,192,363,190,362,187,361,183,361,183,361,178,361,175,361,174,360,172,359,169,358,165,358,165,358,161,358,156,358,156,358,152,358,149,358,147,357,146,356,143,355,140,354,138,353,137,352,134,352,131,352,130,353,130,355,130,355,130,357,131,358,134,358,137,359,138,360,140,361,143,361,147,361,147,361,152,361,155,362,156,363,158,364,161,365,164,365,165,366,166,367,169,368,172,368,174,370,175,371,178,371,181,372,183,373,184,374,187,374,192,374,192,374,196,374,199,374,200,373,202,372,205,371,209,371,209,371,214,371,217,372,218,373,220,374,223,374,226,375,227,376,226,377,223,378,218,378,218,378,214,378,209,378,209,378,205,378,202,378,200,379,202,380,205,381,209,381,209,381,214,381,218,381,218,381,223,381,226,381,227,383,228,384,231,384,234,385,236,386,237,387,240,387,245,387,245,387,249,387,254,387,254,387,258,387,261,388,262,389,264,390,267,391,271,391,271,391,276,391,279,391,280,392,282,393,285,394,288,394,289,395,290,397,293,397,296,398,298,399,299,400,302,400,307,400,307,400,311,400,316,400,316,400,320,400,324,400,324,400,329,400,333,400,333,400,338,400,341,401,342,402,344,403,347,404,350,403,351,402,351,400,351,400,351,399,350,398,347,397
329,167,324,167,324,167,320,167,317,168,316,169,314,170,311,170,308,171,307,172,307,174,307,174,307,175,305,176,302,177,299,177,298,178,299,180,302,180,307,180,307,180,311,180,316,180,316,180,320,180,323,180,324,178,326,177,329,177,332,176,333,175,333,174,333,174,333,172,333,170,333,170,333,169,332,168,329,167
302,119,299,119,298,120,299,121,302,122,305,121,307,120,305,119,302,119
285,177,280,177,280,177,276,177,271,177,271,177,267,177,264,176,262,175,261,174,258,174,254,174,254,174,249,174,246,174,245,175,246,176,249,177,252,177,254,178,255,180,258,180,262,180,262,180,267,180,270,181,271,182,273,183,276,183,279,183,280,182,282,181,285,180,288,180,289,178,288,177,285,177
276,109,273,108,271,107,271,106,271,106,271,104,270,103,267,102,264,102,262,101,262,99,262,99,262,97,261,96,258,96,255,95,254,94,252,93,249,93,246,93,245,94,245,96,245,96,245,97,243,99,240,99,236,99,236,99,231,99,228,99,227,97,226,96,223,96,220,96,218,97,218,99,218,99,218,101,220,102,223,102,226,103,227,104,227,106,227,106,227,107,227,109,227,109,227,110,228,111,231,112,234,113,236,114,236,115,236,115,236,117,236,119,236,119,236,120,237,121,240,122,243,122,245,123,245,125,245,125,245,127,246,128,249,128,254,128,254,128,258,128,261,128,262,127,264,126,267,125,270,124,271,123,270,122,267,122,264,121,262,120,264,119,267,119,270,118,271,117,271,115,271,115,271,114,273,113,276,112,279,111,280,110,279,109,276,109
258,76,255,76,254,75,254,73,254,73,254,72,252,70,249,70,246,69,245,68,243,67,240,67,237,66,236,65,234,64,231,63,227,63,227,63,223,63,220,64,218,65,218,67,218,67,218,68,218,70,218,70,218,72,218,73,218,73,218,75,218,76,218,76,218,78,220,79,223,80,226,80,227,81,227,83,227,83,227,85,228,86,231,86,234,87,236,88,237,89,240,89,245,89,245,89,249,89,252,89,254,88,254,86,254,86,254,85,255,83,258,83,261,82,262,81,262,80,262,80,262,78,261,77,258,76
249,190,246,189,245,188,243,187,240,187,236,187,236,187,231,187,228,186,227,185,226,184,223,183,218,183,218,183,214,183,209,183,209,185,211,186,214,187,217,187,218,188,220,189,223,190,227,190,227,190,231,190,234,190,236,191,237,192,240,193,245,193,245,193,249,193,252,192,254,191,252,190,249,190
231,170,228,171,227,172,228,173,231,174,234,173,236,172,234,171,231,170
223,339,220,339,218,340,220,341,223,342,226,341,227,340,226,339,223,339
205,180,202,181,200,182,202,183,205,183,209,183,209,182,208,181,205,180
