630,407,627,407,626,408,626,410,626,410,626,412,624,413,621,413,618,414,617,415,615,416,612,417,609,417,608,418,608,420,608,420,608,421,606,422,603,423,600,424,599,425,599,426,599,426,599,428,600,429,603,430,606,430,608,431,609,432,612,433,615,433,617,434,617,436,617,436,617,438,617,439,617,439,617,441,618,442,621,442,624,443,626,444,626,446,626,446,626,447,626,449,626,449,626,451,626,452,626,452,626,454,626,455,626,455,626,457,626,459,626,459,626,460,627,461,630,462,630,407
630,190,627,190,626,191,624,192,621,193,617,193,617,193,612,193,609,194,608,195,606,196,603,196,600,197,599,198,598,199,595,200,592,200,590,201,589,202,586,203,583,203,581,204,580,205,577,206,574,207,572,208,572,209,572,209,572,211,571,212,568,212,565,213,564,214,562,215,559,216,556,216,555,217,555,219,555,219,555,221,553,222,550,222,547,223,546,224,544,225,541,225,538,226,537,227,536,228,533,229,530,229,528,230,528,232,528,232,528,234,528,235,528,235,528,237,527,238,524,238,521,239,519,240,518,241,515,242,512,242,510,243,509,244,506,245,503,245,502,246,502,248,502,248,502,250,500,251,497,251,494,252,493,253,493,255,493,255,493,256,493,258,493,258,493,259,493,261,493,261,493,263,493,264,493,264,493,266,491,267,488,268,485,268,484,269,484,271,484,271,484,272,485,273,488,274,493,274,493,274,497,274,502,274,502,274,506,274,509,273,510,272,512,271,515,271,518,270,519,269,521,268,524,268,528,268,528,268,533,268,536,267,537,266,538,265,541,264,544,264,546,263,547,262,550,261,553,261,555,259,556,258,559,258,562,257,564,256,564,255,564,255,564,253,564,251,564,251,564,250,565,249,568,248,571,248,572,246,572,245,572,245,572,243,574,242,577,242,580,241,581,240,583,239,586,238,589,238,590,237,590,235,590,235,590,234,592,232,595,232,598,231,599,230,600,229,603,229,606,228,608,227,609,226,612,225,617,225,617,225,621,225,624,225,626,224,627,223,630,222,630,190
559,326,556,326,555,327,556,329,559,329,562,329,564,327,562,326,559,326
347,397,344,397,342,395,341,394,338,394,333,394,333,394,329,394,326,393,324,392,323,391,320,391,317,390,316,389,314,388,311,387,308,387,307,386,305,385,302,384,299,384,298,383,296,381,293,381,290,380,289,379,289,378,289,378,289,376,288,375,285,374,280,374,280,374,276,374,271,374,271,374,267,374,264,375,262,376,261,377,258,378,254,378,254,378,249,378,245,378,245,378,240,378,236,378,236,378,231,378,227,378,227,378,223,378,218,378,218,378,214,378,209,378,209,378,205,378,202,377,200,376,199,375,196,374,192,374,192,374,187,374,184,375,183,376,183,378,183,378,183,379,184,380,187,381,190,381,192,383,193,384,196,384,200,384,200,384,205,384,209,384,209,384,214,384,217,385,218,386,220,387,223,387,226,387,227,386,228,385,231,384,234,385,236,386,237,387,240,387,245,387,245,387,249,387,254,387,254,387,258,387,261,388,262,389,264,390,267,391,270,391,271,392,273,393,276,394,280,394,280,394,285,394,288,394,289,395,290,397,293,397,298,397,298,397,302,397,305,398,307,399,308,400,311,400,316,400,316,400,320,400,324,400,324,400,329,400,333,400,333,400,338,400,341,401,342,402,344,403,347,404,350,403,351,402,351,400,351,400,351,399,350,398,347,397
329,170,326,171,324,172,326,173,329,174,332,173,333,172,332,171,329,170
302,119,299,119,298,120,299,121,302,122,305,121,307,120,305,119,302,119
285,112,282,112,280,110,279,109,276,109,273,108,271,107,271,106,271,106,271,104,270,103,267,102,264,102,262,101,261,100,258,99,255,99,254,97,252,96,249,96,246,96,245,97,243,99,240,99,236,99,236,99,231,99,227,99,227,99,223,99,220,100,218,101,220,102,223,102,226,103,227,104,227,106,227,106,227,107,227,109,227,109,227,110,228,111,231,112,234,113,236,114,236,115,236,115,236,117,236,119,236,119,236,120,237,121,240,122,243,122,245,123,245,125,245,125,245,127,246,128,249,128,254,128,254,128,258,128,261,128,262,127,264,126,267,125,270,124,271,123,271,122,271,122,271,120,271,119,271,119,271,117,273,116,276,115,280,115,280,115,285,115,288,115,289,114,288,113,285,112
267,365,262,365,262,365,258,365,254,365,254,365,249,365,246,365,245,366,245,368,245,368,245,370,246,371,249,371,254,371,254,371,258,371,262,371,262,371,267,371,270,371,271,370,271,368,271,368,271,366,270,365,267,365
258,76,255,76,254,75,254,73,254,73,254,72,252,70,249,70,246,69,245,68,243,67,240,67,237,66,236,65,234,64,231,63,227,63,227,63,223,63,220,64,218,65,218,67,218,67,218,68,218,70,218,70,218,72,218,73,218,73,218,75,218,76,218,76,218,78,218,80,218,80,218,81,220,82,223,83,226,83,227,85,227,86,227,86,227,88,228,89,231,89,236,89,236,89,240,89,245,89,245,89,249,89,252,89,254,88,254,86,254,86,254,85,255,83,258,83,261,82,262,81,262,80,262,80,262,78,261,77,258,76
258,193,255,192,254,191,252,190,249,190,246,189,245,188,243,187,240,187,236,187,236,187,231,187,227,187,227,187,223,187,220,187,218,188,220,189,223,190,227,190,227,190,231,190,234,190,236,191,236,193,236,193,236,195,237,196,240,196,245,196,245,196,249,196,254,196,254,196,258,196,261,196,262,195,261,194,258,193
223,368,220,367,218,366,217,365,214,365,209,365,209,365,205,365,200,365,200,365,196,365,193,364,192,363,190,362,187,361,183,361,183,361,178,361,174,361,174,361,169,361,166,361,165,360,164,359,161,358,156,358,156,358,152,358,147,358,147,360,149,361,152,361,155,362,156,363,158,364,161,365,164,365,165,366,166,367,169,368,172,368,174,370,175,371,178,371,183,371,183,371,187,371,192,371,192,371,196,371,200,371,200,371,205,371,209,371,209,371,214,371,218,371,218,371,223,371,226,371,227,370,226,369,223,368
143,355,138,355,138,355,134,355,131,356,130,357,131,358,134,358,138,358,138,358,143,358,147,358,147,357,146,356,143,355
