630,378,626,378,626,378,621,378,617,378,617,378,612,378,608,378,608,378,603,378,599,378,599,378,595,378,592,377,590,376,590,374,590,374,590,373,590,371,590,371,590,370,589,369,586,368,583,367,581,366,580,365,577,365,572,365,572,365,568,365,564,365,564,365,559,365,555,365,555,365,550,365,547,365,546,366,544,367,541,368,538,369,537,370,537,371,537,371,537,373,536,374,533,374,530,375,528,376,528,378,528,378,528,379,528,381,528,381,528,383,527,384,524,384,521,385,519,386,519,387,519,387,519,389,519,391,519,391,519,392,519,394,519,394,519,395,521,397,524,397,527,398,528,399,528,400,528,400,528,402,530,403,533,404,536,404,537,405,537,407,537,407,537,408,537,410,537,410,537,412,537,413,537,413,537,415,538,416,541,417,544,417,546,418,547,419,550,420,553,420,555,421,556,422,559,423,562,424,564,425,562,426,559,426,556,427,555,428,553,429,550,430,547,430,546,431,544,432,541,433,537,433,537,433,533,433,530,433,528,434,530,435,533,436,536,437,537,438,538,439,541,439,544,440,546,441,547,442,550,442,553,443,555,444,556,445,559,446,562,446,564,447,565,448,568,449,571,449,572,451,574,452,577,452,581,452,581,452,586,452,589,453,590,454,590,455,590,455,590,457,592,458,595,459,599,459,599,459,603,459,606,459,608,460,609,461,612,462,617,462,617,462,621,462,624,462,626,464,627,465,630,465,630,378
630,177,626,177,626,177,621,177,617,177,617,177,612,177,609,177,608,178,608,180,608,180,608,182,606,183,603,183,600,184,599,185,598,186,595,187,590,187,590,187,586,187,583,187,581,188,580,189,577,190,574,190,572,191,571,192,568,193,565,194,564,195,562,196,559,196,556,197,555,198,553,199,550,200,547,200,546,201,544,202,541,203,537,203,537,204,537,206,537,206,537,208,536,209,533,209,528,209,528,209,524,209,521,210,519,211,519,212,519,212,519,214,518,215,515,216,512,216,510,217,510,219,510,219,510,221,509,222,506,222,503,223,502,224,500,225,497,225,494,226,493,227,493,229,493,229,493,230,493,232,493,232,493,234,491,235,488,235,484,235,484,235,479,235,476,236,475,237,475,238,475,238,475,240,474,241,471,242,468,242,466,243,466,245,466,245,466,246,466,248,466,248,466,250,466,251,466,251,466,253,466,255,466,255,466,256,466,258,466,258,466,259,466,261,466,261,466,263,466,264,466,264,466,266,466,268,466,268,466,269,468,270,471,271,474,271,475,272,476,273,479,274,484,274,484,274,488,274,491,273,493,272,494,271,497,271,500,270,502,269,503,268,506,268,510,268,510,268,515,268,518,267,519,266,521,265,524,264,527,264,528,263,530,262,533,261,537,261,537,261,541,261,544,261,546,259,547,258,550,258,553,257,555,256,553,255,550,255,547,254,546,253,546,251,546,251,546,250,547,249,550,248,553,248,555,246,556,245,559,245,562,244,564,243,565,242,568,242,572,242,572,242,577,242,580,241,581,240,583,239,586,238,589,238,590,237,592,236,595,235,598,235,599,234,600,232,603,232,606,231,608,230,609,229,612,229,615,228,617,227,618,226,621,225,624,225,626,224,627,223,630,222,630,177
506,229,503,229,502,230,503,231,506,232,509,231,510,230,509,229,506,229
479,255,476,255,475,256,476,257,479,258,482,257,484,256,482,255,479,255
533,200,530,200,528,201,528,203,533,203,537,203,537,201,536,200,533,200
524,203,521,203,519,204,521,205,524,206,527,205,528,204,528,203,524,203
426,264,423,265,422,266,422,268,422,268,422,269,422,271,422,271,422,272,423,273,426,274,429,273,431,272,431,271,431,271,431,269,431,268,431,268,431,266,429,265,426,264
382,119,379,119,378,120,378,122,378,122,378,123,378,125,378,125,378,127,378,128,378,128,378,130,379,131,382,131,385,131,386,130,386,128,386,128,386,127,386,125,386,125,386,123,386,122,386,122,386,120,385,119,382,119
373,135,370,134,369,133,367,132,364,131,361,132,360,133,360,135,360,135,360,136,358,137,355,138,352,139,351,140,351,141,351,141,351,143,351,144,351,144,351,146,352,147,355,148,358,147,360,146,361,145,364,144,367,144,369,143,369,141,369,141,369,140,370,138,373,138,376,137,378,136,376,135,373,135
338,106,335,105,333,104,333,102,333,102,333,101,333,99,333,99,333,97,333,96,333,96,333,94,332,93,329,93,324,93,324,93,320,93,317,93,316,94,314,95,311,96,308,96,307,97,308,99,311,99,314,100,316,101,316,102,316,102,316,104,316,106,316,106,316,107,316,109,316,109,316,110,316,112,316,112,316,114,316,115,316,115,316,117,314,118,311,119,307,119,307,120,307,122,307,122,307,123,308,124,311,125,316,125,316,125,320,125,324,125,324,125,329,125,332,124,333,123,335,122,338,122,341,121,342,120,342,119,342,119,342,117,342,115,342,115,342,114,342,112,342,112,342,110,342,109,342,109,342,107,341,106,338,106
329,151,324,151,324,151,320,151,317,151,316,153,316,154,316,154,316,156,317,157,320,157,324,157,324,157,329,157,332,157,333,156,333,154,333,154,333,153,332,151,329,151
302,112,299,112,298,110,298,109,298,109,298,107,296,106,293,106,290,105,289,104,288,103,285,102,280,102,280,102,276,102,271,102,271,102,267,102,264,103,262,104,262,106,262,106,262,107,264,108,267,109,270,109,271,110,273,111,276,112,279,113,280,114,282,115,285,115,289,115,289,115,293,115,296,116,298,117,299,118,302,119,307,119,307,117,307,115,307,115,307,114,305,113,302,112
285,154,280,154,280,154,276,154,273,154,271,153,270,151,267,151,262,151,262,151,258,151,254,151,254,151,249,151,245,151,245,151,240,151,237,150,236,149,234,148,231,148,228,148,227,149,227,151,227,151,227,153,227,154,227,154,227,156,228,157,231,157,234,158,236,159,236,161,236,161,236,162,237,163,240,164,245,164,245,164,249,164,252,164,254,165,255,167,258,167,262,167,262,167,267,167,271,167,271,167,276,167,279,167,280,165,280,164,280,164,280,162,282,161,285,161,288,160,289,159,289,157,289,157,289,156,288,155,285,154
276,384,273,384,271,383,270,381,267,381,264,380,262,379,262,378,262,378,262,376,261,375,258,374,254,374,254,374,249,374,246,374,245,373,243,372,240,371,236,371,236,371,231,371,227,371,227,373,228,374,231,374,234,375,236,376,237,377,240,378,243,378,245,379,246,380,249,381,252,381,254,383,255,384,258,384,261,385,262,386,264,387,267,387,271,387,271,387,276,387,279,387,280,386,279,385,276,384
267,70,262,70,262,70,258,70,254,70,254,70,249,70,246,70,245,72,245,73,245,73,245,75,246,76,249,76,252,77,254,78,255,79,258,80,262,80,262,80,267,80,270,79,271,78,271,76,271,76,271,75,271,73,271,73,271,72,270,70,267,70
231,358,228,359,227,360,228,361,231,361,234,361,236,360,234,359,231,358
223,368,218,368,218,370,220,371,223,371,227,371,227,370,226,369,223,368
214,345,211,346,209,347,208,348,205,349,200,349,200,349,196,349,192,349,192,349,187,349,183,349,183,349,178,349,175,348,174,347,172,346,169,345,166,345,165,344,164,343,161,342,156,342,156,342,152,342,149,342,147,340,146,339,143,339,138,339,138,339,134,339,131,338,130,337,128,336,125,336,121,336,121,336,116,336,113,336,112,337,113,338,116,339,119,339,121,340,122,341,125,342,128,343,130,344,131,345,134,345,137,346,138,347,140,348,143,349,146,349,147,350,149,351,152,352,155,352,156,353,158,354,161,355,165,355,165,355,169,355,172,356,174,357,175,358,178,358,181,359,183,360,184,361,187,361,190,362,192,363,193,364,196,365,199,365,200,366,202,367,205,368,209,368,209,368,214,368,218,368,218,366,217,365,214,365,211,364,209,363,209,361,209,361,209,360,209,358,209,358,209,357,209,355,209,355,209,353,211,352,214,352,217,351,218,350,218,349,218,349,218,347,217,346,214,345
