630,387,627,388,626,389,626,391,626,391,626,392,626,394,626,394,626,395,626,397,626,397,626,399,627,400,630,400,630,387
630,209,627,210,626,211,626,212,626,212,626,214,626,216,626,216,626,217,627,218,630,219,630,209
612,404,609,404,608,405,608,407,612,407,615,406,617,405,615,404,612,404
603,407,599,407,599,408,600,410,603,410,606,410,608,408,608,407,603,407
595,400,590,400,590,400,586,400,583,401,581,402,583,403,586,404,589,404,590,405,592,406,595,407,599,407,599,405,599,404,599,404,599,402,598,401,595,400
559,430,556,429,555,428,555,426,555,426,555,425,553,424,550,423,546,423,546,423,541,423,537,423,537,423,533,423,530,424,528,425,527,426,524,426,519,426,519,426,515,426,510,426,510,426,506,426,503,426,502,425,500,424,497,423,493,423,493,423,488,423,484,423,484,423,479,423,476,422,475,421,474,420,471,420,466,420,466,420,462,420,457,420,457,421,457,423,457,423,457,425,459,426,462,426,465,427,466,428,466,430,466,430,466,431,468,432,471,433,474,433,475,434,476,435,479,436,484,436,484,436,488,436,491,437,493,438,494,439,497,439,502,439,502,439,506,439,509,440,510,441,512,442,515,442,519,442,519,442,524,442,528,442,528,441,530,440,533,439,536,440,537,441,536,442,533,442,528,442,528,444,528,446,528,446,528,447,530,448,533,449,536,448,537,447,538,446,541,446,544,445,546,444,546,442,546,442,546,441,546,439,546,439,546,438,547,437,550,436,555,436,555,436,559,436,562,435,564,434,564,433,564,433,564,431,562,430,559,430
550,316,547,316,546,315,546,313,546,313,546,311,546,310,546,310,546,308,546,306,546,306,546,305,546,303,546,303,546,302,544,300,541,300,538,299,537,298,537,297,537,297,537,295,536,294,533,293,530,294,528,295,527,296,524,297,519,297,519,297,515,297,512,297,510,298,510,300,510,300,510,302,510,303,510,303,510,305,510,306,510,306,510,308,509,309,506,310,503,310,502,311,502,313,502,313,502,315,502,316,502,316,502,318,503,319,506,319,509,320,510,321,510,323,510,323,510,324,510,326,510,326,510,327,512,329,515,329,518,330,519,331,519,332,519,332,519,334,521,335,524,336,527,335,528,334,530,333,533,332,537,332,537,331,537,329,537,329,537,327,538,326,541,326,544,325,546,324,546,323,546,323,546,321,547,320,550,319,553,319,555,318,553,317,550,316
541,332,537,332,537,334,538,335,541,336,544,335,546,334,544,333,541,332
453,417,448,417,448,418,450,419,453,420,457,420,457,418,456,417,453,417
444,413,441,414,440,415,441,416,444,417,448,417,448,415,447,414,444,413
417,404,413,404,413,404,409,404,404,404,404,405,406,406,409,407,413,407,413,407,417,407,420,406,422,405,420,404,417,404
400,164,397,163,395,162,395,161,395,161,395,159,394,158,391,157,388,157,386,156,386,154,386,154,386,153,385,151,382,151,378,151,378,151,373,151,370,151,369,153,369,154,369,154,369,156,369,157,369,157,369,159,369,161,369,161,369,162,369,164,369,164,369,165,369,167,369,167,369,169,369,170,369,170,369,172,369,174,369,174,369,175,370,176,373,177,376,177,378,178,378,180,378,180,378,182,378,183,378,183,378,185,378,187,378,187,378,188,378,190,378,190,378,191,379,192,382,193,385,192,386,191,388,190,391,190,394,189,395,188,395,187,395,187,395,185,395,183,395,183,395,182,395,180,395,180,395,178,395,177,395,177,395,175,395,174,395,174,395,172,395,170,395,170,395,169,397,168,400,167,403,167,404,165,403,164,400,164
400,400,397,401,395,402,397,403,400,404,404,404,404,402,403,401,400,400
355,209,352,209,351,208,350,207,347,206,344,207,342,208,342,209,342,209,342,211,341,212,338,212,335,213,333,214,333,216,333,216,333,217,332,218,329,219,326,219,324,221,323,222,320,222,317,223,316,224,314,225,311,225,307,225,307,225,302,225,298,225,298,225,293,225,289,225,289,225,285,225,280,225,280,225,276,225,271,225,271,225,267,225,262,225,262,225,258,225,254,225,254,225,249,225,246,225,245,224,243,223,240,222,236,222,236,222,231,222,227,222,227,222,223,222,218,222,218,222,214,222,211,222,209,221,208,219,205,219,202,219,200,221,199,222,196,222,193,223,192,224,190,225,187,225,183,225,183,225,178,225,175,226,174,227,174,229,174,229,174,230,175,231,178,232,181,232,183,234,184,235,187,235,192,235,192,235,196,235,200,235,200,234,202,232,205,232,209,232,209,232,214,232,217,232,218,234,218,235,223,235,227,235,227,235,231,235,234,236,236,237,236,238,236,238,236,240,234,241,231,242,228,242,227,243,227,245,227,245,227,246,228,248,231,248,236,248,236,248,240,248,245,248,245,248,249,248,254,248,254,248,258,248,262,248,262,248,267,248,270,249,271,250,273,251,276,251,279,251,280,250,282,249,285,248,288,248,289,246,290,245,293,245,298,245,298,245,302,245,307,245,307,245,311,245,316,245,316,245,320,245,323,244,324,243,326,242,329,242,332,241,333,240,335,239,338,238,341,238,342,237,342,235,342,235,342,234,342,232,342,232,342,230,344,229,347,229,350,228,351,227,352,226,355,225,358,225,360,224,360,222,360,222,360,221,360,219,360,219,360,217,360,216,360,216,360,214,360,212,360,212,360,211,358,210,355,209
347,394,344,394,342,395,344,397,347,397,350,397,351,395,350,394,347,394
311,115,308,115,307,114,305,113,302,112,298,112,298,112,293,112,290,112,289,110,288,109,285,109,282,108,280,107,279,106,276,106,273,105,271,104,270,103,267,102,262,102,262,102,258,102,255,102,254,101,252,100,249,99,245,99,245,99,240,99,237,100,236,101,234,102,231,102,227,102,227,102,223,102,218,102,218,102,214,102,211,103,209,104,209,106,209,106,209,107,209,109,209,109,209,110,208,112,205,112,202,113,200,114,200,115,200,115,200,117,199,118,196,119,193,119,192,120,192,122,192,122,192,123,190,124,187,125,184,126,183,127,183,128,183,128,183,130,183,131,183,131,183,133,183,135,183,135,183,136,183,138,183,138,183,140,183,141,183,141,183,143,183,144,183,144,183,146,183,148,183,148,183,149,181,150,178,151,175,151,174,153,174,154,174,154,174,156,174,157,174,157,174,159,175,160,178,161,181,161,183,162,183,164,183,164,183,165,184,167,187,167,190,168,192,169,192,170,192,170,192,172,193,173,196,174,199,174,200,175,202,176,205,177,208,177,209,178,211,180,214,180,218,180,218,180,223,180,226,180,227,178,228,177,231,177,236,177,236,177,240,177,243,176,245,175,246,174,249,174,252,173,254,172,255,171,258,170,261,170,262,169,262,167,262,167,262,165,262,164,262,164,262,162,262,161,262,161,262,159,264,158,267,157,270,157,271,156,271,154,271,154,271,153,273,151,276,151,279,150,280,149,280,148,280,148,280,146,282,145,285,144,288,144,289,143,290,142,293,141,296,141,298,140,299,138,302,138,305,137,307,136,307,135,307,135,307,133,308,132,311,131,314,131,316,130,316,128,316,128,316,127,316,125,316,125,316,123,316,122,316,122,316,120,316,119,316,119,316,117,314,116,311,115
302,397,299,398,298,399,296,400,293,400,289,400,289,400,285,400,280,400,280,400,276,400,271,400,271,400,267,400,264,401,262,402,261,403,258,404,254,404,254,404,249,404,246,404,245,405,246,406,249,407,254,407,254,407,258,407,262,407,262,407,267,407,271,407,271,407,276,407,280,407,280,407,285,407,289,407,289,407,293,407,296,406,298,405,299,404,302,404,305,403,307,402,307,400,307,400,307,399,305,398,302,397
267,209,264,210,262,211,264,212,267,212,270,212,271,211,270,210,267,209
267,371,264,371,262,370,261,369,258,368,255,369,254,370,252,371,249,371,246,372,245,373,245,374,249,374,254,374,254,374,258,374,262,374,262,374,267,374,270,374,271,373,270,372,267,371
240,374,237,375,236,376,237,377,240,378,243,377,245,376,245,374,240,374
214,235,209,235,209,235,205,235,200,235,200,237,202,238,205,238,208,239,209,240,211,241,214,242,217,241,218,240,218,238,218,238,218,237,218,235,214,235
90,251,87,252,85,253,85,255,85,255,85,256,87,257,90,258,93,257,94,256,94,255,94,255,94,253,93,252,90,251
