479,170,475,170,475,170,471,170,466,170,466,170,462,170,457,170,457,170,453,170,450,171,448,172,448,174,448,174,448,175,448,177,448,177,448,178,450,180,453,180,457,180,457,180,462,180,466,180,466,180,471,180,474,180,475,178,475,177,475,177,475,175,476,174,479,174,482,173,484,172,482,171,479,170
417,141,414,142,413,143,414,144,417,144,420,144,422,143,420,142,417,141
320,135,317,134,316,133,316,131,316,131,316,130,316,128,316,128,316,127,316,125,316,125,316,123,314,122,311,122,308,121,307,120,305,119,302,119,299,118,298,117,296,116,293,115,290,115,289,114,289,112,289,112,289,110,288,109,285,109,282,109,280,110,279,112,276,112,273,113,271,114,271,115,271,115,271,117,271,119,271,119,271,120,271,122,271,122,271,123,271,125,271,125,271,127,271,128,271,128,271,130,273,131,276,131,279,132,280,133,282,134,285,135,288,135,289,136,290,137,293,138,296,138,298,140,299,141,302,141,305,142,307,143,308,144,311,144,314,145,316,146,316,148,316,148,316,149,317,150,320,151,323,150,324,149,324,148,324,148,324,146,324,144,324,144,324,143,324,141,324,141,324,140,324,138,324,138,324,136,323,135,320,135
267,200,262,200,262,200,258,200,254,200,254,200,249,200,245,200,245,201,246,202,249,203,252,203,254,204,255,205,258,206,261,205,262,204,264,203,267,203,270,202,271,201,270,200,267,200
249,106,245,106,245,107,245,109,245,109,245,110,246,111,249,112,252,111,254,110,254,109,254,109,254,107,252,106,249,106
249,187,246,186,245,185,245,183,245,183,245,182,243,181,240,180,237,180,236,178,236,177,236,177,236,175,234,174,231,174,228,173,227,172,227,170,227,170,227,169,226,168,223,167,220,167,218,165,217,164,214,164,211,163,209,162,209,161,209,161,209,159,209,157,209,157,209,156,208,155,205,154,202,154,200,153,199,151,196,151,193,151,192,153,192,154,192,154,192,156,192,157,192,157,192,159,193,160,196,161,199,161,200,162,200,164,200,164,200,165,200,167,200,167,200,169,200,170,200,170,200,172,202,173,205,174,208,174,209,175,211,176,214,177,217,177,218,178,218,180,218,180,218,182,217,183,214,183,209,183,209,183,205,183,200,183,200,185,200,187,200,187,200,188,202,189,205,190,208,190,209,191,209,193,209,193,209,195,211,196,214,196,218,196,218,196,223,196,226,197,227,198,228,199,231,200,236,200,236,200,240,200,245,200,245,198,246,197,249,196,252,196,254,195,254,193,254,193,254,191,254,190,254,190,254,188,252,187,249,187
240,102,237,103,236,104,237,105,240,106,245,106,245,104,243,103,240,102
231,96,227,96,227,97,228,99,231,99,234,99,236,97,234,96,231,96
223,70,220,70,218,72,220,73,223,73,226,73,227,72,226,70,223,70
223,86,220,87,218,88,217,89,214,89,211,90,209,91,211,92,214,93,217,93,218,94,220,95,223,96,227,96,227,94,227,93,227,93,227,91,227,89,227,89,227,88,226,87,223,86
205,54,202,53,200,52,199,51,196,50,193,51,192,52,192,54,192,54,192,55,193,56,196,57,200,57,200,57,205,57,208,56,209,55,208,54,205,54
196,177,193,177,192,178,192,180,192,180,192,182,193,183,196,183,200,183,200,182,200,180,200,180,200,178,199,177,196,177
