630,387,627,388,626,389,624,390,621,391,618,391,617,392,618,393,621,394,624,394,626,395,626,397,626,397,626,399,626,400,630,400,630,387
630,209,627,210,626,211,626,212,626,212,626,214,626,216,626,216,626,217,627,218,630,219,630,209
621,400,618,401,617,402,617,404,621,404,624,403,626,402,626,400,621,400
612,404,608,404,608,404,603,404,600,403,599,402,598,401,595,400,590,400,590,400,586,400,581,400,581,400,577,400,574,401,572,402,574,403,577,404,580,404,581,405,583,406,586,407,589,407,590,408,592,410,595,410,599,410,599,410,603,410,608,410,608,410,612,410,615,410,617,408,617,407,617,407,617,405,617,404,612,404
568,433,565,432,564,431,562,430,559,430,556,429,555,428,555,426,555,426,555,425,553,424,550,423,546,423,546,423,541,423,537,423,537,423,533,423,528,423,528,423,524,423,521,424,519,425,518,426,515,426,512,426,510,425,509,424,506,423,502,423,502,423,497,423,493,423,493,423,488,423,484,423,484,423,479,423,476,422,475,421,474,420,471,420,466,420,466,420,462,420,457,420,457,421,457,423,457,423,457,425,459,426,462,426,465,427,466,428,466,430,466,430,466,431,468,432,471,433,474,433,475,434,476,435,479,436,482,437,484,438,485,439,488,439,493,439,493,439,497,439,500,440,502,441,503,442,506,442,510,442,510,442,515,442,519,442,519,442,524,442,527,443,528,444,528,446,528,446,528,447,530,448,533,449,537,449,537,449,541,449,546,449,546,449,550,449,555,449,555,447,556,446,559,446,562,446,564,447,564,449,568,449,571,448,572,447,572,446,572,446,572,444,572,442,572,442,572,441,572,439,572,439,572,438,572,436,572,436,572,434,571,433,568,433
559,449,555,449,555,451,556,452,559,452,562,452,564,451,564,449,559,449
550,310,547,309,546,308,546,306,546,306,546,305,546,303,546,303,546,302,544,300,541,300,538,299,537,298,537,297,537,297,537,295,537,293,537,293,537,292,536,291,533,290,530,291,528,292,527,293,524,293,521,294,519,295,518,296,515,297,512,297,510,298,510,300,510,300,510,302,510,303,510,303,510,305,509,306,506,306,503,307,502,308,502,310,502,310,502,311,502,313,502,313,502,315,502,316,502,316,502,318,502,319,502,319,502,321,502,323,502,323,502,324,503,325,506,326,509,326,510,327,510,329,510,329,510,331,512,332,515,332,518,333,519,334,519,336,519,336,519,337,521,338,524,339,527,338,528,337,530,336,533,336,536,336,537,337,537,339,537,339,537,340,538,341,541,342,544,341,546,340,546,339,546,339,546,337,547,336,550,336,553,335,555,334,555,332,555,332,555,331,555,329,555,329,555,327,555,326,555,326,555,324,555,323,555,323,555,321,555,319,555,319,555,318,555,316,555,316,555,315,555,313,555,313,555,311,553,310,550,310
453,417,448,417,448,418,450,419,453,420,457,420,457,418,456,417,453,417
444,413,441,414,440,415,441,416,444,417,448,417,448,415,447,414,444,413
400,161,397,160,395,159,394,158,391,157,388,157,386,156,386,154,386,154,386,153,385,151,382,151,378,151,378,151,373,151,370,151,369,153,369,154,369,154,369,156,369,157,369,157,369,159,369,161,369,161,369,162,369,164,369,164,369,165,369,167,369,167,369,169,369,170,369,170,369,172,369,174,369,174,369,175,370,176,373,177,376,177,378,178,378,180,378,180,378,182,378,183,378,183,378,185,378,187,378,187,378,188,378,190,378,190,378,191,378,193,378,193,378,195,378,196,378,196,378,198,379,199,382,200,385,199,386,198,386,196,386,196,386,195,386,193,386,193,386,191,388,190,391,190,394,189,395,188,395,187,395,187,395,185,395,183,395,183,395,182,395,180,395,180,395,178,397,177,400,177,403,176,404,175,403,174,400,174,397,173,395,172,397,171,400,170,403,170,404,169,404,167,404,167,404,165,404,164,404,164,404,162,403,161,400,161
400,400,397,401,395,402,397,403,400,404,403,403,404,402,403,401,400,400
364,212,361,212,360,211,358,210,355,209,352,209,351,208,350,207,347,206,344,207,342,208,342,209,342,209,342,211,341,212,338,212,335,213,333,214,333,216,333,216,333,217,332,218,329,219,326,219,324,221,323,222,320,222,317,223,316,224,314,225,311,225,307,225,307,225,302,225,298,225,298,225,293,225,289,225,289,225,285,225,280,225,280,225,276,225,271,225,271,225,267,225,262,225,262,225,258,225,254,225,254,225,249,225,246,225,245,224,243,223,240,222,236,222,236,222,231,222,227,222,227,222,223,222,218,222,218,222,214,222,211,222,209,221,208,219,205,219,202,219,200,221,199,222,196,222,193,223,192,224,190,225,187,225,183,225,183,225,178,225,175,226,174,227,172,228,169,229,166,229,165,230,166,231,169,232,172,232,174,234,175,235,178,235,183,235,183,235,187,235,190,236,192,237,193,238,196,238,200,238,200,238,205,238,208,239,209,240,211,241,214,242,217,242,218,243,218,245,218,245,218,246,218,248,218,248,218,250,220,251,223,251,227,251,227,251,231,251,236,251,236,251,240,251,243,252,245,253,246,254,249,255,254,255,254,255,258,255,262,255,262,255,267,255,270,254,271,253,273,252,276,251,279,252,280,253,282,254,285,255,288,254,289,253,290,252,293,251,296,251,298,250,298,248,298,248,298,246,299,245,302,245,305,245,307,246,308,248,311,248,314,248,316,246,317,245,320,245,323,245,324,246,326,248,329,248,332,248,333,246,333,245,333,245,333,243,335,242,338,242,341,241,342,240,344,239,347,238,350,238,351,237,351,235,351,235,351,234,351,232,351,232,351,230,351,229,351,229,351,227,352,226,355,225,358,225,360,224,360,222,360,222,360,221,360,219,360,219,360,217,361,216,364,216,367,215,369,214,367,213,364,212
347,381,344,381,342,383,344,384,347,384,350,384,351,383,350,381,347,381
347,394,344,394,342,395,344,397,347,397,350,397,351,395,350,394,347,394
311,119,308,118,307,117,307,115,307,115,307,114,307,112,307,112,307,110,305,109,302,109,299,109,298,110,296,112,293,112,290,112,289,110,288,109,285,109,282,108,280,107,279,106,276,106,273,105,271,104,270,103,267,102,262,102,262,102,258,102,255,102,254,101,252,100,249,99,245,99,245,99,240,99,236,99,236,99,231,99,227,99,227,99,223,99,220,100,218,101,217,102,214,102,211,103,209,104,209,106,209,106,209,107,208,108,205,109,202,109,200,110,200,112,200,112,200,114,199,115,196,115,193,116,192,117,192,119,192,119,192,120,190,121,187,122,184,122,183,123,183,125,183,125,183,127,183,128,183,128,183,130,183,131,183,131,183,133,181,134,178,135,175,135,174,136,174,138,174,138,174,140,174,141,174,141,174,143,175,144,178,144,181,145,183,146,183,148,183,148,183,149,181,150,178,151,175,151,174,153,174,154,174,154,174,156,174,157,174,157,174,159,174,161,174,161,174,162,175,163,178,164,181,164,183,165,183,167,183,167,183,169,184,170,187,170,190,171,192,172,192,174,192,174,192,175,193,176,196,177,199,177,200,178,202,180,205,180,208,181,209,182,211,183,214,183,218,183,218,183,223,183,226,183,227,182,228,181,231,180,234,180,236,178,237,177,240,177,243,176,245,175,246,174,249,174,254,174,254,174,258,174,261,173,262,172,262,170,262,170,262,169,262,167,262,167,262,165,262,164,262,164,262,162,262,161,262,161,262,159,264,158,267,157,270,157,271,156,273,155,276,154,279,154,280,153,280,151,280,151,280,149,282,148,285,148,288,147,289,146,289,144,289,144,289,143,290,142,293,141,296,141,298,140,299,138,302,138,305,137,307,136,307,135,307,135,307,133,308,132,311,131,314,131,316,130,316,128,316,128,316,127,316,125,316,125,316,123,316,122,316,122,316,120,314,119,311,119
311,397,307,397,307,397,302,397,299,398,298,399,296,400,293,400,289,400,289,400,285,400,280,400,280,400,276,400,271,400,271,400,267,400,264,401,262,402,261,403,258,404,254,404,254,404,249,404,246,404,245,405,246,406,249,407,254,407,254,407,258,407,262,407,262,407,267,407,271,407,271,407,276,407,280,407,280,407,285,407,289,407,289,407,293,407,296,406,298,405,299,404,302,404,305,403,307,402,308,401,311,400,314,400,316,399,314,398,311,397
276,368,271,368,271,368,267,368,262,368,262,368,258,368,254,368,254,368,249,368,245,368,245,368,240,368,237,369,236,370,236,371,236,371,236,373,234,374,231,374,228,375,227,376,228,377,231,378,236,378,236,378,240,378,245,378,245,378,249,378,252,377,254,376,255,375,258,374,262,374,262,374,267,374,271,374,271,374,276,374,279,374,280,373,280,371,280,371,280,370,279,369,276,368
240,187,237,187,236,188,237,189,240,190,243,189,245,188,243,187,240,187
116,258,113,258,112,259,113,261,116,261,119,261,121,259,119,258,116,258
90,251,87,252,85,253,85,255,85,255,85,256,87,257,90,258,93,257,94,256,94,255,94,255,94,253,93,252,90,251
