630,417,627,417,626,418,626,420,626,420,626,421,626,423,626,423,626,425,626,426,626,426,626,428,626,430,626,430,626,431,627,432,630,433,630,417
630,193,627,194,626,195,624,196,621,196,617,196,617,196,612,196,609,197,608,198,606,199,603,200,600,200,599,201,598,202,595,203,592,203,590,204,589,205,586,206,583,207,581,208,580,209,577,209,574,210,572,211,572,212,572,212,572,214,571,215,568,216,565,216,564,217,564,219,564,219,564,221,562,222,559,222,556,223,555,224,555,225,555,225,555,227,553,228,550,229,547,229,546,230,544,231,541,232,538,232,537,234,537,235,537,235,537,237,536,238,533,238,530,239,528,240,527,241,524,242,521,242,519,243,519,245,519,245,519,246,518,248,515,248,512,249,510,250,509,251,506,251,503,252,502,253,502,255,502,255,502,256,500,257,497,258,494,258,493,259,493,261,493,261,493,263,493,264,493,264,493,266,491,267,488,268,485,268,484,269,484,271,484,271,484,272,485,273,488,274,493,274,493,274,497,274,502,274,502,274,506,274,509,273,510,272,512,271,515,271,518,270,519,269,521,268,524,268,527,267,528,266,530,265,533,264,537,264,537,264,541,264,544,264,546,263,547,262,550,261,553,261,555,259,556,258,559,258,562,257,564,256,564,255,564,255,564,253,564,251,564,251,564,250,565,249,568,248,571,248,572,246,572,245,572,245,572,243,572,242,572,242,572,240,574,239,577,238,580,238,581,237,581,235,581,235,581,234,583,232,586,232,589,231,590,230,592,229,595,229,598,228,599,227,600,226,603,225,608,225,608,225,612,225,615,225,617,224,618,223,621,222,626,222,626,222,630,222,630,193
355,400,352,400,351,399,350,398,347,397,344,397,342,395,341,394,338,394,333,394,333,394,329,394,326,393,324,392,323,391,320,391,317,390,316,389,316,387,316,387,316,386,314,385,311,384,308,384,307,383,305,381,302,381,299,380,298,379,296,378,293,378,289,378,289,378,285,378,280,378,280,378,276,378,271,378,271,378,267,378,262,378,262,378,258,378,254,378,254,378,249,378,245,378,245,378,240,378,236,378,236,378,231,378,227,378,227,378,223,378,218,378,218,378,214,378,211,377,209,376,208,375,205,374,200,374,200,374,196,374,192,374,192,374,187,374,183,374,183,374,178,374,174,374,174,374,169,374,166,375,165,376,166,377,169,378,174,378,174,378,178,378,181,378,183,379,183,381,183,381,183,383,184,384,187,384,190,385,192,386,193,387,196,387,200,387,200,387,205,387,209,387,209,387,214,387,218,387,218,387,223,387,227,387,227,387,231,387,236,387,236,387,240,387,243,388,245,389,246,390,249,391,254,391,254,391,258,391,261,391,262,392,264,393,267,394,271,394,271,394,276,394,280,394,280,394,285,394,288,394,289,395,290,397,293,397,298,397,298,397,302,397,305,398,307,399,308,400,311,400,316,400,316,400,320,400,324,400,324,400,329,400,332,401,333,402,335,403,338,404,342,404,342,404,347,404,350,404,351,405,352,406,355,407,358,406,360,405,360,404,360,404,360,402,358,401,355,400
329,183,326,184,324,185,323,186,320,187,317,187,316,188,316,190,316,190,316,191,317,192,320,193,324,193,324,193,329,193,332,192,333,191,333,190,333,190,333,188,333,187,333,187,333,185,332,184,329,183
320,374,316,374,316,374,311,374,308,375,307,376,308,377,311,378,316,378,316,378,320,378,323,377,324,376,323,375,320,374
293,119,290,118,289,117,289,115,289,115,289,114,288,113,285,112,282,112,280,110,280,109,280,109,280,107,279,106,276,106,273,105,271,104,270,103,267,102,264,102,262,101,261,100,258,99,255,99,254,97,252,96,249,96,245,96,245,96,240,96,237,96,236,97,234,99,231,99,228,100,227,101,226,102,223,102,220,103,218,104,217,105,214,106,211,106,209,107,211,108,214,109,218,109,218,109,223,109,226,109,227,110,228,111,231,112,234,113,236,114,236,115,236,115,236,117,236,119,236,119,236,120,236,122,236,122,236,123,236,125,236,125,236,127,237,128,240,128,243,129,245,130,246,131,249,131,252,131,254,130,255,129,258,128,262,128,262,128,267,128,271,128,271,128,276,128,280,128,280,128,285,128,289,128,289,128,293,128,296,128,298,127,298,125,298,125,298,123,298,122,298,122,298,120,296,119,293,119
285,193,280,193,280,193,276,193,271,193,271,193,267,193,262,193,262,193,258,193,255,192,254,191,252,190,249,190,246,189,245,188,243,187,240,187,236,187,236,187,231,187,227,187,227,187,223,187,220,187,218,188,218,190,218,190,218,191,218,193,218,193,218,195,220,196,223,196,226,197,227,198,228,199,231,200,234,200,236,201,237,202,240,203,245,203,245,203,249,203,254,203,254,203,258,203,261,203,262,204,264,205,267,206,271,206,271,206,276,206,279,205,280,204,282,203,285,203,288,202,289,201,289,200,289,200,289,198,289,196,289,196,289,195,288,194,285,193
231,190,228,190,227,191,228,192,231,193,234,192,236,191,234,190,231,190
249,70,246,69,245,68,243,67,240,67,237,66,236,65,234,64,231,63,227,63,227,63,223,63,220,64,218,65,218,67,218,67,218,68,218,70,218,70,218,72,218,73,218,73,218,75,218,76,218,76,218,78,218,80,218,80,218,81,218,83,218,83,218,85,220,86,223,86,226,87,227,88,227,89,227,89,227,91,228,92,231,93,236,93,236,93,240,93,243,92,245,91,245,89,245,89,245,88,246,87,249,86,252,86,254,85,254,83,254,83,254,81,254,80,254,80,254,78,254,76,254,76,254,75,254,73,254,73,254,72,252,70,249,70
205,196,200,196,200,198,202,199,205,200,208,199,209,198,208,197,205,196
205,365,200,365,200,365,196,365,192,365,192,365,187,365,184,364,183,363,181,362,178,361,174,361,174,361,169,361,166,362,165,363,166,364,169,365,172,365,174,366,175,367,178,368,183,368,183,368,187,368,192,368,192,368,196,368,200,368,200,368,205,368,208,367,209,366,208,365,205,365
196,193,193,194,192,195,193,196,196,196,200,196,200,195,199,194,196,193
