630,439,627,440,626,441,626,442,626,442,626,444,627,445,630,446,630,439
515,277,512,277,510,276,510,274,510,274,510,272,510,271,510,271,510,269,510,268,510,268,510,266,510,264,510,264,510,263,510,261,510,261,510,259,510,258,510,258,510,256,510,255,510,255,510,253,510,251,510,251,510,250,510,248,510,248,510,246,509,245,506,245,503,244,502,243,502,242,502,242,502,240,502,238,502,238,502,237,500,236,497,235,494,235,493,234,493,232,493,232,493,230,493,229,493,229,493,227,491,226,488,225,484,225,484,225,479,225,475,225,475,225,471,225,468,225,466,224,465,223,462,222,457,222,457,222,453,222,450,222,448,221,448,219,448,219,448,217,447,216,444,216,441,216,440,217,438,218,435,219,431,219,431,219,426,219,423,219,422,221,422,222,422,222,422,224,420,225,417,225,414,226,413,227,413,229,413,229,413,230,412,231,409,232,406,232,404,234,404,235,404,235,404,237,406,238,409,238,412,239,413,240,413,242,413,242,413,243,414,244,417,245,420,245,422,246,422,248,422,248,422,250,423,251,426,251,429,252,431,253,431,255,431,255,431,256,432,257,435,258,438,258,440,259,441,261,444,261,447,262,448,263,450,264,453,264,456,265,457,266,457,268,457,268,457,269,459,270,462,271,465,271,466,272,468,273,471,274,475,274,475,274,479,274,482,275,484,276,485,277,488,277,491,278,493,279,494,280,497,280,500,281,502,282,503,283,506,284,510,284,510,284,515,284,518,283,519,282,519,280,519,280,519,279,518,278,515,277
435,329,432,330,431,331,431,332,435,332,438,332,440,331,438,330,435,329
426,122,423,122,422,123,422,125,422,125,422,127,423,128,426,128,429,128,431,127,431,125,431,125,431,123,429,122,426,122
426,131,423,132,422,133,423,134,426,135,429,134,431,133,429,132,426,131
426,332,423,333,422,334,422,336,426,336,429,335,431,334,431,332,426,332
417,336,414,336,413,337,413,339,413,339,413,340,413,342,417,342,420,341,422,340,422,339,422,339,422,337,422,336,417,336
409,342,406,343,404,344,404,345,404,345,404,347,406,348,409,349,412,348,413,347,413,345,413,345,413,344,413,342,409,342
400,112,397,113,395,114,397,115,400,115,403,115,404,114,403,113,400,112
391,144,386,144,386,144,382,144,379,144,378,143,378,141,378,141,378,140,378,138,378,138,378,136,376,135,373,135,370,134,369,133,369,131,369,131,369,130,367,129,364,128,361,128,360,127,360,125,360,125,360,123,360,122,360,122,360,120,360,119,360,119,360,117,358,116,355,115,352,115,351,114,350,113,347,112,344,112,342,110,342,109,342,109,342,107,342,106,342,106,342,104,344,103,347,102,351,102,351,102,355,102,358,103,360,104,360,106,360,106,360,107,361,108,364,109,367,108,369,107,369,106,369,106,369,104,369,102,369,102,369,101,369,99,369,99,369,97,367,96,364,96,361,95,360,94,360,93,360,93,360,91,358,90,355,89,352,89,351,88,351,86,351,86,351,85,350,83,347,83,344,82,342,81,342,80,342,80,342,78,341,77,338,76,335,76,333,75,332,74,329,73,324,73,324,73,320,73,316,73,316,73,311,73,308,74,307,75,307,76,307,76,307,78,308,79,311,80,314,80,316,81,316,83,316,83,316,85,316,86,316,86,316,88,316,89,316,89,316,91,317,92,320,93,323,93,324,94,324,96,324,96,324,97,324,99,324,99,324,101,324,102,324,102,324,104,324,106,324,106,324,107,324,109,324,109,324,110,324,112,324,112,324,114,324,115,324,115,324,117,324,119,324,119,324,120,324,122,324,122,324,123,324,125,324,125,324,127,323,128,320,128,317,129,316,130,316,131,316,131,316,133,316,135,316,135,316,136,316,138,316,138,316,140,316,141,316,141,316,143,314,144,311,144,308,145,307,146,307,148,307,148,307,149,307,151,307,151,307,153,307,154,307,154,307,156,307,157,307,157,307,159,307,161,307,161,307,162,305,163,302,164,299,164,298,165,298,167,298,167,298,169,298,170,298,170,298,172,296,173,293,174,290,174,289,175,289,177,289,177,289,178,290,180,293,180,296,180,298,178,299,177,302,177,307,177,307,177,311,177,314,176,316,175,316,174,316,174,316,172,317,171,320,170,323,170,324,169,326,168,329,167,333,167,333,167,338,167,342,167,342,167,347,167,350,168,351,169,352,170,355,170,360,170,360,170,364,170,367,171,369,172,369,174,369,174,369,175,370,176,373,177,376,176,378,175,378,174,378,174,378,172,378,170,378,170,378,169,379,168,382,167,385,167,386,165,386,164,386,164,386,162,388,161,391,161,394,160,395,159,395,157,395,157,395,156,395,154,395,154,395,153,395,151,395,151,395,149,395,148,395,148,395,146,394,145,391,144
391,352,388,352,386,353,386,355,391,355,394,354,395,353,394,352,391,352
382,355,379,356,378,357,378,358,378,358,378,360,378,361,382,361,385,361,386,360,386,358,386,358,386,357,386,355,382,355
373,361,370,362,369,363,369,365,373,365,376,364,378,363,378,361,373,361
364,365,361,365,360,366,361,367,364,368,367,367,369,366,369,365,364,365
276,57,273,56,271,55,270,54,267,54,262,54,262,54,258,54,254,54,254,54,249,54,246,53,245,52,243,51,240,50,236,50,236,50,231,50,227,50,227,50,223,50,220,50,218,49,217,48,214,47,211,47,209,46,208,45,205,44,202,43,200,42,199,41,196,41,192,41,192,41,187,41,184,40,183,39,181,38,178,38,174,38,174,38,169,38,165,38,165,38,161,38,158,37,156,36,155,35,152,34,149,35,147,36,146,37,143,38,138,38,138,38,134,38,131,37,130,36,128,35,125,34,122,35,121,36,121,38,121,38,121,39,119,40,116,41,113,41,112,42,110,43,107,44,104,45,103,46,102,47,99,47,96,48,94,49,94,50,94,50,94,52,94,54,94,54,94,55,93,56,90,57,87,58,85,59,84,60,81,60,78,61,76,62,76,63,76,63,76,65,75,66,72,67,69,67,68,68,68,70,68,70,68,72,66,73,63,73,60,74,59,75,59,76,59,76,59,78,59,80,59,80,59,81,59,83,59,83,59,85,59,86,59,86,59,88,59,89,59,89,59,91,60,92,63,93,66,93,68,94,68,96,68,96,68,97,68,99,68,99,68,101,69,102,72,102,75,103,76,104,76,106,76,106,76,107,76,109,76,109,76,110,78,111,81,112,84,113,85,114,87,115,90,115,93,116,94,117,94,119,94,119,94,120,96,121,99,122,102,122,103,123,103,125,103,125,103,127,104,128,107,128,110,129,112,130,113,131,116,131,119,132,121,133,122,134,125,135,130,135,130,135,134,135,137,134,138,133,138,131,138,131,138,130,138,128,138,128,138,127,140,126,143,125,146,126,147,127,149,128,152,128,156,128,156,128,161,128,165,128,165,128,169,128,174,128,174,128,178,128,181,128,183,127,183,125,183,125,183,123,183,122,183,122,183,120,184,119,187,119,190,118,192,117,193,116,196,115,199,115,200,114,200,112,200,112,200,110,200,109,200,109,200,107,200,106,200,106,200,104,202,103,205,102,208,102,209,101,209,99,209,99,209,97,209,96,209,96,209,94,209,93,209,93,209,91,211,90,214,89,217,89,218,88,220,87,223,86,226,86,227,85,226,83,223,83,220,82,218,81,218,80,218,80,218,78,220,77,223,76,227,76,227,76,231,76,234,76,236,75,237,74,240,73,243,73,245,72,245,70,245,70,245,68,246,67,249,67,254,67,254,67,258,67,262,67,262,67,267,67,270,66,271,65,273,64,276,63,279,63,280,62,280,60,280,60,280,59,279,58,276,57
276,180,271,180,271,180,267,180,264,181,262,182,262,183,267,183,271,183,271,183,276,183,279,183,280,182,279,181,276,180
258,183,254,183,254,183,249,183,245,183,245,183,240,183,236,183,236,183,231,183,227,183,227,183,223,183,220,184,218,185,217,186,214,187,209,187,209,187,205,187,200,187,200,187,196,187,192,187,192,187,187,187,183,187,183,187,178,187,175,187,174,188,174,190,174,190,174,191,175,192,178,193,183,193,183,193,187,193,190,194,192,195,193,196,196,196,200,196,200,196,205,196,209,196,209,196,214,196,217,196,218,195,220,194,223,193,226,192,227,191,228,190,231,190,236,190,236,190,240,190,243,189,245,188,246,187,249,187,254,187,254,187,258,187,261,186,262,185,262,183,258,183
99,177,94,177,94,178,96,180,99,180,102,180,103,178,102,177,99,177
90,174,85,174,85,175,87,176,90,177,94,177,94,175,93,174,90,174
81,170,76,170,76,172,78,173,81,174,85,174,85,172,84,171,81,170
72,167,69,168,68,169,69,170,72,170,76,170,76,169,75,168,72,167
