630,381,626,381,626,381,621,381,617,381,617,381,612,381,608,381,608,381,603,381,600,381,599,383,599,384,599,384,599,386,598,387,595,387,592,388,590,389,590,391,590,391,590,392,590,394,590,394,590,395,589,397,586,397,583,398,581,399,580,400,577,400,574,401,572,402,572,404,572,404,572,405,572,407,572,407,572,408,572,410,572,410,572,412,572,413,572,413,572,415,572,417,572,417,572,418,574,419,577,420,580,420,581,421,581,423,581,423,581,425,581,426,581,426,581,428,581,430,581,430,581,431,583,432,586,433,589,433,590,434,590,436,590,436,590,438,592,439,595,439,598,440,599,441,599,442,599,442,599,444,599,446,599,446,599,447,598,448,595,449,592,449,590,451,590,452,590,452,590,454,590,455,590,455,590,457,592,458,595,459,599,459,599,459,603,459,606,459,608,460,608,462,608,462,608,464,609,465,612,465,615,466,617,467,618,468,621,468,626,468,626,468,630,468,630,381
630,183,627,184,626,185,624,186,621,187,617,187,617,187,612,187,608,187,608,187,603,187,600,187,599,188,598,189,595,190,592,190,590,191,590,193,590,193,590,195,589,196,586,196,583,197,581,198,581,200,581,200,581,201,580,202,577,203,572,203,572,203,568,203,565,203,564,204,562,205,559,206,556,207,555,208,555,209,555,209,555,211,553,212,550,212,547,213,546,214,546,216,546,216,546,217,544,218,541,219,537,219,537,219,533,219,530,219,528,221,528,222,528,222,528,224,528,225,528,225,528,227,527,228,524,229,521,229,519,230,518,231,515,232,512,232,510,234,510,235,510,235,510,237,509,238,506,238,503,239,502,240,500,241,497,242,494,242,493,243,493,245,493,245,493,246,493,248,493,248,493,250,493,251,493,251,493,253,493,255,493,255,493,256,493,258,493,258,493,259,493,261,493,261,493,263,491,264,488,264,485,265,484,266,484,268,484,268,484,269,484,271,484,271,484,272,485,273,488,274,493,274,493,274,497,274,502,274,502,274,506,274,509,273,510,272,510,271,510,271,510,269,512,268,515,268,519,268,519,268,524,268,527,267,528,266,530,265,533,264,536,264,537,263,538,262,541,261,544,261,546,259,547,258,550,258,555,258,555,258,559,258,562,257,564,256,564,255,564,255,564,253,564,251,564,251,564,250,565,249,568,248,571,248,572,246,572,245,572,245,572,243,574,242,577,242,580,241,581,240,583,239,586,238,589,238,590,237,592,236,595,235,598,235,599,234,600,232,603,232,606,231,608,230,609,229,612,229,615,228,617,227,618,226,621,225,624,225,626,224,627,223,630,222,630,183
382,128,379,129,378,130,379,131,382,131,385,131,386,130,385,129,382,128
373,141,370,142,369,143,370,144,373,144,376,144,378,143,376,142,373,141
364,148,361,148,360,149,361,150,364,151,367,150,369,149,367,148,364,148
338,109,333,109,333,109,329,109,326,109,324,110,324,112,324,112,324,114,324,115,324,115,324,117,324,119,324,119,324,120,326,121,329,122,332,121,333,120,335,119,338,119,341,118,342,117,342,115,342,115,342,114,342,112,342,112,342,110,341,109,338,109
311,394,308,393,307,392,305,391,302,391,298,391,298,391,293,391,289,391,289,392,290,393,293,394,296,394,298,395,299,397,302,397,307,397,307,397,311,397,314,397,316,395,314,394,311,394
302,115,299,116,298,117,298,119,298,119,298,120,299,121,302,122,305,121,307,120,307,119,307,119,307,117,305,116,302,115
302,177,299,177,298,178,299,180,302,180,305,180,307,178,305,177,302,177
285,177,280,177,280,177,276,177,271,177,271,177,267,177,264,176,262,175,261,174,258,174,254,174,254,174,249,174,245,174,245,175,246,176,249,177,252,177,254,178,255,180,258,180,262,180,262,180,267,180,271,180,271,180,276,180,280,180,280,180,285,180,288,180,289,178,288,177,285,177
285,387,282,387,280,386,279,385,276,384,273,384,271,383,271,381,271,381,271,379,270,378,267,378,264,377,262,376,262,374,262,374,262,373,262,371,258,371,254,371,254,371,249,371,246,371,245,370,245,368,245,368,245,366,243,365,240,365,236,365,236,365,231,365,227,365,227,365,223,365,218,365,218,365,214,365,209,365,209,365,205,365,202,364,200,363,199,362,196,361,192,361,192,361,187,361,183,361,183,361,178,361,175,361,174,360,172,359,169,358,165,358,165,358,161,358,156,358,156,358,152,358,147,358,147,360,149,361,152,361,155,362,156,363,158,364,161,365,164,365,165,366,166,367,169,368,174,368,174,368,178,368,181,368,183,370,184,371,187,371,192,371,192,371,196,371,200,371,200,371,205,371,208,372,209,373,211,374,214,374,217,375,218,376,220,377,223,378,226,378,227,379,228,380,231,381,236,381,236,381,240,381,243,381,245,383,246,384,249,384,252,385,254,386,255,387,258,387,261,388,262,389,264,390,267,391,271,391,271,391,276,391,280,391,280,391,285,391,289,391,289,389,288,388,285,387
276,106,273,105,271,104,270,103,267,102,264,102,262,101,262,99,262,99,262,97,261,96,258,96,254,96,254,96,249,96,246,96,245,97,245,99,245,99,245,101,245,102,245,102,245,104,245,106,245,106,245,107,245,109,245,109,245,110,245,112,245,112,245,114,246,115,249,115,254,115,254,115,258,115,261,115,262,114,264,113,267,112,271,112,271,112,276,112,279,111,280,110,280,109,280,109,280,107,279,106,276,106
267,365,262,365,262,365,258,365,255,365,254,366,255,367,258,368,261,368,262,370,262,371,267,371,270,371,271,370,271,368,271,368,271,366,270,365,267,365
258,73,255,73,254,72,252,70,249,70,246,69,245,68,245,67,245,67,245,65,243,64,240,63,236,63,236,63,231,63,227,63,227,63,223,63,220,64,218,65,218,67,218,67,218,68,218,70,218,70,218,72,218,73,218,73,218,75,220,76,223,76,226,77,227,78,227,80,227,80,227,81,228,82,231,83,234,83,236,85,236,86,236,86,236,88,237,89,240,89,245,89,245,89,249,89,252,89,254,88,254,86,254,86,254,85,255,83,258,83,261,82,262,81,262,80,262,80,262,78,262,76,262,76,262,75,261,74,258,73
240,170,236,170,236,170,231,170,228,171,227,172,228,173,231,174,236,174,236,174,240,174,245,174,245,172,243,171,240,170
231,99,227,99,227,101,228,102,231,102,234,102,236,101,234,100,231,99
223,96,220,96,218,97,220,99,223,99,227,99,227,97,226,96,223,96
161,345,156,345,156,347,158,348,161,349,164,348,165,347,164,346,161,345
152,342,149,343,147,344,149,345,152,345,156,345,156,344,155,343,152,342
143,355,140,354,138,353,137,352,134,352,131,352,130,353,130,355,130,355,130,357,131,358,134,358,138,358,138,358,143,358,147,358,147,357,146,356,143,355
