630,196,627,197,626,198,624,199,621,200,617,200,617,200,612,200,609,200,608,201,608,203,608,203,608,204,608,206,608,206,608,208,608,209,608,209,608,211,608,212,608,212,608,214,608,216,612,216,615,216,617,217,615,218,612,219,609,218,608,217,608,216,603,216,599,216,599,216,595,216,592,216,590,217,590,219,590,219,590,221,590,222,590,222,590,224,592,225,595,225,598,225,599,224,600,223,603,222,608,222,608,222,612,222,617,222,617,222,621,222,624,222,626,221,627,219,630,219,630,196
612,332,609,333,608,334,606,335,603,336,600,336,599,337,598,338,595,339,592,339,590,340,590,342,590,342,590,344,589,345,586,345,583,346,581,347,580,348,577,349,572,349,572,349,568,349,565,349,564,350,564,352,564,352,564,353,565,354,568,355,572,355,572,355,577,355,581,355,581,355,586,355,589,354,590,353,592,352,595,352,598,351,599,350,600,349,603,349,606,348,608,347,609,346,612,345,615,345,617,344,617,342,617,342,617,340,617,339,617,339,617,337,617,336,617,336,617,334,615,333,612,332
577,222,572,222,572,222,568,222,565,223,564,224,564,225,564,225,564,227,565,228,568,229,572,229,572,229,577,229,580,228,581,227,581,225,581,225,581,224,580,223,577,222
559,232,556,232,555,234,555,235,555,235,555,237,553,238,550,238,546,238,546,238,541,238,538,239,537,240,537,242,537,242,537,243,536,244,533,245,530,245,528,246,528,248,528,248,528,250,527,251,524,251,521,252,519,253,518,254,515,255,512,255,510,256,510,258,510,258,510,259,510,261,515,261,519,261,519,261,524,261,527,262,528,263,530,264,533,264,536,265,537,266,538,267,541,268,544,267,546,266,546,264,546,264,546,263,547,262,550,261,553,261,555,259,555,258,555,258,555,256,556,255,559,255,562,254,564,253,564,251,564,251,564,250,564,248,564,248,564,246,564,245,564,245,564,243,564,242,564,242,564,240,564,238,564,238,564,237,564,235,564,235,564,234,562,232,559,232
550,248,547,249,546,250,547,251,550,251,553,251,555,250,553,249,550,248
515,264,512,264,510,263,510,261,506,261,503,262,502,263,502,264,502,264,502,266,502,268,502,268,502,269,503,270,506,271,510,271,510,271,515,271,518,270,519,269,519,268,519,268,519,266,518,265,515,264
409,410,404,410,404,412,406,413,409,413,412,413,413,412,412,411,409,410
400,404,397,403,395,402,394,401,391,400,386,400,386,400,382,400,379,400,378,399,376,398,373,397,369,397,369,397,364,397,361,397,360,395,358,394,355,394,352,393,351,392,350,391,347,391,344,390,342,389,342,387,342,387,342,386,341,385,338,384,335,384,333,383,332,381,329,381,326,380,324,379,324,378,324,378,324,376,323,375,320,374,316,374,316,374,311,374,307,374,307,374,302,374,299,375,298,376,296,377,293,378,290,378,289,379,289,381,289,381,289,383,289,384,289,384,289,386,288,387,285,387,280,387,280,387,276,387,271,387,271,387,267,387,262,387,262,389,261,390,258,391,254,391,254,391,249,391,246,391,245,392,246,393,249,394,252,394,254,395,255,397,258,397,262,397,262,397,267,397,270,397,271,395,273,394,276,394,280,394,280,394,285,394,288,394,289,395,290,397,293,397,298,397,298,397,302,397,305,398,307,399,308,400,311,400,316,400,316,400,320,400,324,400,324,400,329,400,332,401,333,402,335,403,338,404,341,404,342,405,344,406,347,407,350,407,351,408,352,410,355,410,360,410,360,410,364,410,369,410,369,410,373,410,378,410,378,410,382,410,386,410,386,410,391,410,395,410,395,410,400,410,404,410,404,408,404,407,404,407,404,405,403,404,400,404
329,187,326,187,324,188,323,189,320,190,317,190,316,191,317,192,320,193,324,193,324,193,329,193,332,192,333,191,333,190,333,190,333,188,332,187,329,187
302,122,299,121,298,120,296,119,293,119,290,118,289,117,289,115,289,115,289,114,289,112,289,112,289,110,288,109,285,109,282,108,280,107,279,106,276,106,271,106,271,106,267,106,264,105,262,104,261,103,258,102,255,102,254,101,252,100,249,99,246,99,245,97,243,96,240,96,237,96,236,97,234,99,231,99,228,100,227,101,226,102,223,102,218,102,218,102,214,102,211,103,209,104,209,106,209,106,209,107,209,109,209,109,209,110,209,112,209,112,209,114,211,115,214,115,217,115,218,114,220,113,223,112,226,113,227,114,228,115,231,115,234,116,236,117,236,119,236,119,236,120,236,122,236,122,236,123,234,124,231,125,227,125,227,125,223,125,218,125,218,125,214,125,211,126,209,127,209,128,209,128,209,130,209,131,209,131,209,133,211,134,214,135,217,135,218,136,218,138,218,138,218,140,220,141,223,141,227,141,227,141,231,141,234,142,236,143,237,144,240,144,243,144,245,143,246,142,249,141,254,141,254,141,258,141,261,141,262,140,264,138,267,138,270,137,271,136,271,135,271,135,271,133,273,132,276,131,280,131,280,131,285,131,289,131,289,131,293,131,298,131,298,131,302,131,305,131,307,130,307,128,307,128,307,127,307,125,307,125,307,123,305,122,302,122
293,203,290,202,289,201,289,200,289,200,289,198,288,197,285,196,282,196,280,195,279,194,276,193,271,193,271,193,267,193,262,193,262,193,258,193,255,192,254,191,252,190,249,190,246,189,245,188,243,187,240,187,236,187,236,187,231,187,227,187,227,187,223,187,220,187,218,188,218,190,218,190,218,191,217,192,214,193,209,193,209,193,205,193,200,193,200,193,196,193,193,194,192,195,192,196,192,196,192,198,193,199,196,200,199,200,200,201,200,203,200,203,200,204,202,205,205,206,208,207,209,208,211,209,214,209,217,210,218,211,220,212,223,212,227,212,227,212,231,212,236,212,236,212,240,212,245,212,245,212,249,212,254,212,254,212,258,212,262,212,262,212,267,212,271,212,271,212,276,212,279,213,280,214,282,215,285,216,288,215,289,214,290,213,293,212,296,212,298,211,298,209,298,209,298,208,298,206,298,206,298,204,296,203,293,203
231,190,228,190,227,191,228,192,231,193,234,192,236,191,234,190,231,190
258,378,254,378,254,378,249,378,245,378,245,378,240,378,236,378,236,378,231,378,227,378,227,378,223,378,218,378,218,378,214,378,211,377,209,376,208,375,205,374,200,374,200,374,196,374,192,374,192,374,187,374,183,374,183,374,178,374,174,374,174,374,169,374,166,375,165,376,166,377,169,378,174,378,174,378,178,378,181,378,183,379,183,381,183,381,183,383,184,384,187,384,190,385,192,386,193,387,196,387,200,387,200,387,205,387,209,387,209,387,214,387,218,387,218,387,223,387,227,387,227,387,231,387,234,387,236,386,237,385,240,384,243,385,245,386,246,387,249,387,254,387,254,387,258,387,262,387,262,386,262,384,262,384,262,383,262,381,262,381,262,379,261,378,258,378
249,345,245,345,245,345,240,345,236,345,236,345,231,345,228,346,227,347,226,348,223,349,220,349,218,350,218,352,218,352,218,353,217,354,214,355,211,356,209,357,211,358,214,358,218,358,218,358,223,358,226,358,227,357,228,356,231,355,234,354,236,353,236,352,236,352,236,350,237,349,240,349,245,349,245,349,249,349,252,348,254,347,252,346,249,345
240,73,236,73,236,73,231,73,227,73,227,73,223,73,220,74,218,75,218,76,218,76,218,78,218,80,218,80,218,81,218,83,218,83,218,85,218,86,218,86,218,88,220,89,223,89,226,90,227,91,228,92,231,93,234,92,236,91,237,90,240,89,243,89,245,88,245,86,245,86,245,85,245,83,245,83,245,81,245,80,245,80,245,78,245,76,245,76,245,75,243,74,240,73
205,96,202,96,200,97,202,99,205,99,208,99,209,97,208,96,205,96
