630,436,627,435,626,434,626,433,626,433,626,431,626,430,626,430,626,428,626,426,626,426,626,425,624,424,621,423,618,424,617,425,617,426,617,426,617,428,615,429,612,430,609,429,608,428,606,427,603,426,600,427,599,428,599,430,599,430,599,431,599,433,599,433,599,434,599,436,599,436,599,438,599,439,599,439,599,441,599,442,599,442,599,444,600,445,603,446,608,446,608,446,612,446,615,446,617,447,618,448,621,449,626,449,626,449,630,449,630,436
515,271,512,270,510,269,510,268,510,268,510,266,510,264,510,264,510,263,510,261,510,261,510,259,510,258,510,258,510,256,510,255,510,255,510,253,510,251,510,251,510,250,510,248,510,248,510,246,509,245,506,245,503,244,502,243,502,242,502,242,502,240,502,238,502,238,502,237,502,235,502,235,502,234,500,232,497,232,494,231,493,230,493,229,493,229,493,227,491,226,488,225,485,225,484,224,482,223,479,222,476,222,475,221,474,219,471,219,468,219,466,221,465,222,462,222,459,223,457,224,456,225,453,225,450,225,448,224,448,222,448,222,448,221,448,219,448,219,448,217,447,216,444,216,440,216,440,216,435,216,432,216,431,217,429,218,426,219,423,219,422,221,420,222,417,222,414,223,413,224,413,225,413,225,413,227,413,229,413,229,413,230,413,232,413,232,413,234,413,235,413,235,413,237,413,238,413,238,413,240,414,241,417,242,420,242,422,243,422,245,422,245,422,246,422,248,422,248,422,250,423,251,426,251,429,252,431,253,431,255,431,255,431,256,431,258,431,258,431,259,432,261,435,261,440,261,440,261,444,261,447,262,448,263,450,264,453,264,456,265,457,266,457,268,457,268,457,269,459,270,462,271,466,271,466,271,471,271,474,271,475,272,476,273,479,274,482,275,484,276,485,277,488,277,491,278,493,279,494,280,497,280,502,280,502,280,506,280,509,281,510,282,512,283,515,284,518,283,519,282,519,280,519,280,519,279,519,277,519,277,519,276,519,274,519,274,519,272,518,271,515,271
426,119,423,119,422,120,422,122,422,122,422,123,422,125,422,125,422,127,422,128,422,128,422,130,422,131,422,131,422,133,420,134,417,135,414,135,413,136,413,138,413,138,413,140,414,141,417,141,420,141,422,140,423,138,426,138,429,137,431,136,431,135,431,135,431,133,431,131,431,131,431,130,431,128,431,128,431,127,431,125,431,125,431,123,431,122,431,122,431,120,429,119,426,119
417,339,414,339,413,340,413,342,417,342,420,341,422,340,420,339,417,339
409,342,406,343,404,344,404,345,404,345,404,347,406,348,409,349,412,348,413,347,413,345,413,345,413,344,413,342,409,342
400,112,397,113,395,114,397,115,400,115,403,115,404,114,403,113,400,112
400,151,397,150,395,149,395,148,395,148,395,146,394,145,391,144,386,144,386,144,382,144,379,144,378,143,378,141,378,141,378,140,378,138,378,138,378,136,376,135,373,135,370,134,369,133,369,131,369,131,369,130,367,129,364,128,361,128,360,127,360,125,360,125,360,123,360,122,360,122,360,120,360,119,360,119,360,117,358,116,355,115,352,115,351,114,350,113,347,112,344,112,342,110,342,109,342,109,342,107,342,106,342,106,342,104,342,102,342,102,342,101,344,100,347,99,350,100,351,101,352,102,355,102,358,103,360,104,360,106,360,106,360,107,361,108,364,109,367,108,369,107,369,106,369,106,369,104,369,102,369,102,369,101,367,100,364,99,361,99,360,97,360,96,360,96,360,94,360,93,360,93,360,91,358,90,355,89,352,89,351,88,351,86,351,86,351,85,350,83,347,83,344,82,342,81,342,80,342,80,342,78,341,77,338,76,335,76,333,75,332,74,329,73,324,73,324,73,320,73,316,73,316,73,311,73,308,74,307,75,307,76,307,76,307,78,307,80,307,80,307,81,307,83,307,83,307,85,308,86,311,86,314,87,316,88,316,89,316,89,316,91,316,93,316,93,316,94,316,96,316,96,316,97,317,99,320,99,323,100,324,101,324,102,324,102,324,104,324,106,324,106,324,107,324,109,324,109,324,110,324,112,324,112,324,114,324,115,324,115,324,117,324,119,324,119,324,120,323,121,320,122,317,122,316,123,316,125,316,125,316,127,316,128,316,128,316,130,316,131,316,131,316,133,316,135,316,135,316,136,316,138,316,138,316,140,316,141,316,141,316,143,316,144,316,144,316,146,316,148,316,148,316,149,316,151,316,151,316,153,316,154,316,154,316,156,314,157,311,157,308,158,307,159,307,161,307,161,307,162,307,164,307,164,307,165,305,167,302,167,299,168,298,169,298,170,298,170,298,172,296,173,293,174,290,174,289,175,289,177,289,177,289,178,288,180,285,180,280,180,280,180,276,180,273,181,271,182,270,183,267,183,262,183,262,183,258,183,254,183,254,183,249,183,245,183,245,183,240,183,236,183,236,183,231,183,228,184,227,185,226,186,223,187,218,187,218,187,214,187,209,187,209,187,205,187,200,187,200,187,196,187,192,187,192,187,187,187,183,187,183,187,178,187,175,187,174,188,172,189,169,190,166,190,165,191,165,193,165,193,165,195,166,196,169,196,172,197,174,198,174,200,174,200,174,201,175,202,178,203,181,203,183,204,183,206,183,206,183,208,183,209,183,209,183,211,184,212,187,212,190,212,192,211,193,210,196,209,199,209,200,208,200,206,200,206,200,204,202,203,205,203,208,202,209,201,211,200,214,200,217,199,218,198,220,197,223,196,226,196,227,195,228,194,231,193,234,194,236,195,237,196,240,196,243,196,245,195,246,194,249,193,252,192,254,191,254,190,254,190,254,188,255,187,258,187,262,187,262,187,267,187,271,187,271,187,276,187,280,187,280,187,285,187,289,187,289,187,293,187,296,186,298,185,299,184,302,183,305,183,307,182,308,181,311,180,314,180,316,178,317,177,320,177,324,177,324,177,329,177,333,177,333,177,338,177,342,177,342,177,347,177,350,177,351,178,352,180,355,180,360,180,360,180,364,180,369,180,369,180,373,180,376,180,378,178,379,177,382,177,385,176,386,175,386,174,386,174,386,172,388,171,391,170,394,170,395,169,395,167,395,167,395,165,397,164,400,164,403,163,404,162,404,161,404,161,404,159,404,157,404,157,404,156,404,154,404,154,404,153,403,151,400,151
400,212,397,213,395,214,395,216,395,216,395,217,397,218,400,219,403,218,404,217,404,216,404,216,404,214,403,213,400,212
391,187,388,187,386,188,388,189,391,190,394,189,395,188,394,187,391,187
382,128,379,129,378,130,379,131,382,131,385,131,386,130,385,129,382,128
382,358,379,359,378,360,378,361,382,361,385,361,386,360,385,359,382,358
373,361,370,362,369,363,367,364,364,365,361,365,360,366,360,368,360,368,360,370,358,371,355,371,351,371,351,371,347,371,344,372,342,373,341,374,338,374,335,375,333,376,332,377,329,378,326,378,324,379,326,380,329,381,332,381,333,383,335,384,338,384,341,384,342,383,344,381,347,381,351,381,351,381,355,381,358,380,360,379,361,378,364,378,367,377,369,376,369,374,369,374,369,373,370,372,373,371,376,371,378,370,378,368,378,368,378,366,378,365,378,365,378,363,378,361,373,361
293,67,290,66,289,65,289,63,289,63,289,62,288,61,285,60,282,60,280,59,280,57,280,57,280,55,279,54,276,54,271,54,271,54,267,54,262,54,262,54,258,54,254,54,254,54,249,54,245,54,245,54,240,54,237,53,236,52,234,51,231,50,227,50,227,50,223,50,218,50,218,50,214,50,211,50,209,49,208,48,205,47,202,47,200,46,199,45,196,44,192,44,192,44,187,44,184,43,183,42,181,41,178,41,174,41,174,41,169,41,166,41,165,42,164,43,161,44,158,45,156,46,155,47,152,47,149,48,147,49,146,50,143,50,138,50,138,50,134,50,130,50,130,50,125,50,121,50,121,50,116,50,113,51,112,52,110,53,107,54,103,54,103,54,99,54,96,54,94,55,93,56,90,57,87,58,85,59,85,60,85,60,85,62,84,63,81,63,78,64,76,65,76,67,76,67,76,68,76,70,76,70,76,72,75,73,72,73,69,74,68,75,66,76,63,76,60,77,59,78,57,79,54,80,51,80,50,81,50,83,50,83,50,85,50,86,50,86,50,88,50,89,50,89,50,91,51,92,54,93,57,93,59,94,59,96,59,96,59,97,60,99,63,99,66,100,68,101,68,102,68,102,68,104,69,105,72,106,75,106,76,107,75,108,72,109,69,109,68,110,69,111,72,112,76,112,76,112,81,112,84,113,85,114,85,115,85,115,85,117,85,119,85,119,85,120,87,121,90,122,93,122,94,123,96,124,99,125,102,126,103,127,104,128,107,128,110,129,112,130,113,131,116,131,119,132,121,133,122,134,125,135,128,134,130,133,131,132,134,131,138,131,138,130,138,128,138,128,138,127,140,126,143,125,146,126,147,127,149,128,152,128,155,129,156,130,158,131,161,131,165,131,165,131,169,131,174,131,174,131,178,131,183,131,183,131,187,131,190,131,192,130,193,129,196,128,199,128,200,127,199,126,196,125,193,124,192,123,190,122,187,122,184,121,183,120,183,119,183,119,183,117,184,116,187,115,190,115,192,114,193,113,196,112,199,111,200,110,200,109,200,109,200,107,200,106,200,106,200,104,200,102,200,102,200,101,200,99,200,99,200,97,200,96,200,96,200,94,200,93,200,93,200,91,202,90,205,89,209,89,209,89,214,89,218,89,218,89,223,89,227,89,227,89,231,89,234,89,236,88,237,87,240,86,243,86,245,85,245,83,245,83,245,81,243,80,240,80,237,79,236,78,237,77,240,76,243,76,245,75,245,73,245,73,245,72,245,70,245,70,245,68,246,67,249,67,254,67,254,67,258,67,261,67,262,68,264,69,267,70,270,69,271,68,273,67,276,67,279,67,280,68,282,69,285,70,288,70,289,72,290,73,293,73,296,73,298,72,298,70,298,70,298,68,296,67,293,67
143,131,138,131,138,133,140,134,143,135,146,134,147,133,146,132,143,131
116,183,113,183,112,182,110,181,107,180,104,180,103,178,102,177,99,177,96,176,94,175,93,174,90,174,85,174,85,175,85,177,85,177,85,178,87,180,90,180,93,181,94,182,94,183,94,183,94,185,96,186,99,187,103,187,103,187,107,187,110,187,112,188,113,189,116,190,119,189,121,188,121,187,121,187,121,185,119,184,116,183
81,170,78,170,76,169,75,168,72,167,69,168,68,169,68,170,68,170,68,172,69,173,72,174,76,174,76,174,81,174,85,174,85,172,84,171,81,170
