630,216,627,216,626,217,627,218,630,219,630,216
612,326,609,326,608,327,609,329,612,329,615,329,617,327,615,326,612,326
586,400,583,401,581,402,583,403,586,404,589,403,590,402,589,401,586,400
586,449,583,448,581,447,580,446,577,446,572,446,572,446,568,446,564,446,564,446,559,446,556,445,555,444,553,443,550,442,546,442,546,442,541,442,537,442,537,442,533,442,528,442,528,444,528,446,528,446,528,447,530,448,533,449,536,449,537,451,538,452,541,452,544,453,546,454,547,455,550,455,555,455,555,455,559,455,564,455,564,455,568,455,572,455,572,455,577,455,580,456,581,457,583,458,586,459,589,458,590,457,590,455,590,455,590,454,590,452,590,452,590,451,589,449,586,449
559,329,556,329,555,327,555,326,555,326,555,324,555,323,555,323,555,321,553,320,550,319,547,319,546,318,546,316,546,316,546,315,546,313,546,313,546,311,546,310,546,310,546,308,544,307,541,306,537,306,537,306,533,306,530,307,528,308,527,309,524,310,521,310,519,311,519,313,519,313,519,315,519,316,519,316,519,318,519,319,519,319,519,321,519,323,519,323,519,324,519,326,519,326,519,327,519,329,519,329,519,331,519,332,519,332,519,334,519,336,519,336,519,337,519,339,519,339,519,340,519,342,519,342,519,344,521,345,524,345,527,346,528,347,528,349,528,349,528,350,530,351,533,352,536,351,537,350,538,349,541,349,546,349,546,349,550,349,553,349,555,350,555,352,555,352,555,353,555,355,555,355,555,357,553,358,550,358,547,359,546,360,546,361,546,361,546,363,547,364,550,365,553,364,555,363,556,362,559,361,562,361,564,360,564,358,564,358,564,357,564,355,564,355,564,353,564,352,564,352,564,350,564,349,564,349,564,347,564,345,564,345,564,344,564,342,564,342,564,340,564,339,564,339,564,337,564,336,564,336,564,334,564,332,564,332,564,331,562,330,559,329
550,426,547,427,546,428,547,429,550,430,553,429,555,428,553,427,550,426
524,439,519,439,519,439,515,439,510,439,510,441,512,442,515,442,519,442,519,442,524,442,528,442,528,441,527,440,524,439
506,436,502,436,502,438,503,439,506,439,510,439,510,438,509,437,506,436
497,433,494,433,493,434,494,435,497,436,502,436,502,434,500,433,497,433
400,161,397,160,395,159,394,158,391,157,388,157,386,156,386,154,386,154,386,153,385,151,382,151,379,150,378,149,376,148,373,148,369,148,369,148,364,148,361,148,360,149,360,151,360,151,360,153,360,154,360,154,360,156,360,157,360,157,360,159,361,160,364,161,367,161,369,162,369,164,369,164,369,165,369,167,369,167,369,169,369,170,369,170,369,172,369,174,369,174,369,175,370,176,373,177,376,177,378,178,378,180,378,180,378,182,378,183,378,183,378,185,378,187,378,187,378,188,378,190,378,190,378,191,378,193,378,193,378,195,376,196,373,196,370,197,369,198,369,200,369,200,369,201,369,203,369,203,369,204,369,206,369,206,369,208,370,209,373,209,376,210,378,211,379,212,382,212,385,212,386,211,388,210,391,209,394,209,395,208,395,206,395,206,395,204,395,203,395,203,395,201,395,200,395,200,395,198,395,196,395,196,395,195,395,193,395,193,395,191,395,190,395,190,395,188,395,187,395,187,395,185,395,183,395,183,395,182,395,180,395,180,395,178,395,177,395,177,395,175,395,174,395,174,395,172,395,170,395,170,395,169,397,168,400,167,403,167,404,165,404,164,404,164,404,162,403,161,400,161
364,225,361,226,360,227,358,228,355,229,351,229,351,229,347,229,344,229,342,230,341,231,338,232,335,232,333,234,332,235,329,235,326,236,324,237,323,238,320,238,317,239,316,240,314,241,311,242,307,242,307,242,302,242,298,242,298,242,293,242,289,242,289,242,285,242,282,241,280,240,280,238,280,238,280,237,279,236,276,235,273,235,271,234,270,232,267,232,264,231,262,230,262,229,262,229,262,227,261,226,258,225,254,225,254,225,249,225,246,226,245,227,245,229,245,229,245,230,245,232,245,232,245,234,246,235,249,235,252,236,254,237,255,238,258,238,262,238,262,238,267,238,270,239,271,240,270,241,267,242,262,242,262,242,258,242,254,242,254,242,249,242,245,242,245,242,240,242,236,242,236,242,231,242,227,242,227,242,223,242,218,242,218,242,214,242,211,242,209,243,209,245,209,245,209,246,209,248,209,248,209,250,211,251,214,251,218,251,218,251,223,251,226,252,227,253,228,254,231,255,234,255,236,256,236,258,236,258,236,259,237,261,240,261,243,262,245,263,246,264,249,264,252,265,254,266,255,267,258,268,262,268,262,268,267,268,271,268,271,268,276,268,279,267,280,266,282,265,285,264,289,264,289,264,293,264,298,264,298,264,302,264,305,264,307,263,307,261,307,261,307,259,307,258,307,258,307,256,308,255,311,255,314,255,316,256,317,257,320,258,324,258,324,258,329,258,332,257,333,256,335,255,338,255,341,254,342,253,344,252,347,251,350,251,351,250,352,249,355,248,358,248,360,246,360,245,360,245,360,243,360,242,360,242,360,240,361,239,364,238,367,238,369,237,369,235,369,235,369,234,369,232,369,232,369,230,369,229,369,229,369,227,367,226,364,225
302,115,298,115,298,115,293,115,290,115,289,114,288,113,285,112,282,112,280,110,279,109,276,109,271,109,271,109,267,109,262,109,262,109,258,109,255,108,254,107,254,106,254,106,254,104,252,103,249,102,245,102,245,102,240,102,237,103,236,104,234,105,231,106,228,106,227,107,226,108,223,109,220,109,218,110,218,112,218,112,218,114,217,115,214,115,209,115,209,115,205,115,202,116,200,117,199,118,196,119,193,119,192,120,192,122,192,122,192,123,190,124,187,125,184,126,183,127,183,128,183,128,183,130,183,131,183,131,183,133,181,134,178,135,175,135,174,136,174,138,174,138,174,140,174,141,174,141,174,143,174,144,174,144,174,146,174,148,174,148,174,149,174,151,174,151,174,153,174,154,174,154,174,156,174,157,174,157,174,159,174,161,174,161,174,162,174,164,174,164,174,165,175,167,178,167,181,168,183,169,183,170,183,170,183,172,183,174,183,174,183,175,184,176,187,177,190,177,192,178,192,180,192,180,192,182,192,183,192,183,192,185,193,186,196,187,200,187,200,187,205,187,208,187,209,188,211,189,214,190,218,190,218,190,223,190,226,189,227,188,227,187,227,187,227,185,228,184,231,183,234,184,236,185,237,186,240,187,243,186,245,185,245,183,245,183,245,182,245,180,245,180,245,178,246,177,249,177,252,176,254,175,255,174,258,174,261,173,262,172,262,170,262,170,262,169,262,167,262,167,262,165,262,164,262,164,262,162,264,161,267,161,270,160,271,159,271,157,271,157,271,156,273,155,276,154,279,154,280,153,280,151,280,151,280,149,282,148,285,148,288,147,289,146,289,144,289,144,289,143,290,142,293,141,296,141,298,140,298,138,298,138,298,136,299,135,302,135,305,134,307,133,307,131,307,131,307,130,307,128,307,128,307,127,307,125,307,125,307,123,307,122,307,122,307,120,307,119,307,119,307,117,305,116,302,115
267,371,262,371,262,371,258,371,254,371,254,371,249,371,246,372,245,373,243,374,240,374,237,375,236,376,237,377,240,378,245,378,245,378,249,378,252,377,254,376,255,375,258,374,262,374,262,374,267,374,270,374,271,373,270,372,267,371
99,268,96,268,94,269,96,270,99,271,102,270,103,269,102,268,99,268
