630,255,626,255,626,255,621,255,618,255,617,256,618,257,621,258,624,258,626,259,627,261,630,261,630,255
630,196,627,196,626,195,624,194,621,193,618,194,617,195,615,196,612,196,608,196,608,196,603,196,599,196,599,196,595,196,592,197,590,198,589,199,586,200,581,200,581,200,577,200,572,200,572,200,568,200,564,200,564,200,559,200,555,200,555,200,550,200,546,200,546,200,541,200,537,200,537,200,533,200,528,200,528,200,524,200,519,200,519,200,515,200,512,199,510,198,509,197,506,196,502,196,502,196,497,196,494,197,493,198,491,199,488,200,484,200,484,200,479,200,476,200,475,201,474,202,471,203,466,203,466,203,462,203,459,203,457,204,456,205,453,206,450,207,448,208,447,209,444,209,441,210,440,211,438,212,435,212,431,212,431,212,426,212,423,213,422,214,420,215,417,216,413,216,413,216,409,216,406,216,404,217,404,219,404,219,404,221,403,222,400,222,397,223,395,224,394,225,391,225,386,225,386,225,382,225,378,225,378,225,373,225,370,226,369,227,367,228,364,229,361,229,360,230,358,231,355,232,352,232,351,234,351,235,351,235,351,237,350,238,347,238,344,239,342,240,341,241,338,242,335,242,333,243,332,244,329,245,326,245,324,246,326,248,329,248,332,249,333,250,335,251,338,251,342,251,342,251,347,251,350,252,351,253,351,255,351,255,351,256,351,258,351,258,351,259,351,261,351,261,351,263,351,264,351,264,351,266,350,267,347,268,344,268,342,269,344,270,347,271,350,271,351,272,352,273,355,274,360,274,360,274,364,274,367,275,369,276,370,277,373,277,376,278,378,279,378,280,378,280,378,282,378,284,378,284,378,285,378,287,378,287,378,289,379,290,382,290,385,291,386,292,386,293,386,293,386,295,386,297,386,297,386,298,388,299,391,300,394,300,395,302,395,303,395,303,395,305,395,306,395,306,395,308,397,309,400,310,403,310,404,311,404,313,404,313,404,315,404,316,404,316,404,318,406,319,409,319,412,320,413,321,413,323,413,323,413,324,414,325,417,326,420,326,422,327,423,329,426,329,429,330,431,331,432,332,435,332,440,332,440,332,444,332,447,333,448,334,450,335,453,336,456,335,457,334,459,333,462,332,465,332,466,331,468,330,471,329,474,329,475,327,476,326,479,326,482,325,484,324,485,323,488,323,491,322,493,321,493,319,493,319,493,318,494,317,497,316,500,316,502,315,502,313,502,313,502,311,502,310,502,310,502,308,502,306,502,306,502,305,502,303,502,303,502,302,500,300,497,300,494,299,493,298,493,297,493,297,493,295,493,293,493,293,493,292,491,291,488,290,485,290,484,289,484,287,484,287,484,285,482,284,479,284,476,283,475,282,474,281,471,280,468,280,466,279,466,277,466,277,466,276,466,274,466,274,466,272,466,271,466,271,466,269,466,268,466,268,466,266,466,264,466,264,466,263,466,261,466,261,466,259,468,258,471,258,474,257,475,256,476,255,479,255,482,254,484,253,485,252,488,251,491,251,493,250,494,249,497,248,500,248,502,246,503,245,506,245,510,245,510,245,515,245,518,244,519,243,521,242,524,242,528,242,528,242,533,242,537,242,537,242,541,242,546,242,546,242,550,242,555,242,555,242,559,242,562,242,564,243,565,244,568,245,572,245,572,245,577,245,581,245,581,245,586,245,589,245,590,246,592,248,595,248,598,249,599,250,600,251,603,251,606,251,608,250,608,248,608,248,608,246,606,245,603,245,600,244,599,243,599,242,599,242,599,240,599,238,599,238,599,237,599,235,599,235,599,234,599,232,599,232,599,230,600,229,603,229,608,229,608,229,612,229,617,229,617,229,621,229,624,228,626,227,627,226,630,225,630,196
577,400,574,401,572,402,571,403,568,404,564,404,564,404,559,404,556,404,555,405,553,406,550,407,547,407,546,408,546,410,546,410,546,412,544,413,541,413,538,414,537,415,536,416,533,417,528,417,528,417,524,417,519,417,519,417,515,417,510,417,510,417,506,417,502,417,502,417,497,417,494,417,493,418,491,419,488,420,485,420,484,421,484,423,484,423,484,425,482,426,479,426,476,427,475,428,475,430,475,430,475,431,474,432,471,433,468,433,466,434,466,436,466,436,466,438,468,439,471,439,474,440,475,441,476,442,479,442,484,442,484,442,488,442,491,443,493,444,494,445,497,446,502,446,502,446,506,446,509,445,510,444,512,443,515,442,519,442,519,442,524,442,527,442,528,441,530,440,533,439,536,439,537,438,538,437,541,436,544,435,546,434,546,433,546,433,546,431,547,430,550,430,555,430,555,430,559,430,564,430,564,430,568,430,571,429,572,428,572,426,572,426,572,425,572,423,572,423,572,421,574,420,577,420,580,419,581,418,581,417,581,417,581,415,581,413,581,413,581,412,581,410,581,410,581,408,581,407,581,407,581,405,581,404,581,404,581,402,580,401,577,400
462,442,459,443,457,444,459,445,462,446,465,445,466,444,465,443,462,442
347,303,344,304,342,305,342,306,347,306,350,306,351,305,350,304,347,303
338,306,333,306,333,308,335,309,338,310,341,309,342,308,342,306,338,306
329,300,324,300,324,300,320,300,316,300,316,300,311,300,308,300,307,302,308,303,311,303,316,303,316,303,320,303,323,304,324,305,326,306,329,306,333,306,333,305,333,303,333,303,333,302,332,300,329,300
302,284,298,284,298,284,293,284,290,283,289,282,289,280,289,280,289,279,290,278,293,277,296,277,298,276,298,274,298,274,298,272,298,271,298,271,298,269,296,268,293,268,290,267,289,266,288,265,285,264,282,264,280,263,279,262,276,261,271,261,271,261,267,261,264,262,262,263,264,264,267,264,270,265,271,266,273,267,276,268,279,268,280,269,279,270,276,271,273,271,271,272,271,274,271,274,271,276,271,277,271,277,271,279,271,280,271,280,271,282,270,283,267,284,264,284,262,285,262,287,262,287,262,289,264,290,267,290,270,291,271,292,273,293,276,293,280,293,280,293,285,293,289,293,289,292,289,290,289,290,289,289,290,288,293,287,296,288,298,289,299,290,302,290,305,290,307,289,307,287,307,287,307,285,305,284,302,284
293,293,289,293,289,295,290,296,293,297,296,296,298,295,296,294,293,293
116,462,113,461,112,460,110,459,107,459,103,459,103,459,99,459,96,459,94,460,96,461,99,462,102,462,103,464,104,465,107,465,112,465,112,465,116,465,119,465,121,464,119,462,116,462
