630,381,626,381,626,381,621,381,617,381,617,381,612,381,608,381,608,381,603,381,600,381,599,383,598,384,595,384,592,385,590,386,589,387,586,387,583,388,581,389,581,391,581,391,581,392,580,393,577,394,572,394,572,394,568,394,565,394,564,395,564,397,564,397,564,399,564,400,564,400,564,402,564,404,564,404,564,405,564,407,564,407,564,408,564,410,564,410,564,412,564,413,564,413,564,415,565,416,568,417,571,417,572,418,572,420,572,420,572,421,574,422,577,423,580,424,581,425,581,426,581,426,581,428,581,430,581,430,581,431,581,433,581,433,581,434,581,436,581,436,581,438,583,439,586,439,589,440,590,441,592,442,595,442,598,443,599,444,598,445,595,446,592,446,590,447,589,448,586,449,583,449,581,451,583,452,586,452,589,453,590,454,590,455,590,455,590,457,592,458,595,459,599,459,599,459,603,459,606,459,608,460,609,461,612,462,615,462,617,464,618,465,621,465,624,466,626,467,627,468,630,468,630,381
630,180,627,181,626,182,624,183,621,183,618,184,617,185,615,186,612,187,608,187,608,187,603,187,600,187,599,188,598,189,595,190,592,190,590,191,589,192,586,193,583,194,581,195,581,196,581,196,581,198,580,199,577,200,572,200,572,200,568,200,565,200,564,201,562,202,559,203,556,203,555,204,555,206,555,206,555,208,555,209,555,209,555,211,553,212,550,212,547,213,546,214,544,215,541,216,538,216,537,217,536,218,533,219,530,219,528,221,528,222,528,222,528,224,527,225,524,225,521,226,519,227,519,229,519,229,519,230,518,231,515,232,512,232,510,234,509,235,506,235,503,236,502,237,502,238,502,238,502,240,500,241,497,242,494,242,493,243,491,244,488,245,485,245,484,246,484,248,484,248,484,250,485,251,488,251,491,252,493,253,493,255,493,255,493,256,493,258,493,258,493,259,491,261,488,261,485,262,484,263,484,264,484,264,484,266,482,267,479,268,476,268,475,269,475,271,475,271,475,272,476,273,479,274,484,274,484,274,488,274,493,274,493,274,497,274,500,273,502,272,503,271,506,271,509,270,510,269,512,268,515,268,518,267,519,266,521,265,524,264,528,264,528,264,533,264,536,264,537,263,538,262,541,261,544,261,546,259,547,258,550,258,555,258,555,258,559,258,562,257,564,256,564,255,564,255,564,253,564,251,564,251,564,250,564,248,564,248,564,246,565,245,568,245,571,244,572,243,574,242,577,242,580,241,581,240,583,239,586,238,589,238,590,237,592,236,595,235,598,235,599,234,600,232,603,232,606,231,608,230,609,229,612,229,615,228,617,227,618,226,621,225,624,225,626,224,627,223,630,222,630,180
382,128,379,129,378,130,379,131,382,131,385,131,386,130,385,129,382,128
373,141,370,142,369,143,370,144,373,144,376,144,378,143,376,142,373,141
364,148,361,148,360,149,361,150,364,151,367,150,369,149,367,148,364,148
338,106,335,105,333,104,332,103,329,102,326,103,324,104,324,106,324,106,324,107,324,109,324,109,324,110,324,112,324,112,324,114,323,115,320,115,317,116,316,117,317,118,320,119,323,119,324,120,326,121,329,122,332,121,333,120,335,119,338,119,341,118,342,117,342,115,342,115,342,114,342,112,342,112,342,110,342,109,342,109,342,107,341,106,338,106
302,115,299,116,298,117,298,119,298,119,298,120,299,121,302,122,305,121,307,120,307,119,307,119,307,117,305,116,302,115
285,106,280,106,280,106,276,106,273,105,271,104,270,103,267,102,264,102,262,101,262,99,262,99,262,97,261,96,258,96,255,96,254,97,252,99,249,99,246,100,245,101,245,102,245,102,245,104,246,105,249,106,252,106,254,107,255,108,258,109,261,109,262,110,264,111,267,112,271,112,271,112,276,112,279,113,280,114,282,115,285,115,288,115,289,114,289,112,289,112,289,110,289,109,289,109,289,107,288,106,285,106
285,387,282,387,280,386,279,385,276,384,273,384,271,383,271,381,271,381,271,379,270,378,267,378,264,377,262,376,262,374,262,374,262,373,261,372,258,371,254,371,254,371,249,371,246,371,245,370,245,368,245,368,245,366,243,365,240,365,236,365,236,365,231,365,227,365,227,365,223,365,218,365,218,365,214,365,209,365,209,365,205,365,202,364,200,363,199,362,196,361,192,361,192,361,187,361,183,361,183,361,178,361,175,361,174,360,172,359,169,358,165,358,165,358,161,358,156,358,156,358,152,358,147,358,147,360,149,361,152,361,155,362,156,363,158,364,161,365,165,365,165,365,169,365,172,365,174,366,175,367,178,368,183,368,183,368,187,368,190,368,192,370,193,371,196,371,200,371,200,371,205,371,208,372,209,373,211,374,214,374,217,375,218,376,220,377,223,378,226,378,227,379,228,380,231,381,236,381,236,381,240,381,243,381,245,383,246,384,249,384,252,385,254,386,255,387,258,387,262,387,262,387,267,387,270,388,271,389,273,390,276,391,280,391,280,391,285,391,288,390,289,389,288,388,285,387
267,76,264,76,262,75,261,74,258,73,255,73,254,72,252,70,249,70,246,69,245,68,245,67,245,67,245,65,243,64,240,63,236,63,236,63,231,63,227,63,227,63,223,63,220,64,218,65,218,67,218,67,218,68,218,70,218,70,218,72,218,73,218,73,218,75,220,76,223,76,226,77,227,78,227,80,227,80,227,81,228,82,231,83,234,83,236,85,236,86,236,86,236,88,237,89,240,89,245,89,245,89,249,89,252,89,254,88,254,86,254,86,254,85,255,83,258,83,261,82,262,81,264,80,267,80,270,79,271,78,270,77,267,76
258,174,254,174,254,174,249,174,246,174,245,175,246,176,249,177,254,177,254,177,258,177,261,176,262,175,261,174,258,174
169,345,165,345,165,345,161,345,158,345,156,344,155,343,152,342,149,343,147,344,147,345,147,345,147,347,149,348,152,349,156,349,156,349,161,349,165,349,165,349,169,349,172,348,174,347,172,346,169,345
143,355,140,356,138,357,140,358,143,358,147,358,147,357,146,356,143,355
