479,170,475,170,475,170,471,170,466,170,466,170,462,170,457,170,457,170,453,170,450,171,448,172,448,174,448,174,448,175,448,177,448,177,448,178,450,180,453,180,457,180,457,180,462,180,466,180,466,180,471,180,474,180,475,178,475,177,475,177,475,175,476,174,479,174,482,173,484,172,482,171,479,170
453,151,450,151,448,153,450,154,453,154,456,154,457,153,456,151,453,151
417,141,414,142,413,143,414,144,417,144,420,144,422,143,420,142,417,141
320,122,317,121,316,120,314,119,311,119,308,118,307,117,305,116,302,115,299,115,298,114,296,113,293,112,290,112,289,110,288,109,285,109,282,109,280,110,279,112,276,112,273,113,271,114,271,115,271,115,271,117,271,119,271,119,271,120,271,122,271,122,271,123,271,125,271,125,271,127,271,128,271,128,271,130,273,131,276,131,279,132,280,133,282,134,285,135,288,135,289,136,290,137,293,138,296,138,298,140,299,141,302,141,305,142,307,143,308,144,311,144,314,145,316,146,316,148,316,148,316,149,317,150,320,151,323,150,324,149,324,148,324,148,324,146,324,144,324,144,324,143,324,141,324,141,324,140,324,138,324,138,324,136,324,135,324,135,324,133,324,131,324,131,324,130,324,128,324,128,324,127,324,125,324,125,324,123,323,122,320,122
267,196,264,197,262,198,261,199,258,200,254,200,254,200,249,200,245,200,245,201,246,202,249,203,254,203,254,203,258,203,262,203,262,203,267,203,270,202,271,201,271,200,271,200,271,198,270,197,267,196
249,106,245,106,245,107,245,109,245,109,245,110,246,111,249,112,252,111,254,110,254,109,254,109,254,107,252,106,249,106
249,180,246,180,245,178,243,177,240,177,237,176,236,175,234,174,231,174,228,173,227,172,227,170,227,170,227,169,226,168,223,167,220,167,218,165,217,164,214,164,211,163,209,162,209,161,209,161,209,159,209,157,209,157,209,156,208,155,205,154,202,154,200,153,199,151,196,151,193,151,192,153,192,154,192,154,192,156,192,157,192,157,192,159,192,161,192,161,192,162,193,163,196,164,199,164,200,165,200,167,200,167,200,169,200,170,200,170,200,172,199,173,196,174,192,174,192,174,187,174,184,174,183,175,183,177,183,177,183,178,184,180,187,180,190,181,192,182,193,183,196,183,199,184,200,185,200,187,200,187,200,188,200,190,200,190,200,191,202,192,205,193,208,194,209,195,211,196,214,196,217,197,218,198,220,199,223,200,227,200,227,200,231,200,236,200,236,200,240,200,245,200,245,198,246,197,249,196,252,196,254,195,254,193,254,193,254,191,254,190,254,190,254,188,254,187,254,187,254,185,254,183,254,183,254,182,252,181,249,180
240,99,236,99,236,101,236,102,236,102,236,104,237,105,240,106,245,106,245,104,245,102,245,102,245,101,243,100,240,99
231,83,228,82,227,81,227,80,227,80,227,78,227,76,227,76,227,75,227,73,227,73,227,72,227,70,227,70,227,68,227,67,227,67,227,65,227,63,227,63,227,62,226,61,223,60,220,60,218,59,217,58,214,57,211,56,209,55,208,54,205,54,202,53,200,52,200,50,200,50,200,49,199,48,196,47,193,48,192,49,192,50,192,50,192,52,192,54,192,54,192,55,193,56,196,57,199,58,200,59,202,60,205,60,208,61,209,62,209,63,209,63,209,65,211,66,214,67,217,67,218,68,218,70,218,70,218,72,217,73,214,73,211,74,209,75,209,76,209,76,209,78,209,80,209,80,209,81,209,83,209,83,209,85,209,86,209,86,209,88,209,89,209,89,209,91,211,92,214,93,217,93,218,94,220,95,223,96,226,96,227,97,228,99,231,99,236,99,236,97,236,96,236,96,236,94,234,93,231,93,228,92,227,91,227,89,227,89,227,88,228,87,231,86,234,86,236,85,234,83,231,83
178,41,175,41,174,42,175,43,178,44,181,43,183,42,181,41,178,41
