630,410,627,411,626,412,626,413,626,413,626,415,626,417,626,417,626,418,624,419,621,420,618,420,617,421,617,423,617,423,617,425,617,426,617,426,617,428,618,429,621,430,624,430,626,431,626,433,626,433,626,434,626,436,626,436,626,438,626,439,626,439,626,441,627,442,630,442,630,410
630,190,627,190,626,191,624,192,621,193,618,194,617,195,615,196,612,196,608,196,608,196,603,196,600,197,599,198,599,200,599,200,599,201,598,202,595,203,590,203,590,203,586,203,583,203,581,204,580,205,577,206,574,207,572,208,572,209,572,209,572,211,571,212,568,212,565,213,564,214,564,216,564,216,564,217,562,218,559,219,556,219,555,221,553,222,550,222,547,223,546,224,546,225,546,225,546,227,544,228,541,229,538,229,537,230,537,232,537,232,537,234,536,235,533,235,530,236,528,237,528,238,528,238,528,240,527,241,524,242,521,242,519,243,518,244,515,245,512,245,510,246,509,248,506,248,503,249,502,250,502,251,502,251,502,253,500,254,497,255,494,255,493,256,493,258,493,258,493,259,493,261,493,261,493,263,493,264,493,264,493,266,491,267,488,268,485,268,484,269,484,271,484,271,484,272,485,273,488,274,493,274,493,274,497,274,502,274,502,274,506,274,509,273,510,272,512,271,515,271,518,270,519,269,521,268,524,268,528,268,528,268,533,268,536,267,537,266,538,265,541,264,544,264,546,263,547,262,550,261,553,261,555,259,556,258,559,258,562,257,564,256,564,255,564,255,564,253,564,251,564,251,564,250,565,249,568,248,571,248,572,246,572,245,572,245,572,243,574,242,577,242,580,241,581,240,581,238,581,238,581,237,583,236,586,235,589,235,590,234,592,232,595,232,598,231,599,230,600,229,603,229,606,228,608,227,609,226,612,225,615,225,617,224,618,223,621,222,626,222,626,222,630,222,630,190
355,400,352,400,351,399,350,398,347,397,344,397,342,395,341,394,338,394,333,394,333,394,329,394,326,393,324,392,323,391,320,391,317,390,316,389,314,388,311,387,308,387,307,386,305,385,302,384,299,384,298,383,298,381,298,381,298,379,296,378,293,378,290,377,289,376,288,375,285,374,280,374,280,374,276,374,273,375,271,376,270,377,267,378,262,378,262,378,258,378,254,378,254,378,249,378,245,378,245,378,240,378,236,378,236,378,231,378,227,378,227,378,223,378,218,378,218,378,214,378,211,377,209,376,208,375,205,374,200,374,200,374,196,374,192,374,192,374,187,374,183,374,183,374,178,374,175,375,174,376,175,377,178,378,181,378,183,379,184,380,187,381,190,381,192,383,193,384,196,384,199,385,200,386,202,387,205,387,209,387,209,387,214,387,218,387,218,387,223,387,226,387,227,386,228,385,231,384,234,385,236,386,237,387,240,387,245,387,245,387,249,387,254,387,254,387,258,387,261,388,262,389,264,390,267,391,270,391,271,392,273,393,276,394,280,394,280,394,285,394,288,394,289,395,290,397,293,397,298,397,298,397,302,397,305,398,307,399,308,400,311,400,316,400,316,400,320,400,324,400,324,400,329,400,333,400,333,400,338,400,341,401,342,402,344,403,347,404,351,404,351,404,355,404,358,403,360,402,358,401,355,400
311,374,308,375,307,376,308,377,311,378,314,377,316,376,314,375,311,374
285,112,282,112,280,110,280,109,280,109,280,107,279,106,276,106,273,105,271,104,270,103,267,102,264,102,262,101,261,100,258,99,255,99,254,97,252,96,249,96,245,96,245,96,240,96,237,96,236,97,234,99,231,99,228,100,227,101,226,102,223,102,220,103,218,104,218,106,218,106,218,107,220,108,223,109,226,109,227,110,228,111,231,112,234,113,236,114,236,115,236,115,236,117,236,119,236,119,236,120,237,121,240,122,243,122,245,123,245,125,245,125,245,127,246,128,249,128,254,128,254,128,258,128,262,128,262,128,267,128,270,128,271,127,271,125,271,125,271,123,271,122,271,122,271,120,271,119,271,119,271,117,273,116,276,115,280,115,280,115,285,115,288,115,289,114,288,113,285,112
285,122,282,122,280,123,282,124,285,125,288,124,289,123,288,122,285,122
276,193,271,193,271,193,267,193,262,193,262,193,258,193,255,192,254,191,252,190,249,190,246,189,245,188,243,187,240,187,236,187,236,187,231,187,227,187,227,187,223,187,220,187,218,188,218,190,218,190,218,191,220,192,223,193,227,193,227,191,228,190,231,190,234,190,236,191,234,192,231,193,227,193,227,195,228,196,231,196,236,196,236,196,240,196,243,197,245,198,246,199,249,200,254,200,254,200,258,200,262,200,262,200,267,200,270,199,271,198,273,197,276,196,279,196,280,195,279,194,276,193
258,76,255,76,254,75,254,73,254,73,254,72,252,70,249,70,246,69,245,68,243,67,240,67,237,66,236,65,234,64,231,63,227,63,227,63,223,63,220,64,218,65,218,67,218,67,218,68,218,70,218,70,218,72,218,73,218,73,218,75,218,76,218,76,218,78,218,80,218,80,218,81,220,82,223,83,226,83,227,85,227,86,227,86,227,88,228,89,231,89,236,89,236,89,240,89,243,89,245,88,246,87,249,86,252,86,254,85,254,83,254,83,254,81,255,80,258,80,261,79,262,78,261,77,258,76
214,365,209,365,209,365,205,365,200,365,200,365,196,365,193,364,192,363,190,362,187,361,183,361,183,361,178,361,174,361,174,361,169,361,165,361,165,363,166,364,169,365,172,365,174,366,175,367,178,368,183,368,183,368,187,368,190,368,192,370,193,371,196,371,199,371,200,370,202,368,205,368,209,368,209,368,214,368,217,367,218,366,217,365,214,365
161,358,156,358,156,358,152,358,149,359,147,360,149,361,152,361,156,361,156,361,161,361,165,361,165,360,164,359,161,358
