621,248,618,249,617,250,617,251,617,251,617,253,615,254,612,255,609,255,608,256,608,258,608,258,608,259,608,261,608,261,608,263,608,264,608,264,608,266,609,267,612,268,615,267,617,266,617,264,617,264,617,263,618,262,621,261,624,261,626,259,626,258,626,258,626,256,626,255,626,255,626,253,626,251,626,251,626,250,624,249,621,248
471,242,468,241,466,240,466,238,466,238,466,237,466,235,466,235,466,234,466,232,466,232,466,230,465,229,462,229,459,228,457,227,456,226,453,225,450,225,448,224,448,222,448,222,448,221,447,219,444,219,441,218,440,217,438,216,435,216,431,216,431,216,426,216,423,216,422,217,423,218,426,219,429,219,431,221,431,222,431,222,431,224,432,225,435,225,438,226,440,227,440,229,440,229,440,230,440,232,440,232,440,234,440,235,440,235,440,237,440,238,440,238,440,240,440,242,440,242,440,243,440,245,440,245,440,246,440,248,440,248,440,250,440,251,440,251,440,253,440,255,440,255,440,256,440,258,440,258,440,259,441,261,444,261,447,261,448,259,450,258,453,258,456,258,457,259,459,261,462,261,465,262,466,263,466,264,466,264,466,266,468,267,471,268,474,267,475,266,475,264,475,264,475,263,475,261,475,261,475,259,475,258,475,258,475,256,475,255,475,255,475,253,475,251,475,251,475,250,475,248,475,248,475,246,475,245,475,245,475,243,474,242,471,242
462,245,459,245,457,246,459,248,462,248,465,248,466,246,465,245,462,245
435,329,432,329,431,327,431,326,431,326,431,324,429,323,426,323,422,323,422,323,417,323,413,323,413,323,409,323,406,322,404,321,403,320,400,319,397,319,395,318,394,317,391,316,386,316,386,316,382,316,379,317,378,318,376,319,373,319,370,320,369,321,367,322,364,323,361,323,360,324,360,326,360,326,360,327,358,329,355,329,352,330,351,331,351,332,351,332,351,334,350,335,347,336,344,336,342,337,341,338,338,339,335,339,333,340,333,342,333,342,333,344,332,345,329,345,326,346,324,347,323,348,320,349,317,349,316,350,314,351,311,352,307,352,307,352,302,352,299,352,298,353,296,354,293,355,289,355,289,355,285,355,282,356,280,357,279,358,276,358,271,358,271,358,267,358,264,359,262,360,264,361,267,361,271,361,271,361,276,361,280,361,280,361,285,361,288,362,289,363,290,364,293,365,298,365,298,363,299,362,302,361,305,362,307,363,305,364,302,365,298,365,298,366,299,367,302,368,307,368,307,368,311,368,316,368,316,368,320,368,324,368,324,368,329,368,333,368,333,368,338,368,342,368,342,368,347,368,350,367,351,366,352,365,355,365,358,364,360,363,361,362,364,361,369,361,369,361,373,361,376,361,378,360,379,359,382,358,385,358,386,357,388,356,391,355,395,355,395,355,400,355,403,354,404,353,406,352,409,352,412,351,413,350,414,349,417,349,420,348,422,347,422,345,422,345,422,344,423,343,426,342,429,341,431,340,432,339,435,339,438,338,440,337,440,336,440,336,440,334,440,332,440,332,440,331,438,330,435,329
426,261,423,262,422,263,423,264,426,264,429,264,431,263,429,262,426,261
400,190,397,190,395,191,395,193,395,193,395,195,395,196,400,196,403,196,404,195,404,193,404,193,404,191,403,190,400,190
391,196,388,197,386,198,388,199,391,200,394,199,395,198,395,196,391,196
364,96,361,95,360,94,360,93,360,93,360,91,358,90,355,89,352,89,351,88,351,86,351,86,351,85,351,83,351,83,351,81,350,80,347,80,344,79,342,78,341,77,338,76,335,77,333,78,333,80,333,80,333,81,333,83,333,83,333,85,333,86,333,86,333,88,333,89,333,89,333,91,333,93,333,93,333,94,332,95,329,96,326,96,324,97,324,99,324,99,324,101,324,102,324,102,324,104,323,105,320,106,317,106,316,107,316,109,316,109,316,110,316,112,316,112,316,114,314,115,311,115,308,116,307,117,307,119,307,119,307,120,305,121,302,122,299,122,298,123,296,124,293,125,290,126,289,127,288,128,285,128,282,129,280,130,279,131,276,131,273,132,271,133,270,134,267,135,262,135,262,136,261,137,258,138,255,139,254,140,252,141,249,141,245,141,245,141,240,141,237,142,236,143,234,144,231,144,227,144,227,144,223,144,218,144,218,144,214,144,209,144,209,144,205,144,200,144,200,144,196,144,192,144,192,144,187,144,183,144,183,144,178,144,174,144,174,144,169,144,165,144,165,144,161,144,156,144,156,144,152,144,147,144,147,144,143,144,138,144,138,144,134,144,131,144,130,143,128,142,125,141,121,141,121,141,116,141,113,141,112,140,110,139,107,138,103,138,103,138,99,138,96,137,94,136,93,135,90,135,87,134,85,133,84,132,81,131,78,132,76,133,76,135,76,135,76,136,78,137,81,138,84,138,85,140,87,141,90,141,93,142,94,143,94,144,94,144,94,146,94,148,94,148,94,149,96,150,99,151,102,151,103,153,104,154,107,154,112,154,112,154,116,154,121,154,121,154,125,154,128,154,130,153,131,151,134,151,137,151,138,153,138,154,138,154,138,156,140,157,143,157,146,158,147,159,149,160,152,161,156,161,156,161,161,161,165,161,165,161,169,161,174,161,174,161,178,161,181,161,183,162,184,163,187,164,192,164,192,164,196,164,200,164,200,164,205,164,209,164,209,164,214,164,218,164,218,164,223,164,227,164,227,164,231,164,236,164,236,164,240,164,245,164,245,164,249,164,252,164,254,165,255,167,258,167,261,167,262,165,264,164,267,164,270,163,271,162,273,161,276,161,280,161,280,161,285,161,289,161,289,161,293,161,296,160,298,159,299,158,302,157,305,157,307,156,308,155,311,154,314,154,316,153,317,151,320,151,324,151,324,151,329,151,332,150,333,149,335,148,338,148,341,147,342,146,344,145,347,144,351,144,351,144,355,144,358,144,360,143,361,142,364,141,367,141,369,140,369,138,369,138,369,136,369,135,369,135,369,133,367,132,364,131,361,131,360,130,360,128,360,128,360,127,360,125,360,125,360,123,360,122,360,122,360,120,360,119,360,119,360,117,358,116,355,115,352,115,351,114,350,113,347,112,344,112,342,110,342,109,342,109,342,107,342,106,342,106,342,104,344,103,347,102,351,102,351,102,355,102,358,103,360,104,360,106,360,106,360,107,361,108,364,109,367,108,369,107,369,106,369,106,369,104,369,102,369,102,369,101,369,99,369,99,369,97,367,96,364,96
347,34,344,35,342,36,344,37,347,38,350,37,351,36,350,35,347,34
267,293,264,294,262,295,261,296,258,297,255,297,254,298,254,300,254,300,254,302,255,303,258,303,261,303,262,302,264,300,267,300,270,299,271,298,271,297,271,297,271,295,270,294,267,293
258,44,254,44,254,44,249,44,245,44,245,44,240,44,237,43,236,42,237,41,240,41,245,41,245,41,249,41,252,40,254,39,252,38,249,38,245,38,245,38,240,38,236,38,236,38,231,38,228,38,227,39,226,40,223,41,218,41,218,41,214,41,209,41,209,41,205,41,200,41,200,41,196,41,193,40,192,39,190,38,187,38,184,37,183,36,183,34,183,34,183,33,181,32,178,31,175,31,174,29,172,28,169,28,166,27,165,26,164,25,161,25,156,25,156,25,152,25,149,24,147,23,146,22,143,21,140,21,138,20,137,19,134,18,130,18,130,18,125,18,122,18,121,16,119,15,116,15,112,15,112,15,107,15,104,15,103,16,103,18,103,18,103,20,102,21,99,21,96,22,94,23,94,25,94,25,94,26,94,28,94,28,94,29,93,31,90,31,87,32,85,33,85,34,85,34,85,36,85,38,85,38,85,39,85,41,85,41,85,42,85,44,85,44,85,46,85,47,85,47,85,49,85,50,85,50,85,52,85,54,85,54,85,55,85,57,85,57,85,59,87,60,90,60,93,61,94,62,96,63,99,63,102,64,103,65,103,67,103,67,103,68,103,70,103,70,103,72,103,73,103,73,103,75,103,76,103,76,103,78,103,80,103,80,103,81,103,83,103,83,103,85,104,86,107,86,110,87,112,88,112,89,112,89,112,91,112,93,112,93,112,94,112,96,112,96,112,97,113,99,116,99,119,100,121,101,121,102,121,102,121,104,122,105,125,106,128,106,130,107,130,109,130,109,130,110,131,111,134,112,137,113,138,114,140,115,143,115,146,116,147,117,149,118,152,119,155,119,156,120,158,121,161,122,165,122,165,122,169,122,172,122,174,123,175,124,178,125,181,126,183,127,183,128,183,128,183,130,181,131,178,131,175,132,174,133,175,134,178,135,183,135,183,135,187,135,190,135,192,136,193,137,196,138,200,138,200,138,205,138,209,138,209,138,214,138,217,137,218,136,220,135,223,135,226,135,227,136,228,137,231,138,236,138,236,138,240,138,243,137,245,136,246,135,249,135,254,135,254,135,258,135,262,135,262,133,261,132,258,131,254,131,254,131,249,131,246,131,245,130,243,129,240,128,237,128,236,127,234,126,231,125,228,124,227,123,226,122,223,122,220,121,218,120,217,119,214,119,209,119,209,119,205,119,202,118,200,117,200,115,200,115,200,114,200,112,200,112,200,110,199,109,196,109,193,108,192,107,190,106,187,106,184,105,183,104,183,102,183,102,183,101,183,99,183,99,183,97,183,96,178,96,175,95,174,94,175,93,178,93,181,93,183,94,183,96,187,96,192,96,192,96,196,96,200,96,200,96,205,96,208,95,209,94,211,93,214,93,217,92,218,91,220,90,223,89,226,89,227,88,227,86,227,86,227,85,227,83,227,83,227,81,227,80,227,80,227,78,228,77,231,76,234,76,236,75,236,73,236,73,236,72,237,70,240,70,243,69,245,68,245,67,245,67,245,65,246,64,249,63,252,63,254,62,254,60,254,60,254,59,255,58,258,57,261,56,262,55,262,54,262,54,262,52,262,50,262,50,262,49,262,47,262,47,262,46,261,45,258,44
161,128,156,128,156,128,152,128,147,128,147,130,149,131,152,131,156,131,156,131,161,131,164,131,165,130,164,129,161,128
143,125,140,126,138,127,140,128,143,128,147,128,147,127,146,126,143,125
107,106,104,106,103,107,104,108,107,109,110,108,112,107,110,106,107,106
