630,436,627,437,626,438,626,439,626,439,626,441,626,442,626,442,626,444,627,445,630,446,630,436
515,274,512,273,510,272,510,271,510,271,510,269,510,268,510,268,510,266,510,264,510,264,510,263,510,261,510,261,510,259,510,258,510,258,510,256,510,255,510,255,510,253,510,251,510,251,510,250,510,248,510,248,510,246,509,245,506,245,503,244,502,243,502,242,502,242,502,240,502,238,502,238,502,237,502,235,502,235,502,234,500,232,497,232,494,231,493,230,493,229,493,229,493,227,491,226,488,225,484,225,484,225,479,225,476,225,475,224,474,223,471,222,466,222,466,222,462,222,457,222,457,222,453,222,450,222,448,221,448,219,448,219,448,217,447,216,444,216,440,216,440,216,435,216,432,216,431,217,429,218,426,219,423,219,422,221,422,222,422,222,422,224,420,225,417,225,414,226,413,227,413,229,413,229,413,230,413,232,413,232,413,234,413,235,413,235,413,237,413,238,413,238,413,240,413,242,413,242,413,243,414,244,417,245,420,245,422,246,422,248,422,248,422,250,423,251,426,251,429,252,431,253,431,255,431,255,431,256,431,258,431,258,431,259,432,261,435,261,440,261,440,261,444,261,447,262,448,263,450,264,453,264,456,265,457,266,457,268,457,268,457,269,459,270,462,271,465,271,466,272,468,273,471,274,475,274,475,274,479,274,482,275,484,276,485,277,488,277,491,278,493,279,494,280,497,280,500,281,502,282,503,283,506,284,510,284,510,284,515,284,518,283,519,282,519,280,519,280,519,279,519,277,519,277,519,276,518,275,515,274
426,122,423,122,422,123,422,125,422,125,422,127,422,128,422,128,422,130,422,131,422,131,422,133,423,134,426,135,429,134,431,133,431,131,431,131,431,130,431,128,431,128,431,127,431,125,431,125,431,123,429,122,426,122
417,339,414,339,413,340,413,342,417,342,420,341,422,340,420,339,417,339
409,342,406,343,404,344,404,345,404,345,404,347,406,348,409,349,412,348,413,347,413,345,413,345,413,344,413,342,409,342
400,112,397,113,395,114,397,115,400,115,403,115,404,114,403,113,400,112
391,144,386,144,386,144,382,144,379,144,378,143,378,141,378,141,378,140,378,138,378,138,378,136,376,135,373,135,370,134,369,133,369,131,369,131,369,130,367,129,364,128,361,128,360,127,360,125,360,125,360,123,360,122,360,122,360,120,360,119,360,119,360,117,358,116,355,115,352,115,351,114,350,113,347,112,344,112,342,110,342,109,342,109,342,107,342,106,342,106,342,104,344,103,347,102,351,102,351,102,355,102,358,103,360,104,360,106,360,106,360,107,361,108,364,109,367,108,369,107,369,106,369,106,369,104,369,102,369,102,369,101,369,99,369,99,369,97,367,96,364,96,361,95,360,94,360,93,360,93,360,91,358,90,355,89,352,89,351,88,351,86,351,86,351,85,350,83,347,83,344,82,342,81,342,80,342,80,342,78,341,77,338,76,335,76,333,75,332,74,329,73,324,73,324,73,320,73,316,73,316,73,311,73,308,74,307,75,307,76,307,76,307,78,307,80,307,80,307,81,308,82,311,83,314,83,316,85,316,86,316,86,316,88,316,89,316,89,316,91,317,92,320,93,323,93,324,94,324,96,324,96,324,97,324,99,324,99,324,101,324,102,324,102,324,104,324,106,324,106,324,107,324,109,324,109,324,110,324,112,324,112,324,114,324,115,324,115,324,117,324,119,324,119,324,120,324,122,324,122,324,123,324,125,324,125,324,127,323,128,320,128,317,129,316,130,316,131,316,131,316,133,316,135,316,135,316,136,316,138,316,138,316,140,316,141,316,141,316,143,316,144,316,144,316,146,314,147,311,148,308,148,307,149,307,151,307,151,307,153,307,154,307,154,307,156,307,157,307,157,307,159,307,161,307,161,307,162,307,164,307,164,307,165,305,167,302,167,299,168,298,169,298,170,298,170,298,172,296,173,293,174,290,174,289,175,289,177,289,177,289,178,289,180,293,180,298,180,298,180,302,180,305,180,307,178,308,177,311,177,314,176,316,175,317,174,320,174,323,173,324,172,326,171,329,170,332,170,333,169,335,168,338,167,341,168,342,169,344,170,347,170,350,171,351,172,352,173,355,174,358,174,360,175,361,176,364,177,369,177,369,177,373,177,376,176,378,175,378,174,378,174,378,172,378,170,378,170,378,169,379,168,382,167,385,167,386,165,388,164,391,164,394,163,395,162,395,161,395,161,395,159,395,157,395,157,395,156,395,154,395,154,395,153,395,151,395,151,395,149,395,148,395,148,395,146,394,145,391,144
382,355,379,356,378,357,378,358,378,358,378,360,378,361,382,361,385,361,386,360,386,358,386,358,386,357,385,356,382,355
373,361,370,362,369,363,367,364,364,365,361,365,360,366,360,368,360,368,360,370,360,371,364,371,367,371,369,370,370,368,373,368,376,367,378,366,378,365,378,365,378,363,378,361,373,361
355,371,352,372,351,373,352,374,355,374,358,374,360,373,360,371,355,371
285,60,282,60,280,59,279,58,276,57,273,56,271,55,270,54,267,54,262,54,262,54,258,54,254,54,254,54,249,54,246,53,245,52,243,51,240,50,236,50,236,50,231,50,227,50,227,50,223,50,218,50,218,50,214,50,211,50,209,49,209,47,209,47,209,46,208,45,205,44,200,44,200,44,196,44,193,43,192,42,190,41,187,41,184,40,183,39,181,38,178,38,174,38,174,38,169,38,165,38,165,38,161,38,156,38,156,38,152,38,149,38,147,39,147,41,147,41,147,42,146,43,143,44,138,44,138,44,134,44,131,43,130,42,130,41,130,41,130,39,128,38,125,38,122,38,121,39,119,40,116,41,113,41,112,42,110,43,107,44,104,45,103,46,103,47,103,47,103,49,102,50,99,50,96,51,94,52,94,54,94,54,94,55,93,56,90,57,87,58,85,59,84,60,81,60,78,61,76,62,76,63,76,63,76,65,75,66,72,67,69,67,68,68,68,70,68,70,68,72,66,73,63,73,60,74,59,75,59,76,59,76,59,78,59,80,59,80,59,81,59,83,59,83,59,85,59,86,59,86,59,88,59,89,59,89,59,91,59,93,59,93,59,94,60,95,63,96,66,96,68,97,68,99,68,99,68,101,68,102,68,102,68,104,69,105,72,106,75,106,76,107,76,109,76,109,76,110,78,111,81,112,84,113,85,114,87,115,90,115,93,116,94,117,94,119,94,119,94,120,96,121,99,122,102,122,103,123,103,125,103,125,103,127,104,128,107,128,110,129,112,130,113,131,116,131,119,132,121,133,122,134,125,135,130,135,130,135,134,135,137,134,138,133,138,131,138,131,138,130,138,128,138,128,138,127,140,126,143,125,146,126,147,127,149,128,152,128,155,129,156,130,158,131,161,131,165,131,165,131,169,131,172,131,174,130,175,129,178,128,181,128,183,127,183,125,183,125,183,123,183,122,183,122,183,120,184,119,187,119,190,118,192,117,193,116,196,115,199,115,200,114,200,112,200,112,200,110,200,109,200,109,200,107,200,106,200,106,200,104,202,103,205,102,208,102,209,101,209,99,209,99,209,97,209,96,209,96,209,94,209,93,209,93,209,91,211,90,214,89,218,89,218,89,223,89,226,89,227,88,227,86,227,86,227,85,227,83,227,83,227,81,227,80,227,80,227,78,228,77,231,76,234,76,236,75,237,74,240,73,243,73,245,72,245,70,245,70,245,68,246,67,249,67,254,67,254,67,258,67,262,67,262,67,267,67,271,67,271,67,276,67,279,66,280,65,282,64,285,63,288,63,289,62,288,61,285,60
285,180,280,180,280,180,276,180,273,181,271,182,273,183,276,183,280,183,280,183,285,183,288,183,289,182,289,180,285,180
258,183,254,183,254,183,249,183,245,183,245,183,240,183,236,183,236,183,231,183,227,183,227,183,223,183,220,184,218,185,217,186,214,187,209,187,209,187,205,187,200,187,200,187,196,187,192,187,192,187,187,187,183,187,183,187,178,187,175,187,174,188,174,190,174,190,174,191,174,193,174,193,174,195,175,196,178,196,183,196,183,196,187,196,190,197,192,198,193,199,196,200,200,200,200,200,205,200,208,199,209,198,211,197,214,196,217,196,218,195,220,194,223,193,226,192,227,191,228,190,231,190,236,190,236,190,240,190,245,190,245,190,249,190,252,189,254,188,255,187,258,187,261,186,262,185,261,184,258,183
107,180,103,180,103,182,104,183,107,183,110,183,112,182,110,181,107,180
99,177,94,177,94,178,96,180,99,180,103,180,103,178,102,177,99,177
90,174,85,174,85,175,87,176,90,177,94,177,94,175,93,174,90,174
81,170,76,170,76,172,78,173,81,174,85,174,85,172,84,171,81,170
72,167,69,168,68,169,69,170,72,170,76,170,76,169,75,168,72,167
