630,245,627,244,626,243,624,242,621,242,618,241,617,240,617,238,617,238,617,237,615,236,612,235,609,235,608,234,608,232,608,232,608,230,608,229,608,229,608,227,608,225,608,225,608,224,606,223,603,222,600,222,599,221,599,219,599,219,599,217,599,216,599,216,599,214,599,212,599,212,599,211,598,210,595,209,592,209,590,208,590,206,590,206,590,204,590,203,590,203,590,201,589,200,586,200,583,199,581,198,580,197,577,196,574,196,572,195,572,193,572,193,572,191,572,190,572,190,572,188,572,187,572,187,572,185,571,184,568,183,565,183,564,182,565,181,568,180,571,180,572,178,572,177,572,177,572,175,571,174,568,174,564,174,564,174,559,174,555,174,555,174,550,174,547,174,546,175,544,176,541,177,538,177,537,178,536,180,533,180,530,180,528,178,527,177,524,177,521,176,519,175,518,174,515,174,512,173,510,172,509,171,506,170,502,170,502,170,497,170,493,170,493,170,488,170,485,171,484,172,482,173,479,174,475,174,475,174,471,174,468,174,466,175,465,176,462,177,459,177,457,178,456,180,453,180,450,181,448,182,447,183,444,183,441,184,440,185,438,186,435,187,432,187,431,188,429,189,426,190,422,190,422,190,417,190,414,190,413,191,412,192,409,193,406,194,404,195,403,196,400,196,397,197,395,198,395,200,395,200,395,201,397,202,400,203,403,203,404,204,406,205,409,206,412,205,413,204,414,203,417,203,422,203,422,203,426,203,429,202,431,201,432,200,435,200,438,200,440,201,441,202,444,203,447,202,448,201,450,200,453,200,456,200,457,201,459,202,462,203,466,203,466,203,471,203,474,203,475,204,476,205,479,206,484,206,484,206,488,206,491,207,493,208,494,209,497,209,502,209,502,209,506,209,509,210,510,211,512,212,515,212,518,213,519,214,519,216,519,216,519,217,521,218,524,219,527,218,528,217,530,216,533,216,537,216,537,216,541,216,544,216,546,217,546,219,546,219,546,221,547,222,550,222,553,223,555,224,556,225,559,225,562,226,564,227,564,229,564,229,564,230,565,231,568,232,571,232,572,234,572,235,572,235,572,237,572,238,572,238,572,240,574,241,577,242,580,242,581,243,581,245,581,245,581,246,581,248,581,248,581,250,583,251,586,251,589,252,590,253,590,255,590,255,590,256,592,257,595,258,598,258,599,259,600,261,603,261,606,262,608,263,609,264,612,264,615,265,617,266,618,267,621,268,624,268,626,269,627,270,630,271,630,245
524,161,521,161,519,162,519,164,519,164,519,165,521,167,524,167,527,167,528,165,528,164,528,164,528,162,527,161,524,161
382,206,379,207,378,208,379,209,382,209,385,209,386,208,385,207,382,206
293,326,290,325,289,324,288,323,285,323,282,323,280,324,279,325,276,326,273,326,271,327,271,329,271,329,271,331,273,332,276,332,279,332,280,331,282,330,285,329,289,329,289,329,293,329,296,329,298,327,296,326,293,326
214,284,211,283,209,282,208,281,205,280,202,281,200,282,199,283,196,284,193,284,192,285,192,287,192,287,192,289,193,290,196,290,200,290,200,290,205,290,208,290,209,289,211,288,214,287,217,286,218,285,217,284,214,284
107,465,103,465,103,465,99,465,96,466,94,467,96,468,99,468,103,468,103,468,107,468,110,468,112,467,110,466,107,465
72,232,69,232,68,234,69,235,72,235,75,235,76,234,75,232,72,232
72,465,69,466,68,467,69,468,72,468,75,468,76,467,75,466,72,465
54,216,50,216,50,217,51,218,54,219,57,218,59,217,57,216,54,216
45,212,41,212,41,214,42,215,45,216,50,216,50,214,48,213,45,212
37,209,32,209,32,211,34,212,37,212,41,212,41,211,40,210,37,209
28,206,25,207,23,208,25,209,28,209,32,209,32,208,31,207,28,206
