630,378,627,377,626,376,624,375,621,374,618,375,617,376,615,377,612,378,608,378,608,378,603,378,600,377,599,376,598,375,595,374,592,374,590,373,590,371,590,371,590,370,589,369,586,368,583,367,581,366,580,365,577,365,572,365,572,365,568,365,564,365,564,365,559,365,555,365,555,365,550,365,547,364,546,363,544,362,541,361,538,362,537,363,536,364,533,365,530,365,528,366,527,367,524,368,521,369,519,370,518,371,515,371,510,371,510,371,506,371,503,372,502,373,502,374,502,374,502,376,503,377,506,378,509,378,510,379,510,381,510,381,510,383,510,384,510,384,510,386,510,387,510,387,510,389,512,390,515,391,518,391,519,392,519,394,519,394,519,395,519,397,519,397,519,399,521,400,524,400,527,401,528,402,530,403,533,404,536,404,537,405,537,407,537,407,537,408,537,410,537,410,537,412,537,413,537,413,537,415,537,417,537,417,537,418,538,419,541,420,544,420,546,421,547,422,550,423,553,424,555,425,553,426,550,426,547,427,546,428,544,429,541,430,538,430,537,431,536,432,533,433,530,433,528,434,530,435,533,436,536,437,537,438,538,439,541,439,544,440,546,441,547,442,550,442,553,443,555,444,556,445,559,446,562,446,564,447,565,448,568,449,572,449,572,449,577,449,580,449,581,451,583,452,586,452,589,453,590,454,592,455,595,455,598,456,599,457,600,458,603,459,606,459,608,460,609,461,612,462,617,462,617,462,621,462,624,462,626,464,627,465,630,465,630,378
630,177,626,177,626,177,621,177,617,177,617,177,612,177,609,177,608,178,606,180,603,180,600,181,599,182,598,183,595,183,592,184,590,185,589,186,586,187,581,187,581,187,577,187,574,187,572,188,571,189,568,190,565,190,564,191,564,193,564,193,564,195,562,196,559,196,556,197,555,198,553,199,550,200,546,200,546,200,541,200,537,200,537,200,533,200,530,200,528,201,528,203,533,203,536,203,537,204,536,205,533,206,530,205,528,204,528,203,524,203,519,203,519,203,515,203,512,203,510,204,510,206,510,206,510,208,510,209,510,209,510,211,509,212,506,212,503,213,502,214,503,215,506,216,509,216,510,217,509,218,506,219,503,219,502,221,502,222,502,222,502,224,500,225,497,225,494,226,493,227,493,229,493,229,493,230,491,231,488,232,485,232,484,234,482,235,479,235,476,236,475,237,474,238,471,238,468,239,466,240,466,242,466,242,466,243,466,245,466,245,466,246,466,248,466,248,466,250,465,251,462,251,459,251,457,250,456,249,453,248,450,249,448,250,448,251,448,251,448,253,450,254,453,255,456,255,457,256,459,257,462,258,465,258,466,259,466,261,466,261,466,263,466,264,466,264,466,266,466,268,466,268,466,269,468,270,471,271,474,271,475,272,476,273,479,274,484,274,484,274,488,274,491,273,493,272,494,271,497,271,500,270,502,269,503,268,506,268,509,267,510,266,512,265,515,264,518,264,519,263,521,262,524,261,527,261,528,259,527,258,524,258,521,257,519,256,519,255,519,255,519,253,521,252,524,251,527,251,528,250,530,249,533,248,536,248,537,246,538,245,541,245,546,245,546,245,550,245,553,244,555,243,556,242,559,242,564,242,564,242,568,242,572,242,572,242,577,242,581,242,581,242,586,242,589,241,590,240,590,238,590,238,590,237,592,236,595,235,598,235,599,234,600,232,603,232,606,231,608,230,609,229,612,229,615,228,617,227,618,226,621,225,624,225,626,224,627,223,630,222,630,177
479,255,476,255,475,256,476,257,479,258,482,257,484,256,482,255,479,255
373,135,369,135,369,135,364,135,361,135,360,136,360,138,364,138,369,138,369,138,373,138,376,137,378,136,376,135,373,135
355,138,352,139,351,140,352,141,355,141,358,141,360,140,360,138,355,138
347,115,344,115,342,114,341,113,338,112,335,112,333,110,333,109,333,109,333,107,333,106,333,106,333,104,333,102,333,102,333,101,333,99,333,99,333,97,333,96,333,96,333,94,332,93,329,93,324,93,324,93,320,93,316,93,316,93,311,93,308,93,307,94,307,96,307,96,307,97,308,99,311,99,314,100,316,101,316,102,316,102,316,104,316,106,316,106,316,107,316,109,316,109,316,110,316,112,316,112,316,114,316,115,316,115,316,117,316,119,316,119,316,120,316,122,320,122,324,122,324,120,326,119,329,119,332,119,333,120,332,121,329,122,324,122,324,123,326,124,329,125,333,125,333,125,338,125,341,124,342,123,342,122,342,122,342,120,344,119,347,119,350,118,351,117,350,116,347,115
311,122,308,122,307,123,308,124,311,125,314,124,316,123,316,122,311,122
302,112,298,112,298,114,298,115,298,115,298,117,299,118,302,119,305,118,307,117,307,115,307,115,307,114,305,113,302,112
293,106,289,106,289,106,285,106,282,106,280,107,280,109,285,109,288,109,289,110,290,111,293,112,298,112,298,110,298,109,298,109,298,107,296,106,293,106
285,138,282,139,280,140,282,141,285,141,288,141,289,140,288,139,285,138
285,154,280,154,280,154,276,154,273,154,271,153,270,151,267,151,262,151,262,151,258,151,254,151,254,151,249,151,245,151,245,151,240,151,236,151,236,153,237,154,240,154,243,155,245,156,246,157,249,157,252,158,254,159,255,160,258,161,261,161,262,162,264,163,267,164,270,163,271,162,273,161,276,161,279,160,280,159,282,158,285,157,288,157,289,156,288,155,285,154
276,109,273,109,271,110,273,111,276,112,279,111,280,110,280,109,276,109
276,384,273,384,271,383,270,381,267,381,262,381,262,381,258,381,254,381,254,383,255,384,258,384,261,385,262,386,264,387,267,387,271,387,271,387,276,387,279,387,280,386,279,385,276,384
267,73,264,74,262,75,264,76,267,76,270,76,271,75,270,74,267,73
267,135,262,135,262,135,258,135,254,135,254,135,249,135,246,135,245,136,246,137,249,138,254,138,254,138,258,138,262,138,262,138,267,138,270,137,271,136,270,135,267,135
249,374,246,374,245,373,243,372,240,371,236,371,236,371,231,371,227,371,227,373,228,374,231,374,234,375,236,376,237,377,240,378,243,378,245,379,246,380,249,381,254,381,254,379,254,378,254,378,254,376,252,375,249,374
231,148,228,148,227,149,228,150,231,151,236,151,236,149,234,148,231,148
223,368,218,368,218,370,220,371,223,371,227,371,227,370,226,369,223,368
214,349,209,349,209,349,205,349,200,349,200,349,196,349,192,349,192,349,187,349,183,349,183,349,178,349,175,348,174,347,172,346,169,345,166,345,165,344,164,343,161,342,156,342,156,342,152,342,149,342,147,340,146,339,143,339,138,339,138,339,134,339,130,339,130,340,131,341,134,342,137,343,138,344,138,345,138,345,138,347,140,348,143,349,146,349,147,350,149,351,152,352,156,352,156,352,161,352,164,352,165,353,166,354,169,355,172,356,174,357,175,358,178,358,181,359,183,360,184,361,187,361,190,362,192,363,193,364,196,365,199,365,200,366,202,367,205,368,209,368,209,368,214,368,218,368,218,366,217,365,214,365,211,364,209,363,209,361,209,361,209,360,208,359,205,358,202,358,200,357,200,355,200,355,200,353,202,352,205,352,209,352,209,352,214,352,217,351,218,350,217,349,214,349
125,336,121,336,121,336,116,336,113,336,112,337,113,338,116,339,121,339,121,339,125,339,130,339,130,337,128,336,125,336
