630,387,627,388,626,389,627,390,630,391,630,387
630,361,627,362,626,363,624,364,621,365,617,365,617,365,612,365,609,365,608,366,609,367,612,368,615,368,617,370,618,371,621,371,624,371,626,370,627,368,630,368,630,361
630,212,627,213,626,214,626,216,626,216,626,217,627,218,630,219,630,212
621,206,618,207,617,208,618,209,621,209,624,209,626,208,624,207,621,206
533,277,528,277,528,277,524,277,521,278,519,279,518,280,515,280,512,281,510,282,512,283,515,284,518,284,519,285,521,286,524,287,527,286,528,285,530,284,533,284,536,283,537,282,537,280,537,280,537,279,536,278,533,277
506,426,503,426,502,425,500,424,497,423,494,422,493,421,491,420,488,420,484,420,484,420,479,420,476,419,475,418,474,417,471,417,466,417,466,417,462,417,459,416,457,415,456,414,453,413,450,413,448,412,447,411,444,410,441,410,440,408,438,407,435,407,431,407,431,407,426,407,423,406,422,405,420,404,417,404,414,403,413,402,412,401,409,400,404,400,404,400,400,400,395,400,395,402,395,404,395,404,395,405,397,406,400,407,403,407,404,408,404,410,404,410,404,412,406,413,409,413,412,414,413,415,414,416,417,417,420,417,422,418,423,419,426,420,429,420,431,421,432,422,435,423,438,424,440,425,441,426,444,426,447,427,448,428,450,429,453,430,457,430,457,430,462,430,465,430,466,431,468,432,471,433,475,433,475,433,479,433,482,433,484,434,485,435,488,436,493,436,493,436,497,436,500,435,502,434,503,433,506,433,509,432,510,431,510,430,510,430,510,428,509,427,506,426
391,167,388,167,386,165,386,164,386,164,386,162,386,161,386,161,386,159,386,157,386,157,386,156,385,155,382,154,379,155,378,156,378,157,378,157,378,159,378,161,378,161,378,162,378,164,378,164,378,165,376,167,373,167,370,168,369,169,369,170,369,170,369,172,369,174,369,174,369,175,369,177,369,177,369,178,369,180,369,180,369,182,369,183,369,183,369,185,369,187,369,187,369,188,369,190,369,190,369,191,370,192,373,193,376,192,378,191,379,190,382,190,385,189,386,188,388,187,391,187,394,186,395,185,395,183,395,183,395,182,395,180,395,180,395,178,395,177,395,177,395,175,395,174,395,174,395,172,395,170,395,170,395,169,394,168,391,167
391,397,388,398,386,399,388,400,391,400,395,400,395,399,394,398,391,397
373,391,369,391,369,391,364,391,360,391,360,391,355,391,351,391,351,391,347,391,342,391,342,391,338,391,335,391,333,392,333,394,333,394,333,395,335,397,338,397,342,397,342,397,347,397,351,397,351,397,355,397,360,397,360,397,364,397,369,397,369,397,373,397,376,397,378,395,378,394,378,394,378,392,376,391,373,391
347,206,342,206,342,206,338,206,335,205,333,204,332,203,329,203,326,203,324,204,323,205,320,206,317,207,316,208,316,209,316,209,316,211,317,212,320,212,323,212,324,211,326,210,329,209,332,210,333,211,335,212,338,212,342,212,342,212,347,212,350,212,351,211,351,209,351,209,351,208,350,207,347,206
347,384,344,385,342,386,344,387,347,387,350,387,351,386,350,385,347,384
329,219,326,219,324,221,323,222,320,222,316,222,316,222,311,222,308,222,307,221,307,219,307,219,307,217,307,216,307,216,307,214,307,212,307,212,307,211,305,210,302,209,299,210,298,211,296,212,293,212,290,212,289,211,288,210,285,209,282,209,280,208,279,207,276,206,271,206,271,206,267,206,262,206,262,206,258,206,254,206,254,206,249,206,245,206,245,206,240,206,236,206,236,206,231,206,228,205,227,204,226,203,223,203,220,203,218,204,217,205,214,206,209,206,209,206,205,206,200,206,200,206,196,206,193,207,192,208,192,209,192,209,192,211,193,212,196,212,199,213,200,214,202,215,205,216,209,216,209,216,214,216,217,216,218,217,217,218,214,219,209,219,209,219,205,219,202,219,200,221,200,222,200,222,200,224,202,225,205,225,209,225,209,225,214,225,217,226,218,227,220,228,223,229,226,229,227,230,228,231,231,232,236,232,236,232,240,232,243,232,245,234,246,235,249,235,254,235,254,235,258,235,262,235,262,235,267,235,270,235,271,234,273,232,276,232,280,232,280,232,285,232,289,232,289,232,293,232,298,232,298,232,302,232,307,232,307,232,311,232,314,231,316,230,316,229,316,229,316,227,317,226,320,225,324,225,324,225,329,225,332,225,333,224,333,222,333,222,333,221,332,219,329,219
320,119,317,118,316,117,314,116,311,115,308,115,307,114,305,113,302,112,298,112,298,112,293,112,290,112,289,110,288,109,285,109,282,108,280,107,279,106,276,106,271,106,271,106,267,106,262,106,262,106,258,106,254,106,254,106,249,106,245,106,245,106,240,106,237,106,236,107,236,109,236,109,236,110,234,112,231,112,227,112,227,112,223,112,220,113,218,114,217,115,214,115,211,116,209,117,209,119,209,119,209,120,209,122,209,122,209,123,208,124,205,125,202,126,200,127,199,128,196,128,192,128,192,128,187,128,184,129,183,130,183,131,183,131,183,133,184,134,187,135,190,135,192,136,192,138,192,138,192,140,193,141,196,141,199,142,200,143,202,144,205,144,208,145,209,146,208,147,205,148,202,148,200,149,200,151,200,151,200,153,199,154,196,154,193,155,192,156,193,157,196,157,199,158,200,159,200,161,200,161,200,162,200,164,200,164,200,165,202,167,205,167,208,168,209,169,211,170,214,170,218,170,218,170,223,170,226,171,227,172,228,173,231,174,236,174,236,174,240,174,245,174,245,174,249,174,252,173,254,172,252,171,249,170,246,170,245,169,245,167,245,167,245,165,246,164,249,164,252,163,254,162,254,161,254,161,254,159,254,157,254,157,254,156,255,155,258,154,261,154,262,153,264,151,267,151,270,150,271,149,273,148,276,148,279,147,280,146,282,145,285,144,288,144,289,143,289,141,289,141,289,140,290,138,293,138,296,137,298,136,298,135,298,135,298,133,299,132,302,131,305,131,307,130,308,129,311,128,314,128,316,127,317,126,320,125,323,124,324,123,324,122,324,122,324,120,323,119,320,119
311,387,307,387,307,387,302,387,299,388,298,389,298,391,298,391,298,392,299,393,302,394,305,394,307,395,308,397,311,397,314,397,316,395,316,394,316,394,316,392,316,391,316,391,316,389,314,388,311,387
285,397,280,397,280,397,276,397,273,397,271,395,271,394,271,394,271,392,270,391,267,391,262,391,262,391,258,391,254,391,254,391,249,391,246,391,245,392,243,393,240,394,236,394,236,394,231,394,227,394,227,394,223,394,218,394,218,394,214,394,211,393,209,392,208,391,205,391,200,391,200,391,196,391,192,391,192,391,187,391,183,391,183,392,184,393,187,394,192,394,192,394,196,394,199,394,200,395,202,397,205,397,209,397,209,397,214,397,218,397,218,397,223,397,226,398,227,399,228,400,231,400,236,400,236,400,240,400,245,400,245,400,249,400,254,400,254,400,258,400,261,401,262,402,264,403,267,404,271,404,271,404,276,404,280,404,280,404,285,404,288,403,289,402,289,400,289,400,289,399,288,398,285,397
276,361,271,361,271,361,267,361,264,362,262,363,264,364,267,365,271,365,271,365,276,365,279,364,280,363,279,362,276,361
223,355,218,355,218,355,214,355,211,356,209,357,209,358,209,358,209,360,209,361,209,361,209,363,209,365,209,365,209,366,211,367,214,368,217,367,218,366,218,365,218,365,218,363,218,361,218,361,218,360,220,359,223,358,226,358,227,357,226,356,223,355
178,387,175,388,174,389,175,390,178,391,183,391,183,389,181,388,178,387
