630,374,627,374,626,373,626,371,626,371,626,370,627,368,630,368,630,355,626,355,626,355,621,355,618,356,617,357,617,358,617,358,617,360,617,361,617,361,617,363,617,365,617,365,617,366,617,368,617,368,617,370,615,371,612,371,609,372,608,373,606,374,603,374,599,374,599,374,595,374,592,374,590,373,590,371,590,371,590,370,589,369,586,368,583,367,581,366,580,365,577,365,572,365,572,365,568,365,564,365,564,365,559,365,556,364,555,363,553,362,550,361,546,361,546,361,541,361,537,361,537,361,533,361,530,362,528,363,527,364,524,365,521,364,519,363,518,362,515,361,512,361,510,360,509,359,506,358,503,359,502,360,500,361,497,361,494,362,493,363,493,365,493,365,493,366,493,368,493,368,493,370,491,371,488,371,485,372,484,373,484,374,484,374,484,376,485,377,488,378,491,378,493,379,494,380,497,381,500,381,502,383,502,384,502,384,502,386,502,387,502,387,502,389,503,390,506,391,509,391,510,392,510,394,510,394,510,395,512,397,515,397,518,398,519,399,519,400,519,400,519,402,521,403,524,404,527,404,528,405,528,407,528,407,528,408,528,410,528,410,528,412,528,413,528,413,528,415,528,417,528,417,528,418,530,419,533,420,536,420,537,421,538,422,541,423,544,424,546,425,546,426,546,426,546,428,544,429,541,430,537,430,537,430,533,430,530,430,528,431,528,433,528,433,528,434,530,435,533,436,536,437,537,438,538,439,541,439,544,440,546,441,547,442,550,442,553,443,555,444,556,445,559,446,562,446,564,447,565,448,568,449,572,449,572,449,577,449,580,449,581,451,583,452,586,452,589,453,590,454,592,455,595,455,598,456,599,457,600,458,603,459,606,459,608,460,609,461,612,462,617,462,617,462,621,462,624,462,626,464,627,465,630,465,630,374
630,177,626,177,626,177,621,177,617,177,617,177,612,177,608,177,608,177,603,177,600,177,599,178,598,180,595,180,592,181,590,182,589,183,586,183,583,184,581,185,580,186,577,187,572,187,572,187,568,187,565,187,564,188,562,189,559,190,556,190,555,191,553,192,550,193,547,194,546,195,544,196,541,196,537,196,537,196,533,196,530,197,528,198,527,199,524,200,521,200,519,201,518,202,515,203,510,203,510,203,506,203,503,203,502,204,502,206,502,206,502,208,502,209,502,209,502,211,500,212,497,212,494,213,493,214,493,216,493,216,493,217,493,219,493,219,493,221,493,222,493,222,493,224,493,225,493,225,493,227,491,228,488,229,485,229,484,230,482,231,479,232,476,232,475,234,475,235,475,235,475,237,474,238,471,238,468,239,466,240,466,242,466,242,466,243,466,245,466,245,466,246,465,248,462,248,459,248,457,246,456,245,453,245,450,245,448,246,448,248,448,248,448,250,448,251,448,251,448,253,447,254,444,255,441,255,440,256,441,257,444,258,447,258,448,259,450,261,453,261,457,261,457,261,462,261,465,262,466,263,466,264,466,264,466,266,466,268,466,268,466,269,468,270,471,271,474,271,475,272,476,273,479,274,484,274,484,274,488,274,491,273,493,272,493,271,493,271,493,269,494,268,497,268,500,267,502,266,502,264,502,264,502,263,502,261,502,261,502,259,500,258,497,258,494,257,493,256,494,255,497,255,502,255,502,255,506,255,509,254,510,253,512,252,515,251,518,251,519,250,521,249,524,248,527,248,528,246,530,245,533,245,537,245,537,245,541,245,546,245,546,245,550,245,553,244,555,243,556,242,559,242,564,242,564,242,568,242,572,242,572,242,577,242,581,242,581,242,586,242,589,241,590,240,590,238,590,238,590,237,592,236,595,235,598,235,599,234,600,232,603,232,606,231,608,230,609,229,612,229,615,228,617,227,618,226,621,225,624,225,626,224,627,223,630,222,630,177
347,115,342,115,342,115,338,115,333,115,333,117,333,119,333,119,333,120,333,122,333,122,333,123,333,125,338,125,342,125,342,125,347,125,350,124,351,123,351,122,351,122,351,120,351,119,351,119,351,117,350,116,347,115
329,93,326,92,324,91,323,90,320,89,317,90,316,91,314,92,311,93,308,93,307,94,307,96,307,96,307,97,307,99,307,99,307,101,308,102,311,102,314,103,316,104,316,106,316,106,316,107,317,108,320,109,323,109,324,110,324,112,324,112,324,114,324,115,329,115,333,115,333,114,333,112,333,112,333,110,333,109,333,109,333,107,333,106,333,106,333,104,333,102,333,102,333,101,333,99,333,99,333,97,333,96,333,96,333,94,332,93,329,93
329,125,326,126,324,127,326,128,329,128,332,128,333,127,333,125,329,125
320,115,317,116,316,117,316,119,316,119,316,120,316,122,320,122,323,121,324,120,324,119,324,119,324,117,324,115,320,115
311,122,308,122,307,123,307,125,307,125,307,127,308,128,311,128,314,128,316,127,316,125,316,125,316,123,316,122,311,122
302,135,298,135,298,135,293,135,289,135,289,135,285,135,280,135,280,135,276,135,273,134,271,133,270,132,267,131,262,131,262,131,258,131,254,131,254,131,249,131,246,131,245,130,243,129,240,128,237,129,236,130,236,131,236,131,236,133,237,134,240,135,243,135,245,136,245,138,245,138,245,140,246,141,249,141,252,142,254,143,255,144,258,144,262,144,262,144,267,144,271,144,271,144,276,144,280,144,280,144,285,144,289,144,289,144,293,144,296,144,298,143,299,142,302,141,305,141,307,140,307,138,307,138,307,136,305,135,302,135
293,109,290,109,289,110,290,111,293,112,296,111,298,110,296,109,293,109
276,154,273,154,271,153,270,151,267,151,264,151,262,153,261,154,258,154,254,154,254,156,255,157,258,157,262,157,262,157,267,157,271,157,271,157,276,157,279,157,280,156,279,155,276,154
258,381,254,381,254,383,255,384,258,384,261,384,262,383,261,381,258,381
249,151,245,151,245,151,240,151,237,151,236,153,237,154,240,154,245,154,245,154,249,154,254,154,254,153,252,151,249,151
249,378,245,378,245,379,246,380,249,381,254,381,254,379,252,378,249,378
240,374,237,375,236,376,237,377,240,378,245,378,245,376,243,375,240,374
223,368,218,368,218,370,220,371,223,371,226,371,227,370,226,369,223,368
214,365,209,365,209,366,211,367,214,368,218,368,218,366,217,365,214,365
205,361,200,361,200,363,202,364,205,365,209,365,209,363,208,362,205,361
196,349,192,349,192,349,187,349,183,349,183,349,178,349,175,348,174,347,172,346,169,345,166,345,165,344,164,343,161,342,156,342,156,342,152,342,149,342,147,340,146,339,143,339,138,339,138,339,134,339,130,339,130,340,131,341,134,342,137,343,138,344,140,345,143,345,146,346,147,347,149,348,152,349,155,349,156,350,158,351,161,352,164,352,165,353,166,354,169,355,172,356,174,357,175,358,178,358,181,359,183,360,184,361,187,361,192,361,192,361,196,361,200,361,200,360,200,358,200,358,200,357,200,355,200,355,200,353,200,352,200,352,200,350,199,349,196,349
161,329,158,330,156,331,158,332,161,332,164,332,165,331,164,330,161,329
125,336,122,336,121,337,122,338,125,339,130,339,130,337,128,336,125,336
