630,200,626,200,626,200,621,200,618,200,617,201,617,203,617,203,617,204,617,206,617,206,617,208,617,209,617,209,617,211,617,212,617,212,617,214,617,216,617,216,617,217,617,219,617,219,617,221,618,222,621,222,624,222,626,221,627,219,630,219,630,200
612,336,609,336,608,337,608,339,608,339,608,340,609,341,612,342,615,341,617,340,617,339,617,339,617,337,615,336,612,336
541,251,537,251,537,251,533,251,530,252,528,253,528,255,528,255,528,256,528,258,528,258,528,259,530,261,533,261,537,261,537,261,541,261,544,261,546,259,546,258,546,258,546,256,546,255,546,255,546,253,544,252,541,251
541,264,538,265,537,266,537,268,537,268,537,269,538,270,541,271,544,270,546,269,546,268,546,268,546,266,544,265,541,264
444,417,440,417,440,417,435,417,431,417,431,417,426,417,423,417,422,418,423,419,426,420,429,420,431,421,432,422,435,423,438,424,440,425,441,426,444,426,447,426,448,425,448,423,448,423,448,421,448,420,448,420,448,418,447,417,444,417
409,407,406,406,404,405,403,404,400,404,397,403,395,402,394,401,391,400,386,400,386,400,382,400,379,400,378,399,376,398,373,397,369,397,369,397,364,397,361,397,360,395,358,394,355,394,352,393,351,392,350,391,347,391,344,390,342,389,342,387,342,387,342,386,341,385,338,384,333,384,333,384,329,384,324,384,324,384,320,384,316,384,316,384,311,384,307,384,307,384,302,384,299,385,298,386,296,387,293,387,289,387,289,387,285,387,280,387,280,387,276,387,271,387,271,387,267,387,264,388,262,389,261,390,258,391,254,391,254,391,249,391,245,391,245,391,240,391,237,391,236,392,234,393,231,394,227,394,227,394,223,394,218,394,218,394,214,394,211,393,209,392,208,391,205,391,200,391,200,391,196,391,193,391,192,392,193,393,196,394,199,394,200,395,202,397,205,397,209,397,209,397,214,397,218,397,218,397,223,397,226,398,227,399,228,400,231,400,236,400,236,400,240,400,245,400,245,400,249,400,254,400,254,400,258,400,262,400,262,400,267,400,271,400,271,400,276,400,279,400,280,399,282,398,285,397,289,397,289,397,293,397,298,397,298,397,302,397,307,397,307,397,311,397,314,398,316,399,317,400,320,400,323,400,324,399,326,398,329,397,333,397,333,397,338,397,341,398,342,399,342,400,342,400,342,402,344,403,347,404,350,404,351,405,352,406,355,407,360,407,360,407,364,407,367,407,369,408,370,410,373,410,378,410,378,410,382,410,386,410,386,410,391,410,395,410,395,410,400,410,403,411,404,412,406,413,409,413,412,413,413,412,413,410,413,410,413,408,412,407,409,407
311,115,308,116,307,117,305,118,302,119,299,118,298,117,296,116,293,115,290,115,289,114,289,112,289,112,289,110,288,109,285,109,282,108,280,107,279,106,276,106,271,106,271,106,267,106,264,105,262,104,261,103,258,102,254,102,254,102,249,102,245,102,245,102,240,102,237,103,236,104,236,106,236,106,236,107,236,109,236,109,236,110,234,112,231,112,228,112,227,110,227,109,227,109,227,107,226,106,223,106,218,106,218,106,214,106,211,106,209,107,209,109,209,109,209,110,211,111,214,112,217,113,218,114,220,115,223,115,226,116,227,117,227,119,227,119,227,120,226,121,223,122,220,122,218,123,217,124,214,125,211,126,209,127,209,128,209,128,209,130,209,131,209,131,209,133,211,134,214,135,217,135,218,136,218,138,218,138,218,140,220,141,223,141,226,142,227,143,228,144,231,144,236,144,236,144,240,144,243,145,245,146,246,147,249,148,254,148,254,148,258,148,261,147,262,146,264,145,267,144,270,144,271,143,271,141,271,141,271,140,273,138,276,138,279,137,280,136,282,135,285,135,288,134,289,133,290,132,293,131,298,131,298,131,302,131,305,131,307,130,307,128,307,128,307,127,308,126,311,125,314,124,316,123,316,122,316,122,316,120,316,119,316,119,316,117,314,116,311,115
302,219,299,218,298,217,298,216,298,216,298,214,298,212,298,212,298,211,296,210,293,209,290,209,289,208,288,207,285,206,280,206,280,206,276,206,271,206,271,206,267,206,262,206,262,206,258,206,254,206,254,206,249,206,245,206,245,206,240,206,237,205,236,204,234,203,231,203,227,203,227,203,223,203,218,203,218,203,214,203,209,203,209,203,205,203,202,203,200,204,200,206,200,206,200,208,200,209,200,209,200,211,202,212,205,212,208,213,209,214,211,215,214,216,218,216,218,216,223,216,227,216,227,216,231,216,234,216,236,217,237,218,240,219,243,219,245,221,246,222,249,222,254,222,254,222,258,222,262,222,262,222,267,222,271,222,271,222,276,222,280,222,280,222,285,222,289,222,289,222,293,222,298,222,298,222,302,222,305,222,307,221,305,219,302,219
249,190,245,190,245,191,246,192,249,193,252,192,254,191,252,190,249,190
240,80,236,80,236,80,231,80,228,80,227,81,227,83,227,83,227,85,227,86,227,86,227,88,227,89,227,89,227,91,228,92,231,93,234,92,236,91,236,89,236,89,236,88,236,86,236,86,236,85,237,83,240,83,243,82,245,81,243,80,240,80
240,187,236,187,236,187,231,187,227,187,227,187,223,187,220,187,218,188,220,189,223,190,227,190,227,190,231,190,236,190,236,190,240,190,245,190,245,188,243,187,240,187
240,345,236,345,236,345,231,345,228,346,227,347,227,349,227,349,227,350,227,352,231,352,234,351,236,350,237,349,240,349,243,348,245,347,243,346,240,345
231,381,228,380,227,379,226,378,223,378,218,378,218,378,214,378,209,378,209,378,205,378,200,378,200,378,196,378,193,378,192,379,193,380,196,381,199,381,200,383,202,384,205,384,209,384,209,384,214,384,218,384,218,384,223,384,227,384,227,384,231,384,234,384,236,383,234,381,231,381
223,352,220,352,218,353,217,354,214,355,211,356,209,357,209,358,209,358,209,360,211,361,214,361,217,361,218,360,220,359,223,358,226,358,227,357,227,355,227,355,227,353,227,352,223,352
