630,361,627,362,626,363,624,364,621,365,617,365,617,365,612,365,608,365,608,365,603,365,600,365,599,366,598,367,595,368,592,369,590,370,590,371,590,371,590,373,590,374,590,374,590,376,590,378,595,378,598,378,599,379,600,380,603,381,606,380,608,379,609,378,612,378,615,377,617,376,617,374,617,374,617,373,618,372,621,371,626,371,626,371,630,371,630,361
630,203,626,203,626,203,621,203,618,203,617,204,617,206,617,206,617,208,617,209,617,209,617,211,617,212,617,212,617,214,618,215,621,216,624,216,626,217,627,218,630,219,630,203
586,378,583,378,581,379,583,380,586,381,589,380,590,379,590,378,586,378
577,371,572,371,572,371,568,371,565,372,564,373,562,374,559,374,556,375,555,376,555,378,555,378,555,379,556,380,559,381,562,380,564,379,565,378,568,378,571,377,572,376,574,375,577,374,580,374,581,373,580,372,577,371
541,264,538,265,537,266,537,268,537,268,537,269,537,271,537,271,537,272,537,274,541,274,544,273,546,272,546,271,546,271,546,269,546,268,546,268,546,266,544,265,541,264
533,274,528,274,528,274,524,274,521,275,519,276,519,277,519,277,519,279,518,280,515,280,512,281,510,282,512,283,515,284,519,284,519,284,524,284,528,284,528,284,533,284,536,283,537,282,537,280,537,280,537,279,537,277,537,277,537,276,537,274,533,274
462,417,459,416,457,415,456,414,453,413,450,413,448,412,447,411,444,410,441,410,440,408,438,407,435,407,432,406,431,405,429,404,426,404,422,404,422,404,417,404,413,404,413,404,409,404,404,404,404,404,400,404,397,403,395,402,394,401,391,400,386,400,386,400,382,400,378,400,378,400,373,400,370,400,369,399,369,397,369,397,369,395,369,394,364,394,361,393,360,392,358,391,355,391,352,390,351,389,350,388,347,387,344,387,342,386,341,385,338,384,335,385,333,386,332,387,329,387,326,387,324,386,323,385,320,384,316,384,316,384,311,384,307,384,307,384,302,384,299,385,298,386,296,387,293,387,289,387,289,387,285,387,280,387,280,387,276,387,271,387,271,387,267,387,264,388,262,389,261,390,258,391,254,391,254,391,249,391,245,391,245,391,240,391,236,391,236,391,231,391,227,391,227,391,223,391,218,391,218,391,214,391,209,391,209,391,205,391,200,391,200,391,196,391,192,391,192,391,187,391,183,391,183,392,184,393,187,394,190,394,192,395,193,397,196,397,200,397,200,397,205,397,209,397,209,397,214,397,217,398,218,399,220,400,223,400,227,400,227,400,231,400,236,400,236,400,240,400,245,400,245,400,249,400,254,400,254,400,258,400,262,400,262,400,267,400,271,400,271,400,276,400,279,401,280,402,282,403,285,404,288,403,289,402,289,400,289,400,289,399,290,398,293,397,298,397,298,397,302,397,307,397,307,397,311,397,316,397,316,397,320,397,324,397,324,397,329,397,333,397,333,397,338,397,342,397,342,397,347,397,350,398,351,399,351,400,351,400,351,402,352,403,355,404,360,404,360,404,364,404,367,404,369,405,370,406,373,407,378,407,378,407,382,407,385,407,386,408,388,410,391,410,395,410,395,410,400,410,403,411,404,412,406,413,409,413,412,414,413,415,414,416,417,417,420,417,422,418,422,420,422,420,422,421,423,422,426,423,429,424,431,425,432,426,435,426,440,426,440,426,444,426,447,427,448,428,450,429,453,430,456,429,457,428,459,427,462,426,465,426,466,425,466,423,466,423,466,421,466,420,466,420,466,418,465,417,462,417
382,157,379,158,378,159,379,160,382,161,385,160,386,159,385,158,382,157
382,164,379,164,378,165,376,167,373,167,370,168,369,169,369,170,369,170,369,172,367,173,364,174,361,174,360,175,360,177,360,177,360,178,360,180,360,180,360,182,360,183,360,183,360,185,360,187,360,187,360,188,361,189,364,190,369,190,369,190,373,190,376,189,378,188,379,187,382,187,385,186,386,185,386,183,386,183,386,182,386,180,386,180,386,178,386,177,386,177,386,175,386,174,386,174,386,172,386,170,386,170,386,169,386,167,386,167,386,165,385,164,382,164
373,391,370,391,369,392,369,394,373,394,376,393,378,392,376,391,373,391
338,203,333,203,333,203,329,203,324,203,324,203,320,203,317,203,316,204,316,206,316,206,316,208,316,209,316,209,316,211,317,212,320,212,324,212,324,212,329,212,332,212,333,211,335,210,338,209,341,209,342,208,342,206,342,206,342,204,341,203,338,203
320,119,317,118,316,117,314,116,311,115,308,115,307,114,305,113,302,112,299,113,298,114,296,115,293,115,290,115,289,114,289,112,289,112,289,110,288,109,285,109,282,108,280,107,279,106,276,106,271,106,271,106,267,106,262,106,262,106,258,106,254,106,254,106,249,106,246,106,245,107,243,108,240,109,237,109,236,110,234,112,231,112,227,112,227,112,223,112,220,113,218,114,218,115,218,115,218,117,218,119,218,119,218,120,218,122,218,122,218,123,217,124,214,125,211,126,209,127,208,128,205,128,200,128,200,128,196,128,193,129,192,130,192,131,192,131,192,133,192,135,192,135,192,136,193,137,196,138,199,138,200,140,202,141,205,141,209,141,209,141,214,141,217,142,218,143,218,144,218,144,218,146,218,148,218,148,218,149,218,151,218,151,218,153,220,154,223,154,227,154,227,154,231,154,234,154,236,153,236,151,236,151,236,149,236,148,236,148,236,146,237,145,240,144,243,145,245,146,246,147,249,148,252,148,254,149,255,150,258,151,261,150,262,149,264,148,267,148,270,147,271,146,271,144,271,144,271,143,273,142,276,141,280,141,280,141,285,141,288,141,289,140,289,138,289,138,289,136,290,135,293,135,296,134,298,133,299,132,302,131,305,131,307,130,308,129,311,128,314,128,316,127,317,126,320,125,323,124,324,123,324,122,324,122,324,120,323,119,320,119
311,219,308,218,307,217,307,216,307,216,307,214,307,212,307,212,307,211,305,210,302,209,298,209,298,209,293,209,289,209,289,209,285,209,282,209,280,208,279,207,276,206,271,206,271,206,267,206,262,206,262,206,258,206,254,206,254,206,249,206,245,206,245,206,240,206,236,206,236,206,231,206,228,205,227,204,226,203,223,203,218,203,218,203,214,203,209,203,209,203,205,203,202,203,200,204,199,205,196,206,192,206,192,206,187,206,184,207,183,208,184,209,187,209,190,210,192,211,193,212,196,212,199,213,200,214,202,215,205,216,208,216,209,217,211,218,214,219,218,219,218,219,223,219,226,219,227,221,227,222,227,222,227,224,228,225,231,225,236,225,236,225,240,225,243,226,245,227,246,228,249,229,254,229,254,229,258,229,262,229,262,229,267,229,270,228,271,227,273,226,276,225,279,226,280,227,282,228,285,229,289,229,289,229,293,229,298,229,298,229,302,229,305,228,307,227,308,226,311,225,314,225,316,224,316,222,316,222,316,221,314,219,311,219
223,161,220,160,218,159,217,158,214,157,211,157,209,156,208,155,205,154,202,155,200,156,200,157,200,157,200,159,202,160,205,161,208,161,209,162,211,163,214,164,218,164,218,164,223,164,226,163,227,162,226,161,223,161
223,352,220,352,218,353,217,354,214,355,211,356,209,357,209,358,209,358,209,360,209,361,209,361,209,363,209,365,209,365,209,366,211,367,214,368,217,367,218,366,218,365,218,365,218,363,218,361,218,361,218,360,220,359,223,358,226,358,227,357,227,355,227,355,227,353,226,352,223,352
178,387,174,387,174,387,169,387,165,387,165,389,166,390,169,391,174,391,174,391,178,391,183,391,183,389,181,388,178,387
161,384,158,385,156,386,158,387,161,387,165,387,165,386,164,385,161,384
