630,387,627,388,626,389,626,391,626,391,626,392,627,393,630,394,630,387
630,209,626,209,626,211,626,212,626,212,626,214,626,216,626,216,626,217,627,218,630,219,630,209
621,206,618,207,617,208,618,209,621,209,626,209,626,208,624,207,621,206
506,426,503,426,502,425,500,424,497,423,494,422,493,421,491,420,488,420,484,420,484,420,479,420,475,420,475,420,471,420,468,419,466,418,465,417,462,417,459,416,457,415,456,414,453,413,448,413,448,413,444,413,441,413,440,412,438,411,435,410,432,410,431,408,429,407,426,407,423,406,422,405,420,404,417,404,413,404,413,404,409,404,406,403,404,402,403,401,400,400,395,400,395,402,395,404,395,404,395,405,397,406,400,407,403,407,404,408,406,410,409,410,412,411,413,412,414,413,417,413,420,414,422,415,423,416,426,417,429,417,431,418,432,419,435,420,438,420,440,421,440,423,440,423,440,425,441,426,444,426,448,426,448,426,453,426,456,427,457,428,459,429,462,430,465,430,466,431,468,432,471,433,474,433,475,434,476,435,479,436,484,436,484,436,488,436,493,436,493,436,497,436,502,436,502,436,506,436,509,435,510,434,510,433,510,433,510,431,510,430,510,430,510,428,509,427,506,426
391,164,388,163,386,162,386,161,386,161,386,159,386,157,386,157,386,156,386,154,386,154,386,153,385,151,382,151,379,151,378,153,378,154,378,154,378,156,378,157,378,157,378,159,378,161,378,161,378,162,378,164,378,164,378,165,376,167,373,167,370,168,369,169,369,170,369,170,369,172,369,174,369,174,369,175,369,177,369,177,369,178,369,180,369,180,369,182,369,183,369,183,369,185,369,187,369,187,369,188,370,189,373,190,378,190,378,190,382,190,385,189,386,188,388,187,391,187,394,186,395,185,395,183,395,183,395,182,395,180,395,180,395,178,395,177,395,177,395,175,395,174,395,174,395,172,395,170,395,170,395,169,395,167,395,167,395,165,394,164,391,164
391,397,388,398,386,399,388,400,391,400,395,400,395,399,394,398,391,397
364,394,360,394,360,394,355,394,352,393,351,392,350,391,347,391,344,391,342,392,342,394,342,394,342,395,344,397,347,397,351,397,351,397,355,397,360,397,360,397,364,397,367,397,369,395,367,394,364,394
347,206,344,207,342,208,341,209,338,209,335,210,333,211,333,212,333,212,333,214,335,215,338,216,342,216,342,216,347,216,350,215,351,214,351,212,351,212,351,211,351,209,351,209,351,208,350,207,347,206
338,222,335,222,333,221,332,219,329,219,326,219,324,221,323,222,320,222,316,222,316,222,311,222,308,222,307,221,305,219,302,219,299,218,298,217,296,216,293,216,290,215,289,214,289,212,289,212,289,211,288,210,285,209,280,209,280,209,276,209,273,209,271,208,270,207,267,206,262,206,262,206,258,206,254,206,254,206,249,206,245,206,245,206,240,206,236,206,236,206,231,206,227,206,227,206,223,206,218,206,218,206,214,206,209,206,209,206,205,206,202,207,200,208,200,209,200,209,200,211,202,212,205,212,208,213,209,214,211,215,214,216,218,216,218,216,223,216,227,216,227,216,231,216,234,216,236,217,236,219,240,219,243,219,245,221,243,222,240,222,237,222,236,221,236,219,231,219,228,219,227,221,226,222,223,222,220,222,218,221,217,219,214,219,209,219,209,219,205,219,202,219,200,221,200,222,200,222,200,224,202,225,205,225,208,226,209,227,211,228,214,229,218,229,218,229,223,229,226,229,227,230,228,231,231,232,236,232,236,232,240,232,243,232,245,234,245,235,245,235,245,237,246,238,249,238,254,238,254,238,258,238,262,238,262,238,267,238,270,238,271,237,273,236,276,235,280,235,280,235,285,235,288,235,289,234,290,232,293,232,298,232,298,232,302,232,305,232,307,234,308,235,311,235,316,235,316,235,320,235,323,235,324,234,326,232,329,232,332,231,333,230,333,229,333,229,333,227,335,226,338,225,341,225,342,224,341,223,338,222
329,203,326,203,324,204,326,205,329,206,332,205,333,204,332,203,329,203
320,119,317,118,316,117,314,116,311,115,308,115,307,114,305,113,302,112,298,112,298,112,293,112,290,112,289,110,288,109,285,109,282,108,280,107,279,106,276,106,271,106,271,106,267,106,262,106,262,106,258,106,255,105,254,104,252,103,249,102,246,103,245,104,243,105,240,106,237,106,236,107,234,108,231,109,227,109,227,109,223,109,220,109,218,110,217,112,214,112,211,113,209,114,208,115,205,115,202,116,200,117,202,118,205,119,208,119,209,120,209,122,209,122,209,123,208,124,205,125,200,125,200,125,196,125,193,126,192,127,190,128,187,128,184,129,183,130,183,131,183,131,183,133,183,135,183,135,183,136,184,137,187,138,190,138,192,140,192,141,192,141,192,143,193,144,196,144,199,145,200,146,199,147,196,148,193,148,192,149,192,151,192,151,192,153,192,154,192,154,192,156,193,157,196,157,199,158,200,159,200,161,200,161,200,162,200,164,200,164,200,165,200,167,200,167,200,169,202,170,205,170,209,170,209,170,214,170,218,170,218,170,223,170,226,171,227,172,228,173,231,174,236,174,236,174,240,174,245,174,245,174,249,174,252,173,254,172,254,170,254,170,254,169,254,167,254,167,254,165,254,164,254,164,254,162,255,161,258,161,261,160,262,159,262,157,262,157,262,156,262,154,262,154,262,153,264,151,267,151,270,150,271,149,273,148,276,148,279,147,280,146,282,145,285,144,288,144,289,143,290,142,293,141,296,141,298,140,298,138,298,138,298,136,299,135,302,135,305,134,307,133,307,131,307,131,307,130,308,129,311,128,314,128,316,127,317,126,320,125,323,124,324,123,324,122,324,122,324,120,323,119,320,119
285,397,280,397,280,397,276,397,271,397,271,397,267,397,264,397,262,395,261,394,258,394,255,394,254,395,252,397,249,397,246,398,245,399,246,400,249,400,254,400,254,400,258,400,261,401,262,402,264,403,267,404,271,404,271,404,276,404,280,404,280,404,285,404,288,403,289,402,289,400,289,400,289,399,288,398,285,397
214,358,211,359,209,360,209,361,209,361,209,363,211,364,214,365,217,364,218,363,218,361,218,361,218,360,217,359,214,358
196,391,193,391,192,392,193,393,196,394,199,393,200,392,199,391,196,391
